-9.270902224251933443e-01
8.381314758431152034e-01
4.060959282536057424e-01
-1.000000000000000000e+00
-1.000000000000000000e+00
-8.294363438018694801e-01
4.431603356296871521e-01
-1.000000000000000000e+00
-1.112751971000703333e-01
-1.000000000000000000e+00
-3.489877275473949880e-01
-1.000000000000000000e+00
-1.000000000000000000e+00
-1.000000000000000000e+00
7.867924847790634946e-01
-6.376763382497905308e-01
-2.430493468512891220e-01
-1.000000000000000000e+00
4.878695354093066650e-01
-3.617401298204543370e-01
5.485041394183172159e-01
-8.171191418073642243e-01
1.000000000000000000e+00
1.000000000000000000e+00
-1.000000000000000000e+00
1.000000000000000000e+00
9.838877700195520770e-01
1.000000000000000000e+00
7.204327021339589354e-01
-1.000000000000000000e+00
-4.008672956070266080e-01
-3.147749733696373897e-01
-4.340901935167247871e-01
7.386662711777980395e-01
1.000000000000000000e+00
-3.975900507438793197e-01
8.865457992770537921e-01
-1.000000000000000000e+00
-1.000000000000000000e+00
-1.926881644640117686e-01
5.143892371510880857e-01
1.015360850237630452e-01
5.910844785201894158e-01
1.641111201967896394e-01
1.000000000000000000e+00
-1.000000000000000000e+00
6.443793720025339233e-01
1.000000000000000000e+00
1.836833534914275035e-01
3.810409020560691085e-01
1.000000000000000000e+00
1.000000000000000000e+00
7.334358273386070159e-01
1.000000000000000000e+00
2.007047491519841353e-01
1.000000000000000000e+00
1.669470991247785363e-01
-8.430985192325422817e-02
1.032229515405372194e-01
1.828601356479589435e-02
1.000000000000000000e+00
1.000000000000000000e+00
-2.490776798351538868e-01
-1.000000000000000000e+00
-9.971999514358470540e-01
-1.000000000000000000e+00
-1.000000000000000000e+00
-5.956088261797269912e-01
-4.321913573723977775e-01
1.000000000000000000e+00
4.706027340525090197e-01
-1.000000000000000000e+00
-9.022448166715897333e-01
1.000000000000000000e+00
-4.927159179156593433e-02
-1.000000000000000000e+00
5.311445830524853806e-02
3.107426096535853555e-02
1.427822872501526841e-01
2.364424638957218772e-02
-2.649459443911178491e-03
3.859642997920087470e-02
6.125650208102588756e-01
7.587805129779233715e-01
8.961727030947899686e-02
1.000000000000000000e+00
-1.000000000000000000e+00
-4.944796431932303449e-01
6.734978595726766049e-01
-6.569234145406793735e-01
1.000000000000000000e+00
-1.000000000000000000e+00
7.818912154324345609e-01
-1.000000000000000000e+00
-6.777641108441596618e-01
1.000000000000000000e+00
2.050184771604224299e-02
-6.495989986421906170e-01
-1.000000000000000000e+00
4.471041428558881758e-01
6.078681242256382955e-01
2.172776113336558068e-01
-1.000000000000000000e+00
1.000000000000000000e+00
-2.504809917841528955e-01
9.747268628592414830e-01
-7.807434074168259075e-01
-5.006315082402068573e-01
-8.736391152147683359e-01
-1.000000000000000000e+00
-4.033279983776722477e-01
-1.000000000000000000e+00
-6.483238208217478871e-02
-4.968566981800509597e-02
-5.910269638631970857e-02
-1.000000000000000000e+00
1.000000000000000000e+00
4.230415028459864613e-01
5.125948884418333185e-01
-5.759441051452991456e-01
-9.712410598568479436e-01
-2.593468789535402497e-01
-1.657022036022188227e-01
-7.215637686355072522e-02
-2.960412184876967667e-01
8.077958856762075257e-01
-1.000000000000000000e+00
1.000000000000000000e+00
3.538128835642845305e-01
-1.000000000000000000e+00
1.787653278133818913e-02
4.128944578408960675e-01
-6.481826979950729983e-01
3.792315008327147852e-01
-1.037348537228447443e-01
1.000000000000000000e+00
-1.760422782726862867e-01
-1.000000000000000000e+00
-8.157176093614384449e-01
-5.319735817072456241e-01
-1.000000000000000000e+00
-4.300633375547313619e-02
-1.800184639928412988e-01
5.584064748502537423e-01
1.000000000000000000e+00
-1.712006948565927555e-01
-1.000000000000000000e+00
-4.726128531038066571e-02
6.158717423772921418e-01
-1.536377314181939235e-01
1.907077514246817429e-02
-7.180652689109264797e-01
-2.714320732262930358e-01
-1.000000000000000000e+00
5.945118136277773857e-01
-2.471696732759871562e-01
5.030230287140037282e-01
-2.288660922651291618e-01
1.000000000000000000e+00
-1.000000000000000000e+00
-1.000000000000000000e+00
-1.000000000000000000e+00
-2.163516379851590510e-01
-1.000000000000000000e+00
2.004343620802870873e-01
-3.408617342060842326e-01
8.659990492089043590e-01
-9.463633544065572778e-01
4.024878261267214041e-01
-1.000000000000000000e+00
-8.690059901271659504e-01
-1.752485377791386245e-01
-1.000000000000000000e+00
5.116585205147700099e-01
-1.362364684710785055e-02
-6.234210522886775019e-01
1.537614845004925679e-01
2.523097730080412493e-01
-6.583134379807199510e-01
-8.292397089394385468e-01
1.000000000000000000e+00
-2.973703652742636372e-01
6.893707176331803632e-01
3.185801559238833347e-01
-1.000000000000000000e+00
1.000000000000000000e+00
1.000000000000000000e+00
1.000000000000000000e+00
1.000000000000000000e+00
-1.000000000000000000e+00
-1.000000000000000000e+00
6.939587182524867837e-01
-1.000000000000000000e+00
-3.817207333012714310e-01
-1.000000000000000000e+00
-1.101999233766060848e-01
1.000000000000000000e+00
-4.627791508174780022e-01
2.420398393881606491e-02
6.771910530485247826e-02
1.000000000000000000e+00
-1.000000000000000000e+00
2.467138797291621166e-01
-2.516768974792917835e-01
-2.647227636688710417e-01
2.412900503412110376e-01
1.000000000000000000e+00
-1.000000000000000000e+00
7.031302381624379150e-01
4.770927644713863769e-01
5.617376218749245975e-01
-1.000000000000000000e+00
-9.746151578307689078e-01
-8.078113090765868254e-01
-5.987893886593821380e-01
8.414122093044701378e-02
4.187700966022757099e-01
8.948942207347799771e-01
-1.000000000000000000e+00
6.112980138188134349e-01
-1.000000000000000000e+00
1.000000000000000000e+00
6.237031410533742104e-01
1.000000000000000000e+00
1.000000000000000000e+00
5.581014498184101447e-01
1.000000000000000000e+00
-1.000000000000000000e+00
1.000000000000000000e+00
-1.000000000000000000e+00
-6.250339012841911179e-01
6.021646456212150778e-01
1.000000000000000000e+00
-7.992156465331740067e-02
-6.676780495260972170e-01
8.265302270229049064e-01
-1.276267857744421974e-01
4.677131175257251972e-01
1.000000000000000000e+00
5.995551244137847791e-01
-7.839159434757720923e-01
-1.000000000000000000e+00
-2.433688969299541704e-01
-5.915685817124644030e-02
6.733793569590552641e-01
6.213116103060283280e-01
1.000000000000000000e+00
-1.000000000000000000e+00
-1.000000000000000000e+00
1.211769917504273014e-01
1.456482904396559364e-01
-1.000000000000000000e+00
-1.255904932061321644e-01
-5.919773884251047225e-01
9.352749326902590754e-01
-4.972427283364978523e-01
-6.325689314798419449e-01
-1.520871055004777150e-01
-8.481392349914520512e-01
-2.652185506032672668e-01
-5.716315989266692599e-01
-6.071552721755638649e-01
1.000000000000000000e+00
-3.315056006257358079e-01
-2.921983947097341883e-01
1.265007282277650670e-02
1.000000000000000000e+00
5.122481183010594297e-01
-4.219787889503450184e-01
8.725275824256094603e-01
1.000000000000000000e+00
4.344310533612355529e-01
4.917018378287476565e-01
8.435466132945884654e-02
7.843792307328631419e-02
1.000000000000000000e+00
5.837454168582451031e-02
1.000000000000000000e+00
-1.000000000000000000e+00
-1.000000000000000000e+00
-1.000000000000000000e+00
2.133634255764263465e-02
-1.504266535710338526e-02
-1.863400732325436460e-01
-1.000000000000000000e+00
-3.424537889682556790e-01
-1.000000000000000000e+00
7.934190618578742527e-01
-1.000000000000000000e+00
5.606064492267677224e-01
-7.499715908329382952e-01
2.825598719586439045e-01
6.547194896846030288e-01
1.000000000000000000e+00
-5.058751059663282312e-01
8.915405537320364449e-01
6.372914266797063965e-01
1.000000000000000000e+00
-7.136550593002457532e-01
1.000000000000000000e+00
1.000000000000000000e+00
8.580766443673290556e-02
-3.954838729436205846e-01
1.000000000000000000e+00
1.000000000000000000e+00
1.000000000000000000e+00
-3.040538509390985911e-01
-1.000000000000000000e+00
-1.507780673345785194e-01
6.764926625023763851e-01
-1.000000000000000000e+00
-1.939547338334975113e-01
-1.731402375134105665e-01
-5.130072800050156090e-01
-1.000000000000000000e+00
5.741565435013107344e-01
6.458747303510922189e-01
-7.818209756506170338e-01
-8.864228871997004156e-01
-3.227867899130622553e-01
-4.839994696992977463e-01
1.749380797178407554e-01
1.000000000000000000e+00
-8.044753595610494301e-01
1.000000000000000000e+00
-5.517230825366189473e-01
-9.856975938320891029e-01
1.000000000000000000e+00
-1.898896470242392165e-02
8.897577490778589837e-01
-1.000000000000000000e+00
7.151166508777637709e-01
3.625714123261362665e-01
3.721095337692484906e-01
-6.633863696417686973e-02
-2.739836868525395985e-01
5.463599163987886698e-01
5.596019660909713478e-01
7.912902895044173768e-01
-2.801409282943229107e-01
1.000000000000000000e+00
1.000000000000000000e+00
8.764380439062996464e-01
-7.642955186301112480e-01
-1.000000000000000000e+00
-1.000000000000000000e+00
3.827259214925167741e-01
-1.000000000000000000e+00
-4.261897299263739947e-01
1.000000000000000000e+00
1.602005161989856763e-01
-1.000000000000000000e+00
-8.179541285134611650e-02
9.827408133169059923e-01
2.107678222665297085e-01
-1.000000000000000000e+00
-1.000000000000000000e+00
-9.628156150969094940e-01
1.340964476675037820e-01
-3.928286977195092483e-02
4.754433745551843726e-01
5.879594748988111741e-01
8.012188302395706341e-01
1.000000000000000000e+00
2.375820472188472643e-01
-1.000000000000000000e+00
-3.233760655094443659e-01
-4.226809220123899369e-01
-3.706730853589049746e-01
-1.000000000000000000e+00
-1.186916781938749110e-01
-6.444547272135392468e-01
-1.000000000000000000e+00
-1.000000000000000000e+00
5.732440833707374006e-01
-2.227239949609631231e-01
-1.198222786197001288e-01
5.687007621128259416e-01
1.000000000000000000e+00
8.283525269836359284e-01
-7.657971767891450510e-01
-5.522653606333900456e-01
2.221258438003815283e-01
1.575947523494077296e-01
4.511595578617211277e-01
7.200728423612035023e-01
8.747868993496110690e-01
-8.184918904823454966e-01
-6.302414295516126086e-02
-1.000000000000000000e+00
8.671925275442027292e-01
9.902877782206810364e-01
-7.565604194860507947e-01
1.376862700410579898e-01
-1.219653340524304852e-01
-9.998270621850798845e-01
1.000000000000000000e+00
4.702101098783437738e-01
-6.839689402831965470e-01
1.000000000000000000e+00
-1.263079759417080061e-01
2.282776897138154570e-01
1.000000000000000000e+00
1.000000000000000000e+00
3.211399948839173679e-01
-9.707045558881017833e-01
-1.000000000000000000e+00
-4.645819086405533205e-01
1.000000000000000000e+00
-1.000000000000000000e+00
2.089798653886908164e-01
8.442076735312863400e-01
-9.978166079769297259e-01
-1.000000000000000000e+00
-1.000000000000000000e+00
2.399723241598601953e-01
-2.894993473168240294e-01
-4.233559796161412425e-02
-8.850200423464822386e-01
-3.531014095901193750e-01
3.210580213454924947e-01
-1.000000000000000000e+00
-1.000000000000000000e+00
8.876051295133802199e-01
1.092131966963752615e-01
6.452115705105521126e-01
-8.761492142536757566e-01
-1.000000000000000000e+00
-9.839087208822061559e-01
1.000000000000000000e+00
2.194005961349236311e-01
4.273115698430922371e-02
-3.724220221647305262e-01
9.513330348827514493e-02
5.129827773193442741e-01
-1.000000000000000000e+00
-1.248590839981210399e-01
-5.824463143304657864e-01
-6.785722647655636486e-01
1.000000000000000000e+00
-3.068770124850803693e-01
-8.262969703842750757e-01
-6.495543694838299409e-01
-1.000000000000000000e+00
8.173867846836613271e-01
-1.000000000000000000e+00
4.061352158007064395e-02
-1.000000000000000000e+00
7.366809344247924329e-01
8.314511744082351274e-01
-6.714511485395227020e-01
1.000000000000000000e+00
-2.638764696885748107e-01
8.646376816241695407e-01
6.250238587123178036e-01
-1.352073046502889203e-02
1.000000000000000000e+00
1.000000000000000000e+00
-4.289689013479425772e-01
2.895847057674797997e-01
-6.294457402221497189e-01
-1.000000000000000000e+00
1.332322416356301331e-01
2.712194554842121130e-01
2.367944619796164551e-01
-1.000000000000000000e+00
3.746716284738569880e-01
-1.000000000000000000e+00
1.000000000000000000e+00
-6.545662290790102977e-01
-4.484136671604461166e-01
4.834634309255358975e-01
-4.499278549570354113e-01
5.807162266183730770e-01
-2.205209860368934627e-01
4.669314339376167688e-01
-3.419771735927735201e-01
1.000000000000000000e+00
-1.000000000000000000e+00
1.000000000000000000e+00
2.252814456328657289e-01
-6.019965096810999672e-01
8.517591732126250648e-01
1.829053903090223088e-01
1.000000000000000000e+00
-1.000000000000000000e+00
2.903845292663084221e-01
-5.719511195504192180e-01
-1.000000000000000000e+00
1.000000000000000000e+00
1.000000000000000000e+00
-1.000000000000000000e+00
-1.000000000000000000e+00
-1.000000000000000000e+00
-7.044972231853890987e-01
2.976762379545392356e-01
-6.235161858744316943e-01
3.976743592770021207e-01
-2.562577839651607875e-02
-7.318099167357139390e-01
-1.000000000000000000e+00
1.000000000000000000e+00
-1.000000000000000000e+00
6.104433406034182052e-02
7.206557573045457854e-01
-3.419447927516393038e-01
-1.000000000000000000e+00
5.903632780049271611e-01
1.000000000000000000e+00
8.694161925145556247e-02
1.236204415178220190e-01
1.000000000000000000e+00
1.000000000000000000e+00
-1.000000000000000000e+00
-3.166562711673743813e-01
-5.154720821520991647e-01
1.000000000000000000e+00
-1.000000000000000000e+00
-1.000000000000000000e+00
1.000000000000000000e+00
-8.553237822699705228e-01
-1.000000000000000000e+00
-7.842791352511357950e-01
2.740153226297393219e-01
1.207806032997899570e-01
1.000000000000000000e+00
8.056855297983768205e-01
1.409451568473449878e-01
5.757728957854184593e-01
2.334553472229381754e-01
5.313391818899049213e-01
-1.519698574252504597e-01
3.319022351076782451e-01
5.557205589447512806e-02
1.000000000000000000e+00
-6.568226017226728164e-01
4.769199024743198123e-01
1.000000000000000000e+00
-1.830443525924949633e-01
-2.937088469238677835e-01
-1.972173695744545985e-01
-3.730424349059798805e-01
-1.000000000000000000e+00
2.659264112686893777e-01
-5.578763673824111979e-01
1.000000000000000000e+00
-5.379650492704718401e-01
-2.436932512887607094e-01
-4.825643952544567128e-02
4.706510460711584298e-01
-1.257026475858098180e-01
1.000000000000000000e+00
3.040211398153606220e-02
3.499496861460789088e-01
-5.085412974504076589e-01
5.549399566862864841e-01
-1.000000000000000000e+00
-8.409974742343861998e-01
-1.423299803380141670e-02
4.851025753910901406e-01
-5.253886996229542028e-01
-3.052423237410459289e-02
1.763647748707048990e-01
1.000000000000000000e+00
2.944489776048075935e-02
-8.594236464611719750e-01
-6.888505070037860278e-01
1.000000000000000000e+00
1.000000000000000000e+00
-7.449085784909380559e-01
1.000000000000000000e+00
-1.083940873789006054e-01
-5.083648686614021805e-01
5.740714345274385844e-01
1.473450170306168094e-01
8.745341092367489022e-01
-3.867233516723002085e-01
1.000000000000000000e+00
-1.000000000000000000e+00
-1.000000000000000000e+00
-9.226191763493796216e-01
-8.359682104650960621e-01
7.883733386459679249e-01
-1.000000000000000000e+00
-1.000000000000000000e+00
-8.565366580035989053e-01
1.000000000000000000e+00
-7.398863029966987748e-01
-1.000000000000000000e+00
-3.673299851956058348e-01
-1.265115292973418293e-01
-2.545530780276021310e-01
-6.705376073999758102e-01
2.104005083803776877e-01
7.309113378915692572e-01
1.000000000000000000e+00
-1.000000000000000000e+00
7.438225874607953259e-01
3.395226357527950101e-01
1.000000000000000000e+00
1.000000000000000000e+00
-2.308089514460336944e-01
-1.000000000000000000e+00
5.499849095733077009e-01
3.944511814263680638e-02
-1.000000000000000000e+00
-1.000000000000000000e+00
2.567630482515934620e-01
6.924944045996304087e-01
-1.000000000000000000e+00
7.657109975126488166e-01
-3.012532747831624946e-01
-8.766366357088384298e-01
-1.000000000000000000e+00
6.747021591048784073e-01
1.000000000000000000e+00
1.000000000000000000e+00
-1.000000000000000000e+00
-4.076828691609560851e-01
5.891063260926041600e-01
-2.286783071896231201e-01
9.166099830343973909e-02
-1.000000000000000000e+00
-1.000000000000000000e+00
-8.431396284260952445e-01
-1.000000000000000000e+00
1.000000000000000000e+00
-5.541240293661084948e-01
7.536118142019108124e-01
5.109816879272670587e-01
5.726703467288932758e-01
1.000000000000000000e+00
1.000000000000000000e+00
-4.348577446090142185e-01
-4.879679861242141037e-01
-2.932969130960938475e-02
2.519456551537948563e-01
-4.704269045761888535e-02
7.183031013002071363e-01
1.000000000000000000e+00
3.830352783025500196e-01
-3.842329333767955934e-01
1.000000000000000000e+00
6.062601119179048537e-01
-5.036513341126822585e-01
-7.551909795798279479e-01
-2.500450052057165418e-01
-2.250959872356919356e-01
8.201747296982989099e-02
5.479290602766456741e-01
-5.753215874152026732e-01
3.630236525771609601e-01
-8.458178432207968944e-01
-6.220202887624108889e-01
-1.000000000000000000e+00
-4.379214182328263760e-01
2.019250350552181938e-01
4.826595004828898028e-01
7.481495046144783778e-01
-1.000000000000000000e+00
1.000000000000000000e+00
-5.808216462435865646e-01
1.000000000000000000e+00
-1.995145554852326975e-01
5.449107646939714833e-01
-5.124952776138291810e-02
-1.000000000000000000e+00
-3.689869550586868940e-01
1.000000000000000000e+00
-1.204913702840659795e-02
1.000000000000000000e+00
4.638793153084820320e-01
-4.268237074855162905e-01
-6.540697362273502069e-01
1.000000000000000000e+00
-8.652119574906349531e-01
-1.000000000000000000e+00
-9.335321243046054152e-01
4.320302655331872410e-01
2.504580286976174075e-01
-1.000000000000000000e+00
1.000000000000000000e+00
-1.000000000000000000e+00
3.132776323886124481e-02
-6.739174960534402570e-02
1.000000000000000000e+00
6.687620348814945492e-01
-1.000000000000000000e+00
-1.308447990380173509e-01
1.000000000000000000e+00
6.333616155572289186e-01
-8.888244138130385608e-01
7.588972003983558423e-01
-6.242237781936953445e-01
1.000000000000000000e+00
7.740666341635766834e-01
6.023953605353292717e-01
1.000000000000000000e+00
6.314970890663467173e-01
-1.000000000000000000e+00
-9.807982507130854621e-01
1.168269114457092250e-01
-8.002402752418086296e-01
1.000000000000000000e+00
-3.490438911118839971e-01
-3.505113261139266023e-01
-5.978317394407043350e-01
-1.507846271622814704e-04
2.640252652331644967e-01
1.929585440401921925e-01
1.000000000000000000e+00
-7.335263987710223255e-01
-3.337619535793124870e-01
7.741691594357256179e-01
-3.192611561593088898e-01
-4.736234152429737998e-01
-6.859484753261465562e-01
-7.891254023951210783e-02
8.607880704767431057e-01
1.000000000000000000e+00
-2.253332725354934007e-01
-3.519214165728480337e-01
-2.406020776801257310e-01
1.762326168337108034e-01
4.155434896435875602e-01
1.000000000000000000e+00
1.000000000000000000e+00
1.000000000000000000e+00
8.056531955479114826e-01
1.000000000000000000e+00
-6.730891165488190886e-01
1.757466164536708730e-01
-4.590949909973182086e-01
-1.000000000000000000e+00
-2.385873777945536345e-01
-1.000000000000000000e+00
1.000000000000000000e+00
5.364916459521096304e-01
-6.430238737826698969e-02
1.000000000000000000e+00
-4.932539961620926450e-01
1.000000000000000000e+00
1.000000000000000000e+00
-1.000000000000000000e+00
5.899786562245135091e-02
-3.665405033337193474e-02
-4.259115669903941193e-01
-1.000000000000000000e+00
8.067259458472608724e-01
5.870399615059095355e-01
-1.000000000000000000e+00
1.214094381537638156e-01
-1.000000000000000000e+00
1.000000000000000000e+00
-1.000000000000000000e+00
-8.465558189306012782e-01
-1.000000000000000000e+00
-1.000000000000000000e+00
-9.359910788523042591e-01
1.000000000000000000e+00
-1.000000000000000000e+00
-6.499424282981649537e-01
-7.941861233242674123e-01
-1.000000000000000000e+00
-2.134367507492457849e-01
9.926430351577240074e-01
-1.000000000000000000e+00
-8.349485061753478821e-01
-1.000000000000000000e+00
6.501176666514687508e-01
-1.000000000000000000e+00
1.000000000000000000e+00
4.510498507256626155e-01
-1.000000000000000000e+00
1.000000000000000000e+00
-1.550348304413720277e-02
-4.725401432464268470e-02
-1.000000000000000000e+00
-1.000000000000000000e+00
-6.643335569329911205e-01
-3.378359953019586248e-01
1.000000000000000000e+00
1.000000000000000000e+00
-6.534514374962827610e-01
1.000000000000000000e+00
1.000000000000000000e+00
-5.464610022733467076e-01
-1.120747881549982727e-02
1.000000000000000000e+00
-1.000000000000000000e+00
1.372435416641637485e-02
1.000000000000000000e+00
1.176754441249536209e-01
-1.000000000000000000e+00
7.034435760676657212e-01
-4.703119772199422233e-01
1.000000000000000000e+00
6.646522987900054247e-01
-4.390988369696955385e-01
-9.841266696347275023e-01
-1.000000000000000000e+00
1.000000000000000000e+00
-1.000000000000000000e+00
-1.000000000000000000e+00
1.000000000000000000e+00
1.000000000000000000e+00
9.178119083844638038e-01
6.422085551181584417e-01
6.691966798359363366e-01
-1.000000000000000000e+00
1.000000000000000000e+00
-3.812487056566269961e-01
9.649534811632630715e-01
1.000000000000000000e+00
-3.353762736043104375e-01
4.267246051604595691e-01
1.295297512309102062e-01
1.454820518333704849e-01
1.000000000000000000e+00
-4.749692537235888912e-01
-1.000000000000000000e+00
1.000000000000000000e+00
-8.711260683204187227e-01
1.467807380063880784e-01
1.000000000000000000e+00
6.946075867146038751e-01
-1.762651931193007226e-01
-8.309182309744828077e-02
-5.473505526258726217e-01
-1.000000000000000000e+00
-5.443400900708919021e-01
-6.459635466327644515e-01
1.000000000000000000e+00
-3.364785301932297634e-01
-4.431482777430550968e-01
-1.211288551588156487e-01
-4.328520054354610958e-01
-2.030167943848644463e-01
4.123827591605448428e-01
-4.342955074624698653e-01
2.297240445374806317e-01
7.537791389528282204e-01
-3.662275073405434900e-01
5.463974598981323760e-01
-4.840730797809049135e-01
7.433792988624009501e-01
-1.000000000000000000e+00
-1.148196034696414014e-01
3.785351151105783574e-01
1.000000000000000000e+00
-7.637644796872443687e-01
3.935652380332801403e-01
4.325311131427044264e-01
2.202124622783705465e-01
4.224369130422234164e-01
-9.839711261926368246e-01
-6.066241395384888158e-01
-2.620458106336751580e-01
-1.000000000000000000e+00
3.851258698662028968e-01
-6.035276141962284679e-01
1.000000000000000000e+00
-1.000000000000000000e+00
-2.412894079539384951e-02
1.000000000000000000e+00
1.000000000000000000e+00
1.000000000000000000e+00
4.757467798665448999e-01
4.789639794689762864e-01
-1.000000000000000000e+00
-7.285075229458357615e-01
-1.000000000000000000e+00
1.000000000000000000e+00
9.661178452255325677e-01
1.076684407465976490e-01
-5.455487297922825274e-01
4.393479853433663318e-01
-6.947922284850152064e-01
-6.912601246154913559e-01
2.315141590892317858e-01
-4.868377410643898728e-01
1.000000000000000000e+00
-1.000000000000000000e+00
-3.405295873043560628e-01
-1.000000000000000000e+00
-5.138253913806774265e-02
2.166409035387688586e-01
-1.000000000000000000e+00
-1.000000000000000000e+00
2.387146597111444446e-01
1.000000000000000000e+00
-9.913784003805856115e-02
8.174119021610398717e-02
-1.667330478826373752e-01
-2.941658367139930452e-01
1.000000000000000000e+00
-1.000000000000000000e+00
5.382071285282666873e-01
3.494184645793717570e-01
-1.966081035461962334e-01
1.000000000000000000e+00
-1.000000000000000000e+00
-3.897353811055537243e-01
6.551388838420019178e-01
-2.688654344946820873e-01
-1.000000000000000000e+00
9.083272035915418430e-01
-3.168607380300356713e-01
5.994494602951956352e-01
2.306959349544079052e-01
-9.665417598561879542e-01
-1.332899696959813363e-02
-1.050410487163543072e-01
5.916168998802787682e-01
-1.000000000000000000e+00
7.921061660220023448e-01
1.000000000000000000e+00
-3.312717765039390194e-01
-1.000000000000000000e+00
1.000000000000000000e+00
-1.000000000000000000e+00
5.201978842774768186e-01
-1.413844680981434232e-01
-7.870344705811346264e-01
-7.849022424008375021e-01
-1.000000000000000000e+00
-1.000000000000000000e+00
7.193950375097533101e-01
3.205104861814933037e-01
-1.831984552810039246e-01
1.000000000000000000e+00
-1.000000000000000000e+00
-1.171638612268091628e-01
-1.000000000000000000e+00
-1.000000000000000000e+00
6.317119022975252463e-02
1.000000000000000000e+00
-1.992943410726189801e-01
-1.000000000000000000e+00
2.211141601146364710e-01
-4.498813029813495401e-01
1.000000000000000000e+00
-7.473747245986535059e-01
-1.589219816074723679e-01
1.000000000000000000e+00
1.000000000000000000e+00
1.040171264245828425e-01
1.000000000000000000e+00
9.693714699093231024e-01
1.391284463886499068e-01
1.000000000000000000e+00
1.000000000000000000e+00
-6.637618642978655725e-02
8.810309360656007893e-01
-1.075542270413291090e-01
-8.534105256937576378e-01
-8.168449219420401697e-01
3.500809804730345975e-01
-1.000000000000000000e+00
2.719337277232091732e-01
-1.000000000000000000e+00
7.081676682473863060e-01
-1.000000000000000000e+00
5.999932574046257239e-02
-8.718489101762718629e-01
-1.000000000000000000e+00
2.834007249775135628e-01
8.746898791248900462e-01
3.087070042462553565e-01
-1.161777325371093211e-01
-1.000000000000000000e+00
-8.201142902709039895e-01
8.837888542174343609e-01
1.000000000000000000e+00
-1.000000000000000000e+00
-1.000000000000000000e+00
1.000000000000000000e+00
-1.000000000000000000e+00
1.000000000000000000e+00
-6.279577427775937526e-01
-1.000000000000000000e+00
1.000000000000000000e+00
-1.712596058121982345e-01
-5.787793368559793761e-01
1.000000000000000000e+00
1.000000000000000000e+00
-8.881055680846142719e-01
-1.000000000000000000e+00
-8.207045641385539714e-01
1.000000000000000000e+00
4.149883602288800821e-01
-8.394677555189492546e-01
-7.849589886351046042e-01
-8.958487386205818970e-01
6.392908265373971055e-01
-3.363200295329322742e-01
-1.000000000000000000e+00
5.786851817322967717e-01
5.037077399044666004e-01
-4.171079075698683192e-01
-1.298358629304705025e-01
2.764468159816385606e-01
7.178258812593175664e-01
-1.000000000000000000e+00
3.059879882496838732e-01
-1.000000000000000000e+00
-6.549362130848149777e-01
-9.431106451281682235e-01
6.242859709498091991e-01
9.305521427512601640e-02
1.396410198494321686e-02
-4.691074865150965389e-01
1.000000000000000000e+00
6.249061621851951243e-01
-3.313244616164143230e-01
-4.188936003540070785e-01
-6.192579260826366339e-01
1.000000000000000000e+00
9.849021133488293778e-01
-9.551329586578225506e-01
-1.000000000000000000e+00
-3.581510972797041781e-01
5.309576299946736633e-01
-9.199325076997164619e-01
-1.000000000000000000e+00
-6.856182610829997248e-01
5.480826206061644168e-01
-7.086124420397589274e-01
-9.399893887466149733e-01
1.000000000000000000e+00
-1.808991718129740467e-02
1.000000000000000000e+00
1.000000000000000000e+00
-1.495532285923584781e-01
1.985235561899648116e-01
-6.284127580633314114e-01
-4.044304229130452066e-01
-5.293345769328200445e-02
1.000000000000000000e+00
-1.000000000000000000e+00
7.438673453380577616e-01
1.000000000000000000e+00
5.270688857363770019e-01
1.000000000000000000e+00
-1.000000000000000000e+00
9.675057940456474048e-01
1.000000000000000000e+00
1.000000000000000000e+00
7.808697352314230011e-01
-3.772661014342701957e-01
-3.193701885289954578e-01
-8.071606366596552062e-01
4.990664412407008754e-02
-6.535421857903005449e-01
-5.794732752550344618e-02
-6.979979393319574177e-01
4.440220035302200330e-01
-4.901450028626506139e-01
1.149199774571580956e-01
-1.000000000000000000e+00
-1.735954921632771875e-01
-6.454886275657732986e-01
-1.000000000000000000e+00
9.296341071385727517e-01
-5.730739118837046009e-01
-4.282990386209618860e-02
1.000000000000000000e+00
1.000000000000000000e+00
5.039667055236330961e-01
1.000000000000000000e+00
9.171461713532670368e-01
-8.829256438704344845e-01
1.155834216583540436e-01
-5.334873617910417254e-01
1.000000000000000000e+00
4.621244275077217578e-01
2.165515807809482163e-01
4.685298210978620648e-01
8.099753344056153104e-01
-8.503089814100442956e-01
-2.412968432182560075e-01
4.787618480565945522e-01
-2.760048790820980313e-01
6.855456781844525560e-01
3.444250292188827389e-01
-5.351109867735850401e-01
-2.176573503243673657e-01
-1.000000000000000000e+00
1.000000000000000000e+00
-1.778435076785645497e-01
5.505191533211828414e-03
-1.471931136959830355e-01
1.000000000000000000e+00
4.258902417117744199e-01
5.362330054872137958e-02
2.600511021775114839e-01
5.268021959955342393e-01
3.411597382133636502e-01
-1.000000000000000000e+00
-6.431672552899408979e-02
-1.607081399163158841e-01
3.891869881351139870e-01
-8.835704313619631156e-01
-3.925591474947823234e-02
-2.666081968044949346e-01
3.879061825915609552e-01
1.000000000000000000e+00
9.260775632425712889e-01
-8.841226003586071247e-01
5.970923814582751454e-01
2.969973413599477086e-01
2.847933061727288551e-01
1.000000000000000000e+00
2.821985557410619516e-01
-6.239382858255085873e-01
-1.448621008621187589e-01
-1.000000000000000000e+00
1.000000000000000000e+00
1.000000000000000000e+00
-5.513869656954237808e-01
7.543778105104145260e-01
-7.682131358806387755e-01
-6.412236515892277833e-02
-3.416782561305235083e-03
-1.000000000000000000e+00
7.628427825658266048e-01
-6.711757435478268863e-02
8.767298049486587086e-01
5.284634609265315142e-01
-1.000000000000000000e+00
1.000000000000000000e+00
-4.605272401605456922e-01
-8.412372779719186067e-01
-4.431021330412167059e-01
8.047100318066140456e-01
1.000000000000000000e+00
4.356009087066449181e-01
7.536972383513038665e-01
-1.327484321231810482e-01
-1.000000000000000000e+00
-2.638264671866340505e-01
1.000000000000000000e+00
-4.930201152416752164e-02
-6.957322192398897043e-01
-6.414438833541800111e-01
-1.000000000000000000e+00
-1.384556393713215761e-01
6.355330778870239561e-01
-1.000000000000000000e+00
-1.000000000000000000e+00
-3.051081443906510371e-01
1.000000000000000000e+00
1.820353226838845873e-01
-7.882955903251172014e-01
1.000000000000000000e+00
4.749684211522457455e-01
1.000000000000000000e+00
-2.402250289072714873e-01
-3.821971357374068234e-01
-9.559880705946282031e-01
-1.227973612523058644e-01
-1.598656468794078800e-01
-1.000000000000000000e+00
4.938322659687368055e-01
-1.000000000000000000e+00
1.000000000000000000e+00
-9.004769262954645526e-02
-1.000000000000000000e+00
-6.585586057203283161e-01
-3.965224225488411802e-01
-1.752840489455660400e-01
4.685056499784685524e-01
-1.000000000000000000e+00
-1.026828737793946261e-01
-1.000000000000000000e+00
-5.250128774310823809e-01
1.000000000000000000e+00
-3.709321602640308635e-01
5.736694531915885742e-01
1.366550949674747439e-01
-4.826223562003254530e-01
2.370803108898101585e-01
-1.000000000000000000e+00
-7.023659479336622491e-01
1.000000000000000000e+00
-8.867329997208124315e-01
-9.296206158486470805e-01
-3.531893625740802345e-01
7.890711336914723040e-01
6.161169365833838452e-01
-1.000000000000000000e+00
-1.000000000000000000e+00
-9.053354816036327524e-01
6.633306257507948223e-02
6.445754070883150666e-01
1.000000000000000000e+00
-6.445234429292305833e-01
5.724348685351303700e-01
-7.480478420395906269e-01
1.000000000000000000e+00
6.214535820103619379e-01
-5.920012811243791084e-01
-1.000000000000000000e+00
3.141194033620955950e-01
-7.475328107441500669e-02
1.000000000000000000e+00
-9.956027428278529934e-02
-1.000000000000000000e+00
-1.000000000000000000e+00
6.645693464039117426e-01
1.000000000000000000e+00
5.876681578106127679e-01
-7.892219192483957979e-01
5.252489325181866064e-01
-1.000000000000000000e+00
5.283518356362442159e-01
5.289194874980725214e-02
-7.089618425760332299e-01
7.913129022559121095e-01
-9.287841793986294503e-01
1.000000000000000000e+00
2.911226620041261204e-01
-9.095219880231346643e-01
9.244892356005292022e-01
-1.000000000000000000e+00
8.568923398300709593e-01
-1.000000000000000000e+00
1.000000000000000000e+00
2.226254555234625787e-01
2.697781598291643101e-01
-5.771294821073849057e-01
-3.291085999772870307e-01
7.678439500844125298e-02
-8.859499866850054084e-02
4.060314561364655184e-01
-1.000000000000000000e+00
2.982929902099592523e-01
-1.000000000000000000e+00
1.000000000000000000e+00
3.564907516911449692e-01
3.177950902290582191e-01
1.639548529661306875e-01
-3.951324689506239829e-01
1.000000000000000000e+00
8.875514314576553598e-01
1.000000000000000000e+00
1.000000000000000000e+00
8.519266941799246151e-01
1.000000000000000000e+00
5.170108151780435923e-01
-5.270989779934112107e-01
1.000000000000000000e+00
1.000000000000000000e+00
-1.730998056456413414e-01
-1.000000000000000000e+00
9.070898401150940815e-01
-1.000000000000000000e+00
2.141958866031544173e-01
4.290305931042750487e-01
6.828027195537804683e-01
-1.000000000000000000e+00
9.524246747445523908e-01
9.009493543326028142e-01
3.450911418004987685e-01
5.410389209765507079e-01
-1.510304781225953186e-01
9.483690364211140311e-01
3.980309426167340514e-01
1.000000000000000000e+00
1.000000000000000000e+00
1.000000000000000000e+00
-7.024604416431126097e-01
6.538462369721753653e-01
4.501517663612547016e-01
-1.021117232321042817e-01
3.997520254016742047e-01
1.000000000000000000e+00
3.531611221509254883e-01
-6.814578876601931068e-01
-1.000000000000000000e+00
1.000000000000000000e+00
1.000000000000000000e+00
2.786379158231654385e-01
-2.219772132404914666e-01
9.174999879973548822e-01
-5.263078985712238422e-01
6.969650824307442871e-01
-1.000000000000000000e+00
1.000000000000000000e+00
1.000000000000000000e+00
1.000000000000000000e+00
1.000000000000000000e+00
-2.846356139251833284e-01
1.000000000000000000e+00
-5.544690921047212839e-01
2.162433043831985535e-01
2.422375321424091177e-01
-7.914060675434863024e-01
-1.065895516905813328e-01
-9.971869322930098090e-01
-1.000000000000000000e+00
-1.018184545025513366e-01
2.062298217918169807e-01
-5.755886333461177617e-01
-3.540388138426964759e-01
1.000000000000000000e+00
-1.000000000000000000e+00
-1.000000000000000000e+00
1.000000000000000000e+00
7.882236558537554227e-01
-2.896042764863503982e-01
-1.000000000000000000e+00
3.587787790629371476e-01
7.289527033479742402e-01
-1.034966743113259480e-01
3.416187110435501828e-01
-1.394870400623656470e-01
-1.000000000000000000e+00
5.420801986803930328e-01
1.647880966250322987e-01
2.945124841123969439e-03
1.000000000000000000e+00
-1.000000000000000000e+00
-9.080788831493132873e-01
1.000000000000000000e+00
-8.854906604038972895e-02
-6.857162337515598782e-01
1.000000000000000000e+00
-3.108763982426558936e-01
-1.000000000000000000e+00
-8.285395071011489865e-01
-6.204175203151252038e-01
-1.000000000000000000e+00
1.000000000000000000e+00
-9.286898913115326781e-01
-1.000000000000000000e+00
-1.124091686965355136e-01
1.000000000000000000e+00
-1.000000000000000000e+00
-1.000000000000000000e+00
-1.000000000000000000e+00
-3.914116280404071335e-01
-3.307024733210641165e-01
1.000000000000000000e+00
-1.000000000000000000e+00
1.000000000000000000e+00
-1.000000000000000000e+00
-6.490807066061810016e-03
8.618945606727843600e-01
1.000000000000000000e+00
1.000000000000000000e+00
-1.000000000000000000e+00
1.176507551543543723e-01
-2.582938572036007074e-01
9.830628981805606958e-01
-1.597021560762034997e-01
-1.000000000000000000e+00
1.000000000000000000e+00
-3.224462016520402985e-01
-1.000000000000000000e+00
1.000000000000000000e+00
-4.329830146238768940e-01
1.000000000000000000e+00
-7.379874512183490776e-01
1.000000000000000000e+00
4.104916756824866231e-01
1.000000000000000000e+00
-1.000000000000000000e+00
-1.000000000000000000e+00
5.878235777244384952e-01
4.342413127194630351e-02
-5.390162896486003774e-01
1.000000000000000000e+00
-1.000000000000000000e+00
-6.284771850672904447e-01
8.515854489435344954e-01
-4.087078204747320864e-01
4.515977901126209670e-01
-8.411651078583636254e-01
4.463396149580272088e-01
1.389281235736024578e-01
-2.863892933258408435e-01
-1.639882933292547973e-01
-8.389615457478930560e-01
-6.852600496921515960e-01
1.000000000000000000e+00
1.000000000000000000e+00
-2.892462759266890560e-01
1.000000000000000000e+00
-1.000000000000000000e+00
8.771609527681830665e-01
-1.187338699420237842e-01
1.000000000000000000e+00
6.345571819280191317e-01
-2.211154526067578008e-01
1.000000000000000000e+00
-2.151277741867144155e-01
-7.532424908254091722e-01
7.348593234689793086e-01
-1.000000000000000000e+00
-1.000000000000000000e+00
4.918244822093205126e-01
-3.737473919095227193e-01
-1.000000000000000000e+00
9.108836060123806089e-01
8.938092061163679380e-01
-1.000000000000000000e+00
-1.000000000000000000e+00
-4.089009141151704330e-01
1.000000000000000000e+00
7.236428708259924347e-01
1.808546549252675884e-01
-1.000000000000000000e+00
-8.013059319854277662e-01
-9.981298614252294421e-02
7.993851962100412267e-01
8.300117813623473229e-01
-1.116798266241753046e-03
-1.000000000000000000e+00
6.323183191476773324e-01
-1.053279281563868908e-01
3.646301882633060099e-01
-1.778809563982769459e-01
-1.000000000000000000e+00
-1.000000000000000000e+00
-4.938771914222381820e-01
7.852788364536859023e-01
1.000000000000000000e+00
6.740007518886681481e-01
-3.353120152379578806e-02
-4.223904468549932734e-01
-1.000000000000000000e+00
1.000000000000000000e+00
-6.221869823540613353e-01
1.000000000000000000e+00
1.000000000000000000e+00
-1.000000000000000000e+00
1.000000000000000000e+00
-1.000000000000000000e+00
-3.897811809747009359e-02
5.635397286270678041e-01
7.357805803802761613e-01
-7.480356608941431951e-01
7.747854763211724505e-01
-1.000000000000000000e+00
1.376260650627885718e-01
1.000000000000000000e+00
-1.000000000000000000e+00
4.595545364061490723e-01
-3.048847226192697435e-01
3.764866436174591491e-01
-6.089386709385130603e-01
5.025366558878620049e-01
-3.790057427298884063e-01
6.815335030493157031e-01
7.960963461013700337e-01
1.000000000000000000e+00
-3.387491262802562741e-01
9.708558486808960275e-01
6.894899201039559333e-01
8.646561653009666726e-01
-6.478826877717369648e-01
-7.163399919247831482e-02
-1.382712127607161612e-01
-3.734612424695299415e-01
-2.716007958559354951e-01
7.443980993574135230e-01
1.000000000000000000e+00
-1.857323068062190774e-01
7.448384022356864254e-01
-6.657996109665700879e-02
4.862031287992649720e-01
8.007294668514471914e-01
2.769199623672130572e-01
2.585591199175659161e-01
-1.380246037718902696e-01
1.000000000000000000e+00
-1.000000000000000000e+00
-1.000000000000000000e+00
-1.000000000000000000e+00
2.670946385367387599e-01
-2.357602961781060380e-01
-9.273014325253730039e-01
7.668023462915686539e-02
-3.547814414101765346e-01
1.000000000000000000e+00
2.492894721947521708e-01
4.198171625646898164e-01
-2.998241061510780181e-01
-1.294483388490380027e-01
-8.805213634446986681e-01
1.000000000000000000e+00
-9.182783471051112478e-01
-2.436263423870776990e-01
8.852862781367322187e-01
1.801113179728006386e-01
-9.985851238388319950e-02
-1.000000000000000000e+00
4.616452579433655834e-01
-8.464262407611531369e-01
1.000000000000000000e+00
-9.707482875303845571e-01
1.000000000000000000e+00
-7.668955613656400772e-01
-5.370819850194712419e-01
5.893362660882468518e-01
7.533030248099548132e-01
-8.090444798136335880e-01
1.000000000000000000e+00
2.160999425603667978e-01
-1.000000000000000000e+00
-4.604392958768782074e-01
6.310687996457421400e-01
-1.064257158042170304e-01
-1.000000000000000000e+00
-1.000000000000000000e+00
-9.174436356638888679e-01
-1.418339101526369384e-01
5.763948096129110077e-01
2.847376009008955114e-02
4.577748545230942989e-01
-1.000000000000000000e+00
1.000000000000000000e+00
-5.072688095359036975e-01
1.000000000000000000e+00
1.000000000000000000e+00
8.625097420475485999e-01
-4.712988279240988843e-01
9.485026981083721775e-01
7.268140023832603269e-01
-1.960388953830361491e-01
3.204161008663292121e-01
-5.737177131222748194e-01
7.576044070023184585e-01
1.000000000000000000e+00
6.265643295185246986e-01
-3.949313923523767311e-01
-3.788164231935970960e-01
1.000000000000000000e+00
1.000000000000000000e+00
1.000000000000000000e+00
-6.047563618520976902e-01
-6.410009551907618341e-01
-6.606413682927655961e-02
6.251153332211936697e-02
2.391517451601840594e-01
-2.632291565202011796e-01
-6.982601722219208273e-01
-9.169243802781378294e-01
6.352762783511887168e-01
3.165901885667954940e-01
2.972967607789788747e-01
6.017067898996109054e-01
-1.000000000000000000e+00
2.963394579016130903e-01
-1.000000000000000000e+00
1.000000000000000000e+00
1.280221866494537508e-01
8.278378506608916609e-01
2.136606913949853082e-01
-1.000000000000000000e+00
1.000000000000000000e+00
4.503776536234065930e-01
-6.806167256146224975e-01
1.000000000000000000e+00
1.000000000000000000e+00
-3.609445790911993690e-01
-1.000000000000000000e+00
-4.841900548298433415e-01
-8.661630178311412465e-01
-7.561003467861240335e-01
-7.076227447813165927e-01
1.000000000000000000e+00
1.000000000000000000e+00
7.261050669498773091e-01
4.504406972484742422e-01
1.000000000000000000e+00
-1.000000000000000000e+00
1.000000000000000000e+00
3.288598040281960899e-01
1.998759993150189818e-01
-4.112949391277394562e-01
-7.192525180486009084e-01
-4.323088229999985654e-02
5.685773142502970057e-01
-9.234794972824923454e-01
-9.322620260589452312e-02
5.986178455946912225e-01
9.213809744352023934e-01
-1.000000000000000000e+00
-2.687791352769715036e-01
3.391805925379072773e-01
-4.879926900043315419e-01
6.070117233370989629e-01
7.673616174655497613e-01
-9.359292284498943459e-01
3.693529433688261809e-01
-4.828821177754960559e-01
-1.000000000000000000e+00
-6.440223551836746219e-02
-3.819201184421572304e-02
1.398953781414103148e-01
5.998763701527859427e-01
-3.596146770790046299e-01
3.496230128799102665e-01
4.689301591325015783e-01
-1.000000000000000000e+00
-1.000000000000000000e+00
-9.273274512609096520e-01
6.371572978948107924e-01
1.837020534716599096e-03
4.676015996386335694e-01
6.449102502314543739e-02
-8.181522634943723116e-01
-8.051690766380010800e-01
6.175064549067175168e-01
-4.287225357028626727e-01
1.000000000000000000e+00
-1.000000000000000000e+00
-5.543677288731576613e-01
7.830093108243396660e-01
3.828026244226487851e-01
7.734215158614387020e-01
-2.595963043539542547e-01
-9.091028707928850983e-01
5.191768502673588248e-02
1.000000000000000000e+00
1.000000000000000000e+00
7.244213927227237670e-01
1.000000000000000000e+00
-6.394077900999026176e-02
-1.000000000000000000e+00
-1.000000000000000000e+00
-2.866089428308964404e-01
-1.834842919432327912e-01
-1.000000000000000000e+00
2.181375820826598477e-01
-7.154404838938643874e-02
8.758520580349871132e-01
-9.354438851304900382e-01
1.000000000000000000e+00
1.000000000000000000e+00
6.761085123088645954e-01
-1.000000000000000000e+00
9.208694218794014619e-01
5.683951389581256564e-01
-1.000000000000000000e+00
2.915290527231176321e-01
-9.388860560960410329e-02
7.503752295321782784e-01
-9.266726845854370009e-02
-6.694069793447139372e-01
4.039607774140681062e-01
-3.540597005459227287e-01
1.000000000000000000e+00
1.000000000000000000e+00
4.146401884438573049e-01
-5.532326660179581745e-03
2.740078953313680454e-01
1.437048651812196376e-01
-1.352560539562739084e-01
1.000000000000000000e+00
5.283638540271931028e-01
-1.000000000000000000e+00
1.000000000000000000e+00
-1.000000000000000000e+00
1.804991590842219273e-01
4.445149465143078960e-01
5.330103397472913951e-01
1.000000000000000000e+00
1.000000000000000000e+00
4.912236046503852815e-01
-1.000000000000000000e+00
1.000000000000000000e+00
-8.524841001306373567e-01
1.979235423476807115e-02
5.321982787337925513e-01
1.000000000000000000e+00
5.548758361399098726e-01
-7.046811256437779392e-01
-1.000000000000000000e+00
-1.000000000000000000e+00
-7.693149226894302473e-01
6.687498209988368414e-01
-1.000000000000000000e+00
8.765621296902682547e-01
1.000000000000000000e+00
9.438640180354518350e-02
-1.000000000000000000e+00
9.819570321583299677e-01
-4.532311552095247276e-01
8.809029055065993319e-01
-1.941529828345245345e-01
-1.000000000000000000e+00
-1.000000000000000000e+00
-3.840894999873016857e-01
-1.000000000000000000e+00
4.718395103865329065e-02
-2.005183176100280851e-01
1.000000000000000000e+00
-1.000000000000000000e+00
6.968550293127302453e-01
7.493819787534350407e-01
-8.641821227902912739e-02
4.829039298832181193e-01
-1.000000000000000000e+00
-9.225016414963371769e-01
1.585054375569995566e-02
-8.962945070733346897e-01
-1.000000000000000000e+00
-1.000000000000000000e+00
-4.040107503810561607e-01
5.990455741569716830e-01
1.069532883234512177e-01
-1.000000000000000000e+00
-2.486033431345136269e-01
-8.310687591120521911e-02
-2.594993471312148081e-01
1.818353414803000612e-02
5.450749046672137554e-02
1.000000000000000000e+00
-1.000000000000000000e+00
-1.984617465187415442e-01
-1.000000000000000000e+00
6.432826860114730927e-01
-2.863560522699514221e-01
-7.686086848689371864e-01
1.000000000000000000e+00
2.628907432739782113e-01
-1.388716891306543966e-01
-1.000000000000000000e+00
1.714866585709315938e-01
-5.648735145035224114e-01
-6.094176422163734286e-02
-1.000000000000000000e+00
-9.837119925324420144e-01
3.367106019586871835e-01
3.905301124086404951e-02
-7.168004262055547304e-01
-1.000000000000000000e+00
1.000000000000000000e+00
-1.000000000000000000e+00
1.000000000000000000e+00
1.000000000000000000e+00
1.000000000000000000e+00
7.067258301916766461e-02
1.000000000000000000e+00
-1.000000000000000000e+00
1.000000000000000000e+00
-7.974369599517913132e-01
6.847035535808951856e-01
-1.000000000000000000e+00
-5.529472626320461881e-01
-4.772266907375268263e-01
1.000000000000000000e+00
-3.376043837964954331e-01
4.863020861535689576e-01
1.000000000000000000e+00
-8.038352737508962509e-01
1.000000000000000000e+00
1.193594271896159520e-01
4.144842666887418314e-01
7.191262519335365200e-01
2.228415217109750157e-01
2.289941566276982310e-01
-1.753207304757684049e-01
-1.000000000000000000e+00
6.036473463416625052e-01
-5.215547993634650492e-01
-2.571763801116228043e-01
3.157445254040023297e-01
-1.000000000000000000e+00
5.024405658764417026e-01
-1.921584673956648892e-01
-3.935257268563674415e-01
-1.000000000000000000e+00
-7.241894616890540703e-01
4.037666450521152917e-01
-5.136023239916771566e-01
-1.012718353194070608e-01
-1.000000000000000000e+00
-1.258228578398973285e-01
-8.874485784932237831e-01
-9.070819250543865619e-01
-3.100159407790789023e-01
5.981367637142644134e-02
5.094173574959153239e-01
-7.468804237905734000e-01
-4.456349798900679504e-01
5.685450212797995562e-01
-5.465507769587620857e-01
-7.118545580584154098e-02
1.000000000000000000e+00
-4.154514687952780561e-01
-1.098529402969703750e-01
8.163523049838981027e-01
-5.835456131035116067e-01
-2.477086231383668347e-02
-1.000000000000000000e+00
8.774627457537336195e-01
-1.028887521758881096e-02
4.580752251848173029e-01
3.777885105211076233e-01
-7.833996645572854911e-01
6.889861240447857638e-01
-1.000000000000000000e+00
5.553186728901332581e-01
7.457430515510310443e-01
-1.000000000000000000e+00
-1.443553725673869803e-01
-3.550010171672355330e-01
2.297768236215309290e-01
9.995728263986388695e-01
-9.656855644771485114e-02
6.458714246143606452e-01
-1.000000000000000000e+00
1.000000000000000000e+00
9.463652838271653378e-01
4.873939963574900475e-02
-1.000000000000000000e+00
-3.266259917330715523e-01
-5.761192276517306254e-01
1.024975767161751400e-01
-1.000000000000000000e+00
6.367534327883009881e-01
-2.736110137145840171e-01
-1.491851253866836521e-02
2.270415766281774217e-01
-1.000000000000000000e+00
-8.925374959128050678e-01
-3.767267082002170864e-01
-8.565784509959109561e-02
1.000000000000000000e+00
1.000000000000000000e+00
4.741902544063873459e-01
1.000000000000000000e+00
1.000000000000000000e+00
8.894496304100233397e-01
2.788836257159971188e-02
8.827093087473869559e-01
1.000000000000000000e+00
6.451111834589199345e-01
-7.897641533583797946e-01
2.575561580980479381e-01
-1.000000000000000000e+00
-1.000000000000000000e+00
-5.094580834246280610e-01
3.003289934477837431e-02
-2.540514398669360130e-01
1.000000000000000000e+00
-6.341063270944317098e-01
1.616336845298882163e-01
-2.093290301372256190e-01
1.000000000000000000e+00
1.000000000000000000e+00
1.000000000000000000e+00
9.248993065172756989e-01
3.429105992755583920e-01
-2.199554797672448880e-01
5.687574349930376583e-01
-1.000000000000000000e+00
1.000000000000000000e+00
1.000000000000000000e+00
-3.331674606139645167e-01
1.532762490773999231e-01
6.571773634373917483e-02
1.395615736845018662e-01
-3.697701331901835364e-01
-8.306823930417317481e-02
-4.146456275078238413e-02
-2.847224074779093339e-01
2.965357073193251036e-01
-5.330009406386725379e-01
7.062192249804919442e-01
1.000000000000000000e+00
7.668988338244977498e-01
-5.555827908224750811e-01
-2.987516097329716569e-01
1.000000000000000000e+00
-1.000000000000000000e+00
1.000000000000000000e+00
1.000000000000000000e+00
1.000000000000000000e+00
-4.698055570281017834e-01
-5.458017003599438532e-02
-1.183107393841629634e-01
-5.858628784846404702e-01
-4.814837539111148368e-02
-1.000000000000000000e+00
-5.326142918054022068e-01
-4.694784226121425652e-01
1.003848272540551756e-01
7.484421489758283919e-01
-5.087180800326427388e-01
1.000000000000000000e+00
-3.998328288599275471e-01
1.000000000000000000e+00
1.170882105585837191e-01
1.573564606807301702e-01
-7.364311624074317830e-01
-4.155607314699538701e-01
1.000000000000000000e+00
8.741240373256653484e-01
-6.123809128475115049e-01
1.000000000000000000e+00
-1.000000000000000000e+00
1.060229907121980897e-01
-1.000000000000000000e+00
7.804860755954907692e-01
-6.777616248186053571e-01
7.936558072161528088e-01
-1.000000000000000000e+00
9.389783550471851592e-02
-2.147213115869461841e-01
9.071864731144535510e-01
3.779117828064552098e-01
-1.000000000000000000e+00
-1.000000000000000000e+00
1.000000000000000000e+00
-1.485529502026531057e-01
-4.336799624911126250e-01
1.000000000000000000e+00
-1.000000000000000000e+00
4.675796497178927869e-01
-7.430570180948967707e-01
4.960183357107346147e-01
-3.520634072820472138e-01
6.269071560471737303e-01
-2.385715520779393972e-01
1.000000000000000000e+00
-1.000000000000000000e+00
1.000000000000000000e+00
1.000000000000000000e+00
1.000000000000000000e+00
-8.312134238275709075e-01
1.000000000000000000e+00
-3.587429177934313707e-01
1.000000000000000000e+00
3.185591577756136106e-01
3.587415503931735694e-01
-4.747144188492296024e-01
8.800510406387064277e-01
-1.000000000000000000e+00
-1.000000000000000000e+00
6.448139390476856914e-01
-2.277260454448174487e-01
-7.360871210648626262e-01
-2.428891059066741465e-01
3.369807971553429038e-01
-1.000000000000000000e+00
1.853352771132447674e-01
-1.000000000000000000e+00
1.901330120985148531e-01
-1.000000000000000000e+00
-1.000000000000000000e+00
2.106018212200774786e-01
1.000000000000000000e+00
-3.143419303027341072e-01
-1.000000000000000000e+00
1.505018484758511854e-01
5.701574791103136697e-01
-1.000000000000000000e+00
-4.297418143127611501e-01
2.781837061040288162e-01
4.226293557134093715e-01
1.000000000000000000e+00
-8.356524740042637900e-01
2.792885551691698387e-02
-1.354882853473007021e-01
1.145308607046002514e-01
-8.433915699438446212e-02
1.000000000000000000e+00
7.576420507151678807e-01
-1.000000000000000000e+00
2.803551189381726094e-01
-1.000000000000000000e+00
4.283508320161470428e-01
-3.134881508356237578e-01
-1.000000000000000000e+00
5.923750650833677078e-02
1.000000000000000000e+00
-5.149202990767502985e-01
1.000000000000000000e+00
1.000000000000000000e+00
1.000000000000000000e+00
1.460255369937676351e-01
6.036149528323958569e-01
9.486321270500905900e-01
1.000000000000000000e+00
-1.000000000000000000e+00
-1.600947213930794533e-01
3.546471884356390825e-01
9.555116457100830685e-01
1.000000000000000000e+00
-1.000000000000000000e+00
-9.763091427156335156e-01
-9.381161783296131373e-01
4.868132164244606264e-01
9.059220873286246700e-01
-1.000000000000000000e+00
2.942966364217850517e-01
-7.117554429227341828e-01
-2.231712210707710586e-02
-1.000000000000000000e+00
7.021063943491726023e-02
7.346050909004520069e-02
1.000000000000000000e+00
9.190057753918950967e-01
1.000000000000000000e+00
-1.000000000000000000e+00
-2.820966690620300144e-01
3.631050600615849389e-01
3.140753829473075243e-02
1.000000000000000000e+00
9.667797557764278293e-01
5.249007913351138033e-01
6.496006069818377471e-01
-4.671245161856734662e-01
-7.988749124521612455e-01
6.513379124567962863e-01
-6.957516774406860005e-01
4.695985123565360464e-02
-2.268157754041573160e-01
1.000000000000000000e+00
3.373023628218188019e-01
5.695925111115576200e-01
-4.820130167727372239e-01
-6.000391185129441141e-01
-1.058631807954520665e-01
2.777562448063878864e-01
5.031526573716188500e-01
5.196252323573818943e-01
-5.559260689884060191e-01
1.000000000000000000e+00
-6.547977271936922250e-01
-4.696224444635769268e-01
-1.000000000000000000e+00
1.402085483546734179e-01
-1.000000000000000000e+00
1.000000000000000000e+00
-1.337947769223110095e-01
-6.500648816871860136e-01
-5.523493926649715446e-02
4.926090051896646616e-01
6.522658323818596449e-01
-1.000000000000000000e+00
-3.176287352528067709e-01
-1.000000000000000000e+00
-1.000000000000000000e+00
-7.577426161743625044e-02
1.000000000000000000e+00
-1.000000000000000000e+00
2.571782646179143206e-01
7.113893919457435766e-01
1.000000000000000000e+00
4.086066162097686805e-01
4.687388321399847957e-01
-7.161720033348314418e-01
-1.000000000000000000e+00
-1.000000000000000000e+00
-1.000000000000000000e+00
8.320554205840196005e-01
-3.135736994517829279e-02
7.663581682234349435e-02
7.861900554681291453e-01
-9.639715247159269529e-01
-3.216901376456179906e-01
-1.000000000000000000e+00
-1.000000000000000000e+00
8.924141428240367491e-01
-1.000000000000000000e+00
6.209479363849069733e-01
-2.242378756208499857e-01
4.132797652946633704e-01
-2.600736047050719590e-01
6.906651556409428849e-01
9.940740974010683906e-02
-8.716405030286595856e-01
5.636360983203163588e-01
-4.523149105992385066e-01
4.447245022679952586e-01
2.522754674608777004e-01
1.000000000000000000e+00
-1.309622499322207201e-01
-2.837990968814931847e-01
-7.785521958721550728e-01
-1.000000000000000000e+00
-1.000000000000000000e+00
1.000000000000000000e+00
-4.595711046374459929e-01
-6.671348295740588963e-01
-1.000000000000000000e+00
-8.871577200036362409e-01
9.691422395044615445e-01
-5.610696012347270445e-01
4.607010612185269416e-01
1.866887978356490674e-01
4.806448994412737541e-01
1.811310918172896745e-01
1.508262322084259477e-01
1.000000000000000000e+00
9.686506775584947659e-01
-3.260598641514280693e-01
-2.981941164489543272e-02
-3.276552900456648487e-01
-3.031783163807379999e-01
-8.792476491557995599e-01
-1.000000000000000000e+00
1.592551615458411840e-01
-4.444487967347220403e-01
3.617248862184261893e-01
6.365121022676225593e-01
-1.000000000000000000e+00
8.098679658327474495e-01
1.000000000000000000e+00
5.463856875668322566e-01
1.000000000000000000e+00
-1.000000000000000000e+00
5.815122197776767532e-01
-7.005701840458214980e-01
1.000000000000000000e+00
5.367596723701025807e-01
-4.479036915871127400e-01
-1.000000000000000000e+00
-5.414777215665744770e-03
8.614439296463105578e-02
2.363388167843513965e-01
-1.000000000000000000e+00
5.842330571625378166e-01
-7.159037663034955035e-01
7.167328318820495592e-02
5.314814941655335301e-02
1.938281420378974440e-01
5.381868209409386150e-01
1.000000000000000000e+00
-2.643416757465930078e-01
-6.904064071970619221e-01
-1.545026886941514022e-01
-7.484453967095769933e-01
1.000000000000000000e+00
-1.000000000000000000e+00
-1.000000000000000000e+00
-1.376616505255238709e-01
7.061318993184443338e-01
7.325979859530407090e-01
1.503378594820352632e-01
-3.695285420156624312e-03
-7.172975497962121860e-01
-8.833358955986150285e-01
8.182598424305499440e-01
4.047090016194756501e-01
-7.659704215682976436e-01
7.808618346161703139e-01
1.729591049583928397e-02
8.770516919261027722e-01
-1.000000000000000000e+00
9.676218491136667765e-01
-8.256244490982057871e-02
1.000000000000000000e+00
-1.545311428495451112e-01
-4.150389259822097610e-01
1.000000000000000000e+00
-1.285990788197420298e-01
-9.871297999277368618e-01
2.696016447046222786e-01
-2.688076471331996009e-01
1.000000000000000000e+00
3.016420468717316283e-01
2.245757174645642562e-01
-1.000000000000000000e+00
2.486969349341799362e-01
1.000000000000000000e+00
-2.166033625737252277e-01
-3.642800772234172646e-01
-9.873178601290437673e-01
1.000000000000000000e+00
1.000000000000000000e+00
4.851354676945379696e-01
1.000000000000000000e+00
-7.283036915641143416e-01
3.774541624311049670e-01
-5.064778046678584111e-01
-1.000000000000000000e+00
1.000000000000000000e+00
4.242444899242754364e-01
-5.520627067523462550e-01
-3.764659877082098260e-01
-3.721517444173286782e-01
1.000000000000000000e+00
-6.412222199604777906e-02
3.376779410629464073e-01
-3.882046797886525846e-01
1.067788173077399705e-02
3.840214054772386199e-01
1.000000000000000000e+00
-7.882350175697178107e-01
1.000000000000000000e+00
7.828645618100401604e-01
-1.000000000000000000e+00
-8.327891906395046284e-01
4.351750012476303664e-01
-6.281090068442693464e-02
-1.000000000000000000e+00
-1.000000000000000000e+00
1.616209154123970926e-02
1.000000000000000000e+00
1.000000000000000000e+00
4.375903041465186161e-01
-3.292275637048649450e-01
1.000000000000000000e+00
-4.671542294528732153e-01
3.895334725218306815e-01
-1.896357900882142677e-01
-4.925349469604031194e-01
1.000000000000000000e+00
-9.656772135896168896e-01
-3.122336459710335910e-01
3.067232921708183957e-01
-7.186574878947663558e-01
-4.057931897218475803e-01
-6.047473392915190260e-01
4.928911006654723703e-01
-4.837229437794413056e-01
-1.760542465437391624e-01
-1.000000000000000000e+00
1.973266280020513630e-01
8.145843830689577514e-01
-6.771774751454711083e-01
-1.000000000000000000e+00
-9.341891455577840953e-01
-1.000000000000000000e+00
-9.463572141997445009e-01
-7.971104036241095647e-01
1.000000000000000000e+00
-9.608307403696190185e-01
-4.792719777036297257e-01
1.000000000000000000e+00
-7.032799055105241059e-01
8.929548940059830464e-01
-6.472881189596564333e-01
-5.048325027184413782e-01
-1.000000000000000000e+00
1.000000000000000000e+00
-1.000000000000000000e+00
1.000000000000000000e+00
-6.141281512204580517e-01
9.892898439570588232e-02
-5.872157309554763005e-01
2.687225679786853227e-03
3.959147314890281155e-01
-5.094683263791333072e-01
-1.000000000000000000e+00
1.000000000000000000e+00
3.429590646545604971e-03
-4.476725845265625003e-01
4.160973095388798004e-01
-1.000000000000000000e+00
-4.168458759520456136e-02
3.331992207302109654e-01
-1.000000000000000000e+00
-1.000000000000000000e+00
-1.000000000000000000e+00
-7.868641207752293809e-01
-7.986376838904618580e-01
-1.000000000000000000e+00
6.573624314713510941e-01
-8.082132819120302347e-01
-1.820220372834170930e-01
-2.936440785897168615e-01
-1.000000000000000000e+00
-4.816692323976392021e-01
3.995996763590130563e-01
1.000000000000000000e+00
1.156863538462925833e-01
4.955090241190059919e-01
1.000000000000000000e+00
-6.388660944670279673e-02
-1.191467127913569402e-01
-9.278644012058711033e-01
-6.653414077166434071e-01
-9.550062175661968578e-01
3.644571392185692871e-02
-1.000000000000000000e+00
-2.157698360605957433e-01
-2.398679433695067864e-01
-1.000000000000000000e+00
-9.742838644924515235e-01
6.829857518185605825e-01
1.538991906760549533e-01
3.379220243609870056e-01
-1.000000000000000000e+00
-4.597692853978533334e-01
5.165666142271528871e-01
-1.000000000000000000e+00
9.179133809199396810e-02
-7.041106491360076269e-01
1.000000000000000000e+00
-8.805602490836781371e-01
-1.636296556294817017e-01
1.000000000000000000e+00
1.000000000000000000e+00
1.319511348468593304e-01
-8.918011078478000897e-01
1.000000000000000000e+00
5.572086252559049768e-01
-5.824295459627237825e-01
1.000000000000000000e+00
-1.765578347364814282e-01
1.379272288575661976e-01
1.000000000000000000e+00
4.711063062240004873e-02
-2.603950365025143321e-01
1.000000000000000000e+00
3.547642173084562534e-01
3.146947333430749061e-01
6.140957004695979382e-01
-1.000000000000000000e+00
4.801518108179073652e-01
1.000000000000000000e+00
4.139973595190631350e-01
-7.059221800388727486e-01
-5.907716462721783746e-01
6.551162461635109402e-01
-1.000000000000000000e+00
1.000000000000000000e+00
5.580575760959372023e-01
-1.000000000000000000e+00
4.722452601411313289e-01
5.333875049374846578e-01
1.753133762349983193e-01
6.706931169896299672e-01
-9.248937400646978224e-01
6.157857377729919479e-01
3.512851904257333069e-01
-1.000000000000000000e+00
-1.000000000000000000e+00
-6.849937968098862573e-01
-7.634449933711489056e-01
-1.000000000000000000e+00
-1.000000000000000000e+00
8.452996265185522828e-01
7.660849353456602451e-01
-1.000000000000000000e+00
1.000000000000000000e+00
-3.449882911632529137e-01
2.671104881948119236e-01
-9.256913446543747481e-01
8.869945242196061730e-02
6.156871225830111705e-01
5.834017089244514231e-01
2.556108888815127878e-01
5.058338051784705414e-01
2.508329354464093885e-01
-8.375384894842663464e-01
-5.792377559729805503e-01
-1.857785767338602789e-01
-4.042508526996845264e-01
1.000000000000000000e+00
-1.000000000000000000e+00
6.826842549224843015e-01
-1.000000000000000000e+00
1.000000000000000000e+00
-7.254267751115955898e-01
1.000000000000000000e+00
-8.007678302913980861e-01
1.000000000000000000e+00
-8.536850588048698896e-01
1.000000000000000000e+00
5.836209660563113077e-01
1.646447191628621076e-01
-1.000000000000000000e+00
7.165928926841060864e-01
-4.984413377385445432e-01
7.435803841070007802e-01
-9.844647891663512729e-01
-4.590844059200036575e-01
-8.767423672307511628e-01
1.000000000000000000e+00
-1.000000000000000000e+00
3.549802735416400790e-01
7.048425896180025019e-01
1.530881451662994552e-01
-2.728351138790293673e-01
-6.403680560034670233e-01
-1.000000000000000000e+00
6.136153211269794738e-01
-1.531831920303454442e-01
-1.000000000000000000e+00
-4.111826623105619971e-01
-1.000000000000000000e+00
8.692538649152858898e-01
-3.026190480910485037e-01
1.000000000000000000e+00
5.134922578940311899e-01
-1.000000000000000000e+00
5.982436495413806510e-01
-6.189160917846143750e-01
1.331981096243191331e-01
-1.000000000000000000e+00
1.000000000000000000e+00
-1.396970570760984187e-01
8.995174153982345988e-01
6.537881201915789475e-01
-3.771497752406404724e-01
-7.163438882466305335e-01
-1.815208550059027592e-01
-6.058378740487548875e-01
-1.959080184812566072e-01
-2.830433600261998417e-01
4.646052612691685679e-01
-8.605397678216091251e-01
2.970334877492666892e-01
2.428259093677890834e-01
-6.117337678268666146e-01
8.490761264777788586e-01
-1.000000000000000000e+00
2.434855119767664333e-01
-2.582624188102622398e-01
-1.000000000000000000e+00
-5.396987651068761993e-01
-1.000000000000000000e+00
-7.080885961253337024e-01
1.220910733455358721e-01
-1.000000000000000000e+00
9.820655953817236661e-01
1.000000000000000000e+00
-1.000000000000000000e+00
-1.000000000000000000e+00
-1.146960034184659194e-01
2.891943310410041018e-02
6.037644963037325230e-03
-1.000000000000000000e+00
-1.000000000000000000e+00
-9.842831671198120080e-01
-1.000000000000000000e+00
8.790776499843879765e-01
-1.000000000000000000e+00
-8.346834108996648016e-01
8.021738963439415393e-01
-8.827851118236872408e-01
-1.000000000000000000e+00
-2.858732227900076528e-02
-7.882662267710904835e-01
-5.571956908926195551e-01
9.473957673297963566e-01
-3.474979577586354007e-01
-1.000000000000000000e+00
-1.000000000000000000e+00
-6.113493669508338613e-01
-1.000000000000000000e+00
1.000000000000000000e+00
-3.652255701507206576e-01
2.300850624705608749e-01
3.124631484053348451e-01
-5.313760102346721803e-01
1.000000000000000000e+00
-1.000000000000000000e+00
-4.733574070907686782e-02
4.727686695349240242e-01
-8.939789890960458951e-01
2.947440073374250069e-01
1.000000000000000000e+00
-1.000000000000000000e+00
-3.045200174338776322e-01
-2.372730854936521694e-01
-1.000000000000000000e+00
1.000000000000000000e+00
-6.303414426761092537e-01
-6.986492298423929714e-01
4.101699005311129631e-01
-3.317414120147512135e-01
3.868281650454692411e-01
4.251252482945141464e-01
9.764457010031160622e-02
-1.000000000000000000e+00
8.164400047041039388e-01
6.685512501097037319e-01
-5.461740414359768092e-01
-3.664346470920396004e-01
-1.000000000000000000e+00
4.747746732165846195e-01
1.000000000000000000e+00
2.471537743635883189e-01
-8.050095262091960802e-01
-1.000000000000000000e+00
-1.000000000000000000e+00
3.878779789755480989e-01
9.008902889473473508e-01
-1.000000000000000000e+00
-3.001279502426157375e-01
-4.698595504020106617e-01
8.801925001794907999e-01
5.806175721883043428e-01
2.191770162697366797e-01
-1.000000000000000000e+00
3.326212432402507191e-01
-1.992653707037403410e-01
-1.000000000000000000e+00
9.629408500876786015e-01
1.000000000000000000e+00
3.003167996045568167e-01
-3.614632180586319632e-01
1.000000000000000000e+00
-4.163209144134516482e-02
1.000000000000000000e+00
-5.573523598456057160e-01
-5.080948848636984705e-01
-1.000000000000000000e+00
-4.240744278899131192e-01
7.705942738484192200e-02
2.633776058542784959e-01
1.000000000000000000e+00
6.276230623669906139e-01
1.000000000000000000e+00
8.348949368012315020e-02
-2.859503897334186862e-01
-3.154552266886302414e-01
9.003341771432005203e-02
-3.284490682403734541e-01
1.000000000000000000e+00
-1.000000000000000000e+00
-5.191794255965251903e-01
4.216489251657375981e-01
9.622919775934219988e-01
1.000000000000000000e+00
-2.973971435020573706e-01
-7.891721371964439680e-01
3.530791758942805059e-01
-1.000000000000000000e+00
1.000000000000000000e+00
-4.102190608879380251e-01
7.257519822192287640e-02
4.739687493537020346e-01
8.113560289017986982e-01
2.117596309504959917e-01
1.000000000000000000e+00
-1.000000000000000000e+00
1.000000000000000000e+00
-1.633928553197470657e-01
-9.234489122183122678e-01
-8.392571020915848834e-01
2.210056025185663797e-01
-9.898610393799426310e-01
4.324772461824167302e-01
1.000000000000000000e+00
-1.000000000000000000e+00
-9.047393660860539866e-01
6.830775481476638600e-01
-1.184662230136622751e-01
5.372200225270453711e-01
5.670145254618410569e-01
1.000000000000000000e+00
1.000000000000000000e+00
7.512517908001717371e-02
7.026973555080611167e-01
3.454710844398602432e-01
-1.000000000000000000e+00
-5.251765563667812886e-01
1.231285264071170504e-01
-1.000000000000000000e+00
-1.442156638989539053e-01
-1.000000000000000000e+00
-1.000000000000000000e+00
-8.307528824923603450e-01
-5.371536670429802873e-01
1.767579878623596334e-01
-1.000000000000000000e+00
2.434306706541974341e-01
-8.507695146651993445e-01
-3.255727697877954796e-01
-8.867114570920993089e-01
1.000000000000000000e+00
6.055157569341558244e-01
-1.000000000000000000e+00
-4.984277580243424710e-01
-1.000000000000000000e+00
-1.000000000000000000e+00
-3.437331712151937557e-01
-7.772149986706744507e-01
8.435645263950830586e-01
-1.000000000000000000e+00
-1.000000000000000000e+00
-1.697381500364497642e-01
1.567901127011275264e-01
5.916993962768971604e-01
-8.552868867079574389e-02
6.900875580637185758e-01
6.039042250319789362e-01
-3.475299101789753875e-01
5.522687749525651002e-01
-1.000000000000000000e+00
-7.187428910878156108e-02
-1.000000000000000000e+00
8.726906840520747277e-01
-3.381778555197342273e-01
6.129341495562404818e-01
6.077009311067460562e-01
1.000000000000000000e+00
-8.683133480900202539e-01
-1.000000000000000000e+00
-1.815608016889433962e-01
2.811541667129091593e-01
1.000000000000000000e+00
-5.202838323693631528e-01
-5.462641830132954901e-01
-7.955585946362084826e-01
-5.054093421202073833e-01
4.452549601457211903e-02
-7.522295645758408922e-01
-2.584642582639951058e-01
4.039602815202236741e-01
-1.000000000000000000e+00
-7.348751043945102035e-01
-6.160732543180402754e-01
1.000000000000000000e+00
1.000000000000000000e+00
-1.031287512559466296e-01
6.854333321422746428e-01
-1.000000000000000000e+00
-1.380271314346786515e-01
-1.000000000000000000e+00
-2.856949735567683168e-01
4.919525091075064860e-01
-8.752775148992680831e-01
6.346639459647399617e-01
7.605033163048773304e-01
1.000000000000000000e+00
1.000000000000000000e+00
1.235706244745433668e-01
-1.000000000000000000e+00
-1.000000000000000000e+00
-1.261555727763548629e-01
2.282929290673427203e-01
-1.000000000000000000e+00
-1.000000000000000000e+00
-7.432242490393328183e-01
-1.000000000000000000e+00
-5.805362703678076386e-01
-1.000000000000000000e+00
9.123786660723799402e-01
1.000000000000000000e+00
-9.372071412272590107e-01
-1.283461295872554975e-01
-5.934323595110898575e-01
-1.000000000000000000e+00
1.000000000000000000e+00
-9.188633010786489974e-01
-1.000000000000000000e+00
1.526200600061924095e-01
-3.571783779118647972e-02
-1.926091329830677545e-01
5.699623793653878501e-01
1.000000000000000000e+00
-7.002714161956727912e-01
-7.565315970367526566e-01
1.174573826695980150e-01
6.253546200648980591e-01
-1.000000000000000000e+00
-7.915216631878941866e-01
-1.000000000000000000e+00
1.000000000000000000e+00
-1.000000000000000000e+00
9.975257849693907053e-01
4.365398050159229326e-01
-4.601291883486168799e-01
-4.017235404101437979e-01
1.337319590327168128e-01
-1.921284323659791515e-02
1.000000000000000000e+00
1.000000000000000000e+00
8.455022054401664100e-01
-4.823363507978742359e-02
3.712169034014520252e-02
-3.202618575011566271e-02
2.321391428859767569e-01
1.796118521408017199e-01
1.000000000000000000e+00
8.391791979341958196e-01
5.021561212640307525e-01
2.172025534555011295e-01
1.000000000000000000e+00
-5.357264211392380737e-01
7.556648842370848884e-01
-1.000000000000000000e+00
1.000000000000000000e+00
-1.000000000000000000e+00
-1.848984798768713023e-01
-1.000000000000000000e+00
-7.014250026217967449e-01
1.000000000000000000e+00
-1.000000000000000000e+00
-8.596585435756225468e-01
8.009177626224831537e-01
2.837094439789280553e-01
5.234612585923598127e-02
-9.200993260777559080e-01
8.771358512999425372e-01
-6.651769627575029320e-01
-1.000000000000000000e+00
6.107017841166710870e-01
-1.000000000000000000e+00
1.000000000000000000e+00
-1.000000000000000000e+00
3.099561735849014621e-01
1.000000000000000000e+00
-1.000000000000000000e+00
7.221215247213029764e-01
3.179715388516115016e-01
-1.000000000000000000e+00
3.151903024990274083e-01
5.699674008192720867e-03
-1.000000000000000000e+00
-2.278172788711377572e-01
4.432995379498382849e-01
-1.000000000000000000e+00
1.000000000000000000e+00
-1.216184026655901806e-02
2.164765438397145414e-01
-2.530799926044337012e-01
1.000000000000000000e+00
8.171263337364955692e-01
1.000000000000000000e+00
2.273710712213528884e-01
-1.000000000000000000e+00
2.270934958678657856e-01
4.232140940931734541e-01
9.886662294897500258e-01
5.219903801449705671e-01
1.000000000000000000e+00
-1.000000000000000000e+00
-6.052011211766610277e-01
4.989321085281483992e-01
-1.000000000000000000e+00
-1.000000000000000000e+00
-1.000000000000000000e+00
-3.739424257649104910e-01
-1.495376128839235041e-01
7.529213156361652670e-01
1.000000000000000000e+00
-1.000000000000000000e+00
1.000000000000000000e+00
-7.943694196886504078e-02
-4.840689841352868727e-01
-1.000000000000000000e+00
4.475062348515626565e-02
-1.000000000000000000e+00
7.356587814905106715e-01
-6.706845623506013654e-03
-1.040093323918383217e-01
1.797182196801261900e-01
8.727952989697744801e-01
-6.598575632591410223e-01
-1.000000000000000000e+00
9.972491510873531251e-01
-5.887499225955191706e-01
3.467307573694996536e-01
6.309440656876748044e-01
-1.000000000000000000e+00
-4.731461533939762543e-01
-1.000000000000000000e+00
1.000000000000000000e+00
4.695081013008596815e-01
7.602540404854489509e-02
-2.684327225846572240e-01
1.000000000000000000e+00
-8.851454797484170633e-01
1.000000000000000000e+00
-6.339160388909476085e-01
-2.280210346654408804e-01
1.000000000000000000e+00
4.382856627774617264e-01
8.259556871604947226e-01
6.195100793848187237e-01
3.667802148946867069e-01
8.887455956624998876e-01
-1.670309738677543676e-01
-1.000000000000000000e+00
5.968613649692002809e-01
1.000000000000000000e+00
-3.446606035491635023e-01
7.129124199627752123e-01
-8.074625624411326807e-01
-1.000000000000000000e+00
1.261887552215438246e-01
-8.348981417531851079e-01
-8.550009134163354396e-01
-5.402750431788254648e-01
-1.406270102477543138e-01
4.735851405841134953e-01
-1.000000000000000000e+00
1.000000000000000000e+00
1.295188938006351931e-01
9.757421470423117971e-02
1.000000000000000000e+00
1.517989165826988396e-02
1.960349125989311325e-01
-7.613403055782296258e-01
1.000000000000000000e+00
-4.812103931109090182e-01
-5.423218317230021901e-02
1.000000000000000000e+00
1.000000000000000000e+00
8.603814327537259166e-01
-7.461123885826406177e-01
-7.069411569178524202e-02
9.942388329865589625e-02
-1.000000000000000000e+00
2.010022927436408424e-01
2.605116431827868007e-01
-1.000000000000000000e+00
1.000000000000000000e+00
3.813520863406775208e-01
-4.142083555651800419e-01
-1.000000000000000000e+00
1.000000000000000000e+00
-2.396574542597121604e-01
3.381420454552588328e-01
-6.366793940092126958e-01
1.554001347359662000e-01
1.000000000000000000e+00
-4.367514309852453813e-01
5.868013855727735040e-01
-1.000000000000000000e+00
4.430569306989672052e-02
1.000000000000000000e+00
-4.166837363525456306e-01
-8.380170061532016268e-01
9.452307920162301702e-01
1.410007087939235126e-01
5.066353766263520519e-01
-1.000000000000000000e+00
1.000000000000000000e+00
1.119594992377742348e-01
-6.786146610651383471e-01
4.611630899231710656e-01
-2.648474490718967789e-01
1.609751582090336863e-01
-2.335848259946621264e-02
1.374919500101159930e-01
-1.000000000000000000e+00
-5.013721485395593591e-01
-9.126685538838036349e-01
-6.189164922121157542e-01
9.475119927770074835e-01
-4.100838160938120036e-01
-1.000000000000000000e+00
1.585603282117051260e-02
1.000000000000000000e+00
-1.000000000000000000e+00
-1.905829072220904807e-01
-6.879690262444766446e-01
-5.614931042850032084e-01
3.562862658911945535e-01
-1.000000000000000000e+00
1.849388107770000289e-01
-2.898708406799241355e-01
-4.491127411909753842e-01
-1.000000000000000000e+00
2.141961244215752624e-01
-1.000000000000000000e+00
1.000000000000000000e+00
1.000000000000000000e+00
-1.000000000000000000e+00
-4.074983467097316459e-02
1.000000000000000000e+00
-1.000000000000000000e+00
-5.695567509949939211e-01
1.000000000000000000e+00
-8.178418492143005314e-02
-7.490290314522896065e-01
3.357950876174876642e-01
-4.209209379227053516e-01
1.739603688966508133e-01
-2.963935695530930392e-01
1.000000000000000000e+00
7.590755448692526608e-02
6.995478254710981725e-01
-1.841498291860845793e-01
-3.917316259918733612e-02
-1.000000000000000000e+00
1.000000000000000000e+00
1.000000000000000000e+00
-5.542037327021916981e-01
9.127907350090453953e-01
1.000000000000000000e+00
-3.518639700018433292e-02
1.000000000000000000e+00
-6.758673611195726849e-01
-4.738633868609866129e-01
1.000000000000000000e+00
-1.563168169099856397e-01
-1.000000000000000000e+00
-1.347243884879252285e-01
3.843608097571398763e-01
-1.000000000000000000e+00
6.406041710117962307e-01
4.384452895053194132e-01
1.769824826631326287e-01
-6.703032820944819781e-01
-1.166031206346267446e-01
5.789116924388385543e-01
-1.000000000000000000e+00
4.080978857614062649e-01
-4.172200994703595400e-01
7.782001934070763571e-01
7.052993939192351291e-01
-3.473865349318271956e-01
1.000000000000000000e+00
6.941049554913165665e-01
-5.300074327696107090e-01
6.528149237190389309e-01
1.000000000000000000e+00
-7.840687817538877225e-01
-8.236421964355971070e-01
-1.000000000000000000e+00
2.827338112220634248e-01
7.635155104056915443e-01
-6.845380747370383157e-01
-2.939854807154625993e-01
1.000000000000000000e+00
-9.407213070238158448e-01
-3.167613571526107230e-01
4.201998855805590960e-01
-9.271115728914852694e-01
1.541811328070164799e-01
1.000000000000000000e+00
-1.000000000000000000e+00
-3.650361315691765807e-01
3.185963388568424093e-01
2.342723171888657155e-02
6.189849668735036836e-01
1.000000000000000000e+00
5.943253878761031728e-02
1.000000000000000000e+00
-8.745829229369435076e-01
7.776342225460800561e-01
-1.115249075847468824e-01
-1.000000000000000000e+00
-1.315685906291435003e-01
3.903350830865996990e-01
2.551698361602786069e-01
6.933016306733253975e-01
1.000000000000000000e+00
5.484846239278622360e-01
1.000000000000000000e+00
-4.997354711008030193e-01
6.077298320390953634e-01
-1.627481490950825616e-01
1.000000000000000000e+00
6.607609545280279661e-02
-8.085199553281636753e-01
4.760946427847610463e-01
1.000000000000000000e+00
1.482479233705560062e-01
-4.036980308248844795e-01
2.203149876011068209e-01
-2.313371797832993459e-01
-5.770043533789623869e-01
1.000000000000000000e+00
-1.000000000000000000e+00
-4.253582742446581078e-01
-1.000000000000000000e+00
1.440407469052111256e-01
3.936490513373166467e-01
-5.129603441954285747e-01
8.991848065375689369e-01
1.000000000000000000e+00
-6.780660329073850967e-02
5.833112852242798851e-01
1.000000000000000000e+00
8.006946020520870899e-01
7.803514353678101534e-01
1.000000000000000000e+00
2.706649446472743081e-01
3.129595901725031326e-01
-1.000000000000000000e+00
1.000000000000000000e+00
1.000000000000000000e+00
1.000000000000000000e+00
4.993645350563751251e-01
-4.587392889422474140e-01
1.000000000000000000e+00
2.842749017271971601e-01
1.000000000000000000e+00
-1.604732400470746945e-01
1.907192630630923091e-01
1.477827689970288016e-01
-1.508320005558389798e-01
2.403549784186258531e-01
-6.227110430808682207e-01
6.983992203609638016e-01
1.000000000000000000e+00
3.355568276564914743e-01
2.182122892183012142e-01
3.582257460495315571e-01
6.863841713606272377e-01
-8.474501353478343102e-01
8.576189651430498051e-01
9.727690950202452225e-01
5.894719798966132629e-01
-1.000000000000000000e+00
-7.166459827419913164e-02
-2.088260748846178794e-01
-1.000000000000000000e+00
4.818150861529119089e-02
-2.820473008016430860e-01
6.270274436648042293e-01
9.744322553357909200e-01
-6.663283209348263014e-01
6.448602437278430077e-01
1.000000000000000000e+00
1.000000000000000000e+00
1.000000000000000000e+00
-3.801475113679979034e-01
-3.418958043537494440e-01
-1.614530950716207836e-01
-9.673371363469582263e-02
1.000000000000000000e+00
8.819848897779863917e-01
7.415198417883868132e-01
-1.000000000000000000e+00
-1.205477981503743079e-01
1.638181138535468595e-01
1.000000000000000000e+00
-1.000000000000000000e+00
1.000000000000000000e+00
-8.751107479210848972e-01
1.000000000000000000e+00
-5.281671285488678258e-01
3.183413463141180344e-01
-1.000000000000000000e+00
3.355321180126475955e-01
-2.851683576725529967e-01
-1.192036112940563775e-01
2.563175379045395941e-02
1.000000000000000000e+00
-7.972770075213146956e-01
-2.538751858141747864e-01
1.239169691777979032e-01
7.860942840625345651e-01
-8.038878007246059720e-01
-3.136941793452673877e-01
-3.936976350326761853e-01
5.513610297061826149e-01
-3.366935478155402839e-01
-6.990320263103847465e-01
1.000000000000000000e+00
-1.000000000000000000e+00
-1.000000000000000000e+00
-1.637413610331423519e-01
3.357453757621670087e-01
-9.097176146325371970e-01
4.763253899965892435e-01
8.069078508120610671e-01
3.556077552716547796e-01
9.431174135104411493e-02
-1.000000000000000000e+00
-1.000000000000000000e+00
-1.000000000000000000e+00
-5.375633497368971225e-01
3.185007340248527941e-01
-9.077994566699019163e-01
9.585450599310190167e-01
4.271469347985447640e-01
-1.000000000000000000e+00
-1.295296301162407460e-01
-5.683500616105688907e-01
-3.637219174396094656e-01
1.000000000000000000e+00
-5.659545245465392727e-01
-8.380440683667317314e-02
8.492347816638009528e-01
-8.479198671539446286e-01
7.134113142203810654e-01
1.000000000000000000e+00
1.000000000000000000e+00
5.474983949228301450e-01
-2.419065046804882435e-01
1.000000000000000000e+00
4.264617518390261819e-01
6.482751530932193695e-01
-1.000000000000000000e+00
-3.619070844579377333e-01
1.000000000000000000e+00
-5.192824757993632634e-01
-2.435472601036322571e-01
-2.903517537816456204e-02
-7.275991516334816556e-01
1.713686796398196932e-01
1.783817998059481769e-01
2.780566754328251400e-01
5.192214938854200490e-01
1.000000000000000000e+00
6.852383060884633670e-01
1.000000000000000000e+00
1.000000000000000000e+00
-5.891368478754493987e-01
1.000000000000000000e+00
-3.152942612281778301e-01
9.696410457125700377e-01
9.313621905562823322e-01
3.648258849085513900e-01
-1.000000000000000000e+00
-1.000000000000000000e+00
-1.000000000000000000e+00
4.037280553332057154e-01
9.554202084567695596e-01
-6.735349933799397171e-01
-6.907764139998252562e-01
-4.681622741249605313e-01
1.000000000000000000e+00
-3.128116314417822008e-01
-7.023231250921092572e-01
1.000000000000000000e+00
-5.514503334477909302e-01
3.774431354748343237e-01
-4.749653907464635449e-01
-1.000000000000000000e+00
-1.000000000000000000e+00
-4.349502117583339822e-01
5.807151013733184985e-01
-1.000000000000000000e+00
5.798631623783822020e-01
4.342841769274114472e-01
-7.039455862194299307e-01
3.818429143841051698e-01
-6.771597042240099507e-01
-3.317778684486841212e-01
-2.982011028100854944e-01
-7.196589697046659184e-01
1.125724492639256780e-01
-1.000000000000000000e+00
7.154431682742254939e-01
-6.490307367343354228e-01
-1.000000000000000000e+00
-1.000000000000000000e+00
-1.000000000000000000e+00
-2.876774493558994505e-01
1.967289550173833557e-01
1.000000000000000000e+00
1.000000000000000000e+00
-8.074342129883854691e-01
1.764000206918626620e-02
2.379683690102121774e-02
1.000000000000000000e+00
1.000000000000000000e+00
1.000000000000000000e+00
-6.968154381423616872e-01
-1.000000000000000000e+00
5.456883348499392827e-01
1.000000000000000000e+00
-4.323122015947443719e-01
-1.000000000000000000e+00
-5.168294997932019186e-01
-7.322282774616932777e-01
1.000000000000000000e+00
1.000000000000000000e+00
4.940085436059060697e-02
-9.439552759775836632e-01
-5.337237025049597072e-01
1.190307277746027736e-02
-1.000000000000000000e+00
-1.000000000000000000e+00
5.573501101036899552e-01
1.000000000000000000e+00
3.669843646287764827e-01
2.614655241395849039e-01
-7.332631648441700900e-02
-1.000000000000000000e+00
5.074245757222501929e-01
-4.587880470119404808e-01
-3.651735532478329604e-01
-7.746860905512187312e-01
-1.000000000000000000e+00
-7.938842892439008647e-01
-8.143446803024892988e-01
-3.743085107835747438e-01
3.116689502586380556e-01
1.000000000000000000e+00
5.103835760435131430e-01
3.913279024523220739e-01
-5.412100603781254682e-01
-1.000000000000000000e+00
-1.204460102704051350e-01
5.836658023444768473e-01
1.000000000000000000e+00
4.373347544789930597e-01
9.865633637923985066e-01
-6.838145685747476499e-01
-1.000000000000000000e+00
3.233438386915702401e-01
-6.948233736747594369e-02
-9.929404815728204436e-01
-1.000000000000000000e+00
-2.520446335311780639e-01
-5.371438198891909099e-01
5.485386130503204782e-01
2.832921445577559205e-01
-2.707889765164789297e-01
3.007743727440723713e-01
-1.000000000000000000e+00
6.771005203996093291e-01
-8.485504274087292131e-01
-8.646022107890778408e-01
1.000000000000000000e+00
1.000000000000000000e+00
-3.079954747462012032e-01
4.932220070957296087e-01
-2.401904642343808682e-01
1.000000000000000000e+00
2.166784030229005342e-01
-1.000000000000000000e+00
-1.000000000000000000e+00
-2.537433540999162185e-01
-1.000000000000000000e+00
3.189560977732469604e-01
-1.000000000000000000e+00
7.581765075378066321e-01
1.472433580842197887e-01
-1.000000000000000000e+00
-1.000000000000000000e+00
-5.588710357243589222e-01
-1.000000000000000000e+00
-3.899230343584221270e-01
-2.906058202063659945e-01
3.005757425868159083e-01
3.765568126233078683e-01
1.000000000000000000e+00
-7.617894659033488391e-01
-1.000000000000000000e+00
-4.284528008887789063e-01
7.354599402885325654e-02
-1.000000000000000000e+00
-9.984392016072454190e-01
-7.148394209736793625e-01
1.000000000000000000e+00
1.000000000000000000e+00
-3.728454582804280326e-01
-5.727020791689636514e-01
-9.107327482847398237e-01
7.200075308652817974e-01
-9.861501025866040715e-01
-1.000000000000000000e+00
-1.000000000000000000e+00
-1.000000000000000000e+00
-1.000000000000000000e+00
-3.506035278153766255e-01
1.000000000000000000e+00
-3.329716458631915010e-02
-7.991678043359669026e-01
5.186333642544829203e-01
5.677486059833609655e-01
-6.615245869666189771e-01
2.361910438878875584e-01
2.728000080539536576e-01
4.954516051249685527e-01
-5.441855518383854617e-01
1.000000000000000000e+00
-4.282432072188195882e-01
2.386266209199638944e-02
1.000000000000000000e+00
7.021169416553875164e-01
2.614736181581172048e-01
-1.649955663044608833e-01
-1.000000000000000000e+00
-1.789979833565653045e-01
-6.777843978021018678e-01
1.279862979246250698e-01
-4.159622986119870802e-01
4.952097590128802795e-01
8.699677913416198338e-02
1.000000000000000000e+00
-1.000000000000000000e+00
-1.000000000000000000e+00
3.600390183075949935e-01
-1.000000000000000000e+00
-2.120273451019935307e-01
9.294631857954248622e-01
2.189300178913138328e-01
-1.131488593242969132e-01
-1.898530177470615365e-01
-1.773334339214593658e-01
-1.000000000000000000e+00
-6.689846698632632149e-01
-1.103422606470505218e-01
-8.144742151900706828e-01
1.000000000000000000e+00
-7.444878721205818728e-01
-1.463705226576956508e-01
-3.589176617468962105e-01
-1.000000000000000000e+00
-5.069030201498682109e-01
1.000000000000000000e+00
-1.000000000000000000e+00
1.000000000000000000e+00
-3.886551635555505757e-01
-8.135531283792700741e-01
6.437214094631514838e-01
1.000000000000000000e+00
6.341003526175752469e-01
1.000000000000000000e+00
-7.780687399076741118e-01
1.000000000000000000e+00
1.000000000000000000e+00
-1.000000000000000000e+00
1.000000000000000000e+00
-1.000000000000000000e+00
1.000000000000000000e+00
-2.559364626134438825e-02
1.000000000000000000e+00
-1.796331183778919482e-01
5.742299213099482103e-01
4.721076269595187447e-01
1.000000000000000000e+00
-4.029895269516040740e-02
-1.000000000000000000e+00
1.000000000000000000e+00
1.000000000000000000e+00
4.706379464758532749e-01
-8.262737132569173415e-01
1.660434314413273549e-01
-5.659873224297182759e-01
1.000000000000000000e+00
1.320441935620726426e-01
8.567587882985382430e-01
-1.446766633959986614e-01
-4.171988596957580953e-01
1.000000000000000000e+00
7.035570019644338258e-01
2.399969604330727257e-01
1.633269112918683819e-02
-1.000000000000000000e+00
1.000000000000000000e+00
