2.274502027492580902e-01
5.033444474045090100e-02
2.570589371571034287e-01
-1.495899085433693709e-01
6.029597178324291873e-02
-2.465300805835131948e-01
-4.754917168936353966e-02
-3.066209347055982859e-02
2.149417600263952566e-01
-1.268426706081660915e-01
-1.982283069438749157e-01
-5.899056997312551037e-02
-2.958193953625970485e-01
8.388415021173413477e-02
2.631849677460365022e-01
1.237472396509322614e-01
1.216127211095852784e-01
1.075633984182917668e-01
-1.052318942551759839e-01
8.729951956706498428e-02
-7.070214213355639765e-02
-4.575242891718473565e-02
2.642837489763394943e-01
-3.933924211973469642e-01
-1.336565205358926887e-02
-1.071157095588067543e-01
1.065403153871467695e-01
4.046088298743727441e-01
1.879881088902462805e-01
2.781468826381684467e-01
-1.333324934130629066e-02
3.490205165153234534e-01
-3.978770339402092765e-02
3.438007378511851592e-02
-2.518641985543857986e-01
1.857842690412972730e-01
1.153512589235607816e-01
1.156232218692545971e-01
1.607964805244233020e-01
3.827437455586847614e-02
-9.383920015211004786e-03
1.009967686918985530e-01
1.736736051136728021e-01
-5.460474580492553909e-02
1.729526538066753633e-02
-2.072240048674682811e-01
-2.955094512057030998e-01
-1.401842594284180288e-01
1.882641213759554122e-01
2.430648229686685202e-01
3.969997838542004692e-02
1.248961549484105815e-01
3.332632342186298002e-02
-2.072919596542661391e-01
1.555495789356177438e-01
-2.456202094127458990e-01
-3.052701843748226174e-01
7.297930921016527149e-03
-3.550171688935304104e-01
-2.892890440133396579e-01
-2.351358046320139727e-01
-3.204251429775892279e-01
1.714646447170815879e-01
-1.976484252352042059e-01
3.651521225353170919e-01
4.644121349858367220e-01
-1.719124689770546721e-01
-4.152667096477587472e-01
2.044444932411807747e-01
3.217481793455626016e-01
-4.069844392207572908e-02
-1.359288375328437937e-01
2.249716147677952860e-01
-3.083618711066117846e-01
6.364622944164993745e-02
-1.005317557609550910e-01
2.913771647122374020e-01
4.291041961770406532e-01
-1.892336285363756254e-01
2.417814554207104727e-01
-1.016441119370626589e-01
1.357053855063851400e-01
-1.949238788262829258e-01
-9.287024947611660641e-02
9.510265962176712995e-02
-5.661666699942739800e-02
2.981807997486597001e-02
7.146652294532843119e-02
-4.432118074263475815e-01
1.210738555051373878e-02
1.860551484319800664e-01
-1.739568099115694766e-01
5.950187682953689272e-02
-2.029943720134426699e-01
-1.064486455049632463e-01
1.570636821933620586e-01
-4.241825703653293034e-01
-3.603642600932940865e-01
-1.371842983004673833e-01
3.066013724306401733e-01
-2.086880214056361857e-02
-2.779164399009478870e-01
2.493758643157347743e-01
1.237113101448762686e-01
-3.806938205824540455e-01
1.826587109811037835e-01
2.243804212261503728e-01
4.341525595040989227e-01
1.082147749834580785e-01
3.546345581619425036e-01
2.354435799941980434e-01
-8.354110054044427969e-02
-2.290795857169760849e-02
-1.241079658245090173e-01
-7.570422649521271752e-02
-1.067448034279993296e-01
-2.364098469536614622e-01
2.731725900846104227e-01
-1.648239454938149884e-01
-1.992809640132385193e-02
-1.882721860119056789e-01
7.586810098722972240e-02
-6.356977504071045781e-02
1.148050405467368820e-02
-1.720989644739072955e-01
-8.647196225705469641e-02
1.731084544366441602e-01
6.136825446934029982e-02
-2.270586257522951290e-01
1.910895612266706178e-01
2.478271159717754524e-01
-4.190414537710689946e-01
-7.630029997367569761e-02
2.350169807462602622e-01
-1.059691892325743678e-01
-1.089996138248074259e-01
-4.535526157890421711e-02
4.953899940980277528e-02
-1.900551090313297720e-01
1.293274841801763109e-01
4.111059503954979100e-01
-1.487092968871772114e-01
-2.896636254936716948e-01
-3.415559746749108339e-01
2.529697256649015569e-01
-7.955186174112427455e-02
-4.425086524450664305e-01
2.803802431893961944e-01
5.763638767363515186e-02
-4.335049087768445830e-02
-3.307221685782511522e-01
-1.256460316884927542e-01
1.021079890341252891e-02
-1.316817519882981513e-01
-8.381282794326103125e-02
-1.022986791351876562e-01
-1.982856237823942269e-01
-3.284926249312854485e-01
8.185452576600604768e-02
-4.986828128476462896e-02
8.206280142466029770e-02
2.629753869792846310e-01
2.459863193107653667e-01
1.673855971310555246e-01
2.063818146558292210e-01
1.018967811476213375e-01
4.426298503720116351e-02
-1.854876493598853759e-01
-4.352284721199964346e-01
-3.209438464639552957e-01
4.154897909921097254e-02
-1.612659157901012719e-01
-2.152965107271253772e-02
-8.425720241278980560e-02
4.495394370444067422e-01
-2.108218592117697410e-01
-3.424840003961807655e-01
-1.702380323673662738e-02
-5.346269772510240520e-02
5.676166352687750383e-02
-1.181346305373994765e-01
-1.345462684342789428e-01
-3.276797100561861659e-02
9.741521925249750635e-02
-4.230502122677908261e-01
1.597838633222532223e-01
2.824194488010464132e-01
6.524193117580366630e-02
1.809909551133299238e-02
-7.012640874114951794e-02
-2.424872439146940617e-01
1.507872347186124673e-01
1.629967957023625569e-01
-5.365318436724191009e-02
5.304807386511226075e-02
-2.380336125244211509e-01
6.909003609830746684e-02
-4.980717365665295743e-02
-2.703168207897345132e-01
7.465718460666274925e-02
1.520989804266228151e-01
1.958880835543585774e-01
4.160384687825058880e-01
-2.944846234103030147e-01
-2.617593502675479456e-03
6.189536669860284945e-02
-2.037538725056101951e-01
8.796032489450050784e-02
-1.010353190805611014e-02
8.219830735715995262e-02
-4.348171658523729971e-02
-4.232924188933148008e-02
-1.368366567027940739e-01
1.310518490361831934e-01
2.813266813536136404e-02
3.781819185207059841e-01
-5.369792030137551797e-02
4.137625790741840670e-01
3.461831560072457792e-02
1.289290388719744052e-01
-4.508733434969796477e-02
-1.200996869630663183e-01
-1.786536694220714205e-01
-1.307220773840049310e-01
-1.381045106350652918e-01
7.802041046113712686e-02
-4.833851392085204424e-01
1.634889801409915855e-01
3.528099471346318738e-01
2.383410812277745455e-02
3.688661027600210196e-01
2.983120821299949377e-01
-7.577039812389128881e-02
-1.107292004926029444e-01
-2.696008595598403668e-01
-7.590139377604666893e-02
2.808966379020765292e-01
1.815773794774962757e-01
-3.954963076724346549e-01
-1.552986669036861556e-01
-1.618669220236014783e-01
-7.611534046911154483e-02
-1.573527952668237195e-01
1.511299939575160567e-01
1.183051804109280097e-01
-1.367331108265903428e-01
-2.036414464909589717e-01
1.609355388624796324e-01
-9.548916831550646744e-02
1.934109797987259571e-01
4.349838938833769375e-01
5.140524412284423750e-02
3.747060890802303423e-01
3.510084570601722243e-02
3.350476892654364880e-01
3.310933532852105010e-01
-6.886927097436397471e-02
3.891669501408943216e-02
-1.418003482205470733e-01
7.347422540268580549e-02
2.941968282731532436e-01
1.273819269577585733e-01
1.588584344836503626e-01
-5.238254333563996216e-03
2.142247094492086834e-01
-2.564110506245756427e-01
2.020369840740282308e-01
-9.252772055260542750e-02
-6.744476341271807285e-02
1.193527135482786716e-01
1.685043570719967909e-01
-9.773337681170844726e-02
2.099852169830698778e-01
1.268407950720967792e-01
2.008910462351522763e-01
-5.611441605942736610e-02
2.368301914109363637e-01
1.243866983960011940e-01
-4.177296419218485407e-02
1.965142080099007982e-01
-2.624869760574154443e-01
-8.986083987200293999e-02
2.514646937848409869e-01
-2.147250969073292715e-01
-1.068469042622488541e-01
1.158923366444239780e-02
-3.496595751171772126e-01
-1.758784320320663508e-01
7.892360299104629259e-03
9.377260643379068880e-03
-3.375367733124159247e-02
-4.091969379073861490e-01
-1.342804114718892938e-01
1.106799157517043136e-01
3.811241236709547731e-01
-2.194557470199953453e-01
-4.736950630952520558e-01
-1.018801911092971912e-01
-1.423857165375033429e-01
1.367117473801336969e-01
-1.648184549161707813e-01
5.958341349536160764e-02
6.323417177136528844e-01
8.425545643142499930e-02
2.749850347014840546e-01
2.895893430357590059e-01
-1.204322554646627408e-01
2.325817437226063433e-01
6.982555149814186068e-02
2.454966635518975038e-01
3.832292604070769437e-01
-7.263600891135968407e-01
-8.344507355559245554e-02
-5.411822055874028654e-03
4.856802148108660400e-02
3.494705152257218117e-01
-9.715757253528174708e-02
-3.753540131183541462e-02
3.347992288629615953e-01
-5.832241046676809454e-02
-8.470936904133904988e-02
1.897187539077072882e-01
8.642442460687385641e-02
1.545860532498877782e-01
-3.030380770961167355e-03
5.698673356511956278e-01
-4.213561582868311506e-01
-2.156755705346609375e-01
2.635695414718680629e-01
-2.031855668499699397e-01
1.498563880242547441e-01
-1.683404637062533293e-01
3.462339330068950338e-01
-2.985761693217379165e-01
-2.806630531861213917e-01
8.447703336977077648e-02
1.488996742607654189e-01
1.377762339666043501e-01
-2.386204781841663458e-01
-1.504668954311959572e-01
9.780995198726016859e-02
-4.196901397543480461e-01
-1.991409751659789507e-01
1.225958721444827260e-01
4.966458620576157390e-01
-1.942795674174895848e-01
2.936617941273045873e-01
2.560679196185196571e-01
-3.307883046177954867e-02
-2.183598019535898382e-01
1.371383466633875614e-01
-1.183935004853154879e-03
8.907228292726704355e-02
1.664699992354773117e-01
-1.656361759042684345e-01
-2.069813673665164833e-02
-1.219157652230156985e-01
6.309257660060178796e-02
2.165636758858489608e-01
1.993286979853741911e-02
1.056299367394608890e-01
-9.044447777707534386e-02
-2.256450102230277976e-01
1.092140706619691010e-01
3.489711502108078234e-01
-1.162037522169850484e-01
-1.343421876074568644e-01
1.584457202319944358e-01
1.234950228149159779e-01
-1.971489309495942643e-03
3.016433847176208660e-01
3.397038875218495457e-01
1.408615767544480757e-01
-4.612337216500907444e-01
1.023980806715280023e-01
-6.913515549282202299e-02
4.469401743325951415e-01
1.165538148927993019e-02
6.457420382939119130e-02
-1.869085547000188807e-01
-4.076195205853396647e-02
-2.143282795975766097e-01
-7.791817781902207751e-02
9.158336804683873955e-02
1.774838134747530327e-01
1.132931389568456043e-01
3.331709643328272241e-01
3.595747556955568025e-01
1.147054260263121253e-02
4.996291417615600361e-02
-3.005683897771236346e-01
2.122689078657792050e-01
-3.236202998009408971e-02
2.248380564442160889e-01
-9.492929287764041713e-02
-1.045191029031366098e-01
1.613852295674772508e-01
2.165128324676552640e-01
-1.707148218821350483e-01
-3.850364120910991783e-01
4.501930059481962232e-02
-7.438998127889941137e-02
2.758747359853330194e-01
3.619277240752654112e-01
-7.836125905132294844e-02
1.086067119602583120e-01
-4.792920319392490747e-02
-2.466222233267162112e-01
-7.544561512283198823e-02
-1.192279670454848006e-01
2.327188875750501318e-01
2.624974612470147295e-01
-2.792262067948620974e-01
-1.015550491356208701e-01
-4.879400117582804314e-02
-4.119368619212714772e-02
-2.411161544747527641e-01
-1.746597154002363927e-01
1.352466618157475431e-01
-3.484782839029910984e-02
3.435009989324023238e-01
2.376067310201745650e-02
-4.598231025865678195e-02
-1.258915871434432288e-01
3.682634705104650963e-01
6.066438080261108562e-02
-3.542476012117329875e-01
-4.258978872463245469e-02
4.347158223491353057e-01
2.052986878460663078e-01
-3.422955474719521218e-01
5.838660915371753080e-02
-2.826583571807566100e-02
1.487723485292783143e-01
-9.759944129396171120e-02
-4.029917978903078957e-02
1.487163405852310605e-01
1.337314371210504838e-01
-3.093284355562188337e-02
1.754560083491514821e-01
2.403171308573532339e-01
-5.614441455613785464e-02
-8.592434391705530694e-02
2.351519492768846045e-02
-3.092872799362467728e-01
6.605489305156911350e-02
2.135838033396793567e-01
2.225561708449703413e-01
2.108303097066199783e-01
-7.687673689253488041e-02
1.535473610890374652e-01
2.138137223227866424e-01
3.057033470980712320e-01
-6.611413761145128187e-02
1.715756586509269155e-02
-1.295470434570967500e-01
-6.568902312307742242e-02
-2.596826701850486474e-01
-1.574960888044753260e-01
-3.369766415563697076e-02
6.861461782263424125e-02
-2.768321876560247974e-01
1.942406622940549554e-01
1.192149978338772759e-01
4.109245900989723088e-01
-3.162846954872005067e-01
-1.567183229616861684e-01
-8.045032922162097255e-02
3.322770131944028926e-01
-2.291090582539217213e-01
-1.019230106825228382e-01
-1.536675789485713872e-01
-2.335479429155939979e-01
-5.531260418896278425e-02
-3.959181137006011486e-01
2.058014002555293986e-01
2.270636456123957814e-01
-8.128164511979535378e-02
-1.814139281115525748e-01
-1.920890910444903454e-01
-7.030068076071478711e-02
-2.045051257719817661e-01
-1.221008110705878447e-01
-1.589637467125777082e-01
-8.850552528149915887e-02
-1.032921835695620044e-01
-4.743566023561589934e-02
1.035488828388540089e-01
-3.385029078935144348e-02
1.788364645389133728e-02
2.559749190555367093e-01
1.479481173059275963e-02
-1.902550885305431261e-01
3.281889284889411007e-01
-1.088828117926442657e-01
2.612448130470321553e-02
2.272973485935577131e-01
-1.151481917686771883e-01
-5.241308622756978702e-02
-9.997821291458253157e-02
-1.414739984127379169e-01
-3.296844986517789011e-01
-7.569842166378404347e-02
-1.446460663786015011e-01
4.260067750272532316e-02
-2.514862686547186255e-01
-6.116405300845235288e-02
-3.965913037149511045e-01
-4.659097571256691217e-01
1.158917196034038172e-01
-9.970890910406680907e-02
-1.530143654285122390e-01
-1.648797542301931249e-02
-7.001471687157582134e-03
-7.256878917393398687e-02
1.831374380251509226e-01
1.952723973196955620e-01
3.969020861611579631e-01
-4.472754906657149254e-01
-5.814321021282995439e-01
-1.867679153064286113e-01
2.246503923647240608e-01
-3.025743569789053344e-01
1.019300741959790341e-01
3.527065069402239295e-01
-3.582845967194944192e-01
3.205246199437350452e-01
-2.857672739245449289e-01
1.872785049247337880e-02
2.154687290115312459e-01
-5.447607661254681016e-02
-3.218055094986326577e-03
-3.888522017713302859e-02
9.160476265186688616e-02
-4.545283417387723673e-04
1.690830034057110853e-01
7.224725034567770765e-02
5.563073615238518788e-02
2.600314289624209435e-02
7.752597847756222127e-02
-1.759879351066103159e-01
1.980206421236558323e-01
2.926525690959697612e-01
-3.530980314145647503e-01
-2.217053184426341361e-01
-2.750663698033472548e-01
-5.813224738010848436e-02
2.080503454933506358e-01
-3.063425693486259704e-01
-6.492204556023666029e-02
-9.716358160458611615e-02
1.684421744973919610e-01
4.573568653786503346e-01
-5.642791140983804271e-02
-4.596477056918475690e-02
-3.369811683478255576e-02
1.167276280271864891e-01
-5.068419592072554991e-01
4.390320136181279781e-02
1.418282952048730283e-01
-1.549557106379201854e-01
-3.447761830384878934e-01
1.821399190237276700e-01
1.950588610315638349e-01
6.763252610117770347e-02
-1.226244963908380142e-01
1.856265594097550320e-01
2.508706566735835128e-02
2.251563154388656549e-02
2.814715336036777704e-01
-1.286963609183350565e-01
1.367636982294068160e-01
-3.519483042619208635e-01
-1.600793996138285824e-01
2.399564363858651683e-01
8.470578790342926656e-02
-8.275466537492692787e-02
1.861093708591492479e-01
1.999666520151646698e-01
-2.475035512425355355e-01
-1.332176901630976462e-01
3.148683151983842077e-01
2.245989211893557325e-01
-2.357891671032326386e-01
-3.668344725290895170e-01
2.077926013257606896e-01
4.330793412912504192e-01
2.599987252238789570e-01
1.507655985392712394e-01
2.833526864224544806e-01
-3.125114805584666144e-01
-1.184856379985220337e-01
3.201093468851891610e-01
-2.879555457306460231e-01
3.731497736446001690e-03
-2.719769250436445129e-01
3.027210362357488777e-02
-2.173673469936436287e-01
1.065109657141255217e-01
-4.076488554444945844e-02
-1.056295691416040544e-01
1.150945503143884219e-01
2.111000887313129737e-01
-2.680630746683330956e-02
-1.355404249125712890e-01
-4.448762050420674435e-02
6.707008469264917616e-02
-2.082100033773114645e-01
-2.768622716793838201e-01
-2.805704702998046418e-01
2.190419444228541568e-01
-2.183042886879463240e-02
1.440394939569010491e-01
-1.156628599918655374e-02
-7.920152863699708723e-02
8.378480544584358813e-02
7.397211794950250829e-02
5.145786119629494060e-01
-2.591196985246365658e-01
-3.576353010939399835e-01
6.065518944017775360e-02
4.047858796606051274e-02
-4.179608947742533692e-02
1.416671443848075973e-01
-1.649208833765275772e-01
3.604635951629669433e-01
-1.351511548825500009e-01
-2.052428305835822808e-01
-4.202858665084011069e-01
1.889461965228823870e-01
2.631015662065348815e-02
-2.155730291315345951e-02
9.777763157024271790e-02
-2.720597635047841134e-01
-2.729026970788115403e-01
3.673335986879609494e-01
1.340693518441521404e-01
3.495533504685478104e-02
6.744142681082884727e-02
1.706335555575711482e-01
8.848819883650238874e-03
-3.062947796262995362e-02
2.256544769898925773e-01
3.338703995910263789e-01
7.502134491213820200e-03
-2.947315690253585196e-01
-2.019103791764158273e-01
-2.826013636397275292e-02
9.965469873888828378e-02
-4.189005270379454748e-02
-1.856678336594784484e-01
2.012938238474208663e-01
-2.745630371485520138e-01
1.315330871706927585e-01
-2.763875905790320886e-02
-7.219830250892070311e-02
9.666744660006909573e-02
-1.503765184032193614e-01
-2.072874001892494877e-01
-1.947734489525039525e-01
-3.029693878026005760e-01
1.682388067511103036e-01
-1.188521485492289032e-01
3.179167833542571181e-02
-6.653535549620831491e-02
4.827274420156302259e-02
1.036197310212791656e-01
3.160537944268516086e-01
-9.736172291817782320e-02
-1.493637629643401570e-02
-3.207932795591257880e-01
-7.627556374493231484e-02
-1.522309277902101909e-01
-2.444866572493868406e-01
2.621230927535634359e-01
-2.722780039926326889e-01
-1.766169759397625827e-01
2.883229517228026451e-01
-3.032937378935723904e-02
-2.125873193153942631e-01
1.463266124638960275e-01
-2.198955805938072050e-01
1.552078766456124193e-01
5.040191837425354870e-02
-1.662455549711962521e-01
1.977844605542410372e-01
8.271906474065861270e-02
8.351077743238861234e-03
-1.338086451345244510e-01
7.602756557799830728e-02
4.387026129577938083e-02
-4.546320812383456977e-01
-4.574059091156806173e-02
2.388500294705931185e-02
-1.487145625750080635e-01
1.819476631846748405e-01
1.212523561326304816e-01
1.423687909617776803e-01
4.784169172089022259e-01
8.674977364500943700e-02
5.772297445719731107e-02
-3.677268394750576180e-02
-5.270871152192371789e-02
1.761183962075292819e-01
-4.265001302605461730e-01
-2.706981776953389929e-01
-9.679428973559860150e-02
-1.765228828437925557e-01
-1.260638221552283778e-01
-7.123207548606090567e-02
-1.932081074139907206e-01
6.471664413445080144e-02
1.453087877126390398e-02
1.466700210107076408e-01
-2.926847978012818430e-02
-9.345610757092359666e-02
1.949152407014445587e-01
6.441887127050435757e-02
1.729572471131937406e-01
3.016426541278555140e-01
3.481233594265531472e-01
-9.812436439587086251e-03
-3.438966134457546175e-01
-6.229936876313155181e-02
2.000716197690814158e-01
5.360469219753622588e-02
-2.964000878843001119e-01
-7.765936578989950101e-02
-2.566767198537539887e-02
4.458689072427218097e-02
-2.192447330344270695e-01
2.093008804697935321e-01
-1.074407504553581555e-01
1.821375446155061237e-02
9.359459704905565003e-02
-8.295798752666437570e-02
1.319163367127259012e-01
1.484912171755617960e-01
-1.774792929734875790e-01
7.867305577343128298e-02
4.697722801310486029e-01
-2.354156689002155356e-01
-3.708090127866400243e-01
1.262998090639427251e-01
5.144137581417019406e-02
1.840886213500620427e-01
1.756276972656114765e-01
-4.818331536080822791e-02
6.423888602147016791e-02
8.775029607034759427e-02
-8.456529223688522001e-02
2.900941759107448781e-01
1.813078820067008101e-01
-1.529100717441937152e-01
3.230620098809681151e-01
-2.722326013742012440e-01
1.783646060163921743e-01
-5.325324903955561129e-02
1.544959710103506745e-01
-3.421097416295106330e-01
1.134916557137336385e-01
1.665648976502767109e-01
-3.676005240893339132e-01
-5.952191186281496904e-02
2.864172168201463420e-02
-2.213797528867148812e-01
5.000356625490393059e-01
1.428840460270040802e-01
6.894755397669828645e-02
-3.506412276559468105e-02
1.247709709799253858e-01
4.131796625113668964e-01
8.929671218174632663e-02
-1.767684357000542383e-01
7.186902886797547074e-03
-4.522543665579236150e-01
-2.941724630836888288e-01
1.739436382642577453e-02
-1.271398482417071540e-01
2.316353809780315534e-02
-1.099071500988880873e-01
-2.902087646873282439e-02
8.481918975697442728e-03
-1.548342474274706261e-02
3.048260922144185869e-01
-2.526123169360247056e-01
3.210942733498787782e-01
-1.564416895769722982e-01
-7.201784402162685061e-02
-2.143189333296801613e-01
-8.505782170899107986e-02
-1.429204439914192326e-01
1.538999970891300195e-01
-1.445698796619382942e-01
3.972304057202148964e-01
-1.969061422675945638e-01
-1.614958230853976440e-01
-1.871322474331770305e-02
-2.687346560130227102e-01
-4.556416022445605035e-02
-2.956563842288375543e-01
-9.820409383891041954e-02
2.380183582204321580e-01
-3.269969283455918807e-02
-2.446848010475753121e-01
-4.388355478609036187e-01
-3.303121553443870151e-01
-5.728827346153284733e-02
-1.090444987241133284e-01
5.674408840996100767e-02
-1.688015994284206012e-01
-6.667375569682107428e-02
-1.555847413509424404e-01
-8.500508760714876877e-02
2.981299828335359781e-01
-4.726519342665045365e-01
1.353769624437657915e-01
-1.052395223974336852e-01
-6.248598505035778822e-02
-1.717198709286810732e-01
2.962890488126971311e-01
-1.564728570838847255e-01
-5.584778246611010744e-01
-1.137577840881700761e-02
-5.499257932940311393e-03
-3.293295638177907297e-02
1.146148515578630095e-01
4.653962751371976125e-02
-9.142189129805668169e-02
-1.312740354377875396e-01
-5.798825411932325702e-01
-1.451783009546376083e-02
2.296634404394487516e-01
2.120797689476359993e-01
4.385729777156910369e-02
9.637473378096403712e-03
-3.598532758504960904e-01
1.237007184328070136e-01
1.240258667228870543e-01
1.708890627022457420e-01
-1.892252517631141107e-01
-7.027635632289723489e-02
-5.430282306074357690e-02
1.632257924092420376e-01
-2.948294582975487937e-02
5.299777370254364628e-02
8.890760999496238881e-02
-6.593901764334798854e-02
3.968540289710011937e-01
2.131145476325801147e-01
-1.662483273374027459e-01
-2.102063977345949297e-01
1.574396465653569444e-01
3.418478502660749624e-02
7.569021522798318087e-03
3.932718924049702358e-01
2.685482724707771718e-01
-3.227025842728004079e-01
-3.561660310847863387e-01
-5.000772579041413701e-01
1.308812515607532707e-02
-1.875686781586014262e-01
7.183402945269462547e-02
1.220317418783785704e-02
-1.021931087198356958e-01
2.511294971832340739e-01
2.185314460454988450e-01
-3.257269401940942471e-02
1.550758682340049044e-01
5.084161648570474472e-03
8.217328850447434829e-02
-9.027829253202396265e-02
9.564191805335056640e-02
1.976626672125650075e-01
1.239779616871914542e-01
-6.192971406334825402e-02
1.492461662931621018e-02
7.371604249013085676e-03
-3.443129038497237671e-02
1.287825444530442121e-01
-3.124326263425568628e-01
-2.854483988336702516e-03
-1.564774645503796968e-01
-5.930546626221561667e-03
-6.033249980613561436e-02
6.915831067003547217e-02
1.407085139233617554e-01
-3.267406057470259029e-01
-2.976095804492186539e-02
1.009126013834769492e-01
-2.261328088405567538e-01
-5.162945741942082806e-02
-2.653161059416619394e-01
-1.554149189202158783e-02
1.320777537531707679e-01
7.882891895140045624e-02
-3.270760373038715807e-01
1.091336907089482111e-01
-9.577617806112931342e-02
2.541234191703949374e-01
1.639251452778792695e-01
1.095448154387380080e-01
2.718797185645106460e-02
7.465408686412261519e-02
1.060057890057653496e-01
-5.063318333352236078e-02
-3.237689562929995657e-01
-1.022615584335556382e-01
-3.449015472093346357e-01
4.164382482808431929e-02
6.983014995817020398e-02
1.012729623963856268e-01
-1.126835422514740198e-01
-1.894047982061347335e-01
4.305731101447266562e-01
7.734695552771365945e-02
4.100910517416810341e-01
-1.932003285581815680e-02
1.000184790368666976e-01
1.647454728238519628e-01
2.239360830315294537e-01
-6.491104645729472988e-02
4.735572535247363213e-01
8.861008487144417245e-02
-2.270671762205797584e-01
-1.710039469636046583e-01
-3.539635586933842504e-02
2.374278377915466434e-02
-2.799940723523803437e-02
-1.389868053447131102e-01
-1.232456145723721669e-01
2.572731713847934976e-01
1.601705392843335851e-01
1.716832579885460563e-01
3.226081154948098884e-02
-3.803220220117894349e-03
1.858039887891197450e-01
2.210015805491993834e-02
8.362424005724211629e-02
1.502641764737681074e-01
1.112580513246685422e-02
1.421441237890705145e-01
1.758134488149581398e-01
3.366011949120845809e-02
-4.393567957623802783e-02
2.965148393151135764e-01
-3.995379981524561086e-01
1.993669799503373224e-03
-1.308917733665501681e-01
3.040254187959334081e-02
7.277644806072983141e-02
2.366974136733826228e-01
2.515608735036936605e-01
-1.560448472136604509e-02
-2.438036703671820349e-01
2.406101786066898451e-02
1.058702977968815559e-02
-2.411073984214129051e-01
-2.655592877784196393e-02
-1.927156927232249739e-01
3.440902068603869379e-01
-2.535705538912572665e-01
1.674021171580826126e-02
-3.295458091956788849e-01
-5.566319675570712694e-02
-3.979200806224215681e-01
-3.604980722427028605e-01
-2.142038045587302264e-01
2.015492601103459347e-02
-1.285896553728845815e-01
-1.479070824013106744e-01
1.167293420085493624e-02
5.437675127923229795e-02
-1.041584684125831800e-01
-3.387792357710741054e-01
1.621164295022743118e-01
2.799215447166147550e-02
-3.349695858521395953e-01
-5.437233174897139476e-02
-1.116605779745926258e-01
-3.368743469384430367e-01
4.049741529762919401e-02
-2.825605667705380353e-02
-2.303959856990711874e-01
-1.211011544206968826e-01
-5.480585889429320789e-02
1.197666179817827720e-01
1.816430220503762183e-01
1.351621237209959039e-02
-4.697570456007271744e-01
7.488764026402337792e-02
-2.515114272753512514e-01
-1.990469571294633047e-02
1.362856128912700582e-01
1.020390190980978717e-01
-8.772979221080451362e-02
-8.452349178546508801e-02
-6.486109961523972567e-02
-2.391032863436503564e-01
-4.189728250928189124e-01
4.694684295741777952e-02
-6.659374715241760112e-02
4.975667538871011986e-01
-7.159404844265537804e-02
1.104980522146559174e-02
-1.291380460066046676e-01
1.396443057398327192e-01
6.470962381964277810e-02
-1.436286569639326216e-01
4.297444869630467901e-01
-1.949699757359628360e-01
7.731962766506662865e-02
4.314276470150590348e-01
2.661745635471105074e-03
2.998334010590218875e-03
-1.357259240131563054e-04
-3.131274332235360336e-01
3.317737291552058099e-01
5.540511057935580685e-02
1.970403380044877251e-02
1.567807169683841512e-02
-2.926604436206077867e-02
-9.119505620417009406e-02
-5.893553827866875039e-02
-5.716303143216605598e-02
1.301421858168283208e-01
-1.976478804961779578e-01
-2.143431056104715404e-01
-8.327200972123691147e-02
1.445695313281649547e-02
1.441647623786197485e-01
1.401820890329273372e-01
1.146878839501187797e-01
1.861271417103246562e-01
-2.189839674196562488e-02
8.421013054681021626e-02
4.088142453024681822e-02
-3.442129506125418681e-01
-4.257917908482564684e-01
-2.476249355383132109e-02
2.721867116562515232e-01
4.111113213327126092e-01
3.444829219859842917e-01
2.253203023266786842e-01
-1.816548991400942364e-02
1.877163733334632489e-01
1.259034560098740152e-01
2.210341322766144478e-01
-2.502174476695958050e-01
1.381981029778620550e-02
4.450720947643151820e-02
-1.354809798893140127e-01
6.895111188573126160e-02
-3.339696445104428091e-01
2.983876796120391028e-02
1.793136016245173714e-01
2.444620013403434322e-01
5.904513810773309029e-02
-1.534683644519057102e-02
-2.177144659946072258e-01
5.336715071118817988e-02
7.815684409288237156e-02
-1.635159811286539533e-01
4.960947320916788555e-02
-2.017836565458085152e-01
1.475994247101040657e-01
5.198467971076030369e-03
-3.393535894312272455e-02
-2.509431365426311733e-01
2.210630381195795302e-01
1.942573457209852139e-01
-1.310463384873270520e-01
-4.974712041643414989e-02
-2.951137086617688574e-02
-4.712664195631242892e-02
-7.744949580534932210e-02
1.865904208738990155e-01
-1.993005213969554490e-01
1.786578406471560909e-01
-2.567091154904995731e-01
3.024878260710167077e-01
1.312131794680334966e-02
-7.717695956907445753e-02
3.086596979544480729e-02
3.338418560348359598e-01
2.004543590036020062e-01
8.174522799546200813e-02
3.708111785038090691e-01
1.071983097496174431e-01
2.599639988609838137e-01
1.414992601926028659e-01
1.532917545405529935e-01
2.867176727700530003e-01
1.262582780315931741e-01
4.083967268027837161e-01
-3.509982852572297585e-01
3.260308071753688641e-01
9.382632612171326603e-02
5.570107195212879031e-02
2.271061973246264742e-01
-2.031801465318074928e-01
-2.613220486985375346e-01
4.271131545382262917e-01
4.160355404579965666e-01
2.365415139631403818e-01
-2.814116735615454501e-01
2.928064442530313172e-01
2.091509456048682436e-01
-1.062180000381035827e-01
-5.201438107147389120e-03
-2.234893818160644807e-01
9.941542644108743165e-02
9.420914604447443164e-02
6.964806551188258699e-02
-2.400399286797284815e-01
2.926804910716337277e-02
-2.942214036711421343e-01
3.086797862801452519e-01
6.967684457114621255e-01
2.931849467698025569e-01
-1.120638232652686889e-01
8.131993975933257679e-02
9.231277677838767293e-02
7.077020538237366321e-02
5.507651240202722231e-01
4.772599482700846940e-02
2.890734309833474236e-01
4.917421902065389760e-01
2.273734596446657097e-01
2.077000451526663516e-01
-7.148366946209572248e-02
-4.417917857697269968e-01
1.232388455518474389e-02
-4.233207204153036605e-03
1.110473059172005367e-01
-7.274725330179999949e-02
-2.950522110598181036e-01
1.246276069891449900e-01
-1.764705403581585258e-02
-3.199321118666226260e-01
-6.349094001145452748e-02
-2.095736000021937717e-01
1.974956202439776543e-01
1.492990109405198662e-01
7.363918326544760529e-02
3.127102935005724449e-01
-3.281769210049211710e-02
-2.670191211591272928e-01
1.604655473038546498e-01
2.900590705055248741e-01
-1.429836045033869019e-01
-2.107742383407575359e-01
3.267103574284303535e-01
1.429358561141716999e-01
-1.044197155635012281e-01
-4.868117277199319748e-01
-1.801733846799971964e-02
3.709498587352557664e-01
-9.740056815986337718e-04
-4.355464666853794270e-02
-1.178251574281966446e-01
1.234491457572241130e-01
-5.868659274247292612e-02
8.405534376787134054e-02
2.592523147038079401e-01
3.687707274813331604e-01
-1.982535460404173666e-01
-3.289830142787449896e-01
4.905904442102863583e-01
-2.753124398455645827e-01
4.327053015314491491e-02
4.860697816187706938e-02
-1.517337369398422953e-01
5.475714400310668917e-02
-7.878578047619948233e-02
1.743361387496830950e-01
1.821358601900668339e-01
3.567130113734494068e-01
-1.216087989274134695e-01
-7.791556468203700292e-02
5.114888043113142990e-02
2.910917610293037305e-01
-4.306512537460868706e-01
-2.804852971082980040e-01
-3.551394615945371869e-01
3.343701439784267301e-03
-1.734046113055398297e-01
4.012349876349457500e-01
2.943893569521727760e-01
3.588133751234793278e-01
1.061045018733066669e-01
-4.518505278904115519e-02
-1.462991414861658512e-01
-3.721591565551469194e-01
2.357642463536643862e-02
-3.013562313373521206e-01
1.653650905368594382e-01
2.472692003656744020e-01
-1.790045095578431111e-02
7.245809698709792905e-03
9.904852575137972071e-02
2.592956712276636710e-01
-1.321974214204004461e-01
-2.207603484376818581e-01
-3.739699582196852057e-01
1.234707979335033790e-01
-1.575905406821854482e-01
-6.551691445956379922e-02
2.956422748637834164e-01
-6.297051900600240948e-02
-2.266849699185734604e-02
1.302211534837817430e-01
2.378243523241343194e-01
-9.314481450448722222e-02
1.444231226275782543e-01
-5.760471645486040133e-03
2.393745970324327732e-02
1.525120998606885880e-01
-4.169884930160860925e-01
-9.888136369194350933e-03
1.899944515002683076e-01
-1.167963628083037164e-01
1.203449572844046689e-01
-4.820698391011490336e-01
1.279548376348247085e-01
1.812160096218182193e-01
2.154414196539079507e-01
1.150716854785159005e-01
-1.454423400998142712e-01
2.125730761137108182e-02
-1.315013509966974359e-01
-3.029446611081395430e-02
7.383735341069568026e-02
-3.473196005656276619e-01
-1.303132918476996027e-01
4.023882441226913492e-02
1.560867356981947285e-01
1.208026482613685504e-01
1.232025005676268443e-02
1.183005468863568971e-01
5.139687696772581721e-02
-3.519362210092334409e-01
-8.958824233776793711e-02
-9.194684355504105164e-03
3.261178729960781397e-01
-1.188419876871478625e-01
1.825553175514981613e-02
5.078197005963340505e-03
2.760127283368028484e-01
-2.094546031648258644e-01
-2.083893029531526109e-01
3.178900750912463241e-02
-9.288838702661246505e-02
5.422248034394257232e-02
-1.443360233213589314e-04
5.597522289216209923e-02
2.574185302568232081e-01
1.924285510340315308e-01
-6.586147819206408793e-02
1.753018176710958997e-01
8.818945418497309285e-02
1.484315673678933412e-01
2.503681232488167985e-01
1.550421619972540965e-01
5.751395884325961189e-02
1.051398940016026462e-01
-2.517447804438943115e-01
1.339486214371262973e-01
-2.787321342190733284e-02
1.033924940802400660e-01
1.192950459464563531e-02
1.515126059826325811e-01
-3.590334142819453511e-01
1.085916882715645265e-01
1.350936118979511880e-01
2.929355087141735092e-01
-1.899802234753762420e-01
-7.749601424493951507e-02
6.040612201076284160e-02
-1.175202378155788541e-01
-8.256440449067481424e-02
3.767083685120024839e-02
-3.289054376042196970e-01
1.000948780305910418e-01
8.082344464546667440e-02
1.718735953951908146e-02
-1.595861632343620884e-01
-2.316344936951243161e-01
1.273682600023732236e-01
-6.888581991751788203e-02
-2.932722500734653015e-01
-3.007660957237134609e-04
-6.791720326184111367e-02
-2.107629836180422919e-02
-3.087989520615485040e-01
8.515758858527211136e-03
2.593855095253865262e-01
-9.344579688131621209e-02
8.788225023817418727e-03
-9.742901549385491952e-03
1.785719693373934436e-01
2.661073874176875798e-01
-7.281150799783657479e-02
1.600156727628050390e-01
2.432239691521728697e-01
8.888227086050588810e-02
3.006775202259067137e-01
-3.212482073450192432e-01
1.025039657845979724e-01
-6.581421112905844195e-02
-6.898561151057204521e-02
-4.210720070330059017e-01
-3.420347863524672571e-01
6.553351117711031515e-02
-3.874628570913002390e-02
-3.515323807134959622e-01
-4.842017975411351538e-02
2.076423980698490976e-02
-3.891357229402605533e-01
-1.378284490823919739e-01
-1.277168432748518878e-01
1.593015344270072298e-01
-3.823052752125983417e-02
-2.359170755343152626e-01
-5.149228807813750475e-01
-1.256463940746593289e-01
1.943313894941023079e-01
-4.399274585881500499e-02
1.574628282543114877e-01
2.655731268904247266e-01
2.037365480061162637e-01
1.069951928735247415e-01
4.429919449431429790e-01
-1.202318396978498544e-01
-1.058153541552172283e-01
3.063556578464574076e-02
-5.521975933459367936e-02
3.134901978834002678e-01
-4.853496969306628217e-02
-1.319041346730204789e-01
-1.830135532692105382e-01
-4.185304098507949128e-03
2.209360902738201626e-01
-3.252330615972693351e-01
-1.197654693215376293e-01
-2.120512829903352381e-01
2.162426572672701830e-01
3.140133497493950709e-02
-2.904895653364617317e-02
-1.318499323248312483e-01
2.758992457083241923e-01
-9.173138563667267154e-02
3.267195238961487225e-01
-2.024343363436305887e-01
3.071804634401639200e-01
-7.877441483280780976e-02
-2.027025294970984798e-02
2.225249470729261658e-01
-1.241248393454213450e-01
-2.616131474334532081e-01
-5.589524649486831559e-02
-1.081165338188899427e-01
-2.959890231913231973e-01
-8.694939321551480027e-02
-2.406892996695833009e-01
-1.739445284459360461e-02
-4.585744289326142142e-02
-5.699404173722666389e-02
-3.193873044747069789e-02
-2.171376642371396215e-01
4.010919119632470886e-02
-1.909767670825390229e-01
-1.407271659692535537e-01
5.623471781439159239e-02
1.345757130745935982e-02
-2.191432033359433929e-01
2.229954401024233229e-02
2.905145116353412549e-01
-8.718918680299894697e-02
-2.738618744284856965e-01
1.733451786756264046e-01
4.896585436741013320e-01
6.777571786758682104e-02
3.011989287720208130e-01
-1.965737621758027187e-01
-1.510023066169979833e-01
-1.526654614369900576e-01
1.986685938200172807e-01
3.464878004837624453e-02
-4.354630040066125862e-01
-8.505907755498133549e-02
-2.469779869008293105e-01
-1.283698673261580714e-01
4.596862834907299716e-02
-3.965593277675589778e-01
-2.095317861715108657e-02
-1.389151809521380065e-01
-1.613254769457604099e-01
1.569824001596806518e-01
-2.307773204796479891e-02
1.902042354273755786e-01
1.562109848125403655e-01
2.381399757674619415e-03
-2.473017243762866413e-01
5.285321817920594911e-02
3.006778446284100736e-01
-1.393250784822576693e-01
-2.431964452685879685e-01
-1.180963473620178783e-01
3.250787966696073172e-01
1.055657429650545959e-01
1.364772491953473721e-01
-3.918955553573393036e-02
3.868098359908921091e-02
-2.062131503274065164e-02
-6.251416209869117835e-02
4.867384001820600492e-01
-2.536013863364358079e-01
1.430957551390953097e-01
3.280914796598218830e-01
-1.166970492715104363e-01
6.233686741160002903e-02
1.680196943760506323e-01
2.275842735724586119e-01
-6.466612358071269218e-02
1.785291054458299775e-01
-2.953968918322182058e-02
1.595746095178542101e-02
-1.465895861738275296e-01
1.259174812521153819e-01
-7.248330149947944390e-02
1.326163234958535608e-02
6.169333333248823437e-02
9.620612702914040082e-02
1.572430714138883245e-01
3.362094452251519761e-02
2.053831020791231643e-01
8.564681009352129171e-02
-1.229867934416937064e-01
8.312891453435526656e-02
-9.243514469773217446e-02
-4.173889356823605457e-02
2.505065822753612878e-02
6.932029365167405310e-02
-4.340400702929293753e-02
1.423286740399962169e-01
4.245682222841582476e-01
-3.531418781288613307e-01
1.396700527519423585e-01
1.560746727669473366e-01
-5.451802670778296833e-02
-1.560679416160810073e-01
-1.840920331378683161e-01
-2.045943488351937012e-01
-8.875795327477131735e-02
-1.853846860247052031e-01
-2.265456888790362000e-01
3.499259400790589170e-01
1.180191270570082190e-01
-7.486725497383006633e-02
2.838129792314934563e-01
3.128775168960477027e-01
-2.390136674819497153e-01
2.891510888645392185e-01
-1.465156019574966884e-01
7.008033026503404650e-02
-2.414671359071692003e-01
-1.213233853266351137e-01
-2.590844167850766544e-01
2.081954204497352690e-01
1.984990439229416814e-01
1.992320735677632348e-01
1.390912558401564691e-01
-3.714986266428791928e-01
9.395955314102265310e-02
-1.436404879658309819e-01
-1.151600751507638742e-01
-1.046839305924146674e-01
-1.031532348944224492e-01
8.269828326953708453e-02
3.109234669984647925e-01
2.487843217958404796e-01
1.834682183407456424e-01
3.477361896729439655e-02
-6.591928660250130634e-02
2.389341053658105424e-03
2.236455443838196167e-01
1.264031217621709169e-01
2.956337581722031094e-01
-1.920121552581425528e-01
-3.857686281530653405e-01
1.140354203987961612e-01
-2.535908469598832093e-01
-3.015543475497042131e-02
-1.965971242480790415e-01
-7.350043986604622159e-02
-1.152635480876320478e-01
-2.798439832890843304e-01
8.501179200173297756e-02
3.804470214359126912e-01
-1.310536146703711602e-01
-8.330985050464509434e-02
1.154681048454743175e-01
3.036186807315059688e-02
3.969824902847441939e-01
1.968163666949829527e-01
2.005623060365781529e-01
1.460678761172183593e-01
7.800634703724836951e-04
3.257174655763812043e-01
-2.245627619040230227e-01
1.198291965340662485e-01
-2.187988570940546662e-02
-2.570249619040541542e-02
-5.114543578832567716e-01
-4.604975914346760846e-02
-4.543609116487754562e-01
5.419912481933405329e-02
-3.795986076456868141e-01
5.783240656730721102e-02
6.099103381124302281e-01
3.493568909700519587e-01
1.527905934431721402e-01
1.876197361389495000e-01
7.588428317039516702e-02
-2.477671185336598469e-01
-2.816490326980093939e-01
-1.887537722393486384e-01
-9.944993340011407112e-02
1.248877521471724282e-02
2.094137045555262977e-01
-1.416797665887383484e-01
-1.057807892677232742e-01
-3.204515708924839945e-01
2.580687646701925186e-01
4.021202933857460637e-01
-4.656598924283742585e-02
-1.384352693515616406e-01
2.534458395970285993e-01
1.675438938939067743e-02
9.457930139630300881e-02
-3.189434730441104843e-02
-2.006528896840301945e-01
2.987736044891006193e-01
4.971524974710313932e-02
-4.877888198012869658e-02
2.396538187116714069e-01
1.041334938959319611e-01
-2.041948300718682274e-01
-3.705980992079214564e-03
2.486329511510403378e-01
-3.549938397092275433e-02
2.074680651471065007e-01
4.413527075831050889e-02
-2.651807721493838407e-02
2.055398818537030048e-01
-1.898139863902281732e-01
-4.267077969942438265e-01
-1.916626635466247286e-01
-7.663869687858090862e-02
-4.767032492245446007e-01
-1.570489891383280989e-03
-3.144168298541514389e-02
-3.839139971789506389e-01
-4.662361878785985236e-03
3.407631901881399972e-02
-3.314760211979840832e-01
4.821822848427546881e-02
2.529446583945473837e-01
-1.975022088738948023e-01
3.534539442495776562e-02
-2.196091372281828435e-01
7.264112344540656074e-02
-6.079314860834161144e-02
6.694324237089904761e-02
5.272527789699290590e-01
-6.148988004765450384e-03
3.724778425467109022e-01
4.136409981721358986e-01
-1.982803614424272498e-01
-3.207556563652320860e-03
-5.188583214798999643e-01
-2.271402996129343321e-01
-4.675220853570464796e-01
-8.803338478777902876e-02
6.041329787708760168e-01
1.283862346837043589e-01
-1.573720059593652354e-01
1.351725441070451561e-01
2.288727762462724746e-01
8.950671989326164368e-02
1.036161820910435211e-01
-4.436089813520557174e-02
1.246334444745351988e-02
1.395806649418424306e-01
-3.006272113835021798e-01
-1.196774685472889038e-01
1.898669075428762246e-02
-2.312552179941788077e-01
3.145460714452036344e-02
1.049655031020597928e-01
-7.063253611598604986e-02
-3.527698420155091497e-01
1.185158110488126193e-01
8.277011970656128481e-02
-1.322611841269966115e-01
-1.580771112531304812e-01
1.457877671010115173e-01
1.726975846768148692e-01
-4.924770163267057632e-01
8.800079908517996485e-02
2.839501839967308039e-02
5.320347095691606576e-01
-3.074526881117749678e-03
-1.744841020220253280e-01
5.494465718523566106e-02
1.622467863431808766e-01
-3.762726401586234670e-02
1.318855696895827878e-02
-1.725938727922805282e-01
3.297399652493659961e-01
-3.845695872310287422e-01
-4.245479241880263377e-01
-1.132779848263510136e-01
5.987757717014012826e-01
-9.776798286030173590e-02
-2.300281381689651267e-02
-3.097577930019168937e-02
-5.120321225553812333e-02
-1.290880527522926258e-01
-1.032013710299099635e-01
1.830701290634118017e-01
8.579694807257530476e-02
3.974901220732691698e-01
1.415867219407517530e-01
-3.541852577982760875e-01
-1.745880544586470018e-01
-2.026536994391537616e-01
1.694072466715874636e-01
7.888652467949255898e-02
1.208749294893193410e-01
-4.473029197564917792e-01
2.618959151417073541e-02
-1.467866221251888648e-01
1.642921929855886420e-01
-2.177645490009433304e-02
1.358722240676705495e-01
-2.069577745427879090e-01
-2.475779588351557092e-01
4.298411147038206509e-02
2.040906033039497913e-01
-2.712849636109450693e-02
1.760428723917607519e-01
3.240665345465606473e-01
-3.648053099955251843e-01
5.108273606902334618e-02
1.977706957827935208e-01
-1.305753058578789094e-01
-3.091781381978757071e-01
-3.478398981375681043e-01
3.240007653965816248e-01
3.531817348045650229e-02
-2.913698850586288192e-01
1.667702018285541210e-01
-1.099298195477322188e-01
-2.106942049108101456e-01
3.580990923234907974e-01
-7.482733374734083787e-02
5.188776779272556011e-02
9.352927701795504811e-02
-1.495745009920179946e-01
1.232478350957421365e-01
1.160957141743674259e-01
-1.552038601308798060e-01
2.418160853763891560e-01
5.058933357057181224e-02
1.306895858666493881e-01
-2.996096738992390374e-01
6.194375770490949396e-02
2.161163491701836581e-01
-8.560604764320776938e-02
-9.896321978894079968e-03
3.911050423444100699e-01
9.922419103923298123e-02
-1.663787001066432958e-01
-2.605462240814572783e-01
1.389566619913353007e-01
2.584224391691990544e-02
1.186719480443068214e-01
-4.020048487871559495e-02
-5.101907960392512015e-02
-1.218937733684519048e-01
-3.684106082396786386e-01
-1.423033828819317836e-01
-2.001232991332672628e-01
5.985022153476658030e-04
-2.177165708916770359e-01
6.974108149323100803e-02
-1.401705828336400339e-01
-1.889070617433012966e-01
2.647767860027209763e-01
1.357159323922627059e-01
1.080297274332532309e-01
2.278458939579844633e-01
-1.737986145968067886e-01
2.104441986100954454e-01
-1.008246340175677491e-01
6.659899166151114769e-02
6.977786728250459647e-03
-8.945420081642296850e-02
-6.736550993367716733e-02
-2.025380282277196853e-01
1.993910449930473006e-01
-1.124112936781131722e-01
-8.403995275923666075e-02
3.577814123794273676e-04
-1.597132848398560845e-01
-6.406101178012078845e-02
4.182351651421632455e-01
7.152994129513627619e-02
2.352603401755680723e-01
-2.746656493490970755e-02
5.089925068678356757e-02
-1.737478450265945440e-01
3.491738820950768818e-01
1.804728731626229765e-01
-3.715903099155460493e-02
6.515717242720112101e-02
2.163980819047580106e-01
1.404581584906156311e-01
1.500971037570482114e-01
-2.005482067762604514e-01
1.706601348584514122e-01
-8.536219475887592278e-02
1.379567991177670927e-01
-4.477229002973868721e-01
-2.564132065251604198e-01
-1.339783358621997877e-01
-1.973725085205612073e-01
-1.030502941378868692e-01
9.024961219294738712e-02
-1.420332854540153622e-01
-6.206561965497330068e-04
-5.495931905435538778e-02
6.213505750864479760e-01
1.357628273786990747e-01
-3.919521930389709141e-02
1.249873694533053109e-01
-1.689712858026349018e-01
-9.036344765758333453e-02
-2.066544691499893893e-01
3.801670299355189991e-02
1.979288940108370198e-01
1.669927234899803714e-01
-2.480240411275086987e-01
-1.165408033177212609e-02
6.280048889514369681e-02
3.995334317925342688e-02
2.186391532780199431e-01
-9.223408693858815843e-02
1.048808182954742430e-01
1.344831523526372474e-01
-1.578073519039385753e-02
-2.036685329421085988e-01
1.704541647386693115e-01
6.976940419365355861e-02
5.060335197493457393e-01
5.917372641670449740e-01
-4.565673440229826019e-01
1.301973246483199842e-01
4.022949932785365168e-01
1.955538029485852924e-01
1.029727073254016745e-01
-2.600858116395111663e-01
-3.571462575418945518e-01
-2.582936577855206584e-01
3.490885221756310774e-01
1.088116087967445078e-01
2.547276678009764428e-01
-2.685804890785705151e-03
1.698012123570505072e-01
2.319609384100693728e-01
2.172276960444921023e-01
-4.951401273161809002e-01
-3.893060479726010489e-03
-2.612919626102822579e-01
-3.143255060162481462e-01
-1.207571611399782530e-01
3.472280322916901363e-01
3.827811410820152749e-01
-1.084491486673851840e-01
1.861546447527857306e-01
2.676219251089449469e-01
5.852563196462220486e-03
1.526768112199448912e-02
1.033202583372276329e-01
1.550970108137300074e-01
2.861956680455321478e-01
-8.018793194779197386e-02
-2.942218920041443364e-01
1.907019043749310083e-01
1.935970487676610674e-01
4.134140306937408305e-01
-2.336724095814563251e-01
-2.366025969228900960e-01
9.908915337748835928e-02
-1.274517354265427005e-01
3.262227314313294046e-01
-7.235825354053337932e-02
9.335223258023578330e-02
7.997814402517881838e-02
1.248619321754192574e-01
3.733675635585030905e-01
-1.206912732141256911e-01
2.916524886025012586e-01
-7.929218643323493465e-02
-6.892490328349987205e-02
2.572785694897622988e-01
3.878232454996825493e-03
7.704691623128431290e-03
6.753569115402591194e-02
-1.304652748537657968e-04
9.689360259563126188e-02
3.701354724647224620e-03
1.068302740543969342e-01
-4.618129605702981158e-03
4.149696420047593870e-01
3.567788316564683981e-01
5.455349851264995956e-03
-1.493054977516975745e-01
1.180108767553124730e-02
-5.565491318773965052e-02
1.409051082505448360e-01
4.100779990449300860e-01
5.302746372260550706e-02
-5.029342062844090883e-02
-1.802237908219658236e-01
4.910163843896813152e-01
-2.180174780417023367e-02
2.377985164858975251e-02
1.597617726132116167e-01
5.526843720879501265e-02
-3.411602604761608815e-01
-6.676135928568568967e-02
-2.781708715486655437e-02
-1.281763760739672853e-01
4.612601024896350460e-02
1.892513678788293185e-01
1.453608546141521574e-01
-2.467543076686634917e-01
-6.023178348621444772e-02
-1.064654503861882547e-02
2.267301461108960914e-01
-2.809078095086238111e-02
-5.994364498859872104e-02
-3.997801180497552731e-01
-1.642056210580578176e-03
1.035680416650294616e-01
-4.835584547286785884e-01
1.264425587454303668e-01
-1.413505949019022365e-02
-1.837245660775786160e-01
1.862714758593068676e-01
2.910882699563090842e-02
8.665974540745589871e-02
3.609548004129469745e-01
1.455013046533494558e-01
4.395180128094183097e-02
3.036401520570879420e-01
2.553924940212579098e-01
-1.716412743143151953e-01
-6.504461597571302434e-02
5.737019421680528142e-01
-2.032626445812946714e-01
-3.796020038059167989e-01
-2.918741603197338302e-02
7.762389954057623276e-02
2.295504391248919251e-01
-4.952524757467324790e-01
-4.138957144450552406e-01
1.828871690074483636e-02
-1.860933150892097598e-01
1.387068769192643658e-01
-5.549076839695334107e-02
1.886794612987523490e-01
-4.849799029528650829e-02
-2.076043837324413610e-02
9.556717564681235788e-02
-3.940321474665579582e-01
-1.493174578449474876e-01
1.088687668490850718e-01
1.262910648254795543e-01
-1.130328243900266399e-01
1.468174043229507689e-02
4.183477193716152870e-02
1.634783307479049930e-01
-1.364570106301002048e-02
-5.588907875422878258e-01
-1.025899047086705068e-01
-7.423719199530499913e-02
2.569148457384442044e-02
-1.704198118275410956e-01
-9.459615274417451647e-02
-1.340063531303401223e-01
-9.719877147442740339e-03
-4.777331968208337748e-02
-1.633775156196141248e-02
-6.297274206156124043e-02
-5.702472834936830187e-02
2.495182779188872546e-01
-1.367993659284244268e-01
-2.864652245079723492e-01
-2.940949696490720022e-01
6.446323905964668199e-02
6.575590558067823110e-02
2.081604778503566289e-01
-4.696840862838041336e-02
1.280136310875152061e-01
8.974496538315153427e-02
-1.405247926551573545e-01
-5.056024509706394388e-03
3.866702134162479654e-01
2.408600795605682354e-01
8.623711164198634774e-03
8.110809694539046141e-03
-1.900381898545632220e-01
2.034178822272740550e-01
1.120524453804362525e-01
2.020813884360027693e-02
-1.808859465007897072e-01
-7.670382579807610846e-02
-1.167968252886966013e-01
2.512247691550184917e-02
4.415548245599792282e-02
-3.173571421104797174e-01
1.680007388437181337e-01
1.520938411967268644e-01
-8.207047504917483471e-02
1.418583172471740185e-02
-3.288134392053170593e-03
1.493362013424971990e-01
-2.492263401609898510e-01
1.841243720944039375e-01
2.721083882235867391e-01
-1.748179214199874210e-01
1.191582139823233605e-01
-2.258705021223352816e-01
1.316441482565437193e-01
2.487324491581082708e-01
-9.511447215916342401e-02
-9.222899141752356755e-02
-8.285708122686681609e-02
-5.397390749925526365e-02
2.938655099694494344e-01
2.253893914959317346e-01
-3.278006581213420145e-01
2.349630091501924423e-01
2.259940636956713281e-02
9.083120589835606828e-02
1.741568125113821808e-01
4.038233713162586724e-02
5.780378906441348275e-03
-7.477896934308070342e-02
-4.975981630597114402e-01
4.232001952019784907e-01
-1.218725642372125717e-01
-1.572536545009000086e-01
-7.697319974304125956e-02
-1.395578555651348363e-01
2.190560832817830539e-01
-9.475099823089118412e-02
4.514165557416255914e-01
-1.412304806861582052e-01
-4.372669386578529466e-02
-1.360132893255006359e-01
-1.099118294894511766e-01
4.496447045635051931e-01
3.499627556278491203e-01
1.581943622901601232e-01
1.075952484149113458e-01
-9.381303156371682828e-02
3.674315141304602267e-02
-3.208336011991080872e-01
1.020229224022471404e-01
-1.803383556551396705e-01
2.559208849452914158e-01
1.319227932894051492e-01
-6.166597868118794956e-02
2.395854457488946210e-01
5.621705606617949380e-01
6.446271428151176264e-02
1.022823160362601458e-01
4.323954596281864293e-01
-1.362664068518839970e-02
6.230278352346155929e-02
-5.785348452276908165e-02
-1.091370008598634700e-01
-1.725292193561686893e-01
-1.025443694383145199e-01
9.925968899543587132e-02
-1.707370244006263249e-01
-3.866952192509154340e-01
2.523924278674348765e-01
9.940129080715671972e-02
-1.066955616105094568e-01
7.591279969083626622e-02
1.979758878770601083e-01
4.605116171532886576e-02
1.274438392674012710e-01
4.313284369018188097e-02
-1.055321595160677167e-01
4.098477905746734234e-02
-1.086020619740772492e-01
-3.489066585929048170e-01
-5.840660436007818340e-02
1.489040050902920576e-01
-1.496624972223083716e-01
2.814375391955509231e-01
-2.243768868968716856e-01
1.691575585627241862e-01
-8.320521218571165500e-02
-1.992065300764562508e-01
-1.544049910247546620e-01
2.270178629302681272e-01
-1.322309451560852722e-01
-2.605124699257425069e-01
-2.013793428802788665e-01
-1.697271030729451957e-01
-1.021681401940437162e-01
2.530643596341881629e-01
2.462683343301539651e-01
-2.593049813364226019e-01
-9.307321612166265246e-02
-2.793023277901038881e-01
-1.796302584249680756e-01
2.291225199297957649e-01
-6.794459679925857198e-02
1.010474857081240935e-01
-1.298543097674683955e-01
6.402937452829663562e-03
1.062579486290766984e-01
-4.248099452940354848e-01
1.240462042236872425e-01
1.226749996961157274e-01
6.601821147187754077e-03
-1.725598417532861473e-01
-3.258890022203583814e-02
3.118225215835453978e-01
-3.956571944838915833e-01
-3.738963661432236907e-01
-1.286912364095452177e-01
3.652983519048729616e-02
-2.878120485700531167e-02
3.100820556518011917e-01
2.519649763177304602e-01
5.727588042663810386e-01
-2.130244241792482174e-01
-2.376373635317707844e-02
-3.405408930082423069e-01
3.942479210464380768e-01
-5.196710124866935759e-02
9.462739449187736185e-02
1.805568444073672452e-01
-8.831801097543567902e-02
1.995783201492608017e-01
-2.597645987178080484e-01
-3.404952073299433168e-01
7.628441285339819522e-02
-1.058953732340597170e-01
-2.617726841334652721e-01
-4.011104355136287936e-01
-2.081732647826299298e-01
-6.293489024988221936e-02
3.289930242649861114e-01
1.491781498379732007e-01
-1.759931239719920437e-01
1.197483553134513906e-01
-3.242273074589914761e-01
3.311975369588645024e-01
4.112589799934807666e-01
-1.122318161245678125e-01
-1.335509587330693804e-01
1.016107643375749880e-01
6.256095085443932891e-02
3.035269271459299922e-01
1.039852385264578294e-01
4.252214590611922973e-01
3.570827389738124302e-01
2.000019794425603736e-01
5.210355832186072678e-02
-2.107029234347974900e-02
-7.522745889682060094e-02
2.423918687519496518e-01
3.066682983749561830e-01
2.750155960618366202e-01
2.246744436453516902e-01
7.947319236224655026e-02
-1.631417560788794296e-01
2.926388276015939958e-03
1.707608378430719165e-01
2.997934343488345976e-01
-4.086792119727820083e-01
-2.136258445142267051e-02
6.750465481286635483e-02
-1.291889555629247288e-01
5.307374646833445953e-01
3.630355120164194260e-02
3.017923185791383522e-01
9.454890479287156313e-02
-3.497127051419690602e-01
-1.185244461645873493e-01
-3.391012151812167197e-02
-1.838133542860321545e-01
7.631604687249948782e-02
-9.529068472179060001e-02
-8.777991431575953019e-02
-5.133365742746789223e-02
-1.400528762659084825e-01
-1.846324131088066811e-01
-5.857494403428923357e-01
-1.032262102737098591e-01
-5.706343826939411917e-02
1.139727947450424606e-01
3.344546411348612858e-01
3.602884496516761681e-01
3.416221443570773703e-02
2.566037786097747908e-01
1.819665055079376995e-02
-1.373303072029957994e-01
2.583256744194692769e-02
-1.557492400483221906e-01
-2.553945714990170646e-01
-6.359544750807334668e-02
-8.603343436284685564e-02
7.211002468581158287e-02
-5.324691230734426850e-02
-1.245508388610634259e-01
-3.287165556353911500e-01
-7.468658715756346100e-02
-3.147690706226967117e-01
-4.753205499569081172e-02
1.881673153667698785e-04
-6.596127182002423650e-01
8.510400553906876525e-03
1.660591641739426194e-01
1.899703902865787775e-01
7.134137332996266789e-02
-5.395212608313168512e-02
-3.555736467501838804e-01
4.742141062972538013e-02
-1.938237906772635188e-01
-7.826649558918885585e-02
-9.426500751408156686e-02
-2.978397824635495850e-01
-1.292650527959452733e-01
-6.449598693921396175e-02
1.208996533197955470e-01
-7.008271428737609943e-02
2.204148020504282102e-01
-1.428422302913904540e-01
-2.547416488047704042e-01
4.766790227821492143e-02
-4.465967700717952266e-02
9.326718052598562125e-02
2.737453117377753875e-01
1.488418570778458350e-01
-9.768845957365919486e-02
4.539758450445429555e-02
-8.850982112987831885e-02
2.294039452332983370e-02
-2.505231073435251199e-01
-4.811542875730538682e-02
-4.589464155177928190e-02
-9.406854750586668423e-02
-1.398754830841142105e-01
-3.171317383872350182e-01
-1.362282563248519429e-01
2.063080458736506542e-02
-1.208529800908136886e-01
1.875215679139203839e-01
3.745565452592750783e-02
1.871755142162098429e-01
9.631284959806685197e-02
-2.578890769611322589e-02
-3.217966442907637670e-01
-1.181044443069811933e-01
-9.149729998121428065e-02
-1.154768849850913298e-01
-4.263128069557227395e-02
-2.692340342768047012e-01
3.728463934651038980e-01
1.295732710089373685e-01
4.086445377039870097e-01
1.792371593321417933e-01
-2.258596807630712799e-01
-5.236694916999429239e-02
1.962487256797565416e-02
-1.357174326969560474e-01
-2.844838736526809075e-01
-1.381423670682378479e-01
-1.985133434537680597e-01
1.011186995875565653e-01
-4.043254179889698569e-02
-3.015373876738094983e-01
-9.328608076941735661e-02
-1.915571280821013953e-02
2.222675567183160505e-02
1.314186101650675342e-01
-2.787890962805568695e-01
-5.431889087369583258e-02
2.282840269526069388e-01
-2.990261152208837370e-01
2.213623422586597292e-02
-1.070399674372505688e-01
-1.689980482617269852e-01
-1.267652019658067342e-01
-2.483853514659124101e-02
6.991080590317476362e-02
-2.474827655695054363e-01
-1.235157893020023129e-01
-3.153353747707153820e-01
2.676884243610144209e-01
6.813658708514375162e-02
-6.674018824984849496e-02
6.936824267762894958e-02
-1.153197108299879869e-01
-1.181466299618250670e-01
-2.501269129557727733e-01
-9.955114028005881965e-02
-2.437027632112761036e-02
1.702801834070914455e-01
1.192273789432939241e-01
1.288638295429375413e-01
7.128145255090657939e-02
-4.721104920756813428e-01
-4.085942231849318262e-01
4.251709312973940558e-02
1.745460505438978793e-01
-4.456077926233237285e-01
-7.060132822910160366e-02
9.830688847016583187e-02
1.946813798534701920e-02
-3.343455680885895065e-01
-1.613818599922133348e-02
-5.661897870845827851e-02
1.442235516599190380e-02
1.681988399325818895e-01
1.086723541932143287e-02
-6.937409492953737489e-02
-3.506216527880389178e-01
-1.709350475561517702e-01
-2.285714275731361156e-01
1.895141496074231324e-01
2.060747118722321969e-01
1.158105030951907810e-01
2.583800953860299621e-01
2.709446057004298303e-01
9.924479295840084314e-02
-3.556545007705859684e-01
-2.397918099328991137e-01
8.640856822706165924e-03
-8.779627945733840810e-02
-4.461883349754148798e-01
1.807319033381778531e-02
1.461729028165900668e-02
-4.037743008082077534e-01
-1.475749344396284357e-01
5.329453177771799055e-01
-2.687928520034079116e-01
-1.365858985176029161e-01
-8.621374034814834053e-02
-2.905742329808715940e-01
2.971502225851284096e-01
-3.567906414314611185e-04
1.015834665144272897e-01
1.317525032758438963e-01
3.160745792851012426e-01
-6.507195102944340892e-02
1.073151379740336364e-01
1.915893371395541861e-02
-2.284898561712997433e-02
1.273906185805364633e-01
8.631022201742316602e-02
1.383117036133682809e-01
8.678653868354939405e-02
-1.037344076838046109e-01
-6.697656051615946682e-02
4.538645166080376714e-02
-2.674903819873248878e-01
-1.444696212131272271e-02
-3.098303653874721203e-02
-1.126418851017318146e-01
6.378440117324181147e-01
-8.358052974164253968e-02
-3.841611615123721735e-01
-4.642623845240034242e-01
-3.038858889161781263e-01
-2.061410261686107692e-01
-1.104400539435425044e-01
1.960902724724228885e-01
2.493092943848136678e-01
2.764763640778781228e-01
8.209504162463333865e-02
-2.515511801611113873e-01
-2.802323121003267858e-01
1.544154973367278527e-01
-2.945104143486694248e-01
1.794857334318736286e-01
-3.178862866139651744e-01
5.285728586728841161e-02
-1.722397404354325257e-01
-1.788836963985919112e-02
1.668640093770216992e-02
1.953212813016585170e-01
1.149135219659873225e-01
2.453894120650164032e-02
-2.164140939028804944e-01
3.011877449663284967e-01
2.648864636824669883e-01
2.213844674473437468e-01
2.668928878074585120e-01
-6.445691867499581118e-02
-1.546518621025559925e-01
2.048671180469615327e-01
3.131011761932717130e-01
-2.977929979435034458e-01
-3.240709343441380841e-01
-8.765178298703608928e-02
-1.157097684539164922e-01
-1.102437243473419204e-01
2.450538599167993714e-01
6.639783812262399776e-01
2.729373891490198267e-01
-4.983294998074026122e-02
-1.745224594391437123e-01
5.315696009380974779e-02
-2.583363624996045660e-01
3.052435297271898218e-01
2.884696806635088651e-01
2.432154872530162826e-01
5.362834721866058946e-02
-8.140458748722159688e-02
-2.388934715332357850e-01
-3.720773968485447392e-01
-1.091416425849162791e-01
7.379189588404029554e-02
-2.360499567523762499e-01
1.085723171066542425e-01
-1.581431033736586667e-01
-2.399230997676441227e-02
6.185386542943384358e-02
3.336318284337068119e-01
2.095327155240497286e-01
1.433310019074572061e-01
-2.058395526226030614e-01
1.059031679910742013e-01
-7.349870762699241278e-02
1.114363673165160301e-01
4.937169681050748021e-02
-2.263662760436818411e-01
5.364637061814995223e-01
-4.567640754366802253e-02
2.577929590294893991e-01
-1.210720214410067330e-01
1.386510441087316914e-01
-8.749156164077015463e-02
-2.239945512467208244e-01
4.016405907816879978e-02
1.012875588514398906e-01
-3.109781963126289073e-01
-2.206444642249969779e-01
-2.407197694459084769e-01
-3.228457552471457603e-01
1.721557795151293091e-01
-1.414459716857259797e-01
7.210284138451310276e-02
-2.455105693743998008e-01
2.551775525633064312e-01
-3.566359125604683378e-01
-2.845538950109635645e-01
2.987253901358984942e-01
1.308471699457838811e-01
-2.818355586271139579e-01
6.468077194870090751e-02
-2.909077742497883159e-02
4.742959628670533057e-02
2.042614208167587708e-01
-2.997241288654529656e-01
2.360828649746155861e-01
1.089639945348809258e-01
8.961912902535151479e-03
-5.606862845984899452e-02
1.090799062428608746e-01
-9.449872629171931354e-03
4.184915129651223809e-01
4.938196756470030757e-01
5.974411963919569468e-02
1.305684639335988884e-01
1.074487994260071716e-01
-7.525608707998647159e-03
1.774184072140107815e-01
-6.768174177058673691e-02
-4.792736433271060220e-02
7.160773982659183676e-04
-5.785991891073581639e-02
-1.756111643537165423e-01
3.116322994367947893e-02
-3.513574406866061262e-01
3.931817068011762839e-02
9.177794560450130285e-03
-2.235589945564075143e-01
1.913883359609858670e-01
5.320701791796560165e-02
2.529304663384758234e-01
4.516072323917254272e-02
7.169842851913986459e-02
-3.671510236193049059e-01
9.282703227645494257e-03
-1.569070801736600906e-01
-3.801227639113683998e-01
1.181472407935774266e-01
-1.955636879936668571e-01
-2.154423535296392800e-01
-3.784369269248282763e-01
1.171245358420429719e-02
9.928996703663535428e-02
1.461300652470289563e-01
-1.377317735598403703e-01
7.764468007551712792e-03
-1.042801555398242264e-01
-1.079262319518118664e-02
-6.309860566627555067e-02
3.676905593397353789e-01
-3.778329171419563814e-01
1.138733991788227519e-02
-2.669023374778980648e-02
9.983640897921070012e-02
1.075640175876512172e-01
2.273947754823942291e-01
1.636090512791871510e-01
4.286697891393289050e-01
-1.785124658518177920e-01
-2.968328290822577764e-01
-9.636759013356900605e-02
-4.206955812724815780e-01
-3.365967717515072066e-01
3.301657654800886910e-01
3.482858752098758059e-01
-1.391023672008772916e-01
5.975752721938350914e-02
1.808434627635287575e-02
-2.108684064305324513e-01
3.269335449485368805e-01
-2.075839209007521446e-01
-2.483344086593489430e-01
-4.113683043208039153e-02
9.504132809601699428e-02
-3.663235781931525326e-01
3.912646762549258361e-01
2.547320043628024666e-01
6.301602160987049284e-02
-9.270552260822610691e-02
6.695936275494135392e-02
-2.961134374734511465e-01
3.057660636545579680e-02
-4.567512499822146826e-02
-2.255948757791124692e-01
3.209973655773556422e-01
4.118395619700714883e-01
-6.072206516072191362e-02
2.646151443594697561e-01
-2.133851347468049831e-01
2.495643964631597544e-01
-7.608906305389653846e-02
-9.297413421837198710e-02
1.484543443746275948e-01
-2.698434858374286760e-01
-5.180967581889952545e-01
3.387828214724971643e-01
1.101009991624234130e-01
-1.959467460756972035e-01
2.166920671519822206e-01
7.199925866586165402e-02
-2.076784451475678084e-01
1.999590803109418391e-01
1.478283086799903334e-01
-3.926881872569764481e-02
1.646681758127601092e-01
-2.672951508730715964e-01
-1.564842110974908052e-01
9.018452112429331535e-02
-9.486620602733103480e-02
-2.200157212222918490e-01
3.049064021968579952e-01
7.601180290158889019e-02
1.138636617534184159e-01
-2.996613617057437007e-01
-8.651657818249686160e-02
-1.586036445425375030e-01
-3.044746538003470504e-02
7.352064063630110724e-02
2.840630883160972786e-01
2.012538864789366333e-01
3.992423127029549185e-02
-6.825196973299665903e-02
3.019788098250917110e-02
2.342959438776515413e-01
-2.617205671908728326e-01
5.232390245887830887e-02
-1.465176264601990852e-01
-9.786455447488685844e-02
-1.956070823960490423e-01
4.057686768781433584e-02
4.411456417824710652e-01
2.628540029914920861e-01
-2.311312771685060663e-01
-2.907558095529778619e-01
3.505692149086959697e-01
-1.925894861740169370e-02
5.684325791234368791e-02
-4.324400942576387546e-02
7.972146566927434952e-02
-5.272888610043589136e-02
1.113572258999230291e-01
-9.548116355989547457e-03
-2.050750612799385753e-01
3.590696292146808299e-01
-4.459555468781102872e-01
5.783903589923267835e-02
-5.595360757694931714e-02
1.507123039743153148e-01
5.697383287091788151e-02
4.410704872387664621e-01
-7.499586050272406823e-02
1.728171776281426653e-01
7.833529304082642586e-02
2.610676763546850299e-01
-2.879408470155535305e-02
1.653333605447576682e-01
-4.894456536672685959e-02
-2.532835395987926771e-02
1.603655793633836091e-02
-5.961320126042271017e-01
1.277317983672030810e-01
2.540865768580723855e-02
-1.519124352014722054e-02
5.852185683744199479e-02
-2.521300790220473154e-01
9.922200252575585910e-02
-2.387188855910591170e-02
-9.375712709322257810e-02
-2.930190472063579077e-01
1.619708672863515442e-01
-2.640469905751388624e-01
-2.245538596565594402e-01
8.825186769904945841e-03
-3.305176169750016490e-01
8.496390271915313375e-02
5.229046467692161082e-01
1.598774297111593412e-01
2.890186632214847839e-01
1.201229921141770546e-01
1.258985141355949480e-02
8.793185477105963654e-02
-2.599619847850030974e-01
-1.375250120882337834e-01
-6.856467186821971205e-02
-2.581958444867145097e-01
-1.568443320637806226e-01
1.761828178110738385e-01
3.172137350070623057e-02
2.929226193735758321e-01
3.845107506707012290e-01
-1.563855358635063419e-01
5.526331138572198043e-01
1.069394094443417847e-01
2.893828593311555467e-02
2.230035756075723907e-01
-2.400357462880336468e-01
3.740600883419934602e-02
6.184063868790561774e-02
-2.223783136647734249e-01
-1.028816692704493108e-01
-5.220110978620599862e-02
4.466458856992339688e-01
-1.743564167246439145e-01
-3.179836627225859913e-01
4.025795417126230846e-02
-8.782727031498185899e-02
1.662216246110731765e-01
-8.196373688532447577e-02
-1.477872474839722339e-01
7.480825061188353838e-03
-1.316664100624551914e-01
-1.292943157095205464e-01
-1.377843749172825427e-01
3.009440380626750011e-01
-3.947427066508269466e-01
1.744798241778947323e-01
-2.258161494808037795e-01
-6.488796856933888579e-02
4.503447937901020742e-02
-1.956376886566908724e-01
-6.146003790354302027e-02
1.845170034561328942e-02
-1.446315978099802779e-01
-3.128374231323312049e-01
1.230317149501417157e-01
-2.993225510997773453e-01
-2.692187596963132104e-02
1.262350734569664401e-01
2.330464728370087168e-01
4.859894686858668572e-02
-1.523067329580784779e-01
-8.261590965187173841e-02
2.481339936458612505e-01
6.178704791515678141e-02
-9.989301172655144431e-03
2.924065974475340002e-01
-2.190255628489788664e-01
5.490148396647463042e-02
1.007586917489921713e-01
-1.834715838051818870e-01
1.771314813028286583e-01
2.168276787925952354e-01
2.091969461953624987e-01
-1.493060284679868233e-01
-6.256238616756729098e-02
-1.946222040075309273e-02
1.764669603828271371e-01
-1.044748106082940553e-01
-3.927360141543201344e-02
-1.345816986854807551e-01
-1.557868642426932515e-01
-5.451482004817398419e-01
1.788861941951227497e-01
6.717528366208833090e-02
-1.675049260792463302e-02
-3.779641900328837290e-01
2.627062710141591650e-01
2.423179789808076467e-01
-7.419219911559336855e-02
-1.375500597923724755e-01
2.291648789669027408e-01
-1.392910237917944771e-01
-1.285113565746515488e-02
-4.824678016452201290e-01
2.601898660835605948e-01
-5.093028035735370773e-01
9.010136223888443041e-02
1.069428695802133733e-01
5.778156686893859417e-02
-1.124424903543611992e-01
2.001856237847740930e-02
8.125810004760080155e-03
-3.190861416711383569e-01
2.346818818242504129e-02
2.905323676628112639e-01
-1.925675789669381299e-01
-1.517599177176667535e-01
-1.835569674855475342e-01
1.817309395593527388e-01
-3.955169758177801698e-01
-3.879511332032055670e-01
1.387712968555890880e-01
-7.635173132157754665e-03
3.661102814468333161e-02
9.839220704049587984e-02
-2.444304221143090705e-01
-1.506011526675519185e-01
5.753269470033102462e-02
-1.704712703559021769e-01
-3.634778140357022846e-01
-1.141998821637607020e-01
-1.663884845878981986e-02
-3.145754867382586500e-02
1.145206372751560314e-01
1.098926161810498542e-01
-2.048311803288070110e-01
1.668522424982618324e-01
-3.358004215191681685e-01
-2.893120625368444387e-01
-2.645444737890627340e-02
-1.981603932166343673e-01
-8.244883573925788911e-02
-3.274123634348606315e-01
-5.781950763884959876e-01
1.510410672379467190e-01
1.398082357158379474e-01
-1.262904162179347423e-01
-3.028231709068570157e-02
-1.823837420127578657e-01
5.064999559417260322e-02
1.258715311685539573e-01
-1.236759491781107417e-01
-1.178994171764772281e-01
1.369758939371270579e-01
-7.526539499166655378e-02
1.645751206854814686e-01
1.679211779853881092e-01
1.153123241448758135e-01
-6.601886609195589672e-02
-8.396068344633757230e-02
6.297722959558852904e-03
5.351009338254724551e-02
-6.040992613888565566e-02
-4.144991840463794763e-01
-4.018834374379496865e-01
2.166048885580075523e-02
2.301564558099783997e-01
-1.273469474683099067e-01
-2.323906650194063894e-01
2.366837386406715482e-01
-2.266146487576602697e-01
-8.485841149536563210e-02
7.187434258743639892e-02
-2.521223166537396310e-01
-1.167937087547015612e-01
1.405041549982370130e-01
7.096511021274365394e-02
9.449890347708482519e-03
2.138881784301981028e-03
7.117970729119728335e-02
-2.199516743659766793e-01
2.349787790610998461e-01
-3.882659349711042873e-02
-1.122650229174738390e-01
6.935441718957543467e-01
2.840372966264789745e-01
4.177398007253250722e-01
8.817133508938486408e-02
-1.117573663931612782e-01
1.783397015822208720e-01
-9.664770851901177684e-02
1.114567860008652406e-01
7.045127837664530435e-02
-2.854535095453999416e-01
4.892274495333170242e-02
-1.175331826050005773e-01
2.254920879118697541e-01
1.901723505107335843e-01
-1.657430756857237661e-02
-2.236690811868513595e-01
-9.455664857948141433e-02
-4.819520522286221409e-01
2.263631831281681661e-01
1.404667542642252520e-01
-1.653354356735041164e-01
1.362646670409598804e-01
3.083489542480621903e-01
1.178966910941333934e-01
2.381387415724647849e-01
-2.962975113057089160e-01
-4.471766583237320458e-01
-6.934429105248645503e-03
1.953616580953270176e-01
-1.074830603562291764e-01
-3.075077479404746961e-01
1.621458549395627391e-01
-1.517368615315916637e-02
4.176301564479631412e-02
2.193766044084356770e-01
-1.493546131051888548e-01
-5.109019950945791200e-01
-1.156657350016209451e-01
-3.029919595553760003e-01
1.243737544831334529e-01
1.394719792999437880e-01
-5.355820212792199858e-02
-2.921657943317456096e-01
-5.034475146804320844e-02
2.034162282776719732e-01
2.755670105524187785e-01
-2.214061660099851669e-01
-7.444252946414804673e-02
-2.277205756103669598e-01
-1.781266526501224245e-01
4.763558429043035676e-03
-2.976988681758332422e-01
-1.786928287506097113e-01
-2.821520973198705651e-01
-5.095485535977355845e-02
7.552392155586623579e-02
7.607849237174249546e-02
1.546157797891707930e-01
-2.649766851225491826e-01
4.735064723492065086e-01
-1.565716060272943078e-01
-1.062621495913359665e-01
-9.946637435688798767e-03
1.350210911443657236e-01
-1.843105808848506111e-01
-1.037413947982066958e-01
4.549727607587895628e-01
-4.616270167680852077e-01
1.153244758125348268e-01
3.395804801826626806e-02
-1.194247596021312252e-01
-1.314805837749820072e-01
4.381337189251701125e-01
3.013972588264757224e-02
-2.206157338926226785e-01
-2.227109934060449714e-01
-2.647940018170006904e-01
1.230417339738315964e-03
3.912720728242152779e-01
-6.751909965931755797e-02
8.018692776792045451e-02
1.979420919734276307e-01
1.853928868721105849e-01
-7.613727347410604862e-01
-2.637921125144063184e-01
-2.521833898925248119e-01
3.743135638260600695e-01
1.588784043003657609e-01
1.465232709765123056e-02
-6.842309446208817703e-02
1.397985109743582477e-01
1.628828694909866259e-01
-1.394528672122086477e-01
-8.000136725339539179e-02
2.443815301701553287e-03
5.093022649427063342e-02
-2.469183987984575057e-01
-1.821763434364523926e-01
9.747402764467501257e-02
-3.597551812379269805e-03
-1.714849785917214042e-01
-4.102155785295624191e-01
-3.073661830294857622e-02
7.489781598765375865e-03
-4.677595607017093204e-02
6.623251631240678616e-02
4.406886709442099648e-02
8.874367592602089294e-02
3.070300515803651153e-01
-1.009590561572500517e-01
-2.223098434544080182e-01
2.049063654231103038e-01
1.332760921452653680e-01
2.015614687921743128e-02
3.291256094796451426e-01
2.246089458323530588e-02
-3.735423898251069574e-01
7.434901615813002684e-02
8.261384250962364173e-02
-3.846836494746979640e-01
1.880986980782577145e-01
-2.305210639144451151e-02
-2.396359137104064341e-01
2.754183005012114105e-01
-6.829632050491959928e-05
1.010538051371521751e-01
-1.153318901124895657e-01
-9.080044403540868392e-02
4.478025668216446542e-01
1.016306931097645250e-01
-1.518071002583534224e-01
2.086721405892485726e-01
2.884430765858959633e-01
-2.063696959109363460e-01
1.138763103877185184e-01
-5.817868555870285563e-02
-3.485492112816068744e-02
7.334550841437846580e-02
2.165507463773375385e-01
-6.509565592911216447e-02
-1.686604457678920754e-01
1.081320108769090876e-01
-1.993753588680513555e-01
3.538777733191723618e-01
-7.091314370448334459e-02
1.495688567216397480e-01
-4.842450744544438829e-02
-1.734600341834200421e-01
-1.594484979003740477e-01
-2.061212801587650745e-01
1.717500151537264819e-01
3.591347331927992048e-01
-1.562969258475033207e-01
-9.149318554748135657e-02
-2.418055530470475736e-02
-8.551291427957176394e-02
-3.545937603902115653e-01
-4.686394019731033866e-01
-1.530816193222739596e-01
4.281896601419561688e-02
-1.216186808752297253e-02
-6.432520189014599710e-02
-1.432930420378314418e-02
-4.330564326390066304e-02
-2.726584904835106515e-01
-9.677773944054918198e-02
-7.704778582322562019e-02
2.083293602248346421e-01
-5.020774394831709064e-02
2.454334260282891866e-01
-2.230191921913488029e-01
-2.283981691272948811e-01
5.539883083113017470e-02
-4.086617630378583943e-01
2.171053949194906296e-01
-1.966814781911943033e-01
1.287230424779166327e-02
-2.343308303221869338e-01
-2.781993950766689649e-01
1.513115640344042147e-02
8.161411403639941275e-03
-8.221702145025149011e-02
-1.030057118302372260e-01
1.565957905771242220e-01
5.710638844296922478e-01
2.117522220012847678e-01
6.077072580885957420e-02
6.202764908072275901e-02
4.309216120089063434e-02
-8.283164804423660821e-02
1.297273415984173950e-01
-1.901188902315262830e-01
2.408344099490493384e-01
-2.548926519107997946e-01
-1.372374662228438846e-01
7.347457707433144303e-02
1.668979255639175055e-02
1.218603160883395681e-01
-1.995896135675923611e-01
-7.785336785591780162e-02
-2.958263272941700217e-01
2.630516824579022805e-01
-2.766561516553911471e-01
1.280263338116217064e-01
1.931979687282167971e-02
1.347205566873182492e-01
-2.706529082575977463e-01
1.634746662498682834e-01
-1.271539270549451074e-02
-2.381579142558532536e-01
-2.040056170212877981e-02
-1.725825841419679485e-01
1.866197754148943636e-02
3.104050202967404415e-01
-1.403406061261735505e-01
9.176483672528576441e-02
-1.895734151723638405e-01
2.758157500785860666e-02
-5.894682144841506891e-03
-1.951985925113392320e-02
2.427147843469778798e-01
-1.881476576275244728e-01
3.177367607336730737e-01
-1.956087806538827634e-01
-4.019067482705825090e-02
-4.282882305719878935e-01
-2.557851378124194053e-01
-1.215902749036761876e-01
-9.806267896606416304e-03
1.319979193151099295e-01
4.583120467139528698e-02
2.891865126161520250e-01
1.209484552521654932e-01
3.768134889547547495e-01
1.536892016512303449e-01
-2.601581677147182248e-01
6.102693682233702871e-02
-2.208423209012505828e-01
-7.391656725633077851e-02
4.249345113402900470e-02
-2.511507343315606544e-01
2.566311651457875431e-01
-1.164016762624819762e-01
4.777296161668922458e-01
2.930211949958674844e-01
2.294891094509396434e-01
1.857100359461758693e-02
2.210328189456173265e-02
3.457873366111914315e-01
-8.132181026555294900e-02
-3.087165630968708441e-01
-2.567367946820503510e-01
-1.623915141999394129e-01
4.215073809867389554e-01
2.029018681623937781e-01
-7.684698404294651453e-02
2.740601229906058922e-01
9.222772021859543257e-02
-5.226213312050309590e-01
2.005744503600066508e-01
-4.310847854401920753e-01
-3.916289130758477954e-01
-5.085664540878117408e-04
-3.607898381061237086e-02
2.242330684386277528e-01
-8.219506193151113194e-02
-4.497490599399834449e-02
1.672245264891578653e-01
3.140063453057016507e-01
6.447262241778643765e-02
2.031471033121847181e-01
-2.316791829978152861e-02
-5.365295645897888432e-01
6.198170580102331864e-03
2.774695709182366521e-01
1.265324844188840392e-01
-2.234523505625534978e-01
1.975381112519786486e-01
2.998665468931719369e-01
-3.425881787162777387e-02
1.700563898984803202e-01
-1.557020732166566057e-01
-1.771990711427103848e-01
-3.463755957764678151e-01
-2.182192286996116060e-01
-2.626651814977846167e-01
-2.135389662907801189e-01
-4.506134086963193425e-02
-1.762815031597901594e-01
-4.041146574552798715e-02
-7.674012854028041666e-04
-4.956439427009305954e-01
-2.502473761757509907e-01
8.687344774137926995e-02
-2.135689512240552257e-01
1.112450330424570588e-01
-2.052861876176216224e-02
-1.513003910483038394e-01
-4.014209856666027254e-01
-1.379913480214419452e-01
-9.989672303604031633e-02
-2.613578763569682564e-02
-2.294670146209150385e-01
-2.284836932000792464e-01
2.950198228676016443e-01
2.925035596697443396e-01
-8.597292678138550304e-02
2.472829290919760503e-01
-1.251862068513641402e-01
-2.405537476171333011e-01
-2.253069048709557820e-01
1.465725003081065070e-01
-1.020951680163999647e-01
-4.268650957804065449e-02
1.075838248001096259e-01
1.736878962055568854e-01
2.182054496804426980e-01
-2.465052213760748623e-01
2.720142127347300806e-02
-2.792816012643743739e-03
1.553811510432947796e-01
-6.323212862284137425e-02
-1.715577339295812076e-01
-1.042200887089121154e-02
1.039247230749316409e-01
-2.014336609980591775e-01
-1.697645121397950985e-01
1.099223470057882068e-01
2.558877241684394122e-01
-1.277089242702464933e-01
-1.300798737068273592e-01
2.825648850794981737e-01
-1.002375117436668794e-01
2.760550021461122827e-01
-7.037012056608725474e-02
-1.392351378343830159e-01
-3.411868377026447963e-01
-2.051060218895375473e-02
-2.442966998285295011e-01
2.552604010667917089e-01
-1.074064967463726761e-01
1.126101158979473868e-02
-3.783861024268969642e-01
1.913174177531064557e-01
5.466194164925353843e-02
-2.493880736959809274e-01
1.654665989600433151e-01
-1.725573524575062245e-02
1.685839020022327217e-01
-3.768110338003152759e-01
-3.479045456095799377e-02
-1.710938937219146083e-01
-2.293413746126292674e-01
8.782760609088050008e-02
2.396701897476317678e-01
4.546826427176438590e-01
-8.050664247123902328e-02
-1.723549648206222293e-02
1.781187367510897457e-01
1.497856897621299872e-02
1.538496594392489147e-01
1.739227575529829206e-01
-3.926085770336019271e-02
-3.829706946843852711e-01
1.055388542060418516e-01
1.464835649436127540e-01
1.062764457768641535e-01
-3.785957515335718893e-01
2.006478459722238761e-01
1.302234377408063304e-01
-2.703613854694603136e-01
2.820961032447678041e-01
-2.099836970905011660e-03
-1.276684487035416871e-01
-1.888396102735827656e-02
1.841043451531322941e-02
-2.869621390896753277e-01
-7.170876008053320150e-02
7.782386821177691982e-02
-1.831378647647138869e-01
-2.333864104308310816e-01
7.130453153374731456e-02
-1.625060723446913324e-01
-1.569979770866156837e-02
-6.863170592772784885e-03
3.308605624990660298e-04
8.288329989601475600e-02
-3.639167077492383995e-01
1.836290335011969421e-01
-1.646458208533881917e-01
1.165629505263186261e-01
1.019409484017384515e-01
-2.388818131323421357e-01
1.744442488799683721e-01
8.792188599885343570e-02
3.086667268929255831e-02
1.212419924809216565e-01
4.229817494327484800e-02
-1.290528047563725411e-01
2.709427087087540875e-01
2.047174788812325119e-01
-1.450007170053032868e-01
-4.589116958479287633e-02
-3.450503497171840683e-01
-1.354154384952360908e-02
-1.346683423011460767e-01
5.827065810251620334e-03
1.847309278450990355e-01
1.095585100501253600e-01
-8.103862293752327455e-04
2.546227807700350843e-01
1.132044330973844409e-01
-1.832460928317106164e-01
1.850367901748493915e-01
6.484652313877971308e-02
1.925364054027207672e-01
1.008262932236001080e-01
2.591532502038356722e-01
3.583060711362963113e-01
1.117769401795467438e-01
3.102171414062396271e-01
1.382381679323177182e-01
-1.016688490708451131e-01
-2.298849984001649915e-01
-1.232572799824363935e-01
6.875009017183596194e-03
3.355662634883395667e-01
-2.952134228149354278e-02
-1.801962186278761868e-01
2.861363876857056510e-01
9.472650724284399637e-02
1.462641144177445895e-01
5.155564461984265580e-03
-3.365851321167192406e-02
4.818493626773003718e-02
2.432498688898846739e-01
2.739823818591329285e-01
2.735030644669438765e-02
2.701803089089426999e-02
9.422636683207698260e-02
-2.418610188177035547e-01
-1.221277267239063158e-01
2.300559663387911069e-01
3.350306522540171805e-01
2.667567616187660473e-01
-9.736407384238718321e-02
-1.920897802999419757e-01
2.749497426941704403e-01
4.579414387347913173e-01
3.105186302584506813e-02
-1.244660833224308510e-01
7.210085220497947089e-02
1.545739267324402477e-01
-2.665033751502131620e-01
3.088757423494189469e-01
8.981529244890451569e-02
3.909560733102335900e-02
-3.937845673264817742e-02
-1.016540677580870383e-01
-3.494503653782825292e-02
1.371248822225123176e-01
7.435675965207855231e-02
-1.978951602737336890e-01
2.474140805414712097e-01
-4.612330173141577366e-02
2.402476713586840229e-01
3.052006050006082494e-01
1.500350205341067882e-02
-1.292602039462710239e-01
-7.141751958489996055e-02
-1.057307982923001849e-01
-2.523020425372957121e-01
-1.209225960912793663e-01
7.552634356173654195e-02
-6.795876553898121120e-02
-1.565288911080561784e-01
3.887783638966653132e-01
-2.986546660447376711e-01
-2.039724593486314241e-01
2.616973007134027265e-02
1.188592091001013928e-01
4.974072588057744382e-02
1.298770633533864460e-01
-5.794542912757424252e-02
-2.674785883072232084e-01
2.976347681645508114e-01
2.087931668327888332e-02
-3.266764876040775811e-01
-3.358733741714611809e-01
-4.144469113629242751e-02
-8.640048663511391835e-02
8.008406285989090601e-02
1.228355567323632797e-01
-7.891065646513301113e-02
1.956167299225354816e-01
1.278668302661283285e-01
-4.807044390425747188e-02
-7.370226686377011338e-02
-1.202560292771611139e-01
2.561409786284107315e-01
-1.022774751637473833e-01
-1.189987813927926852e-01
1.955404144867899097e-01
1.780680768629865907e-01
4.608760050953367160e-02
3.192295981477247802e-01
3.198899109136997820e-01
-7.787707813968119952e-02
-1.654404858269381828e-01
-1.671959099813522670e-02
4.940318395982868510e-02
1.082068531712408327e-01
9.839321025061088799e-02
-1.510101927438548541e-01
-2.567682040586928213e-02
-2.623881261825105615e-01
-6.734407514124618466e-02
1.090618758211569228e-01
-2.026298651346750690e-01
5.440417749015680204e-01
-1.281987403072143428e-01
2.801781213321306030e-01
-3.163513990867647396e-01
1.070325933860445666e-01
3.015388906711741202e-01
-1.467692299192077943e-01
1.032630930639866496e-01
1.329799704373014479e-01
-3.842813611474850677e-01
-2.644055827734601016e-01
4.411012978705427384e-02
-5.648569962285444612e-01
-1.182098570611524596e-01
-1.181722360337736019e-02
3.844631051686893675e-01
-6.703240616242824197e-03
3.664413557829505064e-01
-4.036160633311694501e-02
2.384931038954576366e-01
2.363770692114895433e-01
2.892568079781337453e-01
-1.505409898108598377e-01
1.858398641912965832e-01
3.385569451225079463e-01
6.465553648995114346e-03
3.668252542972493674e-02
-1.249558342394622712e-01
-1.151499513786396339e-02
8.918924844658800144e-02
2.132152575005380121e-02
1.335424255383439729e-01
1.176917044490411318e-01
-3.317153657883460394e-01
1.695980612139498245e-01
5.779564206988032499e-02
-3.608476265838748281e-02
4.020241671494184099e-01
-2.877559289134887233e-02
-1.600054062244444242e-01
2.091085533953447595e-01
3.619979579541154902e-01
3.038112823019827324e-01
1.559142114957623171e-01
-7.905756030219750208e-03
9.592264123101096329e-02
-4.164114908468360965e-02
2.692698998610210115e-02
7.999664059959872564e-02
5.806004199273831490e-02
2.261785033369979048e-01
4.090253396229757976e-02
-9.108355234042621318e-02
-3.362031426485711516e-01
1.183808050024185710e-01
2.772547725002815766e-01
2.159133092551528410e-01
7.286886138420156644e-02
-1.007367689505416497e-01
-2.540582618671102244e-01
-1.653767687614222243e-02
1.225854847422170046e-01
2.086480852747107095e-01
-5.650397092370077617e-02
4.477803846641624230e-01
-2.637840312892548167e-01
2.395474719933443908e-01
3.768185734531240370e-03
-3.308017074040863204e-01
2.628236499436092388e-01
-1.165249966812094418e-01
1.314582940350547124e-01
5.203150948903795953e-02
-7.856328146026950177e-03
3.195177802840580041e-03
2.039589228204126692e-01
3.163478846483212537e-01
1.120632249516198276e-01
2.790957056654673751e-01
1.258306678252184008e-01
-1.497638110751058904e-01
-7.617006621594753224e-02
1.784397988043008310e-01
-3.381330864633534661e-02
-6.379834453771146552e-02
-5.419073027821137006e-02
5.334660339037590182e-01
