8.136622621880534867e-02
-1.000000000000000000e+00
1.000000000000000000e+00
2.401227921220421280e-01
-4.165428586582102799e-01
-1.000000000000000000e+00
-4.091489555454945748e-01
-7.966918804581520908e-01
9.417424591896624841e-01
6.235995680926145202e-01
-1.000000000000000000e+00
-3.977417680681688550e-01
1.000000000000000000e+00
9.975724123763811679e-01
9.841437709844131909e-01
-9.948903728263606139e-01
1.000000000000000000e+00
2.563190028418907973e-01
1.000000000000000000e+00
-1.000000000000000000e+00
-1.000000000000000000e+00
9.182675655732724929e-01
-4.814047321985944206e-01
-1.000000000000000000e+00
-9.498581425643281007e-01
-1.649877031834411645e-01
-1.433623739023897059e-01
-6.999018546256603468e-01
-1.000000000000000000e+00
-1.000000000000000000e+00
-1.000000000000000000e+00
-1.000000000000000000e+00
1.000000000000000000e+00
2.407576626449084989e-01
1.000000000000000000e+00
1.000000000000000000e+00
3.705143776248398524e-02
2.476158498744618353e-01
1.000000000000000000e+00
-7.207667773824787127e-02
1.976288808155339805e-01
-3.885741415170818058e-01
-1.000000000000000000e+00
-1.237852111849930270e-01
1.000000000000000000e+00
1.000000000000000000e+00
7.357264401303561518e-01
-1.000000000000000000e+00
3.050710127694370444e-01
-1.000000000000000000e+00
4.931945919567537473e-01
-1.307970079005283393e-01
3.752325780944421041e-03
-7.490588187237312567e-02
-9.006641637922693788e-02
-7.886886318794283923e-01
1.000000000000000000e+00
-7.144666091097807703e-01
1.000000000000000000e+00
-7.259601318777981760e-01
-1.000000000000000000e+00
-1.000000000000000000e+00
-4.326701372653115607e-01
-4.847796295162495328e-01
1.000000000000000000e+00
-1.000000000000000000e+00
-1.000000000000000000e+00
1.000000000000000000e+00
-2.016976295631887073e-01
5.503596747225804053e-01
-4.704686293643757233e-01
-1.000000000000000000e+00
-1.000000000000000000e+00
1.000000000000000000e+00
1.475724899089451148e-01
6.855132692385510484e-01
-6.722607871352943576e-01
-1.000000000000000000e+00
1.000000000000000000e+00
-1.000000000000000000e+00
2.822875192285441148e-01
-2.302945614922787820e-01
-1.000000000000000000e+00
1.000000000000000000e+00
5.394464153567439801e-01
-3.314373302215192219e-01
-1.000000000000000000e+00
6.501533720894435708e-01
7.547425535946625796e-01
3.935436008747636438e-01
4.370806695285632815e-01
-3.950969287276393516e-01
-1.000000000000000000e+00
1.380769318876624574e-01
-1.000000000000000000e+00
1.000000000000000000e+00
1.000000000000000000e+00
-7.904113656517911535e-01
-1.000000000000000000e+00
1.000000000000000000e+00
-8.997521520565859854e-01
-1.000000000000000000e+00
1.000000000000000000e+00
-1.000000000000000000e+00
-1.676271901513561036e-01
-1.000000000000000000e+00
4.477449729164116876e-01
3.659310313260821790e-01
-1.000000000000000000e+00
-1.000000000000000000e+00
-3.786088268667134882e-01
-1.499349903700040176e-01
9.144996571155347143e-01
1.514480331226175647e-02
1.000000000000000000e+00
6.612640923934127724e-01
1.000000000000000000e+00
-1.000000000000000000e+00
8.740633743085517438e-01
4.567181319008695173e-02
-1.000000000000000000e+00
8.902543433250650340e-01
-3.198634504330526429e-01
1.000000000000000000e+00
7.216995999325903632e-03
-7.502284600626077937e-01
-1.000000000000000000e+00
3.367511618398171258e-01
-1.000000000000000000e+00
-1.000000000000000000e+00
1.000000000000000000e+00
-9.812840971240666121e-02
-1.000000000000000000e+00
-2.020211925751523863e-01
1.000000000000000000e+00
-1.000000000000000000e+00
-1.810623147164726054e-01
-2.433768990413687217e-01
-1.000000000000000000e+00
-1.000000000000000000e+00
-9.618871160906532491e-01
1.000000000000000000e+00
2.477437222427003594e-01
-1.000000000000000000e+00
-5.217426919661707352e-01
-1.000000000000000000e+00
1.000000000000000000e+00
3.960021949546720377e-01
1.000000000000000000e+00
-1.117026227934467819e-01
1.000000000000000000e+00
-4.304337370775916383e-01
-8.279188884771513379e-01
4.670721298304837399e-01
-4.923469971050790095e-01
9.531443200520406389e-02
-9.664875187427064418e-01
-3.684479363688496489e-01
1.000000000000000000e+00
6.510458113722710216e-01
5.781482083279314566e-01
1.000000000000000000e+00
1.000000000000000000e+00
-1.000000000000000000e+00
1.000000000000000000e+00
-3.343157222419541053e-01
2.088230563847659482e-03
4.255713680994529513e-01
-5.244407439730480736e-01
-2.135044747155223632e-01
1.000000000000000000e+00
-9.262222966796023194e-01
-2.174507987544749277e-01
1.000000000000000000e+00
-3.863142505871397514e-01
8.941416878823167658e-02
-1.000000000000000000e+00
-1.000000000000000000e+00
3.884721512823327561e-01
-3.246638549219207359e-01
-1.000000000000000000e+00
4.085759258651311399e-02
-1.000000000000000000e+00
-3.109128819005857469e-02
1.000000000000000000e+00
-1.000000000000000000e+00
6.124980348881921000e-01
-1.000000000000000000e+00
-6.793834044874095257e-01
5.881421630969179137e-01
-1.000000000000000000e+00
-1.000000000000000000e+00
2.407520379460797444e-01
-1.000000000000000000e+00
1.000000000000000000e+00
-1.000000000000000000e+00
-4.635990710230076806e-01
1.000000000000000000e+00
-1.000000000000000000e+00
-8.434206060178096598e-01
-2.520351094297681449e-01
1.000000000000000000e+00
7.339207770572324652e-01
-6.432938721250864855e-01
-8.726710052207253820e-01
3.395536557079823492e-01
1.000000000000000000e+00
7.075175229199781590e-02
1.000000000000000000e+00
-1.000000000000000000e+00
-9.232783082657103346e-01
-1.000000000000000000e+00
-8.711019313341639148e-01
-1.000000000000000000e+00
1.000000000000000000e+00
-1.295562938856559820e-01
-1.000000000000000000e+00
1.000000000000000000e+00
1.000000000000000000e+00
1.000000000000000000e+00
1.000000000000000000e+00
5.442723346233624415e-01
1.685490005354668419e-01
-5.009156761576315509e-01
-9.309754496866715634e-01
-1.000000000000000000e+00
-2.360001157003108752e-01
6.204971622195749603e-01
-1.000000000000000000e+00
-1.000000000000000000e+00
1.000000000000000000e+00
1.000000000000000000e+00
-1.000000000000000000e+00
-1.000000000000000000e+00
-1.000000000000000000e+00
-1.000000000000000000e+00
1.000000000000000000e+00
5.713406267472409539e-03
4.662953166213845702e-02
1.933480525430313346e-01
3.738178025251626124e-02
-3.898328527922385600e-01
-1.000000000000000000e+00
-1.000000000000000000e+00
4.978163878458642388e-01
-1.000000000000000000e+00
-2.482274242455081437e-01
-1.107416852248260253e-01
4.187148836253062889e-01
1.000000000000000000e+00
-1.000000000000000000e+00
9.036660827004295848e-01
1.568200499583456420e-01
9.524154306199581477e-01
-1.000000000000000000e+00
-2.479126419734633546e-01
1.000000000000000000e+00
1.000000000000000000e+00
4.832578825478333617e-01
1.000000000000000000e+00
7.243564085197488067e-01
-2.757549255361546603e-01
1.000000000000000000e+00
4.942204135545404942e-01
5.078705826100609055e-01
6.902852950197135851e-01
-3.780814659470663752e-01
1.000000000000000000e+00
7.493199812401263316e-03
1.239244520681810346e-01
8.878834615111881323e-01
7.464087797738930830e-01
-4.617542340933289413e-02
-1.000000000000000000e+00
1.372975379948864205e-01
8.197561456415369818e-03
6.147154832978603267e-02
-2.039279767220770478e-01
-1.000000000000000000e+00
3.414681651652758942e-01
-9.230610496619473526e-01
1.000000000000000000e+00
-8.793406564471595299e-02
8.776585134522418841e-02
-1.626196845507489330e-01
1.000000000000000000e+00
1.000000000000000000e+00
-1.000000000000000000e+00
-5.694658916972387130e-01
4.306179644182670518e-01
1.000000000000000000e+00
1.000000000000000000e+00
1.000000000000000000e+00
1.000000000000000000e+00
8.035408639288562638e-01
-1.000000000000000000e+00
-1.000000000000000000e+00
-1.000000000000000000e+00
1.000000000000000000e+00
1.528527594190312033e-01
1.000000000000000000e+00
9.786499376527157956e-01
-4.156664862701642260e-01
-9.577784444950049325e-01
-1.000000000000000000e+00
3.187755378603566725e-01
1.704840601400035016e-01
-1.000000000000000000e+00
-3.365634302874526834e-02
-4.820901483312396429e-01
-7.266602529244819975e-02
8.975959228947106849e-01
1.000000000000000000e+00
-1.000000000000000000e+00
1.000000000000000000e+00
-8.830603129797752748e-01
1.000000000000000000e+00
-6.682570142667043633e-01
1.000000000000000000e+00
-1.000000000000000000e+00
2.505735969779997463e-01
9.714566774412198846e-01
-8.679878395308926464e-03
-6.467720923374598030e-01
5.626377028858187135e-01
-1.000000000000000000e+00
-1.454538948033015089e-01
1.271164862134016582e-01
-4.822300110955268226e-01
-1.000000000000000000e+00
1.000000000000000000e+00
-3.893058930826788777e-01
-4.536184617499877669e-02
1.000000000000000000e+00
3.990798346102034655e-01
-1.490538818489761663e-01
-4.804575103851550510e-01
-4.721898621491407155e-01
1.000000000000000000e+00
3.070078877751216684e-01
-1.000000000000000000e+00
1.471302502984552230e-01
1.000000000000000000e+00
1.000000000000000000e+00
-4.470038339977263075e-01
9.812922201424675861e-02
-1.000000000000000000e+00
-1.000000000000000000e+00
-7.856846002618519398e-01
-6.588652773981948929e-01
8.859627929540186964e-01
-1.000000000000000000e+00
1.000000000000000000e+00
-1.000000000000000000e+00
-4.821562872548861844e-01
-3.802473609516206221e-02
-1.000000000000000000e+00
9.832664083215207906e-01
2.828642953847157471e-01
-2.047261565938465477e-01
1.000000000000000000e+00
1.000000000000000000e+00
-3.769585628814889344e-02
-4.183626555300200556e-01
-1.000000000000000000e+00
1.000000000000000000e+00
-2.138285116022464738e-01
-4.752080136669952770e-01
-8.173721101490939445e-01
1.000000000000000000e+00
1.000000000000000000e+00
-1.000000000000000000e+00
7.609845339743432913e-01
1.000000000000000000e+00
-8.578564138020700058e-01
1.000000000000000000e+00
-1.000000000000000000e+00
-8.313248604815182130e-01
-1.000000000000000000e+00
-9.813029727038107275e-01
1.000000000000000000e+00
-1.000000000000000000e+00
-1.000000000000000000e+00
5.588996536288346473e-01
4.903404473034963518e-01
1.000000000000000000e+00
-9.566690845417950007e-01
-6.500666100251712987e-01
8.172416697277551378e-01
4.186176729663215745e-02
-5.880476144003965455e-01
-1.000000000000000000e+00
1.000000000000000000e+00
1.000000000000000000e+00
1.000000000000000000e+00
7.359444910355696923e-01
-2.898091710494516415e-01
1.000000000000000000e+00
-8.402906094499240641e-01
6.925297361137330299e-01
6.378338285755924542e-01
1.000000000000000000e+00
-8.484151006781263105e-01
-1.000000000000000000e+00
-1.389153041457070192e-01
-1.000000000000000000e+00
-7.687000964063583908e-01
-9.100546445211021851e-01
-1.000000000000000000e+00
-4.054546491681564335e-01
3.392221954681948759e-01
-6.180933714275506086e-01
3.459270397316320800e-01
5.749788860801759993e-01
-7.263808394256521250e-02
-1.000000000000000000e+00
8.126054999019145519e-01
-1.000000000000000000e+00
-1.000000000000000000e+00
-1.748795574557231447e-01
-1.000000000000000000e+00
1.000000000000000000e+00
4.339526843161467529e-01
-7.591489881596680256e-02
5.364795658822733015e-01
9.322156433136064013e-01
3.379565904566874668e-01
1.000000000000000000e+00
1.000000000000000000e+00
-3.913368702169505164e-01
-1.000000000000000000e+00
-1.000000000000000000e+00
4.228429150516481716e-01
1.000000000000000000e+00
1.376388838028176353e-01
-6.193236721707173764e-02
7.036070094271423825e-01
1.000000000000000000e+00
-1.000000000000000000e+00
-6.146957482729327182e-01
3.911228658823739934e-02
-8.351445233279198854e-01
-1.000000000000000000e+00
1.000000000000000000e+00
-6.288287785447906897e-01
5.843983732899891148e-01
1.000000000000000000e+00
1.000000000000000000e+00
-2.912992992400523784e-01
4.835891780920350547e-01
9.676005201840589542e-01
1.000000000000000000e+00
-1.000000000000000000e+00
1.000000000000000000e+00
1.000000000000000000e+00
-1.000000000000000000e+00
1.861441149731267730e-01
-6.533683977106993779e-02
3.485629175939418678e-01
-2.029480626231277007e-01
1.330928830310273980e-02
1.000000000000000000e+00
1.846640591299797407e-02
-8.979760637228945130e-01
-6.288645257214058315e-01
2.427175219999339606e-01
-1.000000000000000000e+00
-8.857317777217493804e-02
-1.000000000000000000e+00
-1.000000000000000000e+00
1.000000000000000000e+00
1.000000000000000000e+00
-7.893314070926770176e-01
-1.000000000000000000e+00
-2.857486998828627778e-01
7.383878159219390280e-01
-3.815066371181859983e-01
-1.000000000000000000e+00
1.000000000000000000e+00
-1.000000000000000000e+00
1.000000000000000000e+00
8.507519947592547815e-01
-2.337651389176980121e-01
1.000000000000000000e+00
1.000000000000000000e+00
-1.000000000000000000e+00
1.000000000000000000e+00
1.000000000000000000e+00
-4.020480143504025494e-01
-7.033281339831720658e-02
-1.000000000000000000e+00
1.000000000000000000e+00
-6.445032918803356159e-01
-1.000000000000000000e+00
-6.056671844962012718e-01
2.746826454764073056e-02
1.000000000000000000e+00
-1.000000000000000000e+00
-1.346228420271799453e-01
-4.244681869064315660e-01
1.000000000000000000e+00
9.434615373577828201e-01
-5.469319982900233690e-01
-1.992677542669378798e-01
-8.864492094990994442e-01
5.484125196768780963e-01
1.000000000000000000e+00
1.000000000000000000e+00
-6.085540197137575547e-01
-1.000000000000000000e+00
-3.837769962589445694e-01
2.608935430584946591e-01
1.000000000000000000e+00
8.129449673199771187e-01
6.671755809892854217e-01
-1.000000000000000000e+00
-1.000000000000000000e+00
2.735902046261415865e-01
1.000000000000000000e+00
-6.444587679531866842e-01
-6.600291744737252220e-03
-5.714688369094671483e-01
1.000000000000000000e+00
1.283217514484309429e-01
-4.559317913329580807e-01
-1.000000000000000000e+00
1.000000000000000000e+00
-8.296146429059796379e-01
1.000000000000000000e+00
1.000000000000000000e+00
-9.763983794260010507e-01
4.201683539032556314e-01
-5.244448356849229498e-04
1.000000000000000000e+00
-7.510012834081584154e-01
-4.524397982106567739e-01
-1.000000000000000000e+00
1.000000000000000000e+00
-5.610683132987869248e-01
4.072627779320610042e-01
1.000000000000000000e+00
-1.676821261989188683e-01
7.440548947679082037e-01
4.635518731349230759e-02
9.511750118957263966e-01
1.669052784484443830e-01
-2.327726617734846570e-01
-1.640028215172980863e-01
-6.065191372700362571e-01
-3.817089670445836802e-01
1.000000000000000000e+00
-2.164178817013892031e-01
1.000000000000000000e+00
5.409616311684548595e-01
-1.000000000000000000e+00
-1.000000000000000000e+00
1.000000000000000000e+00
-3.656673832959159709e-01
-6.235628189867441495e-01
7.461449313738737210e-01
-1.000000000000000000e+00
-6.024314092415781197e-01
1.129074532266449438e-01
1.000000000000000000e+00
-5.772650985093186193e-01
-9.796079307026585026e-01
-1.000000000000000000e+00
1.000000000000000000e+00
9.804030710317792607e-01
-1.000000000000000000e+00
-1.000000000000000000e+00
2.800107339992019551e-01
-1.000000000000000000e+00
1.000000000000000000e+00
9.130959756418862705e-01
5.497106028396558930e-01
3.552955033184290734e-01
-3.625285765365449109e-01
8.990333457807440087e-01
1.000000000000000000e+00
-1.000000000000000000e+00
3.770580951274253856e-01
8.704633469827002257e-01
-1.000000000000000000e+00
3.954508788535385788e-01
-1.000000000000000000e+00
9.080105401613078886e-01
-1.000000000000000000e+00
-4.927460758707030708e-01
-1.000000000000000000e+00
-1.000000000000000000e+00
-1.000000000000000000e+00
-4.180439655361599671e-01
-2.987395308763225454e-01
-1.823438364051009897e-01
-1.000000000000000000e+00
9.773267110566170590e-01
-7.202899790491505971e-01
-1.000000000000000000e+00
3.177142279590500218e-02
-1.000000000000000000e+00
-1.000000000000000000e+00
8.971856126843943402e-01
7.603403172881564309e-01
1.000000000000000000e+00
-1.000000000000000000e+00
-1.000000000000000000e+00
6.123379685624912305e-01
6.585358033510951836e-02
8.485551214142939003e-02
7.140996119528997266e-01
1.000000000000000000e+00
-6.334619669589223179e-01
-2.220726013923133568e-01
-2.386314555922988689e-01
-1.000000000000000000e+00
2.184996589231273934e-01
-1.000000000000000000e+00
1.000000000000000000e+00
-1.000000000000000000e+00
-1.000000000000000000e+00
-1.000000000000000000e+00
-7.799196388923307355e-01
-1.000000000000000000e+00
3.974241043513902089e-02
6.050478900270348515e-01
-1.000000000000000000e+00
-6.596850364415378642e-01
-3.365790116041743052e-01
-1.000000000000000000e+00
1.000000000000000000e+00
-1.000000000000000000e+00
-1.000000000000000000e+00
8.864047707171962553e-01
-6.929861770886306394e-01
-3.439653022798369042e-01
7.235157210218735868e-02
2.144357149679370078e-01
-7.925455695906186149e-01
1.000000000000000000e+00
-5.699202019318979628e-01
-1.000000000000000000e+00
1.000000000000000000e+00
9.827136572955234017e-01
-1.000000000000000000e+00
1.000000000000000000e+00
-5.614857573791245393e-01
1.000000000000000000e+00
-9.077131148248623882e-04
1.155421599252587361e-01
-3.050704973473463699e-01
-5.890780000554562967e-02
-5.005502070986843632e-01
3.948401864426723806e-01
-1.000000000000000000e+00
1.000000000000000000e+00
-9.765135046838981925e-01
-1.000000000000000000e+00
1.000000000000000000e+00
1.000000000000000000e+00
-6.703691560644775560e-02
-1.000000000000000000e+00
4.275913415574086884e-01
-1.000000000000000000e+00
-5.631782814186832020e-01
-1.000000000000000000e+00
6.411514038145915695e-02
2.108871044032586406e-01
6.719281166859100152e-01
-3.892465863433415274e-01
7.909392982107383840e-01
3.650626465799858833e-01
6.445604741308315067e-01
-4.220173655775855126e-01
-3.743096436798923343e-02
1.000000000000000000e+00
-3.341615859935375688e-01
1.000000000000000000e+00
-6.998263737268435314e-01
-1.000000000000000000e+00
1.000000000000000000e+00
-3.543134455468227584e-01
3.970917342241673809e-01
-1.000000000000000000e+00
1.000000000000000000e+00
-1.383533147790581008e-01
2.273276810760038735e-01
1.000000000000000000e+00
-5.949773768957618003e-01
-5.377876384465066772e-01
1.000000000000000000e+00
1.540121244780832677e-01
-1.000000000000000000e+00
-8.041818241348241969e-01
-5.457610984927017128e-01
-9.281401661196024833e-01
-5.227781737006370610e-01
1.000000000000000000e+00
-1.000000000000000000e+00
-1.000000000000000000e+00
-9.825626822452877551e-01
-1.000000000000000000e+00
1.000000000000000000e+00
-5.547477754895775437e-01
9.738980900880790381e-01
3.290882032251305489e-01
1.000000000000000000e+00
1.000000000000000000e+00
-7.504895042250124826e-01
1.000000000000000000e+00
-7.826865895877893609e-01
-1.000000000000000000e+00
-5.335118406075145536e-03
1.000000000000000000e+00
-1.078105392962371845e-01
1.000000000000000000e+00
-1.000000000000000000e+00
1.000000000000000000e+00
-1.000000000000000000e+00
7.248519628663345760e-01
-5.501543501322301299e-01
-1.585326100582240549e-01
1.000000000000000000e+00
-2.471442661687208164e-01
1.000000000000000000e+00
-2.070115551422747613e-01
-1.000000000000000000e+00
-3.891285065772930041e-03
7.213684170321899014e-02
-1.000000000000000000e+00
4.216265331921654758e-01
1.000000000000000000e+00
5.616851024951692306e-01
1.000000000000000000e+00
-1.000000000000000000e+00
-1.000000000000000000e+00
3.920652906297218965e-01
-9.563196610612308968e-01
5.808157264232469141e-02
-1.417860138890669752e-01
3.274957751749435486e-02
1.000000000000000000e+00
-1.000000000000000000e+00
1.000000000000000000e+00
-1.000000000000000000e+00
1.000000000000000000e+00
1.000000000000000000e+00
-2.536900860659679346e-01
-1.000000000000000000e+00
3.950379251463987940e-01
-2.004691558103549043e-01
-9.582029121375290615e-03
1.000000000000000000e+00
-4.263904800530056161e-01
1.796116244633749748e-02
-6.769260044544752608e-01
-7.583971681320353930e-01
5.923807888106916719e-01
-6.146072377595446223e-01
2.141977945201181122e-01
1.000000000000000000e+00
-1.000000000000000000e+00
-3.242039276973164297e-01
-1.000000000000000000e+00
3.653405710023178710e-01
3.838804814477069227e-01
2.016383848497032005e-01
8.150701183042423636e-01
-1.000000000000000000e+00
-9.625601839864976750e-01
1.000000000000000000e+00
2.153534388064022309e-01
-6.401316619200358993e-01
-1.000000000000000000e+00
2.915632746162644118e-02
-1.000000000000000000e+00
-3.121340909867930669e-01
1.000000000000000000e+00
-6.836614384740238304e-01
-1.000000000000000000e+00
-1.000000000000000000e+00
-1.000000000000000000e+00
-1.000000000000000000e+00
-1.000000000000000000e+00
2.499008613827516379e-02
1.000000000000000000e+00
3.023181018806820886e-01
-5.489907557118948178e-01
4.773080820272682101e-01
1.000000000000000000e+00
-2.064154772267368099e-01
-1.000000000000000000e+00
-1.000000000000000000e+00
-9.588514681949387164e-01
-4.074973693399541741e-02
-1.000000000000000000e+00
-1.000000000000000000e+00
-1.000000000000000000e+00
-7.064731652329668821e-01
2.595631962391110048e-01
-6.308649129621259899e-01
5.557827211706269921e-01
5.154022187304166946e-01
3.350870505590262116e-01
4.932594321402081206e-01
-1.000000000000000000e+00
-1.000000000000000000e+00
1.968393970644917168e-01
-4.398650168111540304e-01
2.206677086106883512e-01
-7.175594814848826886e-01
-1.000000000000000000e+00
2.556342163903322917e-01
3.480436530853871502e-01
6.636101571806645172e-01
-9.743802804210406343e-01
1.000000000000000000e+00
9.166306875471970095e-01
1.254487135000414422e-01
-1.719546675685892922e-01
5.418801817690457323e-01
3.244065689313957446e-01
-1.000000000000000000e+00
-1.000000000000000000e+00
-5.065383356580380192e-02
-6.506125793563121151e-01
-3.120456770973604188e-01
6.013835930752102765e-01
-1.000000000000000000e+00
1.000000000000000000e+00
8.797287123150920873e-01
-1.000000000000000000e+00
2.483333852350586568e-01
1.000000000000000000e+00
-2.077636450930322454e-01
-6.222819318043575354e-01
-6.855045243888588935e-01
-9.121676748317402161e-01
9.109839308265305080e-01
-1.000000000000000000e+00
6.673823295766647679e-01
-1.000000000000000000e+00
-1.000000000000000000e+00
-3.054121589214488508e-01
-3.969338989571130072e-01
-1.000000000000000000e+00
-1.000000000000000000e+00
5.274247342681837036e-01
1.319978936203483055e-01
-1.000000000000000000e+00
1.000000000000000000e+00
-6.449351200650417504e-02
6.342453380776804650e-01
5.650066081582305610e-01
9.777292388108588250e-01
3.876772108237773740e-01
1.000000000000000000e+00
8.435373987706904497e-01
9.044077972805359966e-01
-1.000000000000000000e+00
1.000000000000000000e+00
1.000000000000000000e+00
-7.699329122492406530e-01
1.952376903416633835e-01
8.885695128334112347e-01
-1.000000000000000000e+00
-1.644293309353626054e-01
-1.000000000000000000e+00
-6.205811272486533303e-01
-1.000000000000000000e+00
-1.000000000000000000e+00
-8.955798512254142807e-03
3.245482722511193741e-01
-6.120325821564789326e-01
-1.000000000000000000e+00
5.875051850086301375e-01
1.696521101203157800e-01
1.000000000000000000e+00
-1.000000000000000000e+00
1.000000000000000000e+00
-4.732809737125968086e-01
-1.000000000000000000e+00
-2.247175798064282581e-01
-1.884088511439218072e-01
1.000000000000000000e+00
-1.668159977379494174e-01
-4.526380299984354427e-01
1.000000000000000000e+00
1.000000000000000000e+00
7.093110468048337003e-01
4.607502409092286699e-01
8.593606462962837256e-01
-6.256188260685338065e-01
5.580358492044762420e-01
5.822037271189204333e-01
6.112577030783584719e-01
-7.448798453908974659e-01
1.000000000000000000e+00
9.349791445200896778e-01
1.000000000000000000e+00
-1.000000000000000000e+00
1.486128465999091430e-01
1.000000000000000000e+00
8.500211251572192817e-01
4.937641241520396296e-02
1.247012189489096201e-01
-8.550279299854361970e-01
-1.000000000000000000e+00
4.504954426587604033e-01
1.000000000000000000e+00
-6.639245687675405794e-01
7.080631613475876218e-01
1.000000000000000000e+00
9.837118732157783541e-01
1.000000000000000000e+00
-1.000000000000000000e+00
-7.906704487741099685e-01
2.631228122785996826e-01
1.407959004516740054e-01
8.818977572980006840e-01
-1.000000000000000000e+00
8.140240462257392062e-01
3.929250934227718206e-01
-1.000000000000000000e+00
1.000000000000000000e+00
4.435813821508672872e-01
-3.094086030871548432e-02
-1.234195328854816864e-01
6.034109805873464349e-01
1.972283860907360076e-01
4.595437116918180687e-01
-9.827502390644715646e-02
1.000000000000000000e+00
1.000000000000000000e+00
1.000000000000000000e+00
-1.000000000000000000e+00
1.000000000000000000e+00
-3.277782892669364179e-01
8.548399835957518622e-01
2.987649290965619375e-01
-6.934760780872210040e-01
-1.600999576471743291e-01
1.786744616117610374e-01
1.000000000000000000e+00
5.636737106353371107e-01
-1.000000000000000000e+00
3.922455840369780677e-01
6.318187538175901174e-01
-9.496804088177881464e-01
2.246168459907372794e-01
8.030938654672709065e-01
-4.662552557057577096e-01
1.000000000000000000e+00
-1.000000000000000000e+00
-9.714442995470425890e-01
2.229549383570156307e-01
-9.427046517098358613e-03
-3.332555032457500399e-01
1.000000000000000000e+00
-1.000000000000000000e+00
4.681397505094468947e-01
1.000000000000000000e+00
-1.853630094721144261e-01
1.000000000000000000e+00
1.364931000556524054e-01
-7.600783136999376133e-01
1.000000000000000000e+00
2.585029204554658566e-01
-1.602925945149834552e-01
2.720116240017160791e-01
8.767288347008239668e-01
1.000000000000000000e+00
2.329021846788131844e-01
1.000000000000000000e+00
1.000000000000000000e+00
1.000000000000000000e+00
-1.000000000000000000e+00
-1.000000000000000000e+00
-8.508719729181801750e-01
1.000000000000000000e+00
1.000000000000000000e+00
-9.616521876222254850e-01
-6.599840536123142698e-01
1.879703607315939551e-01
-1.000000000000000000e+00
-2.917457718311569081e-01
5.783308346867865879e-01
6.506750091801283276e-01
1.000000000000000000e+00
-4.496899363498041424e-01
4.889778564847686582e-01
1.617636912655706083e-01
7.010022282172559960e-01
-1.000000000000000000e+00
-3.446816539212117503e-01
-1.000000000000000000e+00
-1.000000000000000000e+00
-9.369930487528321805e-01
9.149702003787434368e-01
-1.000000000000000000e+00
-8.624057063188281802e-01
5.615901660730231448e-01
1.000000000000000000e+00
1.414903853190355165e-01
-2.707864111484508673e-01
-5.441060936043329299e-01
1.000000000000000000e+00
1.000000000000000000e+00
-1.000000000000000000e+00
5.732618351999875517e-02
4.686335934447363183e-01
1.000000000000000000e+00
1.000000000000000000e+00
-5.091321673574733531e-03
1.241556902602247853e-01
1.000000000000000000e+00
-1.000000000000000000e+00
-1.066075708104076147e-01
-7.873035715573347693e-01
4.511079911212344529e-01
3.238435854576116046e-01
2.387577633780946229e-01
-4.170208128815774407e-01
5.241870075023196129e-01
-9.752106270545808364e-01
-4.337210403716684759e-01
-1.167903356369933698e-01
1.000000000000000000e+00
-6.308714649226625504e-01
-1.000000000000000000e+00
-1.000000000000000000e+00
-1.265203987261047658e-01
8.156206053009584789e-01
-8.497131970506525134e-01
-1.000000000000000000e+00
1.000000000000000000e+00
5.579808455191417327e-01
6.157658528394260866e-01
-1.000000000000000000e+00
-1.000000000000000000e+00
-4.258677482673528525e-02
1.156159647281060909e-01
-5.233911310893772928e-01
2.855448642765587852e-01
6.058027650093811278e-01
-8.297404155437275719e-01
-6.844125711028168357e-01
1.895334234835739651e-01
-3.115480095323678311e-01
5.521974137179136433e-01
1.000000000000000000e+00
-2.560978320473701886e-01
7.609348521026892964e-01
-8.297554225625340951e-01
8.092763396342926852e-01
-3.714482995358304729e-01
-2.620284506050136741e-01
1.000000000000000000e+00
-2.431312840884386484e-01
1.000000000000000000e+00
-1.000000000000000000e+00
-1.000000000000000000e+00
-4.198031330986442544e-01
-1.000000000000000000e+00
1.000000000000000000e+00
1.000000000000000000e+00
1.000000000000000000e+00
-1.000000000000000000e+00
-3.817870760587541712e-01
-9.847239297108412170e-01
1.000000000000000000e+00
-1.000000000000000000e+00
-1.000000000000000000e+00
-1.298783422429741208e-01
3.088330953509194066e-01
-1.953929481322488337e-01
-5.089717271118343600e-01
-7.350151029457092922e-02
-1.000000000000000000e+00
1.000000000000000000e+00
-9.914383298160303060e-01
1.000000000000000000e+00
-2.790409668959196732e-01
5.469166563025924521e-01
1.696254265281185170e-01
-9.202613776026952186e-02
-1.000000000000000000e+00
-3.630996303973488271e-01
-1.000000000000000000e+00
1.000000000000000000e+00
1.000000000000000000e+00
-1.589996768382317960e-01
-3.498828585154871718e-01
-2.228202531913104911e-01
-8.891910107302067878e-01
6.400560339019162326e-01
-1.000000000000000000e+00
1.000000000000000000e+00
-1.000000000000000000e+00
1.000000000000000000e+00
-3.008323607592746640e-01
-1.000000000000000000e+00
-1.000000000000000000e+00
-3.380473056457919956e-01
-7.510729635618096367e-02
1.654399215171018511e-01
1.000000000000000000e+00
-1.000000000000000000e+00
-1.000000000000000000e+00
5.184744790653805779e-02
8.434982277757199221e-01
-1.000000000000000000e+00
-6.423023970867169918e-02
1.000000000000000000e+00
1.519730929280156406e-01
-5.494413745873337751e-01
-5.694707348384760864e-02
3.441558009775044225e-01
-6.234491995563482547e-01
-1.000000000000000000e+00
-1.000000000000000000e+00
-1.000000000000000000e+00
1.000000000000000000e+00
7.346287232961539182e-01
-2.361953875061484354e-02
7.660664555894471928e-01
5.476712215739902856e-01
-1.000000000000000000e+00
1.000000000000000000e+00
4.897930553038579715e-01
2.535353086071064910e-01
-8.674436583232081333e-01
1.000000000000000000e+00
-1.000000000000000000e+00
1.527648105941825651e-02
-1.000000000000000000e+00
-5.505386457507170928e-01
-1.000000000000000000e+00
3.267632967528569798e-01
-1.000000000000000000e+00
1.000000000000000000e+00
8.875023864102504767e-01
-1.000000000000000000e+00
4.049846300282128331e-01
-3.656476857064994701e-01
2.776742686313919961e-01
-1.726413302123145366e-01
-1.000000000000000000e+00
2.205232660732366901e-01
-1.000000000000000000e+00
-1.000000000000000000e+00
-1.000000000000000000e+00
-1.000000000000000000e+00
-1.000000000000000000e+00
1.000000000000000000e+00
5.104553267277300854e-01
-1.000000000000000000e+00
-4.751139869553947515e-01
-1.000000000000000000e+00
-7.867982472945485029e-01
-2.349388333597542955e-01
1.000000000000000000e+00
-1.000000000000000000e+00
-1.128226458804844345e-01
-1.000000000000000000e+00
-1.000000000000000000e+00
-5.040604407563200606e-01
1.000000000000000000e+00
1.000000000000000000e+00
1.163424272471041965e-01
1.000000000000000000e+00
5.373046224232455037e-01
1.000000000000000000e+00
1.000000000000000000e+00
-1.503880238099499500e-01
-1.000000000000000000e+00
-4.884865129518567439e-01
3.790862267226000615e-01
-1.895829703099398689e-01
-1.000000000000000000e+00
1.000000000000000000e+00
-1.000000000000000000e+00
1.000000000000000000e+00
9.339091804921009210e-01
1.000000000000000000e+00
-2.018742919521366447e-02
2.658715363306465296e-01
1.000000000000000000e+00
1.000000000000000000e+00
1.000000000000000000e+00
-9.563325928417560906e-01
1.000000000000000000e+00
-1.000000000000000000e+00
5.206813171555675357e-01
7.085763824608591888e-01
-6.130452987194026093e-01
-2.773557869786441588e-01
-1.000000000000000000e+00
-3.324707840708893691e-01
1.639123236437386721e-01
1.000000000000000000e+00
-9.768731607341946122e-01
-1.000000000000000000e+00
4.419055575644916800e-01
5.296501759229583772e-01
4.868368241023878218e-01
-3.661473485910379799e-01
-4.310621492526694465e-01
-1.525822001993412669e-02
-7.150013357150971638e-01
-3.104467803682283700e-01
6.415026474362518494e-01
4.920984189639258100e-01
-1.000000000000000000e+00
1.000000000000000000e+00
-1.000000000000000000e+00
1.000000000000000000e+00
2.635787912016767098e-01
8.427199196820412963e-01
-1.000000000000000000e+00
-9.556804504658467092e-01
5.032540709743463792e-01
6.739497563233516342e-01
1.000000000000000000e+00
-2.746074429164838820e-02
4.609286146875411494e-01
-7.786221541578932648e-01
3.963781526068502759e-01
6.226380446389944145e-01
-1.000000000000000000e+00
1.000000000000000000e+00
5.027620148982150372e-01
-1.000000000000000000e+00
-7.916428571439475537e-01
6.513980997791266603e-01
8.058159209911169851e-02
9.976746631557646960e-01
-1.516096045150842064e-01
1.000000000000000000e+00
1.000000000000000000e+00
-9.550923816457630444e-01
-1.000000000000000000e+00
9.653469225031577894e-01
7.569169258474695017e-01
-5.444836066045291023e-01
-3.844997721242471300e-02
8.020779756198805899e-01
3.595819984000446778e-01
1.000000000000000000e+00
-1.000000000000000000e+00
1.000000000000000000e+00
1.976384105948699177e-01
-7.526295261102884382e-01
2.323260877665086488e-01
9.488954779436632458e-01
1.000000000000000000e+00
-6.248902202868173994e-01
1.745550063774757299e-01
6.825893038028510995e-01
-2.330135077950083733e-01
1.000000000000000000e+00
7.699930688894318642e-01
6.664238531205844973e-01
-7.542962804393280596e-01
5.729288533886329748e-01
1.000000000000000000e+00
5.076002176250210551e-01
1.000000000000000000e+00
-8.543358176151609751e-01
1.000000000000000000e+00
3.629312478357035743e-01
6.022796463114631349e-01
2.912816475260096016e-01
1.000000000000000000e+00
1.000000000000000000e+00
-3.228302085158097356e-01
-1.593341552630881397e-01
1.000000000000000000e+00
5.960194358134020265e-02
-1.000000000000000000e+00
-2.862933572549328787e-01
4.230678133775788163e-01
-1.000000000000000000e+00
-1.063349256527883063e-01
-2.134901974634818012e-01
1.000000000000000000e+00
7.135806701137886732e-01
-1.000000000000000000e+00
-1.000000000000000000e+00
-4.099777404408710968e-01
-9.875581813237066520e-01
-2.888166848220311556e-01
4.601893785797063208e-01
1.000000000000000000e+00
9.712169866549159591e-01
1.000000000000000000e+00
4.457011759051887623e-03
-4.463646161464351336e-01
-5.403555046962584818e-01
1.000000000000000000e+00
1.000000000000000000e+00
6.368002579127176599e-01
-7.740010447637062363e-01
5.393100331445377371e-01
-6.544216676530355270e-02
-1.000000000000000000e+00
-2.527208249994180589e-01
-1.000000000000000000e+00
7.892354743219843760e-01
-3.865468807948886365e-01
1.000000000000000000e+00
-4.745318639788191351e-01
1.000000000000000000e+00
1.000000000000000000e+00
-3.620464734222011427e-01
-3.394792892618151425e-01
2.275166432707508291e-01
8.908354292433282584e-01
-4.871733027961094864e-01
-1.000000000000000000e+00
1.000000000000000000e+00
-1.381680803201048580e-01
5.737183299079536836e-01
-1.000000000000000000e+00
-6.574911767409460372e-01
4.147118226894931370e-01
-1.000000000000000000e+00
7.596631491025975791e-01
2.350382196813761981e-02
1.000000000000000000e+00
-1.000000000000000000e+00
-9.345495742900353786e-01
1.000000000000000000e+00
-9.388287287148552873e-02
-1.000000000000000000e+00
-1.000000000000000000e+00
-3.831493947489375551e-01
-7.058283776271707666e-01
1.000000000000000000e+00
-6.098688429544847356e-01
5.905773305136103879e-01
-8.891448815470485156e-01
-1.000000000000000000e+00
1.000000000000000000e+00
1.000000000000000000e+00
-4.129829419149609326e-01
-3.352698865424491581e-01
-5.729304460628757978e-01
-1.000000000000000000e+00
-1.019863647265478734e-01
-8.163454427111009881e-01
4.465350309149851427e-03
-4.306253822718475455e-01
1.000000000000000000e+00
4.639323758230117223e-01
-1.233024961308917394e-01
-1.000000000000000000e+00
-1.000000000000000000e+00
-1.424581075078337478e-01
1.000000000000000000e+00
1.000000000000000000e+00
1.000000000000000000e+00
-1.000000000000000000e+00
-6.591820063909681338e-01
5.316090617316597822e-01
-1.000000000000000000e+00
1.000000000000000000e+00
-1.000000000000000000e+00
-1.566870713911412694e-01
-1.000000000000000000e+00
-8.194243195370530808e-01
-7.622877703738983879e-01
-6.020669245632026545e-01
1.000000000000000000e+00
-9.292139301331353574e-01
1.000000000000000000e+00
9.018885437056666232e-01
3.357275259287580971e-01
7.431364246125033990e-01
-7.896732799898398270e-01
6.040949372844826026e-01
1.000000000000000000e+00
9.409970296987869576e-01
-3.777907396471668067e-01
-1.000000000000000000e+00
2.854416086226940763e-01
8.645586772870826886e-01
6.125282715296559433e-01
2.590448675613850060e-01
-6.040188066804206279e-01
1.000000000000000000e+00
-3.397304379122146334e-01
8.090968956459608785e-01
1.000000000000000000e+00
-3.569454179898723378e-01
-2.347068397332873202e-01
1.000000000000000000e+00
-1.000000000000000000e+00
4.207278487399377376e-01
2.120233904647317591e-01
2.319376936596780625e-01
-4.200361169026580188e-01
1.924721623820576655e-01
-3.757422982158415969e-01
3.162610676910256879e-01
1.000000000000000000e+00
-3.880548617282891105e-02
-3.479513144268636671e-01
-8.796651061574854991e-01
-8.180312581982032150e-01
-1.000000000000000000e+00
-5.831865057702345645e-01
8.492243022134828845e-01
1.405285319070973260e-01
-6.922539184684811664e-01
-9.008281486775346902e-01
8.614786878580482643e-01
-1.356949778697292275e-01
-1.484478989044958341e-01
1.751115079829685117e-01
5.465906078382964939e-01
1.000000000000000000e+00
2.669826784885881432e-01
3.563354715462466182e-01
1.000000000000000000e+00
-1.000000000000000000e+00
-1.962051288958957529e-01
2.135688069438369252e-01
1.000000000000000000e+00
5.677418258629629566e-01
1.000000000000000000e+00
-9.740551260027612290e-01
-8.787715884957875145e-01
-8.135954011142872977e-01
7.324845557262666951e-01
2.842005675855370506e-02
8.734708768569207082e-01
1.000000000000000000e+00
-9.934660621789173085e-01
5.136117624763743006e-01
-1.000000000000000000e+00
-2.713070810723717252e-01
5.701708121073110203e-01
-5.446814697368708158e-01
4.332573499464580369e-01
-1.000000000000000000e+00
-9.294576297031805767e-01
-8.000531791943367443e-02
8.375243159938029758e-02
5.834690419818341356e-01
6.372416726470070403e-03
1.000000000000000000e+00
-7.755891291746097593e-01
2.953081421034300935e-01
4.299155406307274552e-01
-1.000000000000000000e+00
1.000000000000000000e+00
-1.000000000000000000e+00
-6.510608183391426440e-01
9.097135011473742594e-01
-3.571895084819437516e-01
3.968517438575028811e-01
-1.000000000000000000e+00
4.349744584993839314e-01
-1.000000000000000000e+00
-1.000000000000000000e+00
-1.000000000000000000e+00
-1.000000000000000000e+00
-3.990562718142431908e-01
4.621215995485341010e-01
6.994017040277233921e-01
2.615402034116487417e-01
-1.000000000000000000e+00
-7.187514094302973611e-01
1.000000000000000000e+00
-1.000000000000000000e+00
-1.524908823427610916e-01
-8.061152120414341038e-01
4.983795978424969686e-01
-2.011759086359170556e-01
1.000000000000000000e+00
-3.810235799557243341e-01
1.000000000000000000e+00
-6.773636403917346893e-01
-1.808508036026386934e-01
1.000000000000000000e+00
5.611795707280144985e-01
1.000000000000000000e+00
-4.246813167481642837e-01
-1.000000000000000000e+00
1.000000000000000000e+00
6.392036312219547822e-01
-5.614205131792110448e-01
1.000000000000000000e+00
1.000000000000000000e+00
-7.957423103202903025e-01
-1.000000000000000000e+00
1.000000000000000000e+00
1.000000000000000000e+00
-7.076356857317001037e-02
1.000000000000000000e+00
1.000000000000000000e+00
1.620103048532053891e-01
1.000000000000000000e+00
1.000000000000000000e+00
5.594358055910385596e-01
-5.967492985312821130e-01
3.868986338595659658e-01
-4.739445467362560227e-01
3.964813285036834500e-01
6.766223045861884389e-01
-1.000000000000000000e+00
-8.800558389496415668e-01
-1.462134916012214347e-03
9.057537948035019326e-01
-1.000000000000000000e+00
9.273476471534729537e-01
-3.875503199099731289e-01
-1.000000000000000000e+00
4.526399068769405565e-01
6.021140933440750631e-01
-2.325675835102257727e-01
-3.200919945149358625e-01
5.387291567282648241e-02
1.000000000000000000e+00
2.552275643493580604e-01
-1.000000000000000000e+00
-1.000000000000000000e+00
1.000000000000000000e+00
-7.855974813576515059e-01
-5.377502106046454511e-01
-5.331078549504426611e-01
2.159407554042290789e-01
-9.556676413704658923e-01
1.000000000000000000e+00
4.867112288266080000e-01
1.000000000000000000e+00
1.000000000000000000e+00
-1.391468378625581037e-01
8.626530124239800701e-01
-9.976416739581470683e-01
8.853449694500429290e-01
3.162510508329716696e-01
-4.556362999954860493e-02
1.000000000000000000e+00
4.476206372607809958e-01
-7.554592622893898657e-01
-1.346686256968121775e-01
2.923853313602516324e-01
-3.664656309101672060e-01
6.604140430601646017e-02
1.000000000000000000e+00
-1.000000000000000000e+00
8.880703665303423255e-01
1.000000000000000000e+00
-9.179896244044247755e-01
-1.000000000000000000e+00
1.000000000000000000e+00
-2.798160643736596898e-01
1.000000000000000000e+00
-6.572922743484956865e-01
-2.078293580915391847e-01
-1.000000000000000000e+00
5.507538815802051069e-01
-5.828183879566700698e-01
-3.883043206740188769e-02
-1.000000000000000000e+00
1.590142950306069891e-01
1.000000000000000000e+00
-3.429252514726388590e-02
-5.496925734290120102e-01
4.813250131750639316e-01
-8.994073488112968445e-03
-5.859943751017854252e-02
-3.413212954129062338e-01
-4.494510732832623368e-01
-7.187304762928172774e-01
4.366341963735367315e-01
6.052974229268491824e-01
-2.622837240009458504e-01
6.848277136005034293e-01
9.645028460317026653e-01
-1.000000000000000000e+00
-6.494211823702568109e-01
1.000000000000000000e+00
3.996922834836502680e-01
-3.309602929380492387e-01
-1.185201012359232420e-01
1.000000000000000000e+00
-7.938145823211643914e-02
8.848324922961161576e-01
7.544209916007266203e-02
1.000000000000000000e+00
3.236948018989415088e-01
-3.918676594108540523e-01
7.107339735958788651e-01
3.689794732093672480e-01
6.341124301193535873e-01
-1.000000000000000000e+00
6.188375344300364178e-01
8.132141773857870515e-01
3.932387509779177170e-01
-4.253698521653119791e-01
-2.121802649653795059e-01
3.168861711557022232e-01
-8.857448742456839330e-01
-7.639840009324443404e-01
-4.845029660516300685e-01
-1.000000000000000000e+00
-4.079575345169383915e-01
-6.036483569259717408e-01
-1.000000000000000000e+00
-4.004279011359189733e-01
-3.479542092967934097e-03
9.434685418924235734e-01
1.000000000000000000e+00
-1.000000000000000000e+00
-8.879524170355872492e-01
-9.101413484702751688e-01
-1.000000000000000000e+00
7.415471709727396998e-01
1.690536034764557882e-01
8.302626128472695433e-02
1.000000000000000000e+00
-8.426223759987021555e-01
3.786817349755495776e-01
-3.734402593094303668e-01
1.000000000000000000e+00
-1.000000000000000000e+00
-1.000000000000000000e+00
1.000000000000000000e+00
5.491272369331816616e-01
-3.937775035454390560e-01
1.000000000000000000e+00
-2.917345267376771911e-01
1.000000000000000000e+00
-1.000000000000000000e+00
-1.000000000000000000e+00
-1.000000000000000000e+00
-3.753615186305798990e-03
1.000000000000000000e+00
-8.538236862919662551e-02
-1.000000000000000000e+00
4.142467945232106707e-01
8.854539693803918921e-01
1.000000000000000000e+00
1.000000000000000000e+00
-8.489036923822090852e-02
-9.764359858494684463e-01
-5.386658868732480121e-01
9.856498143222941488e-02
-2.749572027943286701e-01
6.817214365031588619e-01
-3.907391183232188925e-01
1.000000000000000000e+00
1.000000000000000000e+00
-3.365001098939990887e-01
4.777001462609658522e-01
-2.569904591588373366e-01
1.000000000000000000e+00
-1.598847606899857499e-01
1.136307041619056823e-01
-1.000000000000000000e+00
4.287349717953669592e-01
4.760889419868502559e-01
-1.000000000000000000e+00
3.983417636154780728e-01
-8.730479734955355342e-01
-1.646731352132205228e-01
-2.523525708128731004e-01
-1.000000000000000000e+00
-7.787438053910457070e-01
1.000000000000000000e+00
-5.606000314310000121e-02
-5.021846631438927622e-01
1.989754013257933885e-01
-4.579600055974937800e-01
-4.751527036081693023e-01
4.460409770967586618e-01
-4.664541496490851036e-02
2.103780779349055940e-01
4.767947444370005949e-01
-5.114898130531997378e-02
-1.000000000000000000e+00
-1.000000000000000000e+00
-6.773323345634744141e-01
-1.000000000000000000e+00
6.400964427831985493e-01
-4.005997265907816351e-01
-1.000000000000000000e+00
-9.409898790535622393e-01
9.058643468434746104e-01
5.975401330899057228e-01
1.000000000000000000e+00
-1.000000000000000000e+00
3.281567822518173805e-01
-1.000000000000000000e+00
2.660340331833274674e-02
5.815290826013739256e-01
2.019714212068568493e-02
-9.589065638660057012e-01
1.000000000000000000e+00
1.000000000000000000e+00
-1.000000000000000000e+00
1.000000000000000000e+00
-4.859400843259139569e-01
9.389873612530137414e-01
1.000000000000000000e+00
1.248175096928626909e-01
1.000000000000000000e+00
-1.797361275957478632e-01
-1.331925687685371340e-01
-1.000000000000000000e+00
1.000000000000000000e+00
-3.350042023782670575e-01
9.563440064274109087e-01
2.179570713278763949e-01
-3.943488196427621939e-01
4.131834639361958716e-01
-1.000000000000000000e+00
6.229100699770693250e-01
-1.000000000000000000e+00
-1.000000000000000000e+00
-1.000000000000000000e+00
1.000000000000000000e+00
-1.000000000000000000e+00
3.704214274982431387e-01
-1.000000000000000000e+00
-9.090857961695544276e-01
-1.000000000000000000e+00
-7.271939951918351408e-01
1.000000000000000000e+00
1.554482254625302318e-01
-6.194729768058090391e-01
-1.000000000000000000e+00
1.000000000000000000e+00
-2.592687474856270047e-01
-9.612564853966850675e-01
9.126517523538638099e-02
5.490042217603549046e-01
5.737205291033138366e-01
-2.570721324132298480e-01
-1.000000000000000000e+00
-1.000000000000000000e+00
6.304837000198859620e-01
-1.145449924549160614e-01
3.959827076776524235e-01
-8.983799841814354981e-01
-8.429841045604764549e-01
-1.495561194855900278e-02
-1.000000000000000000e+00
-1.000000000000000000e+00
-6.930699150205922310e-01
6.393944434534724053e-01
-3.676370847230479577e-01
1.964653385797787699e-02
2.424638656099473155e-01
-1.000000000000000000e+00
8.764883322118561804e-01
5.509157209309001324e-01
4.216237452829422194e-01
-2.014281117013821953e-02
6.616875303051866775e-01
1.000000000000000000e+00
3.762656025385888170e-02
-4.202863459283903702e-01
1.000000000000000000e+00
1.756707752841549230e-01
1.000000000000000000e+00
3.231124532475934119e-01
-1.000000000000000000e+00
-6.539621485802995515e-01
-9.275654892711906463e-01
9.545703608822710962e-01
-1.346620933327561942e-01
-1.000000000000000000e+00
6.498277608478773004e-01
-7.634257855310889740e-01
-1.719976216033511640e-01
-1.000000000000000000e+00
-5.072940229727074257e-01
-1.000000000000000000e+00
4.031249306473122518e-01
-2.614230906980165026e-01
-1.000000000000000000e+00
2.448431603991723660e-01
2.764792317012291778e-01
-7.785685460764033561e-01
1.000000000000000000e+00
1.000000000000000000e+00
7.101143151537030185e-02
-1.000000000000000000e+00
-1.000000000000000000e+00
1.000000000000000000e+00
7.163858480940749063e-01
-5.713241657793437511e-01
-5.956402024840962151e-01
-3.036843284427042655e-01
3.207439741318826587e-01
-1.000000000000000000e+00
-1.000000000000000000e+00
-9.815351371796648960e-01
4.347566149671682756e-01
-1.747186956577460037e-01
-1.000000000000000000e+00
-8.032671194813447713e-01
4.416676276221200292e-01
-1.984085679803935243e-01
9.409972223150215864e-01
-6.364268773101425247e-02
-9.572043112733688019e-01
4.053282042639102523e-01
-1.000000000000000000e+00
-5.619631455639760576e-02
1.000000000000000000e+00
9.422941848795070019e-01
-2.751686847377450285e-01
-7.959713272942944284e-01
3.353606228262954181e-01
1.000000000000000000e+00
3.423894336457818932e-01
9.786190408790061968e-01
3.413843173856716540e-01
7.605819250645489138e-01
1.000000000000000000e+00
-9.070353277562980265e-01
5.196912536872356769e-01
1.680992023956002224e-01
-2.626941436714361755e-01
2.138898395862551260e-01
2.572199508225255227e-01
-1.000000000000000000e+00
5.151421742018528205e-01
5.200873659276666894e-02
1.000000000000000000e+00
1.000000000000000000e+00
4.873315172232484671e-01
8.483484704970337686e-01
7.987099212485117006e-01
3.632299276182455183e-01
-1.000000000000000000e+00
-1.000000000000000000e+00
9.284172941773555232e-01
-1.000000000000000000e+00
-1.000000000000000000e+00
-3.574692568923688585e-01
-1.097262975573658483e-01
-1.000000000000000000e+00
1.000000000000000000e+00
2.758227784750092448e-01
-1.000000000000000000e+00
1.000000000000000000e+00
-1.871079883229866403e-01
1.000000000000000000e+00
1.000000000000000000e+00
-6.962083413694695189e-01
-7.799394992454933284e-01
8.951184616603460320e-01
-7.360630451298796340e-01
-8.630827913328721346e-01
-1.323358138361119818e-01
-3.565200009134175119e-01
9.618129220272145785e-01
1.000000000000000000e+00
-4.394444473668471240e-01
-4.528862888307604306e-01
1.000000000000000000e+00
-2.350218941422498042e-01
-1.000000000000000000e+00
-7.986007762084699202e-01
7.912842511727787853e-01
-1.000000000000000000e+00
-7.162547947668866932e-01
-6.239772080018068934e-01
6.541767733878443014e-01
-2.863194361143134303e-01
-7.463589666254122346e-01
-9.254403426956888667e-01
5.961232419701181229e-01
-1.000000000000000000e+00
-1.779484777860271816e-01
-9.364074170451593127e-02
-1.110189875706573404e-01
-5.993215190715974749e-01
1.000000000000000000e+00
8.675719205769948095e-02
-1.000000000000000000e+00
4.820313527468217951e-01
-8.902852307074180516e-01
-8.710947138460037320e-02
-2.576983758990038509e-01
1.000000000000000000e+00
8.483267019021416555e-01
-2.364381288012111226e-01
4.355056490406777892e-01
-1.000000000000000000e+00
8.028575049407991882e-02
3.466046722320041407e-01
-9.456768037087629475e-01
1.118949252929721250e-01
8.477466197310209450e-01
1.765479872695097097e-03
4.882819427467468554e-01
1.000000000000000000e+00
2.519625602586056945e-01
4.445999221003498758e-01
-5.460072881558586388e-01
1.000000000000000000e+00
4.368979838189636089e-01
-5.596985720417533283e-01
1.561577190907242896e-03
-8.690231588032246712e-01
9.404423379702357977e-01
1.000000000000000000e+00
-8.243181281317633058e-01
-5.286314537839476024e-01
8.661913581434703691e-01
1.000000000000000000e+00
1.000000000000000000e+00
-6.730607107258572697e-01
1.000000000000000000e+00
-1.000000000000000000e+00
1.000000000000000000e+00
8.370396487630400451e-01
1.000000000000000000e+00
-9.592640314002853774e-01
-1.000000000000000000e+00
-1.347023108719525020e-01
-1.000000000000000000e+00
4.101812832374226447e-01
-9.291740833614745010e-02
1.000000000000000000e+00
1.000000000000000000e+00
-1.000000000000000000e+00
8.423111772451662149e-02
6.566707461832822501e-01
1.000000000000000000e+00
-5.593390792778742959e-01
7.400665320091911470e-01
4.958908540284900912e-01
1.000000000000000000e+00
-6.321523029524662718e-01
-1.000000000000000000e+00
-5.093271061623951823e-01
7.637895543201386195e-01
-1.000000000000000000e+00
-1.249995475536502809e-02
-5.777186642610181444e-01
5.184358490347251713e-02
1.000000000000000000e+00
8.085462682654898092e-01
-4.404061865133202525e-01
-4.653122270874266442e-01
5.565858825206878580e-01
-4.581401390836482013e-01
4.463667618499767564e-01
-6.343795226186192959e-01
1.000000000000000000e+00
7.171627900827132196e-01
3.544731025809854663e-01
1.000000000000000000e+00
1.000000000000000000e+00
1.000000000000000000e+00
-5.227759944717620400e-01
-3.987241735250186547e-01
1.000000000000000000e+00
-6.171544109428461766e-01
9.687219525458983238e-01
1.000000000000000000e+00
-6.071067002615579966e-01
-1.801152743052677474e-01
-7.702188899403528133e-01
9.330367864178180648e-01
-1.000000000000000000e+00
-4.112542923861846611e-01
-5.840418079052471789e-01
9.876024801561802402e-01
-1.714872206074886107e-01
-1.000000000000000000e+00
4.784978577438668279e-01
-2.833697122517451761e-01
-7.595099553662686409e-01
-7.295494141219844852e-01
2.577192916550246626e-01
7.542303898056134104e-01
-1.091226710735301031e-01
-4.334452406655776580e-01
-7.771111868628117758e-01
5.265211782410649244e-01
7.382688215876818949e-02
-5.231680546937846898e-01
-1.873604955030312713e-02
9.905119294132987973e-01
-1.000000000000000000e+00
1.000000000000000000e+00
-5.404682872523522974e-01
-2.968358434206133101e-01
-1.759326351523518572e-01
-6.331284162030692553e-02
-2.775846311957893553e-01
-2.478194120243282783e-01
-1.734435436012521092e-01
7.172615128679258323e-01
1.000000000000000000e+00
1.741460405114262922e-01
4.447021461998482139e-01
-7.247392282943120323e-01
-7.871492243000201006e-01
1.625218280979900953e-01
1.000000000000000000e+00
-1.000000000000000000e+00
-5.861080635676015893e-01
1.040821952024212071e-01
7.771563598079658242e-01
1.084678712451812577e-01
3.260811657797901830e-01
5.384546010066577626e-01
-7.068791282175115320e-01
7.600627050318079503e-01
3.074939857883641214e-01
-8.654093591452239886e-01
2.104315121476768580e-01
4.783412163645777149e-01
-1.000000000000000000e+00
4.427724718433055928e-01
6.215121320096731461e-01
2.466463614794934256e-01
8.115531097253106951e-01
-1.000000000000000000e+00
-7.202065264401470435e-01
1.000000000000000000e+00
2.672584009046803377e-01
-8.369613264913798867e-01
-1.000000000000000000e+00
1.000000000000000000e+00
-1.000000000000000000e+00
-1.000000000000000000e+00
-1.000000000000000000e+00
-8.329604182972802917e-01
1.000000000000000000e+00
1.000000000000000000e+00
-1.000000000000000000e+00
-1.443660598133861828e-01
-4.525156525828473719e-01
3.257668568433662315e-02
-1.000000000000000000e+00
-1.000000000000000000e+00
5.376205071032001959e-01
-5.382137453686942630e-01
1.000000000000000000e+00
-8.215449074635683413e-01
-1.000000000000000000e+00
-2.965616853101681327e-01
-2.002410623103574872e-01
2.765160784118305126e-01
-5.147566662410428817e-01
-7.211257604684212508e-01
-1.173620034650628141e-01
-4.277028639718177816e-01
-5.631159549888975491e-01
3.594846527821737303e-01
2.443376775711690041e-01
-7.467072208695686442e-01
1.000000000000000000e+00
-5.144641306388106350e-02
3.754847346983481993e-01
-1.503867234190255364e-01
-3.099478125614071322e-01
-1.000000000000000000e+00
1.000000000000000000e+00
1.000000000000000000e+00
-1.146548086503438313e-01
-7.256033497490566031e-02
-7.783951395064603318e-01
1.000000000000000000e+00
-4.700690909168885323e-01
-3.116510151154852637e-02
1.363608389552203870e-01
-1.000000000000000000e+00
-1.092197510843531394e-01
-4.439161327588872497e-01
-1.000000000000000000e+00
-1.889604192750252709e-01
5.871424367651227882e-01
-5.211169079395567838e-01
1.000000000000000000e+00
-1.000000000000000000e+00
-3.002951351357928678e-01
-5.009403658018118932e-01
4.417353546151520649e-01
1.000000000000000000e+00
-4.881206342527705799e-01
9.767112845649966735e-01
1.694229622163320736e-01
2.328413807077039377e-01
-6.492486475688996617e-01
-9.952414388033396786e-02
1.000000000000000000e+00
-1.000000000000000000e+00
-6.349789354061976532e-01
-1.000000000000000000e+00
5.313647025364011123e-01
1.000000000000000000e+00
-1.214864021012578288e-01
-4.685833367790748216e-01
-1.975754404591983371e-01
1.000000000000000000e+00
2.086239892267156282e-01
-1.000000000000000000e+00
-8.225617589580096478e-01
-1.000000000000000000e+00
7.761761955533054147e-01
-7.684840066514220247e-01
-1.350867257844422797e-01
-5.000436507839026712e-01
-1.000000000000000000e+00
5.988791687952953469e-01
-6.135018898201622939e-01
-9.877199366293172300e-01
7.950632576181645428e-01
8.714291833066754034e-01
-7.945019429931415855e-01
-1.109172528054905016e-01
-1.387742206393060562e-01
6.812103963405261031e-02
-9.447995674841545011e-01
-4.128117138806461917e-01
-8.448075356024062899e-01
-1.756656981825663322e-01
-9.727254322039088907e-02
1.693185992244665428e-01
1.000000000000000000e+00
-1.000000000000000000e+00
-9.345390533074688921e-01
-7.914171347723325534e-02
3.681090310805845700e-02
1.000000000000000000e+00
-1.000000000000000000e+00
-1.000000000000000000e+00
3.896618319411498943e-01
1.000000000000000000e+00
1.000000000000000000e+00
1.000000000000000000e+00
-8.877958650527083551e-01
3.569838599315979244e-01
-1.000000000000000000e+00
1.000000000000000000e+00
-7.815188307036838311e-02
-3.033772961349306962e-01
-1.000000000000000000e+00
7.163634403670731121e-01
-1.000000000000000000e+00
1.000000000000000000e+00
-9.049203924726147985e-01
2.690580123584826455e-01
-9.017519774860487392e-01
-2.798890593009695227e-01
1.000000000000000000e+00
1.000000000000000000e+00
-1.000000000000000000e+00
2.579531825768094366e-02
3.526287206101095251e-01
9.022671445025345904e-03
1.000000000000000000e+00
-1.006663432595052421e-01
1.000000000000000000e+00
-8.560988549454692231e-01
1.407634751355417713e-01
-1.000000000000000000e+00
-4.246139817118417259e-01
1.000000000000000000e+00
-1.000000000000000000e+00
1.000000000000000000e+00
1.000000000000000000e+00
-5.284563471295199433e-01
-3.527097653106198161e-01
-1.000000000000000000e+00
-4.808894914441272928e-01
-2.782471788099142307e-01
-3.377782601415906805e-01
-1.000000000000000000e+00
1.000000000000000000e+00
-4.604893416796085326e-01
-3.313516702847769668e-01
1.000000000000000000e+00
2.906849822819135842e-01
1.464168018077539601e-01
-4.655183057189323792e-01
-7.771300852688840521e-01
1.000000000000000000e+00
1.000000000000000000e+00
1.000000000000000000e+00
-2.637186975432364022e-01
-1.000000000000000000e+00
-1.969856151682786716e-01
7.365448121313221685e-01
7.620589178378588402e-01
-1.721366656823350438e-01
4.268909441175223751e-01
-6.343698063084437511e-01
6.958799394727552823e-01
1.000000000000000000e+00
-6.727437178295125886e-01
1.000000000000000000e+00
9.949055045824085619e-01
1.000000000000000000e+00
7.751399580510673903e-01
9.248195814894644151e-01
-7.468626705660581511e-01
1.987722009035191029e-01
1.780844944661959528e-01
1.000000000000000000e+00
-4.426518699593628980e-02
8.941112763160961041e-01
-3.929909502706961377e-01
-7.963332200615983458e-01
3.965176754199181697e-01
-3.738221933509228156e-03
-9.152077163298296680e-01
1.000000000000000000e+00
-7.556023784194205728e-01
-2.883789665724017515e-01
4.978494652352933800e-03
-7.462063716968723170e-01
-1.000000000000000000e+00
1.000000000000000000e+00
-2.900704127631359985e-01
6.726000641824693149e-01
3.262104850770506381e-01
-1.000000000000000000e+00
1.000000000000000000e+00
1.000000000000000000e+00
1.000000000000000000e+00
9.327015353624455996e-01
-2.890322486451843975e-01
-6.355325082084584132e-01
-6.036153958093015692e-01
9.706385383643100218e-01
1.934490486282159638e-01
-2.320455761128494832e-01
5.654918299290024875e-01
4.939818032681370097e-01
-1.000000000000000000e+00
1.000000000000000000e+00
-2.537557261064375957e-01
-9.608569395926707113e-01
5.077164012251387248e-01
1.000000000000000000e+00
-6.205250535261765954e-01
-2.363172323529799668e-01
-1.000000000000000000e+00
7.311479547526952283e-01
2.336972157493789060e-01
-2.311820469299391556e-01
1.000000000000000000e+00
8.440066645291339764e-01
-1.000000000000000000e+00
1.826195324938884312e-01
3.496301973884581860e-01
4.069991767605641853e-01
1.000000000000000000e+00
-9.286503217827296597e-01
-1.000000000000000000e+00
-2.335819438352802480e-01
-9.191418834379430081e-01
1.000000000000000000e+00
-7.322181962316637316e-01
-4.806326060130380884e-01
-1.000000000000000000e+00
-5.717994757841844411e-01
2.767004112577658992e-01
1.285452857797034776e-01
-1.000000000000000000e+00
-7.265655165113287239e-01
1.000000000000000000e+00
1.000000000000000000e+00
1.000000000000000000e+00
7.631398049442819076e-01
5.251748404673063364e-01
5.878733273514402669e-03
1.000000000000000000e+00
-3.511983594375490680e-01
-1.000000000000000000e+00
-1.000000000000000000e+00
-1.000000000000000000e+00
-9.975969088971069487e-01
9.480402807494294759e-01
5.581049218516145327e-01
-8.764236426213595221e-01
-9.202020790878718826e-01
-1.000000000000000000e+00
-1.841677370205771769e-01
-1.000000000000000000e+00
-4.174797409675095050e-01
2.310855945216968577e-01
-2.058116718119862298e-02
-7.542055623644119411e-01
1.000000000000000000e+00
4.359624822951435608e-01
-1.917267867228313882e-01
1.087950450876457031e-01
8.551741123540219647e-01
-8.129722247108344124e-01
7.715161468342283113e-01
1.041116154827534390e-02
-4.630409261209752353e-02
1.893215802200458042e-01
1.000000000000000000e+00
-1.122660645496913745e-01
-1.000000000000000000e+00
-1.000000000000000000e+00
1.666080064954031381e-01
1.000000000000000000e+00
8.382086781978641543e-01
-1.000000000000000000e+00
-6.026395967226367834e-01
4.200558079807917289e-01
-2.835228304680965650e-01
3.187349167920630610e-02
9.218403796298796360e-01
-1.000000000000000000e+00
1.000000000000000000e+00
2.066359333678128296e-01
2.278665134533751635e-01
1.000000000000000000e+00
8.405576484167640583e-01
-5.317153701824645085e-01
-6.872682444706100791e-01
-9.464586454453622899e-01
1.000000000000000000e+00
-1.000000000000000000e+00
-1.568383888471637788e-01
-8.855266399543241240e-01
-4.233290129663134227e-01
-6.008882768312731049e-01
-2.401882592578331865e-01
-1.000000000000000000e+00
-3.848364082419838961e-01
7.837021096973486589e-01
1.206725094102524543e-01
-1.000000000000000000e+00
1.847589091914128012e-01
2.539128930461382327e-01
1.000000000000000000e+00
-3.511135145703100369e-01
-3.187870475022305250e-01
7.081648955141952584e-01
-1.530810634214364307e-01
7.713320500661746681e-01
-6.055262350809929028e-01
4.215734470459233663e-01
-1.352750231376009249e-01
-1.000000000000000000e+00
8.050289762603350940e-01
-3.417628929361564150e-01
-1.000000000000000000e+00
2.229548281002897703e-01
9.814276633868763700e-01
3.479241071834515697e-02
-4.313246082350548072e-01
-1.000000000000000000e+00
-4.033768176146054207e-01
7.630197523060761045e-01
6.207898605004094073e-01
-8.654743744809325623e-01
-5.020856867394341005e-01
2.182715746400530621e-01
2.290641660578950911e-01
-1.000000000000000000e+00
5.661613994033090069e-01
3.029111588173033498e-01
5.886593414012852854e-01
4.186159608041342128e-01
7.191941673577944005e-01
-2.801444481345640725e-01
-1.000000000000000000e+00
-1.000000000000000000e+00
2.915261793808025526e-01
-1.938085738216064058e-01
-1.000000000000000000e+00
1.695146190586012402e-01
3.462918204728065996e-01
-4.225256537652594124e-01
2.475749573211148691e-01
-4.711610304824198625e-01
-3.630280163116840764e-01
-3.653909855098786963e-01
1.000000000000000000e+00
-3.104155212379495765e-01
5.506415873214742795e-01
1.000000000000000000e+00
4.802266573029465579e-01
7.288828361610172335e-01
1.000000000000000000e+00
-8.047559760593727685e-01
9.633288856505791697e-01
1.000000000000000000e+00
-3.770746887750354159e-01
1.000000000000000000e+00
9.492974573001886629e-01
3.760143857233161357e-01
1.000000000000000000e+00
-7.513349081278009045e-01
3.971528478234607196e-01
-1.097977282617104144e-01
1.000000000000000000e+00
-3.730782087656845381e-01
6.781597704836125340e-01
8.610295480175663707e-01
1.000000000000000000e+00
-5.439640605205279256e-01
2.990534395442080440e-01
-5.636724666840062237e-02
-1.000000000000000000e+00
3.306387493426266588e-01
5.120001843140666864e-01
-1.000000000000000000e+00
-2.774620538087485544e-02
-1.000000000000000000e+00
1.187314144420306972e-01
9.908318415767165543e-01
1.000000000000000000e+00
4.354447289725768000e-01
1.896951219468068911e-02
6.033993501725267716e-01
4.998503399208770182e-02
5.855814413759732329e-01
-4.648218526442717824e-01
1.000000000000000000e+00
5.339761557743452070e-01
-4.337575953613003188e-01
-8.676589431657886209e-01
2.238738664070162865e-01
-1.000000000000000000e+00
5.257112477072172219e-01
-1.102975981281262285e-01
-1.931962380132630219e-01
2.005839252289616237e-01
-6.891405894480042704e-01
-2.690256102154274798e-01
6.100104234401576564e-01
1.000000000000000000e+00
-7.240583425300946008e-01
7.111623077404987114e-01
-7.969370244862322705e-01
4.456596958312298296e-01
-7.914006187384000635e-01
-5.310136773746866323e-01
-3.651373199574866613e-01
6.378889836624034027e-02
-3.824613837798043758e-01
2.360994539363392986e-01
-9.479508806708455415e-01
-3.687132101052857380e-01
-1.000000000000000000e+00
-3.157214507704230733e-01
-2.288616280948893855e-01
8.075056238130304820e-01
5.970109467732354069e-03
1.000000000000000000e+00
8.146915984390945553e-01
3.871737052452259853e-01
-1.000000000000000000e+00
1.558061158027743420e-01
-1.000000000000000000e+00
9.921191527225745044e-03
6.197174145360822006e-01
-1.000000000000000000e+00
6.722361140344672581e-01
7.797363861840852506e-01
1.054215534173591484e-02
-1.000000000000000000e+00
1.000000000000000000e+00
-1.000000000000000000e+00
-4.077222704748821314e-01
1.518929670471778903e-01
-5.185805286612030773e-01
2.673929608502582100e-01
2.652773793967578841e-01
-3.265248219147546815e-01
-1.000000000000000000e+00
1.000000000000000000e+00
-1.000000000000000000e+00
-3.907303785909205240e-01
1.000000000000000000e+00
-2.438557491230575747e-01
-7.176015493711928039e-01
-6.452754631683160769e-01
1.000000000000000000e+00
-2.389625297824427008e-01
4.824354217179928628e-01
6.244615215247197870e-01
-9.783055521687807898e-01
2.786416844377376245e-01
4.180510520201685676e-01
-4.372582549169160560e-01
1.599988672835971903e-01
3.735473032689243245e-01
1.000000000000000000e+00
-1.000000000000000000e+00
2.847108889259371556e-01
-1.000000000000000000e+00
-7.107588405622645711e-01
-5.853747926602004270e-02
-5.376020288087357546e-02
-1.612596520350846885e-01
-1.000000000000000000e+00
8.623115285411758757e-01
-1.000000000000000000e+00
-2.650433595408129006e-02
-2.468377316924418308e-01
-1.000000000000000000e+00
-6.398348519329373207e-01
-6.853442137762412456e-02
2.958421503381369888e-02
1.462177219087843760e-01
1.000000000000000000e+00
1.000000000000000000e+00
1.000000000000000000e+00
-9.970780023115402013e-01
8.414209531621366089e-01
1.000000000000000000e+00
1.000000000000000000e+00
-1.898602930922501930e-01
1.000000000000000000e+00
4.450981529826539829e-01
-4.095887580956141250e-01
-3.418745204367104051e-01
-6.297945273389563559e-01
-6.700899882167116184e-01
1.000000000000000000e+00
-3.902939324193437365e-01
-1.000000000000000000e+00
1.000000000000000000e+00
5.576263876851863532e-01
-1.000000000000000000e+00
-8.401394667391190452e-03
-5.994891112515161602e-01
1.000000000000000000e+00
-1.562898450133149986e-01
1.000000000000000000e+00
1.000000000000000000e+00
1.000000000000000000e+00
6.143817267634367196e-01
1.998628245939844394e-01
-9.201191706289629790e-02
-1.000000000000000000e+00
-4.456824315410405357e-01
1.537797592688099901e-01
4.151533111596638070e-01
9.575979860962985368e-01
-5.043281543653725940e-01
-1.000000000000000000e+00
5.596096149644849138e-01
4.686116785811196839e-01
5.508736041279528317e-01
-4.927583526626593824e-01
-1.000000000000000000e+00
1.000000000000000000e+00
1.000000000000000000e+00
6.448725337390331935e-01
-8.454781726966074107e-01
-3.224364914179930763e-02
-1.082466524940114971e-01
1.811846861546176357e-02
-2.688165052162479474e-01
1.635427650461382110e-01
9.939493646293446893e-01
3.444691059158855317e-01
-2.664155880218467276e-01
-4.031611807298016714e-01
-1.000000000000000000e+00
-1.000000000000000000e+00
1.000000000000000000e+00
2.235222301398965272e-01
1.786453971370024763e-01
-9.207301420196226660e-01
-1.000000000000000000e+00
1.000000000000000000e+00
-5.530181890569065839e-01
8.153455477200587109e-02
4.980805550014080207e-01
5.431966057978835360e-01
-1.000000000000000000e+00
-8.109742330668733290e-01
-1.000000000000000000e+00
-1.000000000000000000e+00
1.000000000000000000e+00
4.365677543382889825e-01
1.000000000000000000e+00
1.000000000000000000e+00
-1.000000000000000000e+00
9.724647352068610529e-02
-2.385438721007121787e-01
1.000000000000000000e+00
-1.000000000000000000e+00
-1.000000000000000000e+00
-9.512671006936400664e-01
3.774559222592117624e-01
1.000000000000000000e+00
6.343707827088286288e-01
3.025987960263368248e-01
2.324932827208302244e-01
-8.561513584299857982e-01
-7.623715772264476609e-01
9.366413042106634945e-01
-1.000000000000000000e+00
8.729506205893618198e-02
-3.360429595579377260e-01
2.935252820542105789e-03
-6.755500592530563342e-01
-6.810901885568323433e-01
-6.850225970798405895e-01
-7.773282859244816656e-01
1.000000000000000000e+00
-6.951900808300446322e-01
1.000000000000000000e+00
1.705915523308201287e-01
1.000000000000000000e+00
6.461173273998530586e-01
-2.563256220050558754e-01
8.443148652224112816e-01
6.432863551644072420e-01
2.623430448466047560e-01
1.576125424564173150e-03
-1.000000000000000000e+00
-5.079072527550182459e-02
7.629031806661596971e-01
-7.107384582281726093e-01
5.269593588848415777e-01
1.486934820910840727e-01
-3.758087543853104728e-01
1.000000000000000000e+00
-6.466876887759278603e-01
-1.031941765216327356e-01
-1.000000000000000000e+00
1.000000000000000000e+00
-3.218643468914879346e-02
1.000000000000000000e+00
-1.000000000000000000e+00
8.158855933858810694e-01
1.000000000000000000e+00
-1.000000000000000000e+00
-1.348028474662010257e-01
9.714949931813592066e-03
-4.660196288301520218e-01
-1.556590874822484372e-01
-3.714132714177069694e-01
1.586098546491184758e-01
-1.000000000000000000e+00
1.000000000000000000e+00
-4.858888138757805342e-02
1.000000000000000000e+00
1.000000000000000000e+00
-8.156658512443608622e-01
-1.000000000000000000e+00
-6.248771606994091288e-01
1.294499755233017024e-01
-1.000000000000000000e+00
8.982701852391975494e-01
1.000000000000000000e+00
8.441429478032447253e-01
2.411505983928253771e-01
2.857933294270859070e-01
4.743106590329833061e-01
4.063160823309223124e-01
-1.614763573112759643e-02
-1.407585576059522114e-01
3.133318968408996819e-01
-4.198059910221682012e-01
-4.972230499319600927e-01
-1.154579702196899538e-01
4.976615549616524303e-01
8.692404868151991648e-01
3.348336459142138288e-01
1.000000000000000000e+00
1.624086094533421232e-01
3.700020406475412749e-02
-5.320417372983512472e-01
8.082773574040548192e-01
-6.937768521322387194e-01
1.000000000000000000e+00
5.543258687886880587e-01
-1.000000000000000000e+00
-1.000000000000000000e+00
-6.361792203733331874e-01
-1.000000000000000000e+00
1.000000000000000000e+00
-2.006105436275984477e-02
5.705798868523600520e-01
1.000000000000000000e+00
1.000000000000000000e+00
2.206945016769212148e-02
-9.772777024656000844e-01
3.171354330936416305e-02
1.000000000000000000e+00
2.622049774424332069e-01
-4.128951275452785730e-01
1.783347844253105885e-01
-1.000000000000000000e+00
8.355653131620569551e-01
-1.000000000000000000e+00
1.000000000000000000e+00
-9.201645152477372358e-01
5.878854355203702031e-01
2.404171220714396151e-01
1.000000000000000000e+00
-2.457824931701720617e-01
-1.000000000000000000e+00
-1.000000000000000000e+00
8.981997633810625548e-01
-4.609032927398704071e-01
-1.000000000000000000e+00
3.301062639008807698e-01
-6.619316546685890534e-01
-1.000000000000000000e+00
-8.950454934365523751e-01
7.135018021320144177e-02
4.787086519300129406e-01
4.772943793384034628e-01
3.133291876255452912e-01
-9.998791010313496930e-01
-1.493837746396006194e-01
1.000000000000000000e+00
1.000000000000000000e+00
-1.000000000000000000e+00
4.525008488331695999e-01
-7.743300285023441143e-02
-1.000000000000000000e+00
1.542966617630706916e-01
1.000000000000000000e+00
1.000000000000000000e+00
3.818242810990191693e-01
-1.000000000000000000e+00
7.896558909847579688e-01
-6.800302242698408328e-01
5.469793455838120044e-01
-4.827320614033049351e-01
-3.094404560589864572e-01
-5.283702518261216285e-01
-4.724818463105196487e-01
-9.553540819365766712e-01
-1.000000000000000000e+00
-5.598405203573155742e-01
-9.700203495843183754e-01
-2.576012765560083406e-01
-4.512848102461031741e-01
6.698894466999806285e-01
-6.407793999812229080e-01
1.000000000000000000e+00
1.303033330302268145e-02
-9.283731319531045578e-01
6.738333763837397461e-01
1.346647561429451245e-01
7.072857181556388984e-01
2.838387910189310581e-01
-2.274987560705270806e-01
-3.848269751281810369e-01
2.697517121390727857e-01
-7.778714335372476363e-01
1.000000000000000000e+00
8.454885007704663336e-01
8.054202563450173491e-01
8.084929543415010356e-01
-5.017343937424008082e-01
-1.000000000000000000e+00
-3.992815809996825838e-01
-2.618577883395151740e-01
-9.570528889279923401e-01
-6.233774518111416807e-01
9.591094402679937181e-01
-1.000000000000000000e+00
4.814921363722441949e-01
-9.931931132508884374e-01
4.634118999023195129e-01
8.813501575810384070e-01
-4.827126222989415738e-01
-1.000000000000000000e+00
-3.295979464568391526e-01
-1.000000000000000000e+00
4.397801745869261980e-01
3.479253850499605671e-01
5.774295294769039577e-01
1.000000000000000000e+00
1.000000000000000000e+00
-1.000000000000000000e+00
5.105563297876186679e-02
5.790112109829291809e-01
6.201480536565272539e-01
-3.156652231005941389e-01
3.635761156221736790e-02
-6.011484324543310276e-01
-1.000000000000000000e+00
9.708556201229634475e-01
-6.474514001419783282e-01
1.000000000000000000e+00
1.538351444599501960e-01
7.067671641689223794e-01
6.364645382740599100e-01
-3.765541389682818679e-02
2.309295632701463541e-01
-1.000000000000000000e+00
9.458192385415536974e-01
4.320224946933635679e-01
1.015168556109777298e-01
-9.794249455984849195e-01
7.745445693427641665e-01
-3.067403954265881527e-01
-9.523756052220488932e-01
-3.857714716217985895e-03
1.000000000000000000e+00
-8.202238226403292254e-01
-7.150330575203387440e-01
-2.778022762730489315e-01
-9.909676481867476516e-01
-4.255033637019392523e-01
-4.262167021623102237e-01
8.231239871196184277e-01
3.867328142997643603e-01
-6.677098052146529517e-01
-9.402157673432688378e-01
8.674008655363777409e-01
-1.000000000000000000e+00
2.216719049592030810e-03
-9.510730008278517333e-02
2.931843835050320646e-01
-1.000000000000000000e+00
-4.975399649074306319e-01
1.000000000000000000e+00
3.806941961627619553e-01
-8.066326775074249555e-01
-3.997425661839165700e-02
-2.844934935909564921e-01
-9.348527680516132143e-01
-1.000000000000000000e+00
1.000000000000000000e+00
1.305872205118941698e-01
3.158630265397591730e-01
1.000000000000000000e+00
7.009501803029379863e-01
-1.000000000000000000e+00
4.497688892555087858e-01
-7.347722218372186864e-01
-1.000000000000000000e+00
-8.165378268238672188e-01
-7.686467214911272272e-01
2.168745772206029376e-01
-1.000000000000000000e+00
-1.000000000000000000e+00
-1.000000000000000000e+00
2.858958288415000548e-01
-2.860895527507900660e-03
1.000000000000000000e+00
7.268705256207315113e-01
1.000000000000000000e+00
-8.921342839864405683e-01
1.337597298469440088e-01
-9.285508954283044902e-01
4.525676309225896143e-01
-2.541519479992686570e-01
2.738230424093052728e-01
-4.996150079686688672e-01
-9.470767758836506900e-02
2.295707215269620072e-01
-1.000000000000000000e+00
1.000000000000000000e+00
-2.039055971909213283e-01
5.277546280443546900e-01
4.627159815289155764e-01
-1.000000000000000000e+00
-1.000000000000000000e+00
-3.854072603945772335e-01
2.417113267722665326e-01
1.000000000000000000e+00
-5.603149874011567055e-01
4.283184848827217839e-02
-1.000000000000000000e+00
8.481938565023868781e-01
-6.425123410247509659e-01
1.000000000000000000e+00
2.182344928838132747e-01
-1.000000000000000000e+00
-1.000000000000000000e+00
-1.000000000000000000e+00
7.427177410030626481e-01
1.167182381564963317e-01
1.000000000000000000e+00
6.301569988461532823e-01
1.000000000000000000e+00
-4.169350408964933585e-03
-1.000000000000000000e+00
1.000000000000000000e+00
-2.987261229329998269e-01
-9.668470214719935285e-01
4.571231751426152456e-03
-2.652059172147186450e-02
1.000000000000000000e+00
-7.257782995091586198e-01
9.014529512747666562e-01
-1.000000000000000000e+00
-2.010291835698361229e-01
1.000000000000000000e+00
-7.257238430307499932e-01
4.224642131008385926e-01
5.785064309651364312e-01
6.262529385489019607e-01
-4.410120017160644723e-01
-4.880215323848943743e-02
-1.000000000000000000e+00
8.426127210149296776e-01
8.021381369733590061e-01
-3.074902483191221947e-01
6.263501837843167275e-01
-1.000000000000000000e+00
1.000000000000000000e+00
1.000000000000000000e+00
-4.712724535085376781e-02
6.716755905562561413e-01
-7.724011981759608680e-01
-9.689884443242584577e-01
-3.655249980735937321e-01
-1.317333931244185630e-01
3.308460656548343759e-01
7.500629900713188247e-01
1.430034368126090194e-01
3.647251832081792045e-01
7.907919650576701320e-01
1.000000000000000000e+00
-1.487426590893933809e-01
-6.868309674179373658e-01
9.722028445548223097e-01
-3.332420715323934357e-01
3.059707889900893374e-01
-1.000000000000000000e+00
3.995244485288035885e-01
-1.000000000000000000e+00
1.000000000000000000e+00
-6.190936149908310426e-01
3.583074424140225145e-01
-1.000000000000000000e+00
-1.756771364747959363e-01
-5.978328461733728449e-01
-3.886623758072304535e-01
3.639242622153473494e-01
-9.288267984410014666e-02
9.523358082466115704e-02
5.952722781636161642e-01
2.473501378942694617e-01
-4.705060555451441306e-01
-4.440062872860055521e-01
-3.399589296322288456e-01
9.768225503772638429e-01
1.828096072644386783e-01
9.287663426084592500e-01
-6.372468206580548244e-01
-1.799458801754252879e-01
1.470549373993929321e-01
1.000000000000000000e+00
-6.249149348125206949e-01
4.007862379835443467e-01
1.000000000000000000e+00
-5.664612212534009261e-01
-4.183608105605886029e-01
-1.000000000000000000e+00
-2.162201229552904169e-01
-5.431825510166147231e-01
9.190009643413593610e-01
-5.455894765423651149e-01
-7.316627934575937742e-01
-2.869272335847998234e-01
4.287355420967752240e-01
-8.260738411145576165e-01
9.596006902997702426e-01
-5.715194200275796055e-01
4.148817719524077186e-01
9.316659612406660296e-01
1.000000000000000000e+00
4.975635178290138683e-02
4.437897323601738275e-01
-5.350090648860975628e-01
6.592091655201641753e-01
-5.179931115640820094e-01
3.101451669940291089e-01
-9.410983410074476030e-01
-1.000000000000000000e+00
-1.000000000000000000e+00
-4.421953956192496982e-01
-5.040424189161195612e-01
4.843086256852293658e-01
-9.163875028961923075e-01
8.552371321632087353e-01
1.000000000000000000e+00
-1.913658038357918256e-01
-1.000000000000000000e+00
1.000000000000000000e+00
6.672155143252678222e-01
2.605236704780915236e-02
-4.574421034146661791e-01
1.000000000000000000e+00
-1.000000000000000000e+00
-7.529225925822239374e-01
2.111862222246127796e-01
-8.901453389873175137e-01
9.757700809889105487e-02
4.610317952581043377e-01
1.000000000000000000e+00
-5.593122633310055880e-01
-9.990786177147492619e-03
-1.508596529390032193e-01
6.671470434469004562e-01
-8.715914509625550810e-01
1.000000000000000000e+00
-1.000000000000000000e+00
-9.633281040459122924e-01
-1.000000000000000000e+00
8.198200815824084886e-01
5.190009680492094768e-01
9.919571046440398554e-01
-1.000000000000000000e+00
5.119279223772441045e-02
-6.783233425533194971e-01
2.303171373057707472e-01
1.000000000000000000e+00
1.000000000000000000e+00
2.978126399009324854e-01
1.000000000000000000e+00
-1.035234464864394355e-01
8.135578137823329392e-02
9.532894464070819085e-01
-6.453431627461818643e-01
1.000000000000000000e+00
1.000000000000000000e+00
-9.394638067964038441e-01
1.438002697788435258e-01
1.000000000000000000e+00
8.168808879513508314e-01
-1.000000000000000000e+00
-1.116831099049802600e-01
6.026056826740042727e-01
1.000000000000000000e+00
-4.211015964137652112e-01
6.879439177196606803e-01
-1.000000000000000000e+00
-3.198239695221765655e-01
-1.363025306925381430e-01
-1.000000000000000000e+00
-4.552146833923419456e-01
1.881076778601975530e-01
9.635008097768158475e-01
1.713092049362252289e-01
-6.420693629535669800e-01
6.645190316021851729e-01
-1.376181882012763869e-01
-3.640487056975363345e-01
-8.431086429853402731e-01
-1.000000000000000000e+00
-1.000000000000000000e+00
-6.481200384053049657e-01
1.000000000000000000e+00
1.000000000000000000e+00
-1.000000000000000000e+00
-1.719644577807718788e-01
-1.949540300202842191e-01
3.376756162318769183e-01
1.000000000000000000e+00
1.000000000000000000e+00
-9.793614226156879266e-01
1.295797781461687781e-01
-5.759729860311135763e-01
-1.000000000000000000e+00
1.671891233591863424e-01
-1.492042901491703009e-02
-1.000000000000000000e+00
-1.000000000000000000e+00
-1.000000000000000000e+00
1.000000000000000000e+00
-2.020729144825557377e-01
-7.524449491686660552e-02
-4.575096959263171281e-01
4.140370734138004716e-01
-1.000000000000000000e+00
-1.000000000000000000e+00
-6.529738650090206598e-01
-1.000000000000000000e+00
-2.068754696229175571e-01
1.046438065264942707e-01
-1.000000000000000000e+00
-2.069478079814783822e-01
-2.804254250822655892e-01
-1.000000000000000000e+00
-9.890409729838209874e-01
-1.152212137659452407e-01
3.966937986176441999e-01
9.230255207787882998e-01
-4.765401260286281637e-01
1.000000000000000000e+00
2.694775453008929622e-01
6.863179381757176234e-01
-1.000000000000000000e+00
-4.968542501714422466e-01
-8.969064872179181025e-01
-8.953511988815778810e-01
9.907612395877901657e-01
1.000000000000000000e+00
-4.900322175165578997e-01
6.675428649710675177e-01
1.573341143414361820e-01
-4.775244217966290172e-02
-2.137074353245987934e-02
-5.017474267494556051e-01
-1.599315912282732455e-01
-6.512716376515862438e-01
1.000000000000000000e+00
-1.000000000000000000e+00
-9.966745458414880687e-01
5.548777982800598974e-01
1.134109278254183395e-01
1.000000000000000000e+00
4.676690043635013394e-01
-1.000000000000000000e+00
-6.904289317604129783e-01
-9.770954002152032469e-01
8.720745443897698346e-01
-1.468111207845379795e-01
1.000000000000000000e+00
3.579725432588383716e-01
-5.324946827960055362e-01
8.228552340186285896e-01
2.411533163503418731e-01
-2.515509416495086414e-01
1.000000000000000000e+00
-2.992845715226295777e-02
1.000000000000000000e+00
-1.000000000000000000e+00
1.000000000000000000e+00
1.464009719092757011e-01
-9.969462381473860324e-01
-2.009976470982997865e-01
1.000000000000000000e+00
-4.744226009225096519e-01
-1.000000000000000000e+00
-9.454593668733455303e-01
3.227247162109733170e-01
-9.974562897342627021e-01
1.686159704639892398e-01
6.554313122348397469e-01
-7.049892448532126821e-01
-4.387101854813301172e-01
-8.204437975577911768e-01
1.000000000000000000e+00
1.000000000000000000e+00
-1.000000000000000000e+00
-6.309463766840132937e-02
-6.866325113215493436e-02
8.273976620304324125e-02
-7.299456273904998405e-01
1.000000000000000000e+00
-7.912790047197991727e-01
3.100749159607103511e-01
1.679003807117431801e-01
-1.000000000000000000e+00
1.000000000000000000e+00
7.910231393874264105e-01
1.000000000000000000e+00
6.825797767835621588e-02
5.821188824549827778e-01
-6.427211350758094133e-01
-1.000000000000000000e+00
1.000000000000000000e+00
-8.212846345707403017e-01
1.450010737452224197e-01
-1.208534728061440300e-01
-5.090345937303080159e-01
-5.659036770423822027e-01
6.900691915542580546e-01
-1.000000000000000000e+00
9.232575447753565978e-01
-4.100351581266115097e-01
-4.709110001645563370e-01
-1.000000000000000000e+00
-1.000000000000000000e+00
-1.000000000000000000e+00
-3.268232594485445675e-01
9.131243590322717374e-01
1.000000000000000000e+00
-1.000000000000000000e+00
-3.332616114989881972e-01
1.000000000000000000e+00
-8.201582245471192856e-01
-1.000000000000000000e+00
-1.668504378651710640e-01
-5.434694360439606964e-01
-3.585043489681257189e-01
-7.375442535763213625e-01
1.000000000000000000e+00
-1.000000000000000000e+00
1.000000000000000000e+00
-1.069426591477801169e-01
-7.850951580574679900e-01
8.686069938803953061e-01
-3.528082569166011706e-01
1.000000000000000000e+00
1.000000000000000000e+00
-1.000000000000000000e+00
-4.642137836316406752e-01
-7.248858098873021127e-01
3.341942722359643736e-01
-8.360095960946428706e-02
1.000000000000000000e+00
9.581002765458944692e-01
-1.000000000000000000e+00
1.000000000000000000e+00
-3.139246798641976560e-02
-2.273467492794770811e-02
-1.543216633400670279e-01
5.067026040119329000e-01
3.560236165011959608e-01
-3.812900270050865181e-01
5.150951754520191050e-01
-8.195544685528235451e-01
-9.305733360509210739e-01
-1.000000000000000000e+00
1.000000000000000000e+00
-8.282865201624007856e-01
-6.270448760479420125e-01
-7.663810867072293198e-02
-2.754208902298707975e-02
4.351885638048723637e-01
3.946544001537961588e-01
-1.000000000000000000e+00
6.793817126212935431e-01
3.988955176506548961e-01
-9.320407086208427616e-01
1.000000000000000000e+00
1.000000000000000000e+00
-8.368625315031664735e-01
9.195196170912479650e-01
5.961258309913061160e-01
-2.949597127035533672e-01
5.276265915691809028e-01
-3.097149020687030574e-01
9.676371207637877170e-01
5.676759053721404102e-01
7.973564888360289427e-01
1.000000000000000000e+00
-5.177741785935665586e-01
2.319817763641860431e-01
1.761531759539862740e-01
-6.306846580039553452e-01
-4.034105939328533341e-01
6.918309064593290980e-01
-7.218875354359757246e-01
-1.000000000000000000e+00
-2.934692884946805136e-01
-2.539478542508409875e-01
7.620561256945517226e-01
5.603318118889234478e-01
-2.108949490747439315e-01
5.495993026834314898e-01
-3.389320196450576472e-01
-8.121214237973070071e-01
3.061447469566844770e-01
-1.160354970784789330e-01
-8.786015330352547892e-02
-9.052449999753542365e-01
2.805546050044172013e-01
4.403422077903881848e-01
3.040156024413548375e-01
1.000000000000000000e+00
-1.000000000000000000e+00
1.000000000000000000e+00
8.458472513177686114e-01
3.605243108781256423e-01
1.000000000000000000e+00
6.429416257901923171e-01
1.000000000000000000e+00
-1.188517389452974915e-01
9.495991557089911161e-03
-1.000000000000000000e+00
-7.989231712202372604e-01
7.057307349315473655e-01
1.000000000000000000e+00
-1.000000000000000000e+00
-2.575197143484778683e-01
-1.801442497413995869e-01
1.000000000000000000e+00
-9.066687823276646796e-01
-3.365068207967211733e-01
5.302805253884350645e-01
-1.000000000000000000e+00
1.000000000000000000e+00
-1.124900566366771049e-02
-6.833961258067469124e-01
-1.000000000000000000e+00
1.000000000000000000e+00
1.000000000000000000e+00
-5.985995987502914506e-01
6.644846757395056480e-01
1.933540800081557653e-01
2.736535921143747885e-01
-3.441404794721374949e-01
7.314595227706788272e-01
-5.902097489142604791e-01
2.509761125653651170e-01
-5.037921033336603127e-01
1.000000000000000000e+00
8.015891319425971773e-01
1.000000000000000000e+00
-8.435905712086050334e-01
1.000000000000000000e+00
-3.082166426454713282e-02
9.834789328716739276e-02
2.119310649010809067e-01
8.514387060972407051e-01
-3.689860277535806504e-02
7.668266286555269762e-01
-1.812032885479708533e-03
6.519033313282146525e-02
-1.000000000000000000e+00
7.583295393299311904e-01
-2.900145631013584802e-01
-1.000000000000000000e+00
-5.661486616714156428e-02
-5.094742539817352922e-01
-1.000000000000000000e+00
-6.246334627483550728e-01
-1.000000000000000000e+00
6.863042119515514461e-01
1.000000000000000000e+00
2.871855446565759196e-01
-1.000000000000000000e+00
-1.000000000000000000e+00
1.000000000000000000e+00
