-2.960270661691359884e-01
-1.971777668020355256e-02
-1.439769740101157491e-01
-8.251842595625977217e-02
-1.991180628364980498e-01
2.237258250900512890e-01
-4.115265296726141608e-01
4.355866693672503787e-01
-4.090300061385762631e-02
-1.877688683839701667e-01
-2.130657590902521603e-01
-5.049579556542151820e-02
1.948072948693047868e-01
-5.081547794432511589e-01
-2.289334142624658286e-01
-5.908965258228958406e-02
1.003703781250605692e-01
-5.175810171994444930e-01
1.452713952496768324e-01
-9.877296070938813843e-02
9.884349202928348344e-02
4.854888061023920343e-01
-1.124151660606071412e-01
3.904470435791184690e-01
5.027715197563846772e-01
-1.173856499305584167e-01
3.134580017140941588e-01
1.614273934703104596e-01
-5.467912143913326029e-01
3.932093645906859641e-02
9.676301859217210921e-02
3.839539753553648516e-01
-8.530439166150137476e-02
5.049772579622655716e-02
-1.152369065636557888e-01
-1.138989560131419831e-01
-1.127882084647845867e-01
-1.508034743087751858e-02
-8.786477312681349738e-02
-5.364386488308955231e-02
-4.294958197059684651e-02
-1.113151066904902349e-02
2.146276672332923519e-01
-2.085541838766219458e-01
-1.633996300356305512e-02
-9.322347544464290592e-02
1.585551192377447904e-01
8.264710185762080830e-02
2.275345046894308998e-01
4.404122628368879050e-02
2.807903307418390115e-01
2.537685915206875920e-01
-2.840015314961388260e-01
-2.601625157081597917e-01
3.916323795564288779e-01
5.003291215888939769e-01
3.533795977488160545e-01
-7.889091133944549361e-02
1.422456855904815354e-01
6.022293118263129241e-02
-1.534774919713639829e-01
5.620094463417010106e-02
-9.388980210142247249e-03
2.126153233087267058e-01
-1.767864025030904951e-01
1.380140049397400315e-01
6.243511270515379741e-02
1.898049648324448904e-02
2.450889609373060329e-01
4.376618707170289863e-02
8.130662124366441756e-02
-2.001749332638957102e-01
3.030072516838848706e-01
-7.904519179518150473e-02
-1.088333648471322274e-01
-4.154122250964187857e-01
2.231109300862222922e-01
5.547253004367900392e-03
3.825011255737297000e-02
2.374388877759603667e-01
2.149369691590398423e-01
1.247888495196495529e-01
1.207329463663037172e-01
2.032145853402170244e-01
-5.160452936999145729e-02
-1.259347754943266895e-01
2.900827785684574889e-01
-6.035989580245158109e-02
6.781668031213589076e-02
8.499451815775817265e-02
-7.595675748335449506e-02
-1.518130432310877131e-01
-6.726904593353007222e-02
-2.089262754144815548e-01
-3.181721859111982104e-02
1.425532873140756274e-01
-8.699731532000389012e-02
1.667808145351585836e-01
-8.683001286011497732e-02
-4.262069692260780918e-02
-2.729554021980444209e-02
-4.978975175037878009e-02
-7.705051023334885674e-02
1.880253527261876723e-01
3.343285432653057554e-01
1.107790799177750668e-01
2.782895090985606501e-01
-2.976461843687217002e-02
-1.739216860177936752e-01
1.001707849410041345e-01
1.033012119749724955e-01
-1.498347111947941901e-01
-8.747015741090144458e-02
2.018978599258195242e-02
1.509361185202343081e-01
1.579717166266966233e-01
2.005359071589889464e-01
-6.412144776372879010e-03
6.732971791924640126e-01
2.637688905582116217e-01
1.756877831597352391e-01
5.262436591518069307e-01
3.442121530729290446e-02
7.988402421319720781e-02
-2.764688586834647688e-01
1.705123105772917910e-02
-3.364276891938166036e-01
-6.694882248816104442e-02
-2.769006366396820767e-02
-1.940726506044404276e-01
-1.123850493816650753e-01
-2.015080657590433144e-01
4.486124638390105723e-02
-1.773248245200793188e-02
2.611319846487164531e-01
-7.613598463980725435e-03
1.601100243483629670e-01
1.500746796271714700e-01
1.205229317606610062e-01
5.627064343950876485e-02
2.692200778368173397e-01
1.547672954984467275e-01
-9.319209115636685470e-02
9.338040148827672637e-02
-2.862319070450516367e-01
-2.059898287484067114e-01
8.271705982845366234e-02
-2.435719324966367869e-03
-2.025772391241356662e-01
-3.265304111843906221e-03
-3.962014056018967056e-02
-4.250566789680491897e-02
-1.170161423287073288e-01
1.949646725315610507e-01
-2.067922093176606177e-02
1.093641497712491278e-01
1.510462818996667067e-01
-4.036767599477513735e-01
3.220101697478055386e-02
-2.353295028072401596e-01
2.341008922434129613e-01
1.289033878014247680e-01
1.427697652740337886e-01
1.105943480161607553e-02
2.925738392452802844e-02
1.422396874330874583e-01
1.600624501906664499e-01
2.132681594915188661e-01
3.891344442003197290e-02
-1.070173501207614258e-02
-2.502366835713391024e-01
-1.065403323492842280e-01
-4.110746273586986937e-02
8.384139442130253417e-02
2.478800683829726625e-01
6.511093498021452985e-02
2.040700844234754896e-01
-4.188627549414753598e-02
1.361450101374384741e-02
3.512592783503639127e-01
3.267386864395555035e-01
2.468149348709433588e-01
1.545128865520333517e-01
-2.242717370995468418e-01
3.356189913450478013e-01
1.906811310323321962e-01
-2.758364091896916420e-02
4.417681454453422502e-02
-9.701466191884002346e-03
-5.589966734730938969e-02
2.874619251206100151e-02
3.123235536895517250e-01
-1.366191224486321409e-01
-5.752951263977142127e-02
-5.681324040213820738e-03
1.445131975576684040e-02
-1.829149198242548957e-01
3.885461197504039288e-01
3.612441869861782087e-04
-2.868592898593927409e-01
1.526631611829906421e-01
2.975389959125515627e-02
-1.330627116919023134e-01
-1.546457470851717864e-01
3.946408922695415211e-01
1.666735485944509654e-01
8.327988183802344235e-02
2.653510531651132598e-01
-2.790261676428301141e-01
-1.594610012478564764e-01
3.928481437334719328e-01
-2.364771049213402199e-01
-1.245196796165522202e-01
-9.700181685767939044e-02
-5.957185143837798180e-02
-1.025373643093387549e-01
-3.880820088342811641e-02
-5.594035614640683329e-01
4.866005703436556556e-02
-7.243128434988586883e-02
-2.066789879239548655e-01
1.301932636819255473e-01
-3.091209920810245038e-01
-1.107831346196562067e-01
1.806176861489345864e-01
-1.906031741058733242e-01
5.802711019636055401e-01
-2.632792465201432841e-01
1.432857331169482273e-01
1.681293185799433432e-01
-3.443195881213133025e-01
-8.841394825120582612e-02
5.882498202947634980e-02
-2.665656246962936904e-01
2.009473308140159176e-01
4.488618074442582428e-02
4.644801565562050594e-01
-1.133833802597435797e-01
1.951082119899597359e-02
-1.710543899655038724e-01
-2.501575598498260652e-02
-2.253459402928323085e-01
-1.929265276723013400e-01
1.732962401503663485e-01
-1.186785981940397805e-01
-1.543909244113967905e-01
1.685169149626583596e-01
-4.245096857913124855e-01
-1.435769734570476186e-01
-6.285512464093447049e-02
-2.619900410751394709e-02
-1.676248272786176052e-01
-1.369174210525500764e-02
8.680997552998927225e-03
3.177645419706883606e-02
-4.119397256999710044e-02
4.049948268623264624e-01
5.358648701598439645e-01
1.430054832927103448e-01
-1.297127637825297164e-01
-9.459596319100734008e-02
-2.327162307886843640e-01
-2.911069314822610776e-01
-2.481201824984794746e-01
4.646678052352077454e-02
1.566089545351269652e-01
-6.536791222798396528e-02
-2.059709212260285305e-01
3.911797739916831329e-01
-1.404573026703450633e-01
-2.417062448790748830e-01
-3.927422216132850363e-02
4.047874196989627998e-02
5.551356031191293644e-02
-2.702867643508138559e-02
-8.839737979174988602e-02
-1.711219141641794339e-01
1.505531651373140656e-01
-1.643866631349868990e-01
4.133024157272511268e-01
1.097581446368617493e-02
2.256719830540989125e-01
-3.375182801190791948e-01
-1.418129514963329951e-01
-1.055310647761629889e-01
-5.026955284377766509e-01
-1.800124629734773107e-01
2.169786610592608633e-01
-4.571100218204248583e-02
-1.264517684214339632e-01
-7.412549864310346431e-03
1.471794770688305276e-01
2.439385204992989831e-01
-6.222131023969497410e-02
-1.746618476508200735e-01
-7.927836963373667556e-02
2.285418146286113117e-01
8.710579645958636819e-02
1.734665364044163660e-01
-4.649378912891931059e-01
-1.539437560656828630e-01
1.367152318001708111e-01
1.273943220591437775e-01
-1.447963565407800191e-01
-1.745492851321197580e-01
9.730783817288050919e-02
3.274350969603087580e-02
4.028252147203298938e-01
4.858737183099349349e-02
-1.092844770914416785e-01
2.680600299047140034e-01
1.711812035594358766e-02
-2.469328966405696379e-01
-2.208693628165044887e-01
3.074262283275640273e-02
-6.307711276795353872e-02
3.030846626878268557e-01
-6.006098901972804077e-02
-2.425584185910517609e-01
2.992972164417322944e-01
2.976392028286124411e-02
-3.125304666073001614e-01
2.709907510814726569e-02
1.149586262996120378e-01
-1.094673865732245926e-01
1.135721831344423255e-01
3.756177729556856026e-01
-9.832806862842184779e-04
-5.009782331096325481e-02
7.186936498644684590e-02
3.005295726256571598e-01
-5.121152247987218603e-02
-5.218988176156470066e-02
8.591595115495517798e-02
-1.462943260914723216e-02
-3.162301115042698285e-02
7.593835107568451537e-02
9.322356315715696340e-02
-1.963555713754210341e-01
-1.879936022817794428e-01
1.686349408843941799e-01
1.029891674280244140e-01
3.479456833040180108e-02
1.469941084989402347e-01
-2.832058195064563466e-01
-8.992200872974430437e-02
2.495681997051642786e-01
-6.650071133474017016e-01
-2.944375518070536102e-01
-3.409511405408583995e-01
3.488590005947487249e-01
4.603563185135313152e-01
1.260906427020043463e-02
2.164752723782576438e-01
1.032019293952293054e-01
1.092504894164622736e-01
-2.394706324793221403e-02
1.087136432262581220e-01
-1.535125104206243596e-01
1.159616929966824361e-01
-4.301236142698751097e-01
-2.264858848999238283e-01
9.473443971187991974e-02
-1.034441470344210218e-01
-1.579268891907973926e-01
-2.782406978639861417e-01
2.074015951610912178e-01
2.866725348961082220e-01
1.860378126391190601e-02
4.361665339709869249e-01
-1.471020664662042177e-01
1.166439257638118010e-01
-4.881726312550730557e-02
-1.411257699694899725e-01
-1.872776190428687981e-01
5.012807530458654459e-02
4.689761647475249040e-02
-4.615134613376405820e-02
7.424231063585656765e-02
1.979592493222126492e-01
1.820126272730578920e-01
3.677097270531212159e-01
6.741742003205923595e-02
-6.821879974702792226e-02
3.257449949197879085e-02
9.882192216387375439e-02
-2.840772664873670306e-01
-1.997090737311018206e-03
-1.580511654081236950e-01
2.310603993013003038e-02
-1.532320816915972994e-01
4.287233292773415944e-02
-9.691380058754067717e-02
1.048719734864443226e-01
-2.887816168451796672e-01
6.613832143007565556e-02
8.178716029078514360e-02
1.238084782244186222e-01
-5.460393185534498373e-02
7.880869670424600626e-02
-1.690354075135930001e-01
-2.889418606116709864e-01
-1.338945485019061854e-01
-8.513420980572727892e-03
1.670589777975986512e-02
-9.531761896328892758e-02
3.628099738082869730e-02
2.006683776671298325e-01
-6.651196744438959696e-01
-2.984327626354745799e-01
-3.952197202332091708e-01
-3.203770106912333104e-01
-8.812012236238354890e-02
9.921882750353518132e-02
3.047175535966898385e-01
-1.278833312094839747e-01
-3.080710687569964135e-01
-6.113920490101323879e-02
1.570538619096453203e-01
5.693016994723509860e-02
1.282864816828769294e-01
3.305962746569149902e-01
-2.502264905873760048e-01
-2.219329068960151086e-01
-1.751030333165131958e-01
-1.562719513244906211e-01
-5.376364561455659885e-02
2.397236288018408379e-01
-1.846585792394613013e-02
-1.416570812829446580e-01
1.293233849791615153e-01
1.635808056097139418e-01
-3.251296507908321698e-02
-7.204402981778597337e-02
-3.245228533867697274e-02
-1.418674524380282229e-03
-1.203175736012011970e-01
4.045216724878881176e-01
-4.933803664468168482e-02
5.337770227209102103e-01
-2.599877778938924355e-01
2.736332234009575815e-01
-2.009379549046599600e-01
8.364861668782423709e-02
-7.043210185278593605e-02
-3.617274936980511835e-01
7.065562446261941520e-02
-2.351157480158668628e-02
8.643181815235212451e-03
4.738365535374448184e-02
-3.676928947316089880e-01
-3.446593705267934904e-02
-1.146760544440436208e-01
-1.294922353159213280e-01
1.351125212732680499e-02
-6.896417921548979313e-02
3.359157699387609053e-02
1.698461982756566818e-02
-4.047811897612543786e-01
3.788681245437227479e-02
-2.071269266149360910e-01
2.277127936051383805e-01
-1.990416813367244103e-02
-3.074559574017311503e-01
-4.655557438885870036e-01
2.569262770995305867e-01
6.401555049191615110e-02
-1.876010735241434857e-01
4.451100960256459405e-01
-1.030447659500275115e-01
7.443843496829663509e-02
2.375459819183441679e-01
-1.390751358003362581e-01
5.622138370907874272e-01
-1.108669483794777651e-02
-5.822766751922573564e-02
-2.832132804566649953e-01
-3.214321071224567061e-02
-1.859589738284702920e-01
-1.009637450911312212e-01
5.262034577637088040e-01
-1.213222277789187051e-02
-2.821853526779276033e-01
-1.671357620852002021e-03
-8.109087727552605207e-02
2.396761071791455588e-01
1.759371503183080054e-01
-8.006132790506674535e-02
7.144419897845641354e-02
1.448166600234355172e-01
3.687874452207751674e-01
9.246435885260020915e-02
-1.749356047799300873e-01
-1.796708385555205734e-01
7.427586599503091525e-02
-1.504128474184299735e-01
-6.603224739739113613e-02
2.225622062120168609e-01
-5.989548218082860198e-02
-6.593268211716379890e-02
-1.431519452760222078e-01
-1.558730562768544659e-01
-7.351482192234769231e-02
1.264817710066204193e-01
-5.754584573604190623e-02
7.291711707131960651e-02
-9.077500888041500904e-02
2.037479960674743462e-01
3.092590317100855218e-02
-1.278728465261308178e-01
-7.011425964758559448e-02
2.389656495052776275e-01
6.847476706232170744e-03
4.367553292908585294e-02
2.905530321864925325e-01
2.546199090304048784e-01
-1.045987753728859632e-01
-2.134815094291008242e-01
-4.132485094829727590e-01
-2.258829019341626609e-01
-3.714526255949578415e-01
-2.585004334322392183e-01
2.760797191638205694e-01
1.576634857404340950e-01
1.944769687968842253e-01
3.060986606937714585e-02
1.948196258480329457e-01
1.486759905684396366e-01
-1.530632641674784800e-01
1.499164132360901458e-01
1.347009598305744238e-01
-3.263950656195083733e-01
6.274548113075217176e-03
1.892109707871991453e-01
-1.183602222047061281e-01
-2.062593813925636954e-01
-5.972816782974795652e-02
-2.629916342380304028e-01
3.267945773968584655e-01
8.092109596224123999e-03
1.394998627618350417e-01
-5.972795331761857757e-02
2.938288759775278258e-01
1.275408278661704919e-01
4.554883110523037792e-02
1.389328928837786359e-01
1.576408754448770100e-01
2.131819044951626663e-01
1.168504777624509994e-01
-4.454173361844175616e-02
-2.383744617091392015e-01
-1.493205524747470980e-01
-1.079340820157539543e-01
2.957158960810235895e-02
-2.598119977323342100e-01
-1.776221711169025386e-01
-2.083393178408279034e-01
2.004550035157348087e-01
-1.212413661297146311e-01
3.150683784766455942e-01
8.911923939421466379e-02
2.011160920202466895e-01
-2.309540645207287801e-01
2.250652321495502373e-01
-6.305754390641105100e-02
1.467343252350207239e-01
-1.388863005685855856e-01
7.912915903494517622e-02
-4.396841308911110524e-02
9.305707173814890820e-02
-1.677017250382033531e-01
-5.152312756876864519e-01
-4.374165077311695238e-02
-9.228602207226303811e-02
3.200857457018972951e-01
-1.074521331919362915e-01
1.707735396565150388e-01
-4.817668630792988904e-01
-2.939480879779530209e-01
2.807526501784707307e-01
-1.720530277382727180e-01
-2.204749121642169893e-02
-2.394757163668106426e-01
-8.216464260184207224e-02
1.652784059831570174e-01
1.407311866177102799e-01
4.884869260783052947e-01
-2.134731342254251041e-01
3.342497608686184063e-01
4.073703913821804523e-01
-1.190272922087617750e-02
1.603148197606698577e-01
-1.615556622173265899e-01
1.219855844958570718e-02
1.043894905019168984e-01
4.551362242842483807e-01
-1.020059244371823576e-01
1.961526311954406299e-01
3.717120509091796920e-01
-1.474605056799773439e-01
-1.453955365468807270e-01
-2.895938101809824028e-01
2.888339725660901136e-01
-3.293828499994039261e-01
-1.340740301228671161e-01
2.255151741741220905e-01
1.989268150925729839e-01
-1.453818184936961078e-01
8.983831144150150605e-02
-3.498439678264582686e-01
3.058868208170471004e-01
4.370783939211173030e-01
3.969833637116357283e-01
-6.574493427797552247e-02
-1.791978149978984136e-01
-1.731279571566362308e-01
1.936877745073258272e-01
2.072201027642696369e-01
2.344310066167304973e-01
-2.083932549355032582e-01
1.587769908878548519e-01
9.634558462009605584e-02
2.555461130720773633e-01
4.647397506133142397e-01
-1.923485943636805973e-02
-2.826823453205086489e-02
-7.196768975087783349e-02
-1.651542124398263645e-01
7.448774897013499957e-03
-2.085557375041770800e-01
2.188567651128404956e-02
-1.015414657849283975e-01
-2.658223651315521838e-02
-1.497408419634085885e-01
3.190581506750779228e-01
-2.385113405029758160e-01
-1.299174907673295021e-02
5.241410725974178231e-01
8.821765532381323216e-02
7.064854859674794818e-02
4.423176209565404804e-01
4.201996043447641521e-02
4.143641910614968144e-02
-4.025775632971064222e-01
2.902203893045151029e-01
-4.812053880254503202e-01
2.510814060885901283e-02
-7.223975285610954866e-02
-7.521916072502329680e-03
2.331327023692298522e-02
-2.034025746788094835e-01
1.739383104723122089e-02
2.569088584395222696e-01
1.677030141959857112e-01
-2.479604602960317206e-01
4.566681139562368541e-01
1.984751719262145553e-01
-3.426216692290307564e-01
-4.715199448625209677e-02
2.677760362884550327e-01
1.171115425413755962e-01
-4.131600224153452183e-01
1.684835810890349950e-01
3.180789484142697021e-01
1.563896271951916231e-02
-2.294270923549529551e-01
-5.757718050840440055e-02
-1.127240621056231282e-02
6.977268986389478789e-02
2.449408148343267255e-01
1.334113334277923883e-02
-4.417099590253031893e-01
5.382450820166348460e-02
1.439390538028658961e-01
2.996894179132209013e-01
5.422784206710660193e-01
2.636832860517477894e-01
-8.670078453232220317e-02
-5.836536344556085554e-02
-7.066005899809155166e-02
-4.184327172647457627e-02
5.271528795768132269e-02
3.209528446830496873e-01
6.476617548012346681e-01
-8.300859522131853740e-02
8.984204472090633053e-03
2.020297387939558598e-01
9.996743804874354267e-02
-5.695265744298726174e-02
1.839383175680772871e-03
-7.293260088443626749e-03
-5.212786862253052100e-02
1.274123347911726711e-01
-2.003478682622036322e-01
4.926379601313655709e-01
-5.720544312782643859e-02
-2.723999659797909922e-02
2.666795943763083376e-01
-2.076243704990581862e-01
6.453720925318857660e-01
-8.361619912171108782e-02
-3.499566704607530720e-01
-1.086600537115364473e-01
1.624756946046355122e-01
-3.806041899921355776e-01
4.467137166935478132e-01
5.593204852442661829e-02
2.144498071095727876e-01
3.390934201184593322e-01
-5.682198091532941753e-02
-3.401550955394981868e-01
4.721871840265026710e-02
-1.736386250911537699e-01
5.733382816453571618e-01
4.253958219526868811e-01
-1.689579707883693827e-01
2.290717298609121766e-01
-1.992189736559938917e-01
-5.567462354897279031e-02
-3.151230233017318638e-01
-1.061182039658084830e-01
2.424369424764772629e-01
5.822525043372832332e-02
1.564359192660527698e-02
8.575509418547002435e-04
-2.597988162601563289e-01
3.210219434787422998e-02
5.509554998711539697e-02
3.751081287457409819e-02
1.152116815271721634e-01
8.649336851946133609e-02
7.561918983081286627e-02
1.819196202904895532e-01
2.607244740277722683e-01
-1.908755858317517373e-01
6.913624504947034344e-02
2.190504402490038860e-01
-3.383608153158339932e-02
1.688715915764056608e-01
4.881015184344113939e-02
-1.452635323821249991e-01
-3.169538720754384031e-01
1.669982258299553823e-01
-1.816500141701646309e-01
2.994117375649777216e-02
-2.980497354342937638e-02
-3.820929436432923820e-02
-2.085339953671480617e-01
6.563090241036637074e-02
1.941640348003230779e-02
-1.723403765513217140e-02
2.826550558661424309e-02
-7.126931656828031092e-02
-2.055572121804758179e-01
-1.183638741166269659e-01
-6.521408822567510699e-02
5.110964036402187299e-02
9.120910948863369949e-02
-2.283082336965330528e-01
6.107679763582356605e-03
-3.708359573151067679e-01
3.140649113203425880e-01
2.262168337574372093e-02
1.675365647320803675e-01
7.133311745736402310e-02
5.612041524769631300e-03
-1.890965429724951741e-01
-3.297380398780646038e-01
-1.139364155450257737e-01
-1.508868225710517930e-01
-3.148016468483086361e-01
-4.785986231609901109e-02
1.828927232405648251e-01
2.591403685163425341e-01
-2.578126998447828888e-01
-4.680375389385064630e-03
-2.803765260478062182e-01
2.128312383714984768e-01
4.923409629428181916e-02
-5.858878409871544346e-02
-1.021675352561655925e-01
2.544257672982387294e-02
1.059573168410743310e-01
-1.638335709618030100e-01
2.550756931791028359e-01
-4.976695470133880167e-02
3.120374656030786009e-01
3.429971448355968733e-02
1.252903822855315208e-01
4.025903222341054022e-01
-1.119943694929142614e-01
-1.103955511782598285e-02
3.328637992032840720e-01
6.697427456821081204e-02
-1.986627275529078418e-01
-1.805155762926592966e-01
8.525865000727282650e-02
-1.429975235368876330e-01
-2.681908728167674005e-01
-2.339908109074117226e-01
3.065746692153886177e-01
-1.935554003370172291e-02
6.350790835465230932e-02
-2.247487936291278354e-01
8.242262966069080488e-02
2.576291268230783693e-01
-1.625417934033223100e-01
-2.748679838133553655e-01
-2.093110743122056361e-01
1.967189050450101617e-01
-1.241288854373007698e-02
1.014162957548054300e-01
1.354118660037128830e-01
3.023363594039741309e-01
-1.955972520653456448e-01
-2.205676012686766663e-01
1.558556862568962094e-02
2.551011888695448038e-01
8.456371302725246286e-02
-2.718545190387402499e-01
7.319559885204675320e-02
-1.691542330061539812e-01
3.545772681454541220e-02
1.082109728401076248e-01
-2.333583725711747270e-01
-1.035056472779051356e-01
-1.394153997962826741e-01
-2.839930978439210718e-01
2.161678840310748417e-01
-1.652376967903226024e-01
-6.482448712615089537e-02
-1.857665189802658878e-01
5.077111978430880190e-02
-2.994667674388323819e-01
-1.429015905689445531e-01
-1.827612063792712627e-01
2.796722269579141051e-01
1.293187997666079558e-01
1.240479335037975722e-01
2.408061036065316518e-01
4.258840978712051528e-02
-1.126761095263861950e-01
-3.153281072545035535e-01
2.909692657440335894e-01
8.570192776307673788e-02
-2.528732094223792859e-01
2.595262474136902225e-02
3.339964018684246083e-01
-3.149976278011185071e-01
4.700705928804823491e-02
-5.605506508036898206e-01
3.950964796731227247e-01
-2.003265299439344893e-01
9.908313435328426622e-02
2.376025659332957063e-01
-2.011965141381110156e-01
-4.599523769157231462e-02
-1.381261998554659531e-01
-6.180527933381735339e-02
-9.223225365252663011e-02
-3.715868815184426577e-01
1.707358801506778101e-01
9.546240073258734082e-02
-3.074716291161588844e-01
-3.607349463742240414e-02
1.883611784043131843e-01
2.858212922156614377e-01
2.326963784807428715e-01
-8.083008862218143964e-02
5.073738462183038922e-02
1.265465613615610052e-01
-1.874169793691694494e-02
-3.194838648872638798e-01
-1.434751465620519584e-01
-2.027240776136889772e-02
1.972259909446830994e-01
6.281447763460409894e-02
-4.977971372280034362e-02
-2.814940200030564554e-01
-2.796040178126699138e-01
7.224688013951856280e-02
-1.401619922078468083e-01
3.051170897726120934e-01
-1.772337033390912475e-01
1.285254706315847040e-01
1.876005249756043380e-01
2.639269826420572174e-01
-5.671500478249756616e-02
-3.060214730327875596e-02
3.174191423236441545e-01
6.747926665772574495e-02
-8.449367563299442496e-02
-1.940633593706073967e-01
2.365591001844565278e-01
1.320287541041755830e-01
2.612416134858941974e-01
3.284882199709486528e-02
-1.114824369501274531e-01
9.144236989817634831e-02
-2.583727897201823498e-01
5.598443067825156078e-02
-1.991223614477650172e-01
-2.199688584411164105e-01
4.397565018121371017e-01
5.781832201781695463e-02
2.565293338235740128e-01
-1.402422827911654728e-02
-3.015975163016190175e-01
2.052750517179050549e-01
2.677892466443882458e-01
2.418095592712600217e-01
-3.892865581652312779e-01
2.181602712169173619e-01
3.115920168836824183e-02
-1.039680551730218228e-01
3.462859199069908550e-02
6.510321813388249279e-02
-1.331435157665534774e-01
-3.813857281102396579e-02
-2.703547816057000897e-01
-3.545271262354027231e-01
8.581124725185143576e-02
2.446138749833804693e-01
-3.653982650962089296e-01
1.183208128135705001e-01
-3.771349287784895865e-01
2.428665207213649702e-01
-2.136817483769005432e-01
-1.549519092574596912e-01
-1.862791297641143706e-01
-4.533681770512812403e-02
1.795486169924765674e-01
-1.962824455023634007e-01
4.572482088071958689e-02
2.511051145296236964e-01
-7.153662733661105000e-02
2.821224401496384426e-01
2.878764011951027157e-01
1.986023850054794981e-01
-4.911255272500527624e-01
-1.085510694887885236e-01
1.461143259678153727e-01
1.401310920182395059e-01
1.115915601742735741e-01
-2.831043107774331574e-02
1.757803013505741252e-01
-2.232526081084824920e-01
1.644748897098120000e-01
-1.557696081179476763e-02
-2.906002333489957623e-01
-4.873267149107213259e-03
1.906569105415110432e-01
4.268039508687849759e-01
4.534233698350677577e-01
-5.103750765191581579e-02
8.135035896134933109e-02
4.656171670585884104e-01
6.195897234079946608e-02
-1.865431741915159203e-01
1.582425065139645703e-01
3.792032127538180197e-01
2.831437428827026856e-02
-9.650725553670988499e-02
-5.640564566023454490e-03
-8.615163215753583736e-03
1.446359634064577626e-01
2.296849416875180322e-02
1.705954816153021011e-02
-1.041471481259529513e-01
-1.713102531456308086e-01
-3.723159102229445239e-02
3.957153025142359226e-01
3.781949237646684697e-02
-4.764293759331673928e-02
7.435413931740456062e-02
-6.386016920662462848e-02
-1.400513356586940150e-01
-1.150045295201440887e-01
3.187082534892943797e-01
1.815707773968402560e-03
-9.105114145170815909e-02
3.919889846709882775e-02
2.026434429535459991e-01
-1.467232325740971954e-01
3.067647951652672789e-01
-1.744627453666614536e-01
-2.203402978317479388e-01
-1.931599870213151493e-01
-6.547303850015945281e-02
9.467577384766201476e-02
-2.091290114149306212e-01
7.988231895985305198e-02
-3.350802864612476006e-01
3.072967919737837339e-01
-7.438201790942168545e-02
-2.054173269114163147e-01
-8.965310480616971167e-02
5.551783785862890452e-02
5.878380194186375030e-02
2.022325272639979160e-02
-4.677945385918817062e-02
-1.527247019416112274e-02
1.994063898349285671e-02
8.496684559949818638e-02
4.985499188979898300e-01
3.598151605094658534e-02
-1.752553793976182328e-01
2.072297721229801604e-02
7.581855803540732408e-03
-1.695287645459550921e-02
8.206086869186600408e-02
1.144762949831326510e-01
-2.453453629127409219e-01
1.006968915708983045e-02
-3.546943764421072731e-01
2.620128447383894832e-01
2.582645389625833343e-01
-7.211853133246595715e-02
-2.763302820889395606e-01
-1.082096080577520797e-01
-3.331389491390700508e-01
-3.845886320502350242e-01
4.063998924896677356e-01
1.716418652116956656e-01
-1.188329326601106767e-01
-1.880144606895198800e-01
-1.013040198340314649e-03
-1.013781804088169647e-01
-3.022730840886941328e-01
6.847100718554892385e-02
-1.724042408792618997e-01
1.305455853255816090e-01
-2.386064562984709925e-01
2.459444102776578434e-01
2.302183653949061992e-01
-1.204529305378559262e-01
-3.710562193680057574e-01
8.064935535899629649e-04
-2.052656313151013656e-01
-1.605813270047149466e-01
1.194038007766835968e-01
3.055574559572606375e-01
8.232900643113448547e-02
-1.078716157214241328e-02
-4.916590208471646045e-02
1.568262338318890392e-01
-2.150599597859907119e-01
-2.712816979088992775e-01
-1.525396807158895252e-01
-1.666599154111678138e-01
-2.667926277244156985e-01
2.163614973942696029e-01
-1.411967118216126138e-01
-2.450057368488408327e-01
1.238200540600217919e-01
-2.845288260658861978e-01
2.948942812702085373e-02
6.265068461114813025e-02
-3.720746843306371732e-01
2.600701213022864611e-01
-1.418059010088402461e-01
-5.997654572858363009e-02
-8.607281080747790358e-02
-3.326310909728046744e-02
-1.438343672088078680e-02
4.288801222018194248e-01
1.529690562263142095e-01
5.815848834074572628e-03
-3.123433351854533191e-01
-1.108769606240083277e-01
-4.362297672579015795e-01
1.516314711293678674e-02
3.370688788692698390e-01
2.778815540296163955e-01
-2.460999547608000437e-01
-7.703326499921220316e-02
-3.816615228339644283e-01
1.299034676603452176e-01
-3.335172496658272423e-01
1.391380197651163331e-01
7.221537131608732688e-03
-8.905912757658676626e-02
2.856173360695718477e-01
8.355006860779350120e-02
3.613685222983351736e-02
-2.165740524650617838e-01
-1.554234991878644667e-01
3.136368002636990004e-01
2.680708481406939847e-01
2.449292770203609360e-01
2.153802290145240272e-01
-6.709966359272534486e-02
-2.146920502135549191e-01
-6.921559746761804174e-03
3.210130968165114673e-02
-2.150508785188855743e-01
8.913469431750709049e-02
-2.086250869727143964e-01
4.536248018636619694e-02
-4.388014432178745892e-03
5.981143090031187937e-02
-2.931988920905769236e-01
-8.947041852135886875e-02
1.711062676413530881e-01
-1.248876133264437138e-01
3.219126011008059396e-01
-8.893509749917410945e-02
-6.854244412605604853e-02
-1.963106295031414872e-01
-1.149338861945204404e-01
-1.795255531481877720e-01
1.571226378484721353e-01
-2.219247518037546218e-01
7.674023389869241707e-02
3.856245657644352121e-01
9.536203527355681386e-02
-6.700913224868975115e-01
3.629466180597752667e-02
5.976995743871504896e-02
1.838093472101421377e-01
5.095163393305834204e-02
-1.984065555645015896e-02
-4.747542272826646426e-02
1.239227402030075066e-02
-5.064280836598664820e-02
3.027267341846241397e-02
1.922462801490595896e-01
-5.918308696061866728e-03
8.655646739473828177e-02
2.413610724549410114e-03
5.749942832356589976e-03
-2.897004987478859483e-01
-3.338829335022450162e-02
-1.802592749114987070e-01
-2.685333505333554333e-02
8.650839396282553051e-02
-1.881457952046099516e-02
1.163969742165721216e-01
2.667802226313957803e-01
-3.265039070866880277e-01
-1.929072428840512554e-01
-1.645718695790552299e-01
2.568957032546788644e-01
1.635653806622559270e-01
-6.273022564990574090e-02
4.619433105552379210e-02
1.270539712525838305e-01
-1.789043037742883702e-01
1.810079988500494785e-01
1.249750673709620480e-01
1.968134193152630274e-01
-1.203139827235261416e-01
-2.396780441156340646e-01
3.153266923027801538e-01
-1.903370483033791083e-01
2.351320898826691208e-01
2.412736021840793110e-01
2.751430668899669807e-01
-3.430054741917389904e-01
-2.326156152676175370e-01
-2.670202660152216634e-01
9.596771345525240138e-02
2.961136412662240258e-01
-1.732427430146520064e-01
1.761975835882776953e-01
-8.420000244242394072e-02
4.020642298101865797e-01
2.577454741872070576e-01
-1.354501520836933481e-01
-6.517717778083596813e-02
-1.213897481298560066e-01
-3.589652003558958526e-01
-1.108407783694267679e-01
-3.516793864173167056e-02
2.013603024034424649e-01
3.156386611577375288e-03
-4.094690838035833780e-01
-1.166992421335451280e-01
1.995486797429599501e-01
7.566185059604414731e-02
-3.617462256721105107e-01
4.247047988903982635e-02
2.203765325751962101e-01
6.870021877240523045e-02
2.758187081396636375e-01
2.412865775203411056e-01
1.305449331124867995e-01
-3.318613087432470410e-01
-2.165676794354556012e-01
3.512842547394692816e-01
-2.891841028092318466e-01
6.042072350554422017e-02
1.565031841720982142e-01
2.251955796673741489e-02
1.193386282289740363e-01
-3.212573656646833253e-01
-6.731810619106357030e-02
3.820210524660688084e-02
-1.898353160631064416e-03
-5.796426498416228784e-02
-1.601219995000602025e-01
-4.134113146349415735e-01
1.727911169826803761e-01
-4.363245311396973802e-02
-2.758637447737139273e-02
-2.044146015810333616e-01
1.954816720910559913e-01
4.427833777838158930e-02
-7.041869556003639563e-02
-1.059616849172010655e-01
-2.264457492357330182e-01
1.393655782607681748e-01
-9.513964693233650793e-03
2.891163706590235000e-02
-9.294443212378480923e-02
5.029437316564733945e-02
-8.160213051766340708e-02
-1.366405593190363477e-01
1.377627765202395493e-01
-1.901687739547822664e-01
1.414885739313590796e-01
3.831184685596282502e-02
-2.953133602211556741e-01
1.335934609124298511e-01
-3.014518938011792604e-02
2.479837235522093508e-01
2.039458081770579023e-01
-4.254357317289967910e-01
2.937976480644216015e-01
1.752240874441236612e-03
9.562421306241719599e-02
1.992149408226380758e-01
4.903797451566282994e-02
5.098239333136166118e-02
-3.673617894207035217e-01
-2.867225614341517015e-01
1.352808781606001931e-01
-1.163841122028994035e-01
7.693192514343877297e-02
-5.375279621974966560e-01
-2.677094650020928057e-01
3.418937140038484646e-02
-1.443888534648809507e-01
-6.146235354561190023e-02
5.600493959315805403e-01
-1.953208713744072345e-01
2.657307464959049459e-02
-2.656376001735656356e-01
-7.422026402520577604e-02
8.330783571458384718e-02
-3.027680541770307876e-01
-3.514085796441087095e-01
-2.873051355943125329e-01
3.376068247933139421e-01
-5.554928424808091431e-02
2.522201950627077638e-01
-5.537078511881996512e-01
7.685932517312304979e-02
-8.493583138404425803e-03
1.422551758135074951e-01
-4.433474467181137690e-01
5.513345165038124190e-02
2.899896006037895879e-01
-3.616672325264665144e-02
-2.062302940544503971e-01
-5.510390574151200482e-01
1.454830407484264954e-01
1.433676534208979114e-01
-3.300439752269214433e-02
1.349559433011903731e-01
8.405582701710874460e-02
1.774509272463584975e-01
-8.347806435912165368e-02
-3.662990936303447270e-02
3.553506868386510642e-01
-9.000062862390068030e-02
-1.607243379682813389e-01
-7.311818189526683720e-02
-4.310926033023264603e-01
-1.816694573649932087e-01
1.600231045156052800e-01
-4.517262441892264113e-01
-1.695012599431175992e-01
-1.895966301618556837e-01
1.261242490661314830e-01
-7.659580051967927738e-02
3.233890387802412780e-01
-1.396662094119204556e-01
-3.695607748284380767e-01
6.164959514642810029e-02
-3.592457526486226432e-03
7.728260414276683088e-02
-1.325984909298281167e-01
-1.402537786325584040e-02
-1.645807255005223360e-02
-3.963597876487215399e-01
9.105753404880957691e-02
2.144963494453162589e-01
-2.237493608009036294e-01
-4.120177366622996759e-03
-5.036991338117237371e-02
-2.167190829100165972e-01
-1.144739583936173755e-01
-1.898075735538735376e-01
3.732781046084650972e-02
-1.421893570904994575e-01
1.096245500847449206e-01
-8.268110497608729959e-02
-6.356899453867372041e-02
2.183140099672982448e-01
-3.129224959520132132e-01
1.160880130215965755e-01
-1.495401433912432188e-01
3.409861963675408503e-01
-3.262054589717092168e-01
-3.078114319041472813e-01
3.822642442988956057e-01
8.803535018502367526e-02
-2.489231890270041103e-01
-1.170712516668827446e-01
-3.954055230381116615e-01
-3.012270876452095014e-01
2.854954128984762973e-01
-9.090709232544880170e-02
-4.147269081923242173e-01
1.802640219107218625e-02
4.360414884016005632e-01
1.727974686856678932e-01
-3.247019301382967349e-01
7.983789095154170817e-03
2.271849724964439543e-01
-3.380477658415073638e-01
-5.184882869825777063e-02
1.493881480259168226e-01
-3.789349992551235835e-01
2.867259916842205825e-01
1.052976422917300120e-01
-8.867982651738148814e-02
3.513652434987629691e-02
-2.529913357008624075e-01
-4.071195496878483172e-02
1.593354342463721984e-01
4.223958141919816334e-01
3.471740734533372563e-02
3.495045445046283256e-02
2.998060312380532513e-02
2.360536727097150567e-01
1.509997061253394168e-01
4.072813398704053789e-01
-7.435785313006129660e-02
-1.864241181121883972e-01
-2.543254875782127167e-01
-1.674684842220273695e-01
-9.280424518030365791e-03
1.056286555025495039e-01
1.372800351777860306e-01
9.901265926667612849e-02
-3.854013747679745916e-01
-4.875009522357156566e-01
-9.582616574620263228e-02
1.301774578337137611e-01
2.139573683143846938e-01
-3.959598152507361468e-01
-2.500526660944877855e-01
3.694422346295438975e-01
-5.453016171608612156e-02
-1.124327448965073278e-01
-1.057609306096643359e-01
-1.715803432230302017e-01
4.105115744355615492e-02
-2.061503534875662458e-01
2.124512282323576806e-01
1.114592428269800956e-01
-3.903454338292349779e-01
-3.008792620629442416e-01
-1.870945007749791889e-01
3.003486177415559122e-01
-1.446525029705139909e-01
9.434938990087553268e-02
2.508776908196478361e-01
-3.241318248915209255e-02
5.944987159624190269e-03
1.741381826349923112e-01
-8.128439480552719643e-02
7.659164137047615867e-03
1.682372410415694242e-01
-6.245455297032092012e-01
-3.059054623908942783e-01
-1.367259094119182006e-01
1.527791718034471891e-01
3.589718351401062491e-02
3.164915397713412987e-02
-3.558561665464706203e-01
-5.983218765817488634e-03
-1.848282758605119536e-01
-6.556980491755118323e-02
1.083749393276480927e-01
1.465095196778328779e-01
-4.232842351708570594e-01
-2.910871700699009801e-01
-1.169403518005015796e-01
3.774258572868803285e-01
3.934650070335817679e-02
7.858812458672218004e-02
-7.324895612045499715e-02
-1.397520668885078032e-01
1.979087463025009930e-01
1.793953827352613717e-01
1.766022058370552428e-01
-4.609864336365092630e-01
2.414889183885931268e-01
7.973958077519473220e-02
-2.397231474335423385e-01
7.269700468305441421e-02
-1.634008217285070896e-01
3.748382522929589317e-02
-2.959426584221916956e-01
-1.515351423618886972e-01
2.403812597621271252e-01
-1.654485997532953168e-01
4.569932183144991278e-01
-1.713606632219177306e-01
-6.955632048875108608e-02
-2.122724874265569384e-01
2.843263566654312680e-01
-3.098393692269144628e-01
-7.775788355018894982e-02
6.514151327928719981e-01
-2.469148689672291952e-01
-3.052739146934738135e-01
3.188805027285255278e-01
-3.383572691535430832e-01
-4.879867900246873808e-02
5.576675628827128250e-02
-2.758821923678916321e-01
2.687730076620135633e-01
-2.629078070322947158e-01
-2.400410587369249116e-03
2.688227760816318257e-02
5.112636807303602010e-02
4.306005468172612871e-01
-1.166387332952366351e-02
-1.633384860506973957e-01
-4.899940735243946133e-01
2.535232848219068913e-01
2.447488774930188793e-01
8.197474003890625749e-02
2.493960810730726507e-01
-1.681127163842860983e-01
3.056603271656795351e-01
-4.411660706915480623e-01
-3.270427017911296808e-02
-3.084430188968065867e-01
-7.335682328208936731e-02
-9.506142048270208034e-02
-1.773529897195574023e-01
1.466042315863897438e-01
-1.246749154160639306e-01
1.169322981294004665e-01
-1.073641615921458736e-01
-7.969672816862871656e-02
-2.770025320738361829e-01
-1.383205002313875609e-01
9.107417175001530918e-02
-3.155685609607218334e-01
5.556285332314724740e-02
2.639104814583148606e-01
1.928797596846431317e-01
-1.093559822695271688e-01
-4.190741486361488355e-01
2.675946974235588610e-02
-1.459335924313516220e-01
2.751125500224680387e-01
-6.452246755074228513e-02
5.552359625684209071e-02
2.400847513758900265e-01
-2.046311603163201709e-01
1.047665115943942626e-01
5.483946186482086677e-02
1.019572494102206767e-01
-1.659498097637280845e-01
-4.327217805489655400e-02
2.719543655759232847e-01
-1.096981508720816928e-01
-1.691578425410466546e-01
6.482941043381250379e-02
4.114119146965329321e-01
-1.960269187621714593e-01
3.629256985622549697e-02
7.327260428802970238e-02
-1.392102332293432554e-01
-3.475743685780127712e-02
-1.016413298450102032e-01
-3.401442121930235013e-02
-2.856796028997510839e-01
3.217452366855549362e-01
4.453210938649830863e-01
6.423729547924333927e-02
1.606744446427350870e-01
2.578297527723878435e-01
-1.636413678856795673e-01
8.014365575765415584e-02
-3.750509644055308178e-01
-2.238066897495799221e-02
1.630702366902834766e-01
2.076924022029217054e-01
-2.898480147199812840e-01
-6.302672696777758543e-02
2.145547233759126926e-01
9.488629330616324409e-02
7.424713858639499231e-02
-4.579819166691231347e-01
6.451197571440500655e-02
-3.582342729534391257e-01
-3.629448412188615025e-01
2.762515617503987220e-01
-1.500755716844643338e-02
3.790695878488052895e-01
-3.472342287363033853e-01
2.293126218773726133e-01
1.722791636764714474e-01
7.083391718322873398e-02
-1.201901873000857379e-01
1.782574110104399590e-01
-2.543169304054158641e-01
-5.788630710395115814e-02
-1.061431085205461478e-01
5.471796077493705779e-01
3.415646250543591944e-01
-4.173428514168384673e-01
4.675530682563400209e-02
1.430637756481503708e-01
2.272741354406846992e-01
-2.777875516953812740e-01
3.265316165928455316e-03
3.636608037998091403e-01
1.444317470078536891e-01
9.778364383392085246e-02
1.582433490575082813e-01
-2.231829570320162381e-02
-3.698690102083431741e-01
4.910489289207752711e-02
2.222367282301687952e-01
-2.126504593192679871e-01
-1.767517407750865688e-01
-4.920116640075832826e-01
-2.749162512316183360e-01
2.115071152267989918e-01
-1.623781425786922916e-01
2.842578216091682375e-01
1.033441225235967320e-01
-1.477741739234294249e-01
1.560209901963052759e-01
6.469211238935999864e-02
1.755731780886616578e-01
-7.770049594157109329e-02
1.060887158357861904e-01
-9.491362293832103503e-02
-8.897479351825153537e-02
-1.819016321288920157e-01
1.221077477403861161e-01
3.482745399368287198e-01
7.823087367286762905e-02
-1.046197779189429328e-01
1.401273005007435679e-01
-2.870774609159583157e-01
4.070602037007917118e-02
5.437569307275234021e-01
-1.624993765520778843e-01
2.216315454615855884e-01
-3.250922106294248937e-02
5.967327802672678025e-03
-2.855184144644462019e-01
3.555720980485984617e-01
2.323469263768012383e-01
-7.117510679199601231e-02
3.913107588520975400e-02
-1.713217646480859058e-01
2.345513047712177446e-01
1.219714001322309447e-03
9.939929784352000142e-02
-3.791189927083019606e-01
-4.036453301731223603e-02
-3.172568831911794923e-02
1.961695893121974399e-01
8.432071587229654497e-02
-2.309474369381584458e-01
-2.835172826955173128e-03
2.453009854452116167e-01
-5.812524535222431815e-02
-2.384010643410281460e-01
6.874332644920179425e-02
-2.756640496520855188e-01
-4.721130022943645366e-02
6.606867374541635328e-03
1.047029528507271157e-01
3.663367515526405604e-01
3.592465581944151443e-01
3.853051954284756331e-01
-3.102987044285466789e-01
-4.306123989875784708e-02
-3.683831001403594652e-01
-7.464594589106821228e-03
1.932177242134135720e-01
1.489470146330229283e-01
-3.438113522371744613e-01
-7.365192195697860267e-02
2.665128389217893412e-01
-2.490769839488916060e-01
-3.921931022124712785e-01
3.668533992890423562e-02
-3.380993874835547808e-01
2.194660493256503642e-01
3.406210026812814817e-01
2.436380661387094471e-01
-9.098751477469664561e-02
2.434980549988813026e-01
6.950653075885970811e-02
-1.972641097347122285e-01
-2.238058240491969109e-02
2.080113809618425874e-02
-2.597399986537917704e-01
8.271240320126634071e-02
3.228031565409255066e-01
-2.461615047098686948e-01
-1.151512475273145340e-02
-7.911840086568343311e-02
-1.268534503558089166e-01
5.064559343157581245e-02
2.036223779239643428e-01
-1.522836845583839527e-01
1.095485552477220986e-01
7.270411627624714934e-02
-3.808893944393351161e-01
-1.166087883627737465e-01
-5.344729605537842931e-02
-8.400119045352015534e-02
2.750118256420187035e-01
-1.370209570094267082e-01
8.370219007767383881e-03
3.701195881190823961e-02
-2.076041548450341390e-01
-2.281126671867852729e-01
4.436690746741464020e-01
1.592916732408219127e-01
-9.833644387562411049e-02
3.806573084548558472e-01
-6.987986010000836468e-02
-1.816959964623931501e-01
1.003694563028793563e-01
-2.702002708367498909e-02
-5.500133441604224821e-02
1.667470205812869935e-02
8.996443199067712115e-02
2.449681385952206525e-01
1.240381647677416960e-01
-1.797590859289837500e-02
-4.692589239765718734e-01
-3.046368610070017136e-01
1.560985779350338720e-01
3.178569114608987833e-01
3.833296296428369554e-01
3.134502861082144598e-01
-1.267034911885717152e-01
-1.537703081477252709e-01
-2.698079755704401173e-01
-1.198030527880575569e-01
-1.531957986809169558e-01
1.339628998009001004e-03
1.410104622036093165e-02
2.713603764409420749e-01
-1.898434757795491035e-01
-3.213648603085553224e-02
-3.822146847554564464e-01
1.242751088110099905e-01
9.600224014669885009e-02
6.353487288450221718e-03
5.399455143710195706e-03
-1.762811781720975690e-01
-6.660874655218795848e-02
1.246983465800114849e-01
2.131789225671388566e-01
-1.251306405342394179e-01
5.634976996854106079e-02
1.024310322180032595e-01
9.915163919415159732e-02
-4.943845351097241880e-01
6.668237860785654336e-02
4.994883877088764079e-02
5.894236514935690535e-02
-2.283806922842624570e-02
-1.023441569041172033e-01
7.729475830348069010e-02
-2.125965191183389613e-01
1.510658921152397416e-01
-7.318572781011070671e-02
-5.601838813778190485e-01
8.231955032629974245e-02
2.335156561692675048e-01
-4.581618687162057890e-01
-2.317425217691380379e-01
-2.646041726132891680e-01
7.439392110378054146e-02
1.439926109874477556e-01
-2.751142455854225233e-01
-1.225429863346282067e-01
-1.344001408186226709e-01
-1.423277328489616078e-01
-2.624616194799127555e-01
8.709450505838828294e-02
-2.190009115078393742e-01
3.156585516775191058e-01
1.437066129247634378e-03
-3.209266151481521973e-02
3.943382539015727328e-02
3.607816495740120422e-01
-7.905060486706561029e-02
-3.829541986339410342e-01
4.549649626651582068e-02
-9.705715944382382887e-02
1.051401942808975198e-01
-3.469785905755431998e-01
1.054438478372299454e-01
1.819638163270635364e-02
1.286517129030955164e-01
-2.089994968870196868e-01
1.658755380546410585e-01
-9.741628614636031747e-02
-7.593390208995073887e-02
3.308166740082269658e-02
1.755299253552073391e-01
1.179272175468019934e-01
2.482678525410894343e-01
-9.427202853286606454e-02
1.231255560457264475e-01
-2.208996515513093339e-01
1.261696004018099393e-01
-1.568910377740732331e-01
1.605772422687285761e-01
2.231645465533615702e-01
-2.105046350607289729e-01
-3.831543411077065371e-03
6.301050047292088008e-02
3.870046225981264160e-02
-2.685709893885896427e-01
-2.819565723529240953e-01
2.350005280237934049e-02
-2.234143602578073928e-01
1.374474796058536841e-01
1.137696705300004496e-01
-2.735018650983820354e-01
2.020284809541944906e-02
1.759164521120991642e-01
1.611783133867927542e-01
-1.868713396549891992e-01
4.405711907869375686e-03
2.427820966416375237e-01
4.785678820975371173e-02
5.404515627029222308e-03
2.292361200727127679e-01
4.429493322594235671e-02
-2.852220900814932403e-01
1.839183965671434620e-02
2.285914563446007908e-02
-3.429988602111032625e-01
1.787554419372586745e-01
5.812177730210152382e-02
-8.078464620475997449e-02
-8.016718565762566417e-02
5.206451573419877965e-01
7.883616653086894521e-02
-1.885191615925525463e-02
-1.776655356534650662e-02
1.197688606153376467e-01
-1.843243324032001196e-01
-2.006049260037965909e-01
-3.035208369961021058e-01
-2.602399116092046216e-01
5.954834494332144484e-02
-3.746717163322742933e-02
3.288135443829323656e-01
-3.399705500731545760e-01
-2.220772413109630139e-01
-3.594824630005030025e-02
-7.865025828444496825e-02
-1.314284972699894805e-01
-1.854682158607835196e-01
2.502391287479736048e-01
-2.464312095273324954e-01
1.200062093480054881e-01
4.704158342426362910e-02
9.045771623675837037e-02
2.285640672661511941e-01
-3.396761408411489436e-01
1.534832998931183468e-01
-4.949553084526733260e-01
3.335690264797980253e-01
5.614575362786712598e-02
-1.223902361303578004e-02
2.039451705173590257e-01
3.969608559824110983e-01
9.097500420450826963e-02
2.799227103847644060e-01
2.980800035560455807e-01
2.201803254842509550e-01
-8.525015233091290390e-02
-2.594260991104515579e-01
2.315422211237990746e-01
-9.406977656226113427e-02
-1.578400091342001821e-01
1.198471600830881417e-01
2.065963082921183080e-01
2.588215505910987022e-02
1.042879029798507856e-01
3.047680462641999544e-02
-1.298972647332617136e-01
2.276906781602477947e-01
-2.529372826270441244e-01
-2.687286462747337512e-01
1.120911519556522101e-01
-2.284257314473998879e-01
3.655235343530766623e-01
1.721992095188564775e-01
3.726219083333067728e-01
-4.593086699237459991e-02
-1.158759096003049438e-01
3.991548497711713134e-02
2.890118322827494590e-01
1.245823898583966749e-01
3.136770363500177017e-02
2.049205320067455371e-01
-5.120454311129257752e-02
1.746637190823069037e-03
-1.238261771090133079e-01
2.168035555737576892e-01
-2.856519438223749097e-01
-2.836740301982344503e-01
3.475150173178869206e-01
-2.344998732278535947e-01
-4.120788514177394640e-02
2.968605311267085711e-01
4.262719467102778492e-01
3.312574153704035407e-01
2.457093191010450550e-03
-2.331592791617535243e-01
1.510411902972736697e-01
-1.189999375447946262e-01
-2.566017780807426929e-01
1.302691409455434546e-01
2.051485385259818606e-01
-1.909862764239558808e-01
-1.084837024076605871e-01
-3.091875531574508895e-01
-4.259864163032460183e-01
-1.467395466477772192e-01
9.665481306991127730e-02
2.033467260161074819e-01
1.422034989590244963e-02
-7.780635205105758401e-02
-1.367338956293722985e-01
1.486905601643818964e-01
3.386049107803313918e-01
1.006856682761429339e-01
-1.127220642073669815e-01
1.990049894905799033e-01
1.563506459206996935e-01
1.920942693756430286e-01
-2.990559657082777489e-01
1.336715989779249103e-01
-1.874274552262644444e-01
2.367040586542428215e-01
-3.502675032369253483e-01
2.260784339798704301e-01
-3.704301812632474489e-01
1.336911312926495898e-01
8.513738686845210776e-03
-2.973639508570219969e-01
8.340850703464877669e-02
-2.212740778801667307e-01
-1.177121308358891061e-01
5.123575420519874829e-02
3.229916558205979671e-01
-1.230277342660467954e-01
-2.594280783065639265e-02
3.765635810575377884e-01
3.601575404046706425e-02
3.930726279590156941e-02
-1.209742141131710420e-02
2.844573226247073539e-01
1.950322648044852392e-01
-2.149351966808905057e-01
2.057814371774220052e-01
4.523953446690949787e-01
1.948691290397499831e-01
-1.463399305533331085e-01
3.460797190255145983e-01
8.798833509918151802e-03
1.089585224265670754e-01
1.165597098572579982e-01
8.949739856337142474e-02
-2.469551603885885779e-02
3.345914713119513273e-01
9.988030859120607119e-02
-6.040949456514806831e-02
-1.884327348897029686e-01
-1.095992617270951791e-01
6.947739502297474445e-02
-9.035682867366083212e-03
-1.618419368613686071e-01
4.299064862558458766e-01
-2.879322520919127062e-02
5.519685179398919200e-02
1.278789861933830596e-01
3.090475416176776680e-01
-6.033570326180159177e-02
-1.193665379052752523e-01
-6.536674605258395443e-02
2.707253702884669377e-01
-2.655856469827585706e-02
-2.613355084619476409e-01
-1.761352130376590275e-01
-2.399258613746044766e-01
9.131942990313465791e-02
5.832783706727804468e-02
1.422748098857590793e-01
1.166905206052132743e-01
-2.588198056102561720e-02
2.673752713341142617e-01
2.227511535227314973e-02
-4.681403845224773458e-02
-3.598099207453696047e-01
-1.942667001605020288e-02
-2.908890366034133645e-01
-1.940502781951026490e-01
-2.622134390456289377e-01
-2.989514422807633132e-01
3.615244943951818613e-01
-1.093424561924263155e-01
1.651557952610188118e-01
-1.718373909832259516e-01
3.099839549489919466e-01
-4.197259216924601605e-02
-2.622562483952212142e-01
-5.839002263384843183e-02
1.918682327485489170e-01
3.224259148019886084e-02
3.978693000150723691e-01
-2.127753015777245071e-01
2.004975504904493375e-02
-3.247666575258800065e-02
1.173473836073376901e-02
-3.329773119509560342e-01
-4.991274266248896252e-02
-2.187923749927962458e-01
-6.735652049682618048e-02
5.238131880284706277e-02
-1.017855978854988602e-01
1.888526243898594470e-01
-1.875253350551768505e-02
-3.156837287936942876e-02
-4.186513610242514338e-01
-2.893115185722183735e-01
-4.411698280105021130e-02
-1.874586721457585370e-01
2.860045539457413688e-01
-1.057102225502477844e-01
-1.374489219069068013e-01
-1.271165169861320221e-01
-2.257898694220983604e-01
4.065639655034564148e-01
-6.945654916453020133e-02
9.293048461273597377e-03
3.510492036906922575e-01
6.756827748304342074e-02
-3.723867205711781092e-01
-2.710509150207896650e-02
-3.914894036313469085e-03
6.095958629720786559e-02
2.352718385178075855e-01
-9.975979520446677518e-02
1.910947721379204489e-01
5.138710494055657163e-01
-1.059414645461972254e-01
3.301344459391563485e-02
-1.099316781172433033e-01
1.435564298497855606e-01
4.715885570421066708e-01
-1.451740210849494783e-01
1.801318814646031552e-01
1.297248350880223777e-01
2.874729057908974594e-01
-2.278658653008842350e-01
-1.580803246633408488e-01
3.654504005973384373e-02
1.226210055082825878e-01
1.701657201978527545e-01
2.502972212970875354e-01
-1.833671147807544866e-01
-1.507283403742163963e-01
-1.185384962347103277e-01
3.828742358200816487e-02
-1.174239479584677365e-01
-9.779223792503262402e-02
2.318902732100614761e-01
6.052344994513099430e-02
2.114508645567681755e-01
-8.867534169985705206e-02
2.906464141905490753e-02
-1.893559213989796652e-01
1.356520164027451014e-01
-6.952580440643056636e-02
-1.535829751306849733e-01
-2.742847808094806550e-01
-1.910637188286547217e-01
-1.425239727138996049e-01
5.500758237551207214e-02
9.224655829761978232e-02
-4.947778763131506774e-01
-2.340500309869534556e-01
-3.948364174071163912e-01
4.106177696625869511e-01
-3.703905894127045850e-01
-2.427934948019093986e-01
1.155422437017298853e-01
4.330141933225731266e-01
2.693928620815665975e-01
-2.999586013370615645e-02
5.349411633265725996e-01
-8.123722294706300917e-02
1.379028258481479197e-01
-1.047745207990565947e-01
2.472357868884707544e-01
-1.233782103867285262e-01
1.589972526593342872e-01
4.234495719528841989e-02
1.930702330238791564e-01
-2.675181330909087163e-01
-3.254875486095767240e-02
-2.695633053899055831e-01
1.683683856337850338e-02
4.931603463611970717e-02
4.968304998463508593e-01
-2.375091415816332763e-01
1.767019660855705110e-01
1.645830838323900369e-01
-6.284257907990263570e-02
-1.493712610775092819e-02
-2.619883536668868307e-01
1.239943376071604014e-01
1.166608442235838455e-01
-7.510774093779977456e-02
-5.763933265927029953e-02
1.984868415324201052e-01
-2.033573487726553566e-02
1.409769217681851872e-01
1.395273849302491043e-01
-1.068456774510339186e-01
3.322674102561121723e-01
-3.031672671012494019e-02
2.235658022779574844e-02
-4.270555482748744081e-01
-1.101936193773700272e-02
1.989970313149738157e-01
1.940691112634281290e-01
-1.947724222873326722e-02
-1.825445033723503974e-01
2.133429798064912508e-01
2.062506790892235931e-01
-1.701129396313732223e-01
1.662395772080439704e-01
-7.239535265817308336e-03
1.059911910493180343e-02
-1.743912801043495386e-01
6.229152995173020679e-02
1.775781746004861661e-01
8.624893664394574222e-02
4.742402714361141497e-02
-1.843481424612270769e-01
1.235131342738602506e-01
8.991720416532532345e-02
-1.029784383074071850e-02
1.562559756548424217e-01
1.451658396304516541e-01
6.952541311166939020e-02
1.261476604329402063e-01
-2.890912888550137838e-01
1.654891866125000888e-01
-2.236598129974957383e-01
-1.833201873296877171e-01
-2.340453211041080839e-01
-3.790443221793445006e-02
-6.247990918114416925e-02
-1.253651198322202343e-01
-1.096736032111647746e-01
-1.367640980079102564e-01
-3.646386243445894765e-02
1.527004200798822431e-01
-2.063023531643769573e-02
-3.158901723954198049e-02
4.950461231811100621e-02
5.029347232417472613e-01
-6.204804321420667040e-02
-7.481970869168007299e-02
5.439687296249545029e-02
-3.378846509253602415e-01
1.434332833977604305e-01
-2.695649206180113500e-01
-1.017778758279530710e-01
-7.772351913347205765e-02
1.590999399213011423e-01
3.804934794816618171e-02
8.308038654737853745e-02
3.565226198242567590e-01
-3.088352144034821611e-01
-8.157674871552880735e-02
1.511354872239906999e-01
1.514945865333524877e-01
-3.708207702607060341e-01
2.406259587373272280e-01
2.917852872531730979e-01
-2.157171820472032209e-01
1.164264524871098938e-01
-5.192937610921091046e-02
7.023469406591022202e-02
-9.665036801827224522e-02
-1.556540246432464858e-01
3.064434516492287736e-02
-7.321109831841551840e-02
1.937994418585818612e-01
-2.064505931935791683e-01
2.061141603240344289e-01
1.293061042761778912e-01
3.530615010919996299e-02
3.195102362756235825e-01
-3.921943215236389224e-01
-3.399552377485233756e-01
-3.234481790821857605e-01
1.965969810076761137e-01
-5.949676819812876882e-02
1.180621778560323187e-01
4.819452089787803484e-01
-1.165799819243538565e-01
-3.052551510977468685e-01
6.982628974067361938e-02
-2.341798484158808258e-01
-7.567315913713998365e-02
2.435427688815298974e-01
7.082128275831839348e-02
2.166255709854974787e-01
3.932692661767420161e-01
-2.795917977013844258e-01
1.020741752110074577e-02
4.433968576220541705e-03
-2.780931558547091176e-01
6.350234882128628564e-03
-1.029869571505851455e-01
-1.741317712787221125e-02
1.462676024833491628e-01
-3.605272776288651615e-01
-5.350407207526261533e-02
2.955859589617109706e-01
2.011232869886582231e-01
1.063463225763066899e-01
-3.408702003941410097e-01
1.167463544147164245e-01
2.492329982587764559e-01
-4.273152598109855593e-01
4.177757210176153424e-01
1.231821619793299627e-01
-2.194722698392110871e-01
2.912254084633896789e-01
-2.231093065710241241e-01
-5.304821402277352244e-02
1.119126366521003280e-01
9.279518950001491850e-02
3.415049072474659608e-01
-1.211453365277113808e-01
3.149968392401432671e-01
7.095571126569270859e-02
1.338912609651741470e-01
-5.677404228043896744e-02
1.119254574398099306e-01
-1.832411414870900312e-01
2.654334242031850238e-03
3.357580707134642795e-02
-2.431696436551503970e-01
-7.114724084365735279e-02
2.361141343857034169e-01
-6.580387054684122550e-02
-1.288234481621156891e-01
1.454179406985424694e-01
-3.006026026850504573e-01
-1.687414118539416752e-01
6.313327285862552207e-01
-3.154262905840737180e-02
1.463277565894281484e-01
-4.555568013808793393e-01
3.627470299575576984e-01
-1.023626576966133184e-01
4.494615815532003733e-01
-4.327575192844707597e-01
4.277761275162813431e-02
-2.083070146168146120e-01
1.421397835214288641e-01
-1.679923896514939063e-01
4.618903975148593022e-02
-1.344255726036653054e-01
2.187047840273668997e-01
2.335281768249759526e-01
-2.692149108751450415e-01
-2.323600904681755175e-01
-2.298932724315538578e-01
2.384669684497598974e-01
1.416181547063744828e-01
1.554236504099520411e-01
-1.414303892059000671e-03
1.292972789031334169e-01
-1.236712388756514569e-01
-2.347125457911113378e-01
3.398463203530723703e-02
-1.281471111206437252e-01
1.337114270862332921e-01
-2.521967481358639018e-01
-2.191601784721707025e-01
2.199411014739414139e-01
-5.589485663647095204e-02
-5.810738931527738294e-02
3.290568068522441436e-01
-4.029138781219650418e-03
5.912530108004095120e-02
1.862288254368775764e-01
-2.827960698407143772e-02
1.658563329931408981e-01
9.675273041019342296e-03
-5.214936942535474546e-02
8.182530503277952658e-03
2.524653069745877998e-01
1.339678280415329825e-01
2.549014130950715828e-01
1.311680974075271622e-01
1.675059470461448263e-01
1.867848363476361795e-01
-2.208618597971394315e-01
3.516914928619713915e-02
-1.535321338435750860e-01
-1.260936438667668025e-01
1.621598271144301107e-01
2.742364965594327186e-01
-4.694580842449169039e-02
5.476010878368205159e-02
3.003369356565590564e-01
1.637806807201882750e-02
-5.545921794955394578e-03
2.994334014855972170e-01
9.488771288661343450e-02
-1.047833491064449757e-01
-1.410407907200867672e-01
1.491106681221832445e-02
3.809461900184574756e-01
-1.170983508929170080e-01
-1.546817350911912081e-01
-1.804845439792365502e-01
1.383339767068062498e-01
5.723308961202898670e-01
8.131871048792895657e-03
-1.187384147729474149e-01
-2.780282684626080858e-01
1.936431244294833653e-01
2.318908398543628735e-02
-1.716636486044450377e-02
5.401667220329662289e-01
-1.520279765093233704e-01
1.291358595837004131e-01
1.285184520982766421e-01
6.454036089425352340e-02
7.992097370719712657e-02
-1.206355937223982239e-01
1.785580604607990007e-01
-1.837034913785345336e-01
2.980431348884417936e-02
4.752849333768449647e-01
1.968521556173996323e-01
-7.565346887665810871e-02
2.471898820067071068e-01
1.759487164018938565e-01
2.101476081272249385e-01
2.540884843194544107e-01
1.646531216262014929e-01
-1.533818821347602834e-01
-1.365458120250757391e-02
-2.080615647761757322e-02
-1.525077014197106715e-02
1.214735482665331295e-01
2.837999615618994054e-01
8.167343709356239545e-02
2.535612865098423319e-01
3.128179897946185561e-01
-2.167652500271458893e-01
4.799655211232717322e-02
2.206540652764690247e-01
5.060737517170466049e-02
2.696668110646926464e-01
3.632027057960019456e-01
-2.252048540804502119e-02
-4.239912913483679380e-01
-1.250963159699131910e-01
-2.744951212063280466e-02
9.442010343675859285e-02
3.199292243886793785e-01
1.058274257455059375e-01
1.675094884040179491e-02
-3.033833902997128407e-01
3.161339153053082524e-02
-2.690248589528612122e-01
-2.606577967425731113e-01
1.165188195150110156e-01
-1.868204961660822616e-01
5.420072401420438293e-03
-1.606307077727982535e-01
-1.400170452708894009e-01
3.731500452791928352e-02
1.344787414398003755e-01
-2.080126609148675587e-01
2.632538408095767921e-03
2.083748308222825862e-01
-3.805802204335677064e-01
-8.107259476903409812e-02
-5.430896815589549703e-02
-2.669717572305734254e-01
3.725016362843032447e-02
-1.237657561911946341e-01
-2.870265829002185964e-01
-8.638230679283072366e-02
4.503746067925796792e-01
-1.220947952415793458e-01
1.002269311781477101e-01
-3.083663510113260342e-01
6.733637031998364331e-02
4.029250983796318214e-02
1.589940229520362680e-01
1.017704106157739652e-01
1.993770549944307857e-01
-1.113794724763751409e-01
3.733943406680186317e-01
-4.092593109768311727e-02
-1.327819731631721401e-01
9.389162027696491830e-02
1.560759846373543924e-01
8.370286134225961294e-02
-1.017679377541120256e-01
2.236637570137395281e-01
-3.396638860569324847e-01
4.465666967327117098e-01
3.332305733175267709e-02
3.831441023985367456e-01
-1.868313778536679903e-01
1.088673342946555947e-02
2.188876685312766412e-01
-2.758430404147954040e-01
-1.813873188164808470e-01
-2.338453417391812839e-01
1.219343758209848610e-01
-1.897147165765591947e-01
3.772248573750258682e-02
-2.152635737583991349e-01
2.456067858370614421e-01
-1.569520567750011808e-01
-2.425235665004989716e-01
-5.959453228192052726e-02
6.080909106869118036e-02
-6.877990677815494502e-02
6.845864161902653899e-02
1.176797275993826664e-02
-2.284460686876170765e-01
2.069540251812248058e-02
5.375080781926744669e-03
3.096962495768607049e-01
2.836712558406964679e-01
1.352065881256658830e-01
2.567781350218122371e-01
-1.003345356991825615e-01
2.762884055244025916e-01
3.182791671385147847e-01
3.184470330539279637e-01
6.835301324384492061e-02
-7.112242557384584191e-03
6.521140050226365004e-02
1.246415545870859093e-01
8.102891048468459367e-02
4.093220179839414108e-01
-2.245978652927156372e-01
-2.446623083891751038e-02
-1.052878539532633162e-01
-4.329836871829391698e-01
-7.608600626640193987e-02
6.188541054267264821e-03
-6.256632364150548076e-02
2.000908301226888841e-01
2.355797608468707116e-01
4.231711230366537735e-01
-4.729365543978544112e-02
-7.063970352167515954e-02
3.471039650106955698e-01
1.947123329382737245e-01
-1.560928126384553694e-01
2.879582433190891466e-02
-1.639383827950694761e-01
3.798034847013794235e-01
-5.697611362197273904e-02
1.952394759678141023e-01
1.747414687207161366e-01
-3.461144656916335938e-02
2.571985595837091298e-01
2.852802156046829185e-01
-2.508753598462245549e-01
4.339012780909647787e-02
-8.996220904344860714e-02
-1.577564520901478806e-01
-7.008132218781263356e-01
-9.902186216085590020e-02
-1.450468192159268255e-01
4.322277304991726382e-02
1.303329186575224730e-01
3.701257489957599511e-01
1.047211995348868441e-01
1.480430992012791297e-02
1.471857936422304447e-01
1.144211698986800085e-01
6.417448690484295337e-02
8.838659038555846115e-02
-1.395623016636018121e-01
3.063666627715869173e-01
-1.517166561681731335e-02
-8.721175255954009831e-02
-2.002187737728475248e-01
-3.420698925346246644e-01
-3.766795754761485537e-01
8.837422587397339435e-02
-2.047966850174588460e-01
-1.396142378486509850e-01
9.783210852756812903e-02
-2.737285331671883079e-02
1.760544253093095091e-01
-4.435570580867779222e-01
-1.910108159809878470e-02
-2.210088323566326562e-01
1.797542898866321959e-01
4.104248203056565930e-02
1.835492160863567424e-01
-1.224340603958612023e-01
9.020440815126518075e-02
-3.403044180031745691e-01
-3.711392533955289452e-01
-1.736299080351688673e-01
-1.989037890695123934e-01
-2.367857215335168186e-01
-1.020583919060295969e-01
2.201560556152693249e-01
3.814828250835291396e-02
1.061300929977083279e-01
4.778048302202755199e-02
2.470114709468927434e-03
8.877831798019493459e-03
1.265853427671939646e-01
-8.061989324607939100e-02
-5.259008707289074547e-01
-4.147681957145555320e-01
4.910092649899042844e-02
2.896193259849716428e-01
1.591434587894098585e-01
3.505889793541306920e-01
-1.968539667577188512e-01
3.230927564547406705e-01
1.005528741303078899e-01
5.232216098077744097e-04
1.990341990449742415e-01
9.947570521303768232e-02
5.487574138373399468e-02
-2.665436547708839865e-01
1.230104658165992737e-01
-1.203768524287331665e-01
1.001071499895406780e-01
1.066905646771215133e-01
-1.347188209805622559e-02
-2.897584237275066532e-01
-9.988827372715283759e-02
9.460643539326369289e-04
-2.481000343797065688e-01
-1.115229560331797501e-02
-1.506672770000113959e-01
1.255431130913110989e-02
1.151036112298950420e-01
2.205236020267282160e-01
-1.639510097778001385e-01
1.458277535531943281e-02
1.172044257054023902e-01
3.365593726459560342e-01
1.933529149405736891e-01
1.117805408450044530e-01
3.001187597662331452e-01
6.430003279493699819e-02
-5.938952085125318850e-04
3.420028729015232166e-02
-9.445910637057328141e-02
6.636818569778393795e-02
-4.235395788683587320e-02
-8.737926480712791821e-02
-1.504071350553218278e-01
2.488152520456096972e-01
-5.889699665772231418e-02
2.231327031119857349e-02
4.079646875241131343e-01
4.554703410351724213e-01
-1.058660628788900271e-01
-1.604746679900280124e-02
-1.474014228499233858e-01
6.775326253804721255e-02
2.934556572664189303e-02
-1.428724064960602003e-01
3.325883395823258509e-02
-2.252816012150320457e-01
-6.918377416950069816e-03
-1.124888494378834120e-01
-8.576581959538848166e-02
8.518591657339304180e-02
-8.222240771341216004e-02
7.069379595282290762e-02
-5.327685642963461699e-02
-1.587286629358183043e-01
3.152138485087399022e-01
-2.046026256207052196e-01
-9.379597858671906430e-02
6.844995321013142009e-02
1.420072392711825560e-01
2.324993662524302285e-01
-5.433175433100302654e-02
-2.400006609364338517e-01
-6.302486538960529183e-02
-4.965051578366621032e-01
-1.124719676642296357e-01
3.994850485433529275e-02
1.689781885005074979e-01
2.554389116416449501e-01
-2.075953045680106468e-01
2.194693275731808557e-01
-5.246177906821070797e-02
3.434388710913505172e-01
-7.307416265632540875e-02
4.570917652475100373e-02
-9.206618962224655256e-02
8.083622891694574458e-03
1.510604337180374845e-01
3.657860609676151786e-01
3.552815758500408316e-01
8.406936639309522952e-02
5.234508353195571617e-02
-1.201999681903083012e-01
-2.374280980805755156e-02
-1.246526235113326608e-01
-8.383133012668997353e-02
2.525367950223398883e-01
2.987785934971965915e-03
4.166433985389024208e-01
-6.332611165946006038e-02
1.945476172482736577e-01
-1.692893974560207848e-01
-2.136272625764111532e-01
2.128972981004161047e-01
-2.393905131159863031e-01
4.175655566739806535e-01
-1.675937324747085178e-01
-1.205866956089220454e-01
3.093879361159872221e-02
7.819067392046492870e-02
-1.198446338555258506e-01
-4.602355989669650316e-01
1.170587700137713794e-01
-2.722856706006083760e-01
2.579873991916601939e-01
-4.035237392030771586e-02
-2.153075827532082431e-01
-4.020521492792496210e-02
1.037281444030211698e-02
1.740322500690720808e-01
-4.249466828358219872e-01
1.943088909246125651e-01
2.429563017080912934e-01
3.747274587594374706e-01
2.717129722386780744e-01
-4.510646672297157211e-01
-2.585006645827075955e-01
-2.762714358012906615e-02
-1.316879607151377196e-01
2.002660951695680591e-01
1.385623978901322217e-01
5.754597924943258974e-02
1.325460904377136484e-01
5.869955724163000710e-02
-7.702837008835219934e-02
-5.215447643145958156e-02
-1.610590132984116574e-01
-2.376788095539658641e-01
7.212589164950962417e-02
-1.447476536730018803e-01
-1.065606050529923840e-02
-3.423329448656194790e-02
1.872984411506466162e-01
1.396512124123891474e-01
-3.983045415397532540e-01
-4.389744550104757864e-02
-1.421026075101817186e-02
-1.769675275698090466e-02
4.728239389839072326e-01
-2.462964197785183496e-02
-2.620863511538553889e-02
-2.005478950145401784e-01
9.277116675081469033e-02
-4.382198557919231297e-02
8.323692764266707456e-02
1.406259868832036020e-01
3.722203543845848950e-01
-1.958523262793936681e-01
-2.600020728313490181e-01
1.099111442767651825e-01
-1.420083451104579286e-01
-5.192646076971436236e-02
-2.578082525345425369e-01
7.489828644367199639e-02
8.262335502140195909e-02
2.411203338547100034e-02
-1.938612408524232611e-01
-8.408589677679445540e-02
-2.126581027774853694e-01
-1.080144137504186475e-01
1.893115579044317986e-01
6.436930807763939499e-02
3.157222363998600512e-02
1.816421987139939243e-01
-3.463253528244390061e-02
4.743328889287246608e-01
-3.370657566943924960e-02
1.009368262809136677e-02
3.251476668644377732e-02
-2.225100366250858941e-01
3.424369521820530560e-02
-1.329617221335372412e-01
-3.163818449485664708e-01
-1.190663115798733795e-01
6.139374321421304896e-03
8.507015469764483973e-02
4.099309430586050573e-01
2.998437535026074463e-01
-2.292364695332976712e-04
9.310741930472435368e-02
4.849175509468667961e-02
-1.526641608919493687e-01
-3.870540918864481816e-02
-2.529984591094538993e-01
8.095857231829180212e-02
4.757280930350547138e-02
-1.613569733340751086e-02
6.861725360115124295e-02
4.227268240422885071e-01
5.094731105008882821e-01
-1.392184017880452040e-01
-1.152371304910246169e-01
-6.551029982854000844e-02
-3.090760140194710459e-01
1.161768983091520102e-01
5.863783453329333983e-02
1.528332340332847483e-01
3.444449395878465547e-02
7.140621871277040567e-02
2.190824867976388368e-01
3.848154144927571491e-02
-1.974046365457846064e-01
-2.034812419336282652e-01
-8.159660548248624801e-02
-2.373013995879468818e-01
1.594178527792997416e-02
2.312305351736790582e-01
2.553703025599221021e-01
-1.593619597750532968e-01
-1.426389850039320450e-01
5.436749832194071735e-02
1.815146394670313079e-01
8.967085964763199524e-02
-3.531095715750304231e-01
-1.680153889524459718e-03
-1.378888314436306217e-01
-2.627191761987336324e-02
6.813219735497973162e-02
-6.694977646004481031e-02
1.534990819955069918e-01
-3.630907473967295851e-01
-1.325675032476711368e-01
-1.793547695732501668e-01
8.701692016949716391e-02
-2.166730447384071778e-01
-1.018746489046830350e-01
-4.634714847672626314e-01
-1.004043263541463255e-01
1.384102124541705947e-01
3.441491619841040295e-02
1.787924366589559999e-01
-9.526519799406513167e-02
-9.045854334135312869e-02
-2.458956063361634747e-01
1.125446199490081900e-01
-1.893327563090427138e-03
6.869040401161699214e-03
-8.733752342977335603e-02
3.194601936709564050e-01
4.552627605694796464e-02
3.522014736228193943e-01
8.526324338929219815e-02
4.090308940506207636e-01
3.197964334470544401e-01
-2.737228754043469769e-01
-6.348163450139869546e-02
-2.529595063319649562e-01
-1.102497020174003500e-01
8.401152912751205792e-02
1.216211232500513523e-01
-1.585956446416091417e-02
7.401904572349521372e-02
-1.337526862606006062e-01
3.620975283423756852e-01
-2.498032844157018484e-01
-4.597632089332304856e-02
2.639974948213489464e-02
-4.150432533680484259e-02
-1.429450958584922160e-01
2.726818892633584360e-02
-3.180203668716688470e-01
-3.232489182878753864e-01
9.822414254461350747e-02
3.287347967355652156e-01
-1.316439133227300384e-01
3.698194231407865573e-02
2.352954781709111487e-02
-3.836118157832034414e-02
9.880453068188611854e-03
-4.152283875556141905e-04
-2.459140168398148418e-01
-4.672540161479823428e-01
1.133221106086678281e-01
1.904636908113839233e-01
-4.939637674428850461e-02
8.325763145439088464e-02
-1.195061048190013270e-01
7.250739026247408903e-02
3.125030376223326689e-01
7.864652274199453175e-02
-3.221360039309879575e-01
2.715584437089427206e-01
2.188238445105267771e-01
-3.686539292134288076e-02
1.634989444004456005e-01
-5.495029433273616176e-02
-1.712003285757050797e-01
-4.589122286833283160e-02
5.742603421356857335e-02
-1.471081338645127690e-01
-3.622296251945181234e-01
6.037883696362994490e-02
1.223234669915499312e-01
6.755932047035766164e-02
7.261225451547412280e-02
7.228945600036586205e-02
-9.558181472660051692e-02
1.521206297735999136e-01
1.745399999328189067e-01
-2.499857747557568122e-01
-3.299144099474488057e-01
3.130485324289595250e-01
-1.965584331430644260e-01
1.138460526114957461e-01
-5.355192780514952261e-02
2.313924123271741407e-01
7.438143360863083697e-02
-2.809186481875441399e-01
-2.586154921960803418e-02
-5.191087536345648790e-01
2.001569134200065214e-01
-2.016702243269003214e-01
-6.139108771408695320e-02
1.067724799039169725e-01
-5.309123804036128269e-03
-2.984270392786450010e-01
-1.482192872702284801e-02
-2.160481631132220824e-03
-2.051933052470719665e-01
-4.872049831695580285e-02
-7.004540377374993132e-02
1.237796938444834099e-01
4.819180009426402012e-02
-1.856485631723836863e-02
-3.908061278298870234e-02
-1.090045802541121239e-01
7.894810348042717585e-02
-4.876467262130694258e-01
-3.229269681550474558e-01
7.761966323604095608e-02
-1.442337376883527089e-01
-2.917322707525895134e-02
7.699601712068208925e-02
-1.053750869219296643e-01
3.030281100405960229e-02
-2.049224426997567627e-01
1.404691486745226481e-01
-3.289869491225472786e-01
3.425794539939765460e-01
-1.558182626831396411e-01
-4.924519456655902100e-02
-7.804997207915329201e-03
3.039223041199247688e-01
2.625872682771974165e-01
3.457559124065505141e-01
-1.918242785652803650e-01
3.675749923371784272e-02
1.474395283366218834e-01
-2.258113055366031685e-01
1.694321230191326855e-01
-9.642928106555757883e-02
-1.572673206529908996e-01
6.237889223355761598e-02
1.221555957153959843e-01
1.162367108346676163e-02
3.615075849147172393e-01
-3.140811870562372765e-01
2.868723258202950446e-02
2.561589548597090205e-01
-2.973657793658167070e-01
5.132613752641769500e-02
-2.152177981335106141e-02
-2.565198554908573181e-01
1.595721561054902204e-01
-1.891114231257866318e-01
-1.306864743126708583e-01
-1.590209840412404874e-01
4.481094417899583737e-01
-7.378633516419719207e-02
2.444178716388963057e-01
-2.591531061238548372e-01
-2.599011487901014550e-01
-1.736719836850581233e-01
1.315359068355005101e-01
1.195440377690631939e-01
-2.090021275340614437e-01
2.990389419142681637e-01
-3.812361752164804187e-03
-1.862409245005372527e-02
4.135416750314468426e-01
7.826251196525038645e-02
2.805676651907126895e-01
-9.748921825124545748e-02
2.299513292425795496e-01
1.260825317065487616e-01
-4.275635435997333089e-01
2.068358926351713811e-01
2.343376893234992708e-01
-6.498413258215508630e-03
-5.259882939395265494e-02
-2.600605136626955582e-01
8.311496743106737417e-02
-2.087152040593535651e-01
-1.246822171649219213e-01
-1.190916804894003589e-01
8.750182748243174463e-03
-4.623561566486784902e-02
1.028236015455046282e-01
-1.273247390009427105e-01
-7.692536903918306690e-02
-1.402034027733905508e-01
1.430601261916020495e-01
1.905478758637975667e-01
3.692999133175762783e-01
-7.560896179260134624e-03
2.133862002269346081e-02
2.180540846907648989e-01
3.256131376273806999e-01
-4.161620703492174278e-01
-2.205302779035836214e-01
4.110653504616953308e-02
-3.984627737946323522e-01
-5.863411746046066908e-02
-3.419519741472988872e-01
-2.968718722999056370e-01
9.648603604204086456e-03
-2.199742749024753696e-01
-2.547406041564306833e-01
-1.519228446319655958e-02
4.369631683044620379e-02
3.647112221458859854e-02
1.402251557693704465e-01
-2.060175834074942820e-03
2.453206481402050165e-01
-3.458119579525851250e-01
-1.858580155003321591e-02
-2.615337249236562300e-01
-4.541881319079309476e-01
-6.038571790357878666e-02
-4.060506895190996862e-02
2.861243998594624194e-01
2.722119776150440096e-01
-3.298184400990008397e-02
-5.222094638242023856e-02
3.829208802974717329e-01
-1.907383378818105490e-01
-1.202121553436832357e-01
3.641931742864498722e-02
1.012645060022138166e-01
2.123770539222544218e-01
1.063679407353270434e-01
-1.901553646436739409e-01
-5.942479055141484251e-02
-9.054429542183306534e-02
1.946185689265820529e-01
6.212462653838124460e-02
-2.336928433124465798e-01
-5.719157403840970794e-02
2.541395279407597241e-01
1.702825875186815274e-01
3.373029277663062292e-02
4.237670557344790923e-01
-2.152330517970333090e-01
-1.044126032224040740e-01
-2.881955132966597111e-01
7.071638141929659227e-02
-1.337873133312489082e-01
-1.102798340971911234e-01
-7.658914864148419488e-02
-2.141170291463094788e-01
-9.543151759276786994e-03
1.473904245821942571e-01
3.097025805714622160e-01
-2.668604132703011195e-02
1.044169710073423150e-02
-3.780182846406353325e-02
2.441542029189585905e-01
-1.124731955837120767e-01
1.495884829843255048e-01
1.847190497003068088e-01
-1.864268652054181241e-01
1.705524043611356400e-01
-2.228622661404311769e-02
-6.780974272438423933e-02
-4.706115635670918979e-02
1.126413006578037834e-01
-5.181856254235480685e-01
-1.117809923015484624e-01
1.918232995314171352e-01
7.856207722857742881e-02
-4.855921112100732712e-02
-3.643815659940508600e-01
2.697466516212725374e-01
-3.044275831819278841e-02
-4.765825825163735319e-01
-3.506821510299092809e-02
2.001255746690596693e-01
-7.208235386840217140e-02
-1.832980921919324657e-01
3.626819905070256811e-02
-4.021335502734671441e-02
1.648093968634883610e-01
-3.068487152642079829e-01
1.109813083705201431e-01
-1.636297265475127882e-01
-1.133190153371257669e-01
3.786660498960022214e-01
5.798594580187194092e-02
4.803322044923987177e-01
2.791109225291685814e-01
3.788739249549388788e-01
-3.769802496604635761e-02
-3.087688414060405298e-02
1.162159143637008923e-01
-5.565118270650312726e-02
1.846292326526487448e-01
1.376303241468705973e-01
-1.399496262931711199e-01
-5.102998052054388139e-02
-1.492454366128499743e-01
-7.953792034245846937e-03
3.653032309626290663e-01
-6.342712828848760809e-02
9.793672239873130181e-02
-1.939925165394854739e-02
-1.102263512313453736e-01
-3.276808621538655764e-02
1.595096514524069753e-01
-2.005981233570790223e-01
1.119277303694473785e-01
-2.407593149649009390e-01
1.841082225980186504e-01
-3.288497698237639599e-01
-2.905033285240933294e-01
-2.325237982730771202e-01
1.075489041851276639e-01
3.034538596712723635e-01
2.670944900635576630e-02
-6.671964076640739261e-02
3.509988327705709232e-01
-1.558940898768828021e-01
1.834972760156953209e-01
-9.697230121356197052e-02
2.367226834393376944e-01
5.898138062708045692e-02
-2.780141951241209275e-02
-2.901594725560987520e-01
3.320286777657980443e-02
-2.065121901422675363e-02
-2.181117982570089653e-01
-6.252175508676420523e-02
4.963203614113619044e-02
-1.065995338640480794e-01
1.755773771996212151e-01
1.396748582914257852e-01
-2.875358057778688026e-01
6.666759603306170179e-02
6.618174957656219881e-02
-2.300898338016497402e-01
1.145467159172938731e-02
-6.530604861458189081e-02
2.858988130270102845e-02
5.877596233818926583e-03
2.322212255652249813e-01
2.041541686111243356e-02
-1.492638260159959152e-01
7.486246351030438617e-02
3.827444308148140184e-01
1.963082623750273814e-01
-6.820783088981814679e-02
3.155364343311443109e-01
4.467207030372611909e-01
2.839098658388419794e-01
-5.334373504009596451e-02
5.243270647765681941e-02
2.937437018075867989e-01
-3.026966671813851803e-02
4.097155976258949339e-01
1.387809215571661481e-01
-1.364916972491870828e-01
8.651826327891934398e-02
3.441339049095922809e-01
-3.309157697462218883e-01
-1.881304879802876695e-02
-2.208957201206027815e-02
-1.226772886228948284e-01
3.127023844901098693e-02
-2.476490535021779946e-02
-5.878633193930634868e-03
-4.925793913406449620e-02
1.055742361895595366e-01
3.601814069694541098e-01
-5.212506291757319082e-02
-3.112638676189198317e-01
9.198235342698367345e-02
3.213573718216456987e-01
-1.899482073582929587e-01
1.463958565461655481e-01
4.086117257827368010e-01
-4.313484249211782529e-03
4.713245894568515726e-01
1.244275065514804102e-01
-1.987502835536183177e-01
1.561198332354729046e-01
-4.440322438882739892e-02
-1.291920539792245082e-01
1.582343201068490413e-01
1.748419101977563006e-01
-1.433213395810967183e-01
1.710218979547560858e-01
2.133313275645338236e-01
-2.546109029759444642e-01
-2.287457693027447059e-01
-1.037098976826183322e-01
3.245482384457135105e-02
-3.174367207992625367e-02
-1.219622715959998126e-02
1.475761770083849622e-01
2.301397495440791752e-01
5.451636108770233774e-02
-2.085787366600796444e-01
1.369577103336492019e-01
3.103407783994552305e-01
-3.077166275710450094e-01
-4.949683058173205003e-02
3.309928090988450977e-01
-7.449847432749739928e-02
7.461257139670357530e-02
-3.662236603988092698e-01
-3.420136931346651754e-01
-1.630045354515800501e-02
4.390417039240843144e-01
1.697926416592070858e-02
-1.592925616135818789e-01
1.030813192525358024e-01
-1.380702624594269956e-01
-1.393711628801081737e-01
-2.332403968530816218e-01
-1.014690771959141785e-01
-2.300960396984751133e-02
3.148258611912517213e-01
-1.465331398987521627e-01
5.467509710084704488e-02
-3.420826951230437341e-01
2.224175468651065080e-01
1.172624361434852075e-01
-3.726670779462880057e-01
5.195827555334719267e-02
2.927547635952197913e-01
-2.160846377485775571e-02
9.882126362280396759e-02
1.735251397616722202e-01
1.471467267442920501e-01
2.070170826935488206e-01
-2.132743398250249167e-01
2.464939188658456515e-01
5.267416533013499769e-02
-9.749042813440816913e-02
-1.369324005597703231e-01
-1.363838162321348024e-01
-1.954726022904040295e-01
-7.501381527663635029e-02
1.875895701887295430e-01
1.191905619603398914e-01
2.704884251898102485e-02
-1.507029603503756421e-01
-9.867235570888588381e-03
6.038903688766256161e-02
-2.587776387644018586e-02
-3.301837159860284560e-02
-3.128251526559979179e-01
1.794085275882587038e-01
-1.339543017131520353e-01
4.833421964801471599e-02
-1.031506917072821800e-01
1.062596179042669536e-01
1.523110717110857937e-01
-2.865140138444008389e-01
-1.153243989623741195e-01
-5.111516911202492602e-02
-1.710914630474800191e-01
-1.589095141750735685e-01
1.910980299277870442e-01
1.003051677843296158e-01
1.912548103666149857e-01
-2.288542138566190265e-01
2.628222228951020423e-01
-1.265992886097168646e-01
3.107494255822115456e-02
-9.443807920247421911e-03
-2.745194561126855330e-03
-3.051056591305733590e-01
2.178164518049071074e-01
1.201302468109440025e-02
-2.837067276646076386e-01
-7.714464441473898324e-04
-2.075861356245550793e-01
-2.156248260075416256e-01
-3.711689032833052210e-02
-2.428714047307560242e-01
-1.607738251320428025e-01
-2.296314499526082298e-01
2.273427762122041257e-02
1.096083167338345737e-01
4.081361488154534173e-02
1.959008921990167684e-01
-2.917146196479895592e-01
2.138996607129139277e-02
-7.218888182526000952e-02
-4.776154242546425989e-03
-6.294449809875544977e-02
-5.693276773005555291e-02
8.306205521302592598e-02
1.893981201258145286e-01
-3.473888484462415716e-01
2.095860586612391940e-01
2.752979599751241846e-01
2.771213509710546696e-01
-1.060513862265425045e-01
1.047321247781886899e-01
1.003275224844608904e-01
2.817215612158826318e-03
-6.013460099026725347e-02
1.408798307843570630e-01
-3.002731602826314572e-01
3.140054909195332256e-01
4.938177487841938912e-02
1.874110457807193764e-01
3.781207684342794556e-02
-2.735037768516535572e-01
5.240833142837370007e-02
6.571558646159801620e-02
-1.703606195432310344e-01
2.462518523900774081e-01
3.867882264942525822e-02
-1.058824145014648638e-01
9.371363882074333629e-02
-8.392154731807768830e-02
6.506919647116385375e-02
-7.773508900027863155e-02
-3.253563077933008252e-02
-1.371403018919435148e-02
-1.524166095834675050e-01
-3.717856660857774553e-01
-1.548089783108299866e-01
-3.004681578353727289e-01
-1.240330259849410505e-01
-1.396568639775437048e-01
-2.580649865807368992e-01
2.920413908045161877e-01
5.167148301328324811e-01
-2.136023854611025785e-01
1.424292811387304902e-01
-2.116633301157725688e-01
8.775245181213330026e-03
6.871318600586773413e-03
1.009878976892651242e-01
-8.117686768775522754e-02
-3.888511396833975731e-01
3.493204352987278744e-02
-8.052999458572465685e-02
-3.152448962004207877e-01
-1.371481149637821147e-02
3.252564015857613011e-01
-1.368798940211377602e-01
6.327130042533998244e-01
-3.068173162614152433e-02
-1.571896005613729608e-01
1.110300285360525108e-01
-2.231933175254167401e-01
6.016625243393934619e-02
-1.817833445006045434e-01
-6.378354963280573331e-02
-2.149347276488472111e-02
-1.555932740071231390e-01
-7.108382113025918381e-02
3.203125558310181975e-01
-2.042748978405366789e-01
-4.007863044227678584e-01
3.268096224959812224e-01
2.309836774100627044e-01
1.433072491958811701e-01
8.193177357701188213e-02
-2.282625392075086357e-01
-8.306619739640334898e-02
2.013629171640098636e-01
-2.582405715117869205e-02
1.373331537589868867e-01
5.034123243417207988e-02
4.680543987442236514e-02
2.220115915623421809e-01
1.678382598702653772e-01
-8.699793422947751931e-02
9.704565519987592981e-02
-8.516954254118450085e-02
1.445311867815904927e-01
2.314258082697019658e-01
2.268306587297815313e-01
1.031426496271381499e-01
1.194034685614686342e-01
-1.473685174920611740e-01
-5.666350339900824484e-05
2.091695007435548093e-01
-1.177183615085089230e-01
-1.184746725192809130e-01
3.333844517693620446e-01
-1.452024705556777262e-01
-3.854347571458626581e-02
1.390203021684947027e-01
-7.106959227972897697e-02
1.507531818836375381e-01
-2.822721880012226126e-01
2.000388772379096264e-02
1.289576552284233124e-01
-2.700146216880989353e-02
-1.184175342797146452e-01
-3.653938596801667438e-02
1.773237039122468927e-03
4.557088042461715505e-01
-1.282896927630083062e-01
2.368587585871731183e-01
-3.451939411917310241e-01
-6.240069910304978790e-02
-3.046035888346660947e-01
-1.537155573408341691e-01
-4.798874016834482892e-01
-8.470957896668546150e-03
-1.392966992648522750e-01
-1.418694055396400311e-01
1.283250395744588990e-01
-9.926825384841483912e-02
8.605695275902477959e-02
-1.804986901099243229e-02
-4.139108034638968453e-02
-4.279223885314482195e-02
3.610800961443385443e-02
4.879658457412625605e-01
1.699182339872102460e-02
-6.781039486911578651e-01
2.500708118355240428e-01
7.229479900742838416e-02
-3.141828451387911891e-01
-1.345214593122932012e-01
-2.125414455684927484e-01
8.784483469925713495e-02
-3.106871638015413217e-01
-5.864986068982826206e-02
4.918537285152003724e-01
-5.553059361114239673e-02
-3.765457543940514684e-02
3.475938010371542042e-01
2.052014579539154782e-02
-2.530728986083801146e-01
1.486409853248797305e-02
-2.543942483851194813e-01
-7.460861501575739851e-02
-3.472463569098459962e-02
1.088988410568360737e-01
-1.508772470724811798e-01
7.097363254956225165e-02
-3.506864008573974401e-01
3.594532862300033743e-02
2.262243116474739468e-01
-2.989760101470079201e-01
-8.657826832126576388e-02
-8.216787393875285561e-02
-9.523158206956583438e-02
-4.814653376169369947e-02
2.115683858920318350e-01
