-1.000000000000000000e+00
5.338702383120661477e-01
-1.073390548397222394e-01
2.251422268363136719e-02
6.186754746802582972e-01
5.811053662144678444e-01
8.645565056662094516e-01
-1.000000000000000000e+00
-8.486196824502888481e-01
7.221949488885494040e-01
-2.416537269878071825e-01
-1.000000000000000000e+00
1.000000000000000000e+00
-8.956683881424691851e-01
-5.766111942128209211e-01
8.652497170568226315e-01
-4.339328249247977887e-01
-6.124145386754872300e-01
1.000000000000000000e+00
3.194786442675672244e-01
-1.000000000000000000e+00
-9.257961053384646810e-01
6.997450619218560375e-01
-5.139294830465255259e-01
-2.006572897224284946e-01
-1.000000000000000000e+00
-1.819262433207247676e-01
7.683070897743385919e-01
1.745504000218971452e-01
-6.901518427786323961e-01
1.118176884554253070e-01
5.954458041337338248e-01
1.000000000000000000e+00
7.438056315263463780e-01
-5.198726375568398783e-01
7.565450751876301450e-01
-1.000000000000000000e+00
1.000000000000000000e+00
2.534454753142033612e-01
1.000000000000000000e+00
1.000000000000000000e+00
5.038552051067487492e-01
1.000000000000000000e+00
6.202680233911475050e-01
-1.000000000000000000e+00
-1.000000000000000000e+00
-5.605981030129569831e-01
7.938719855628314503e-01
-1.000000000000000000e+00
-1.000000000000000000e+00
-1.000000000000000000e+00
2.937496607431815399e-01
-3.233428109023181451e-02
7.708824763055296403e-01
-7.181466153786841833e-01
-9.150439999932955537e-01
1.574000857271897202e-01
6.437009940873772429e-02
3.189661726237729700e-01
3.562202960561627885e-01
1.000000000000000000e+00
1.000000000000000000e+00
1.000000000000000000e+00
-8.038376947745174972e-01
1.000000000000000000e+00
1.552886301551425485e-01
-1.000000000000000000e+00
-4.507138703791865320e-01
1.000000000000000000e+00
-2.287842570927154651e-01
1.000000000000000000e+00
5.514893311720845404e-01
6.795537445135753085e-01
3.770000139399382055e-02
1.000000000000000000e+00
2.209923290789313211e-01
2.270115990070732392e-01
-1.000000000000000000e+00
-6.948922895174837189e-01
-7.872897630321444851e-01
-1.000000000000000000e+00
3.952469696829443713e-01
3.285622727609321947e-01
1.213283932694448897e-01
-9.615130461926724159e-01
1.000000000000000000e+00
-1.000000000000000000e+00
1.000000000000000000e+00
-3.308174098247330663e-01
4.633018959895392475e-01
4.939926974262157100e-01
1.536914577757881595e-01
-1.000000000000000000e+00
2.789894548483518033e-01
1.000000000000000000e+00
2.998597588477549536e-01
-2.395085448855350796e-01
-6.607020729462198538e-02
-3.567241590825193098e-01
1.000000000000000000e+00
-1.016915967472475923e-01
-1.000000000000000000e+00
-1.659552888074611321e-01
-1.000000000000000000e+00
-1.000000000000000000e+00
1.000000000000000000e+00
2.838247330588627437e-01
-1.000000000000000000e+00
-7.861242771983719679e-01
-1.000000000000000000e+00
-1.000000000000000000e+00
7.422713786248769097e-01
8.194058014085019437e-01
5.791302601864753430e-02
4.328165742128613491e-01
-9.525738575625619653e-02
-4.802653539493785817e-01
-9.051447999746850548e-02
-1.000000000000000000e+00
7.391450898086462384e-01
-1.000000000000000000e+00
-4.933687422498365116e-01
-1.000000000000000000e+00
5.835987174866485994e-02
-1.000000000000000000e+00
1.000000000000000000e+00
1.000000000000000000e+00
-9.769681987417191960e-03
7.400902629858897575e-01
1.000000000000000000e+00
-1.000000000000000000e+00
5.490454979666364865e-02
2.510950694256316451e-01
-1.000000000000000000e+00
-2.312303699728610051e-01
5.373609182861536215e-01
-4.983145943998512628e-02
1.000000000000000000e+00
1.000000000000000000e+00
8.795433453237325727e-01
1.000000000000000000e+00
-5.589587989205371255e-01
-5.227537028038786726e-02
-6.672455727856890784e-02
-1.000000000000000000e+00
-1.000000000000000000e+00
-8.007932667974373420e-01
-1.000000000000000000e+00
-8.139745669797479044e-01
-9.790330988647621968e-02
1.000000000000000000e+00
-8.705572586803744795e-01
4.634675419197966106e-01
1.000000000000000000e+00
2.686184640259570156e-01
3.414299844127612338e-01
-1.000000000000000000e+00
-1.000000000000000000e+00
4.870540420600954490e-01
-8.173038722546065449e-01
1.000000000000000000e+00
5.968001357611150137e-01
-1.000000000000000000e+00
-1.000000000000000000e+00
1.000000000000000000e+00
-9.828707374949897657e-01
8.408146181067813196e-02
1.950222300842711087e-01
3.154512440315390132e-01
1.000000000000000000e+00
2.415978780633507850e-01
1.000000000000000000e+00
5.893439616022568828e-01
-9.935712587228634485e-01
-1.762075984558291730e-01
6.066710112616260364e-01
9.974249379057911202e-01
6.143196604791407722e-01
1.000000000000000000e+00
-4.985420926798903585e-01
-4.204723914189256728e-01
7.249958920710483090e-01
-2.407777897800313371e-01
-1.000000000000000000e+00
1.000000000000000000e+00
8.246558353721777923e-01
1.723924269061817560e-01
-1.802693278257304077e-01
5.797783005236610832e-01
1.000000000000000000e+00
-4.930159472706647783e-01
3.635786126846204391e-01
-3.061645234425674489e-01
1.000000000000000000e+00
-1.186963769733166973e-01
-9.527143617042771462e-01
1.000000000000000000e+00
4.178411415894568437e-01
1.000000000000000000e+00
-1.000000000000000000e+00
-1.000000000000000000e+00
4.287526392389467977e-01
2.279679078553254468e-01
1.000000000000000000e+00
1.063358165687720569e-01
-1.000000000000000000e+00
-4.710662031121009008e-01
-8.776584856171009141e-01
-8.475150730708154168e-01
-1.000000000000000000e+00
-3.019788674951988106e-01
1.000000000000000000e+00
1.000000000000000000e+00
9.086811985310407902e-01
8.907784381332110035e-01
3.464887196782414636e-01
-2.168991839427935608e-01
7.905048114740035325e-01
8.779786485955334285e-01
-7.385568241962693348e-01
1.447543990130603087e-01
4.290207479566541249e-01
-1.560274975616854909e-01
1.696921746575716927e-01
-3.394062547541110142e-01
-6.405406481445043987e-01
8.117356262932715616e-01
-9.093182656305628386e-01
-1.000000000000000000e+00
-2.562875706750015192e-01
1.542796006636056871e-01
1.000000000000000000e+00
2.224706162891521566e-01
-1.614628184841738201e-01
9.756725438243074588e-03
-1.000000000000000000e+00
-9.643427217971587417e-01
-9.756449664070856453e-01
-1.000000000000000000e+00
7.322240906059871435e-01
1.000000000000000000e+00
5.188932033422885004e-01
1.000000000000000000e+00
9.089976251127518392e-01
-2.489116974380943259e-01
-1.000000000000000000e+00
2.316315527625437964e-01
-1.236277333976673193e-01
-2.320806711509500186e-01
-1.000000000000000000e+00
2.194392535038661163e-01
1.000000000000000000e+00
-4.760285488837719958e-01
4.633841697822581041e-01
-2.731601500693320861e-01
-4.772662617588450118e-01
-1.000000000000000000e+00
-4.383321390739167711e-01
9.567390979318970423e-01
3.444830729656338519e-01
9.537466950140577326e-02
3.407117950209490598e-01
-3.716454634421159087e-01
8.323068483057481926e-01
1.000000000000000000e+00
-1.789988311338972793e-01
-5.847071759707226368e-01
-3.384360251932511110e-02
1.000000000000000000e+00
9.154380134689690252e-01
1.000000000000000000e+00
2.347704775019990864e-01
5.661201624329361692e-01
8.238899548410296703e-01
1.000000000000000000e+00
-1.000000000000000000e+00
1.000000000000000000e+00
8.922781459863688980e-01
-2.309101025859915390e-01
-2.885959860311628766e-01
1.000000000000000000e+00
7.098339474629106194e-01
-8.161107867626013479e-02
-8.371063904706380621e-01
1.000000000000000000e+00
1.000000000000000000e+00
-1.742970146282343258e-01
1.000000000000000000e+00
-8.696640938880859650e-01
9.395680481975630105e-01
1.000000000000000000e+00
1.150637977129512074e-01
9.658520732046322887e-01
-2.635462680407246738e-02
-1.000000000000000000e+00
-4.327933051501504091e-01
-7.322267497968706351e-01
-1.000000000000000000e+00
3.846481600171461901e-01
1.000000000000000000e+00
-4.697057614163053230e-01
1.033549217194981162e-01
-1.000000000000000000e+00
-1.000000000000000000e+00
-1.000000000000000000e+00
-2.891152587828437204e-01
-9.456201040693803517e-01
7.122505402389713858e-01
1.000000000000000000e+00
6.189094183475628563e-01
-5.554536077214131673e-01
4.725270405172373733e-01
-1.000000000000000000e+00
-1.000000000000000000e+00
-8.989411940407069368e-01
-2.505369576943192733e-01
7.611263637549559036e-01
2.818680234578680999e-01
-6.505721554057704026e-01
-1.000000000000000000e+00
-1.000000000000000000e+00
-1.000000000000000000e+00
-1.000000000000000000e+00
8.250247670929713451e-01
-6.690996786157583920e-02
3.603813311628563665e-01
1.000000000000000000e+00
-5.104425781809561746e-01
1.859454485409546831e-01
1.610054731387483840e-01
1.000000000000000000e+00
-1.000000000000000000e+00
-3.337301713667758518e-01
-9.776338144236168537e-02
-7.348175167228170324e-01
-4.435100200800511372e-01
1.000000000000000000e+00
1.000000000000000000e+00
4.248619393337235151e-01
7.488315504886830509e-02
9.012933877637311353e-01
-1.318581031112961433e-01
1.000000000000000000e+00
5.800045789074682601e-01
1.000000000000000000e+00
4.930108329133746636e-01
-4.520564270196548162e-01
-1.000000000000000000e+00
1.000000000000000000e+00
-7.990492182247715958e-01
1.000000000000000000e+00
-3.253345722459999312e-01
-1.000000000000000000e+00
-1.000000000000000000e+00
1.000000000000000000e+00
-1.000000000000000000e+00
1.000000000000000000e+00
3.622430405845235013e-01
2.811530175544626475e-01
1.000000000000000000e+00
-1.000000000000000000e+00
2.372277312609380462e-01
1.000000000000000000e+00
2.681767574501464635e-01
-1.032569780677550578e-02
4.814554249265999286e-01
-1.000000000000000000e+00
-9.209675698498751562e-01
2.290368427929077022e-01
1.000000000000000000e+00
1.314708884391240229e-01
-2.667324035561425277e-01
1.623288977001490774e-01
-1.644337935949234109e-01
-1.000000000000000000e+00
-7.561590088157447154e-01
2.894040812888509784e-01
-9.559709378406022751e-01
-9.680369825515394711e-01
-3.828840425756936394e-01
1.000000000000000000e+00
2.683951405056165807e-01
1.000000000000000000e+00
-1.000000000000000000e+00
-1.000000000000000000e+00
-1.078615110138615718e-01
9.605563206822426148e-01
-1.000000000000000000e+00
3.574214133668363047e-02
-1.000000000000000000e+00
3.947867199196025689e-01
-1.828682314731387426e-01
-1.000000000000000000e+00
7.311525816368780184e-01
5.640545047189730044e-01
-1.872570635098729230e-01
-1.000000000000000000e+00
-1.000000000000000000e+00
-4.698324548813541113e-01
1.000000000000000000e+00
6.105590837177248265e-01
8.544361343454105473e-01
-3.768161619667910189e-01
-4.507725013938226888e-02
-8.090130224393863312e-01
-5.791036695489196751e-01
1.000000000000000000e+00
6.491965903691174766e-01
-7.943038262214621725e-02
2.655443779014405314e-01
-1.000000000000000000e+00
-7.799947377203675369e-02
5.246841558055399535e-01
1.000000000000000000e+00
-3.079728130880848846e-01
8.543563675650562850e-01
1.000000000000000000e+00
-8.594995879770810365e-01
-1.000000000000000000e+00
6.033798794922289321e-01
-8.536998748473162424e-02
6.007830155833842056e-01
1.000000000000000000e+00
-3.797071607291623296e-01
1.000000000000000000e+00
9.564259886493688967e-01
1.000000000000000000e+00
-5.254697657918012688e-01
4.913548136185288406e-01
1.000000000000000000e+00
1.000000000000000000e+00
-8.698817111756669274e-01
3.057139587194046548e-02
5.172793098675593226e-02
2.967080404033181074e-01
-5.173777562247025008e-01
7.863291589268461834e-02
1.000000000000000000e+00
5.686498084532930486e-01
3.912682711959969417e-02
-1.000000000000000000e+00
-3.705690006278195697e-02
1.000000000000000000e+00
3.351517258306689340e-01
-8.190037542441596097e-01
9.495341078235484122e-01
1.000000000000000000e+00
-4.090729867356096561e-02
-9.380668659581367086e-01
-1.000000000000000000e+00
-1.014493651318178757e-01
1.000000000000000000e+00
-7.836602830047494361e-01
4.411834356015940095e-01
1.000000000000000000e+00
2.939985274516814240e-01
-2.636584752368886786e-01
-1.000000000000000000e+00
-1.179779706901242231e-01
-8.352013298097759053e-01
2.575152224804080348e-01
1.000000000000000000e+00
-8.628536505967198122e-01
3.885042975330984527e-01
1.000000000000000000e+00
5.176646954061412398e-01
-1.000000000000000000e+00
7.755379923522246477e-01
5.658744342974042496e-01
1.000000000000000000e+00
-1.704249088348914754e-01
1.066146229032196580e-01
5.640858735985391226e-01
1.000000000000000000e+00
-1.000000000000000000e+00
9.386615559022839506e-01
9.345556138212123276e-01
-1.000000000000000000e+00
1.000000000000000000e+00
2.532779852487412331e-01
-3.714899773615539802e-01
-1.310687041742180370e-01
7.274178034208854671e-01
1.000000000000000000e+00
-3.866628923266277607e-01
-1.000000000000000000e+00
-1.000000000000000000e+00
1.000000000000000000e+00
-1.219061368234422293e-01
4.389668681865391830e-01
1.000000000000000000e+00
-1.000000000000000000e+00
-1.000000000000000000e+00
1.000000000000000000e+00
1.000000000000000000e+00
5.799553010203730707e-01
4.341335459469509162e-01
1.000000000000000000e+00
-3.792229882385573236e-01
1.000000000000000000e+00
-9.629922269800006429e-01
-1.000000000000000000e+00
2.194785171460630901e-01
1.000000000000000000e+00
-5.805556972306918917e-01
-1.000000000000000000e+00
-4.417802953415203571e-01
-2.285853138380929406e-01
-1.603369669737578773e-01
1.000000000000000000e+00
7.616971921288752112e-01
-1.884879421277753653e-01
-1.000000000000000000e+00
-2.446278631566310979e-01
7.254640532719295321e-01
7.411654648900931619e-01
-1.000000000000000000e+00
4.220402856988105245e-01
-2.739757487091080274e-02
-1.000000000000000000e+00
1.000000000000000000e+00
-1.000000000000000000e+00
-6.403265345751272264e-01
3.445097296339545423e-01
-3.255201516299011666e-01
-1.000000000000000000e+00
-5.933903659054222679e-01
8.957870613671992110e-01
4.022198825879279571e-01
1.000000000000000000e+00
-1.000000000000000000e+00
-1.000000000000000000e+00
-2.302819136474739958e-01
1.000000000000000000e+00
2.677602321241326910e-01
-3.434924433739797722e-01
4.984066412524765233e-02
1.000000000000000000e+00
-1.000000000000000000e+00
-6.098587167200760772e-01
-1.000000000000000000e+00
-7.426601736513762653e-01
1.000000000000000000e+00
-1.279866332346802082e-01
4.878245674437829693e-02
6.109619014201638221e-01
1.000000000000000000e+00
1.921703327545938311e-01
1.000000000000000000e+00
-9.067258304325337415e-01
1.000000000000000000e+00
-7.702803101756094950e-01
7.223064357368674804e-01
8.845407463319723274e-01
3.142597478586444115e-01
8.713131300857905881e-01
-1.000000000000000000e+00
-2.923745076428964640e-01
6.733027782391151073e-01
-3.828479057870285418e-01
-2.887503754738957040e-01
-1.000000000000000000e+00
-1.464201427066088024e-01
4.233865363884177779e-01
-3.625678085001016737e-01
8.434751988261373068e-01
-9.574062685589318500e-02
-1.000000000000000000e+00
-2.933827133836750534e-01
3.776114836723976631e-01
4.379778553676658692e-01
1.000000000000000000e+00
-7.201221931311125868e-01
-5.391393307651748401e-01
-1.428274717866990784e-01
6.628038526592096025e-01
-5.821153778448837635e-01
-1.000000000000000000e+00
1.000000000000000000e+00
4.210113896765150798e-01
1.000000000000000000e+00
3.027583789533462855e-01
-1.000000000000000000e+00
-1.000000000000000000e+00
1.000000000000000000e+00
3.234033600076934301e-01
5.857402383651966193e-01
1.000000000000000000e+00
-9.537121504102696878e-02
7.426849576363004912e-01
7.225891334224235907e-01
4.156003651192219928e-01
-1.000000000000000000e+00
6.352635329695691668e-01
-1.000000000000000000e+00
2.612850876421511370e-01
-6.190025053506610364e-01
1.000000000000000000e+00
1.000000000000000000e+00
8.986008247095583767e-01
4.990458271953666092e-01
4.604490709659072589e-01
2.291805206072816403e-01
1.000000000000000000e+00
-1.000000000000000000e+00
-3.404920152164463421e-01
-1.000000000000000000e+00
-9.376215641567500203e-01
1.000000000000000000e+00
8.108493390483321184e-01
-3.469015269811711599e-01
-6.551899079006069382e-01
7.316964435646925446e-01
-8.521204390377039584e-01
-1.254059576667358733e-01
-1.000000000000000000e+00
-1.000000000000000000e+00
-1.000000000000000000e+00
-3.715716155016635103e-02
3.342435931473219934e-01
1.000000000000000000e+00
4.676998488603562043e-01
-1.000000000000000000e+00
8.368259255444345790e-01
-6.275299492341129826e-02
7.251509233807648114e-01
-1.000000000000000000e+00
7.835306270415287599e-02
1.000000000000000000e+00
1.000000000000000000e+00
6.791010654343386799e-01
1.899142448769044200e-01
-9.812430148122224249e-01
-9.928664355752743198e-01
4.078218157861997484e-01
-6.165367134351019685e-01
7.348459957907105267e-01
1.000000000000000000e+00
-7.121851074655938252e-01
5.775392103992028625e-01
1.000000000000000000e+00
-9.240839316777377244e-01
1.512297234535225354e-01
5.582774233963014865e-01
-7.014674044953088661e-01
9.911095855009616207e-01
-3.787476137105821872e-01
1.000000000000000000e+00
5.364626753501142709e-01
-6.719394036473257392e-01
-1.000000000000000000e+00
-5.454909899648185956e-02
-8.384862549193096148e-01
-1.000000000000000000e+00
-1.000000000000000000e+00
1.000000000000000000e+00
1.000000000000000000e+00
-5.919194019083342528e-01
-1.000000000000000000e+00
1.000000000000000000e+00
-1.000000000000000000e+00
1.000000000000000000e+00
-1.183572635423266184e-02
1.000000000000000000e+00
-6.932853996168292232e-01
-1.000000000000000000e+00
7.527963478114582108e-01
-1.000000000000000000e+00
4.101468116861911040e-01
-4.310391519392432480e-01
-4.048821938217124217e-01
5.317408450563141376e-01
1.430298265847652073e-01
-3.730650354075844555e-01
2.882847828094752818e-01
-4.117815301185979715e-01
1.000000000000000000e+00
-2.103759980939948204e-02
-1.177614765885117709e-01
-1.000000000000000000e+00
-3.838365557087022317e-01
6.651647760025691802e-03
2.068181395427897695e-01
1.000000000000000000e+00
1.000000000000000000e+00
1.236316361291220078e-01
4.495434150701829723e-01
7.123649077847755695e-01
2.730079400417333990e-01
5.676566790754518088e-01
2.146362892173475645e-02
6.169556325614735659e-01
5.345537494528458389e-01
1.000000000000000000e+00
1.000000000000000000e+00
-1.287446703982924878e-01
-8.405763596456525821e-01
-1.000000000000000000e+00
-3.526130944978223547e-01
-7.814219607607086893e-01
-7.007963988109930931e-01
1.000000000000000000e+00
-1.000000000000000000e+00
1.286739952876513049e-01
2.404194792908336265e-01
-5.424178778714613403e-01
-1.000000000000000000e+00
1.000000000000000000e+00
4.753519093613147728e-01
1.000000000000000000e+00
-1.000000000000000000e+00
1.000000000000000000e+00
8.824052425691457646e-01
-1.000000000000000000e+00
-7.479629997392687191e-01
1.000000000000000000e+00
6.057532814780176578e-01
8.173786486924538019e-01
-1.000000000000000000e+00
-2.617272395274150565e-01
-8.425121031087076107e-01
-9.622004810940273378e-01
-4.307270915111276466e-01
1.000000000000000000e+00
-1.000000000000000000e+00
1.000000000000000000e+00
1.000000000000000000e+00
-2.932305760815665518e-01
-4.022259214857101250e-01
-1.000000000000000000e+00
-6.416987774307818526e-01
-1.000000000000000000e+00
9.862036477679260171e-01
-1.348497702163420353e-02
-6.404153850527962710e-01
-5.529828167295111063e-01
7.755746428028582606e-01
1.000000000000000000e+00
2.108668590029566525e-01
6.550501927037347127e-02
-4.365840749735324655e-01
-1.462300107234316138e-01
8.932831841201823719e-01
4.655721454396637982e-01
-1.000000000000000000e+00
8.023881282359716094e-01
-1.000000000000000000e+00
-4.946063560967176587e-01
-1.000000000000000000e+00
-1.355270286593632245e-02
1.000000000000000000e+00
-1.000000000000000000e+00
-1.000000000000000000e+00
1.000000000000000000e+00
-1.000000000000000000e+00
-1.000000000000000000e+00
-1.000000000000000000e+00
-3.438338267862479924e-02
9.795783194225529678e-02
-3.911995022591764348e-01
3.795203602268643062e-01
-1.722802029602171214e-01
-1.000000000000000000e+00
1.000000000000000000e+00
-7.507682130153063849e-01
-8.711786280207775013e-01
4.462235920423136548e-01
-2.813825905921671922e-01
1.000000000000000000e+00
-6.986276008277465532e-01
1.000000000000000000e+00
4.293942943401264367e-01
1.000000000000000000e+00
1.337010573157489113e-01
-1.000000000000000000e+00
2.768585870703088592e-01
1.000000000000000000e+00
-5.326246321051142374e-01
1.000000000000000000e+00
-9.378792290450382874e-02
3.303746172325992825e-02
4.696007005924198729e-01
1.000000000000000000e+00
-4.810156460619100516e-01
-1.000000000000000000e+00
-1.000000000000000000e+00
2.969513076486747782e-01
3.046028924526271442e-02
7.425590465602882606e-01
-1.000000000000000000e+00
-2.886343074079542603e-01
-8.087649827106347944e-01
3.671563990646266040e-01
-6.148650181410937332e-01
1.000000000000000000e+00
-1.000000000000000000e+00
-1.000000000000000000e+00
-6.805683604819526833e-01
-9.176027289591643932e-01
1.000000000000000000e+00
-1.000000000000000000e+00
-3.181450640137885588e-01
2.243466848034796624e-01
1.000000000000000000e+00
-6.295283166369347594e-01
-1.566607014241666596e-01
6.728664473199963414e-02
1.507961419158687644e-02
1.000000000000000000e+00
2.534507745533966516e-01
1.000000000000000000e+00
9.592122919376463996e-02
1.000000000000000000e+00
4.433586824466820842e-01
-3.083551739893981014e-01
1.000000000000000000e+00
-9.600235366761082911e-01
-5.317800932390281954e-01
-1.000000000000000000e+00
5.717521520957566938e-01
6.943068310330455795e-01
-1.472159178441110328e-01
1.000000000000000000e+00
1.000000000000000000e+00
1.000000000000000000e+00
6.893866316190299104e-01
4.339863735916266174e-02
-2.777418129083345510e-01
-8.375112900693797435e-01
4.062210671886000157e-01
6.854414123034792139e-01
1.000000000000000000e+00
-1.000000000000000000e+00
-1.000000000000000000e+00
-6.029049029266542181e-01
-3.865493248871999521e-01
-1.251756736166924067e-01
-5.018535820654002055e-02
-4.676391848914074334e-02
-1.225216674393471428e-01
-1.000000000000000000e+00
1.000000000000000000e+00
8.578806696419585820e-02
2.560056992945988208e-01
2.486768861710912937e-01
-3.966821764989675314e-01
8.979907975012529908e-01
1.000000000000000000e+00
9.465821341950337864e-01
1.000000000000000000e+00
1.000000000000000000e+00
-1.000000000000000000e+00
-3.463188357196166356e-01
1.000000000000000000e+00
-9.143907783401379330e-01
-4.134296183316024664e-01
-3.211771438719360772e-01
-1.000000000000000000e+00
-6.828820581120905731e-01
1.000000000000000000e+00
-7.611816378308361442e-02
-1.000000000000000000e+00
-1.000000000000000000e+00
5.271702725790529120e-01
-3.682706715645865936e-01
-2.512721013339220821e-01
1.000000000000000000e+00
1.000000000000000000e+00
1.000000000000000000e+00
-9.274222668464132679e-01
-2.946901580345668292e-01
2.951468755068216709e-01
4.698493953472278606e-01
6.905156213437738666e-01
-8.275101646320539572e-01
1.000000000000000000e+00
5.761937391273806996e-01
4.739641849820648289e-01
-4.041767279983226047e-01
2.084591834156088175e-01
1.000000000000000000e+00
2.291556922491693737e-01
1.000000000000000000e+00
1.000000000000000000e+00
6.859823618321139183e-01
7.745431847486037302e-01
7.244631755167932896e-01
-1.000000000000000000e+00
9.018345732586907637e-02
-3.219644164718744594e-01
6.567592419716947738e-01
5.564775465841236279e-01
-5.631304100438960791e-01
-6.974364197706661717e-01
-1.000000000000000000e+00
-7.108325205911369959e-01
1.000000000000000000e+00
-1.000000000000000000e+00
-9.763965296427880025e-01
-3.364055858572552182e-01
-1.000000000000000000e+00
-6.330950256039773461e-01
-1.889687577827327269e-01
1.000000000000000000e+00
-2.789145729557872544e-01
-3.893151773341843036e-01
1.000000000000000000e+00
-8.048037882338707760e-01
-1.000000000000000000e+00
-1.000000000000000000e+00
-5.075754851734078921e-01
7.209665879204496530e-01
-2.372651947552938401e-01
1.000000000000000000e+00
1.824692342560058078e-01
-6.626407199741965459e-02
-1.000000000000000000e+00
-1.000000000000000000e+00
-8.179787799192165254e-01
5.570720389296194425e-02
7.914431278379988610e-01
1.000000000000000000e+00
-1.000000000000000000e+00
-8.016341639419454213e-01
1.000000000000000000e+00
1.000000000000000000e+00
-2.659767437049398442e-01
8.902035229316788145e-01
-7.559224415420068288e-01
-1.000000000000000000e+00
1.000000000000000000e+00
-1.000000000000000000e+00
1.705291140738558475e-01
-2.411727575897073261e-01
-1.000000000000000000e+00
-8.458253432428437524e-01
-9.326062665547411035e-01
-1.000000000000000000e+00
1.000000000000000000e+00
1.000000000000000000e+00
-1.000000000000000000e+00
-1.000000000000000000e+00
5.360137768032614547e-01
2.303893476173666244e-01
3.729257978115463890e-01
-8.800726067331854363e-01
-1.000000000000000000e+00
8.455141603759028790e-01
5.935742822252200179e-01
1.000000000000000000e+00
1.000000000000000000e+00
2.290856997878686907e-01
-2.690726007160447186e-01
4.482479684957840771e-01
7.617288479948205460e-01
4.165047522486675091e-01
-6.371151186053003457e-02
-7.181731877137798037e-01
8.653181523003298237e-01
2.419461719977883951e-01
-4.440532192345538753e-01
4.321080568953197809e-02
-1.000000000000000000e+00
2.853493611422823206e-01
-6.378716643852733181e-01
-3.880593135278946892e-01
-1.000000000000000000e+00
-3.869433655414051820e-01
3.097747973431630442e-02
1.597827748257139580e-01
-3.815516100407186362e-01
-1.000000000000000000e+00
3.953147012874760335e-01
-8.378400675157469113e-01
3.935139959618643712e-01
1.000000000000000000e+00
2.004049782000579816e-01
-2.918480087341807083e-01
1.000000000000000000e+00
-8.906057181065052397e-01
8.548866094171475583e-01
-8.895935370434639999e-01
-2.114885407949408658e-01
-2.409366761589975259e-01
1.000000000000000000e+00
1.000000000000000000e+00
-1.084747168341014256e-01
-1.000000000000000000e+00
6.203101947766502811e-01
-4.019577434835848728e-01
1.000000000000000000e+00
1.408225074143859556e-02
1.000000000000000000e+00
1.000000000000000000e+00
1.000000000000000000e+00
3.271956328777251288e-01
3.378879078891674492e-01
1.190784091994419036e-01
1.000000000000000000e+00
-1.000000000000000000e+00
2.763020328152351324e-01
-2.213362394628063945e-01
8.750428559627453362e-01
1.000000000000000000e+00
-8.275534238399631093e-01
9.074933982175357183e-01
-9.692350222609926735e-01
9.091397483524641387e-01
-2.170165718608130789e-01
-1.229930984293879370e-01
-1.000000000000000000e+00
-3.307043394428930139e-01
5.022384077402382296e-02
1.000000000000000000e+00
-8.976724051562884332e-01
-3.583901669787170619e-02
1.000000000000000000e+00
-7.804750411524183917e-01
1.000000000000000000e+00
-9.338428094363011578e-01
5.397323464786586422e-01
-1.369031873749105288e-01
-6.338470354502212523e-01
1.000000000000000000e+00
1.000000000000000000e+00
1.090069259260624257e-01
1.000000000000000000e+00
-5.509211347482920185e-02
-1.000000000000000000e+00
-4.329412891714684020e-01
-1.833104860015680737e-01
-1.000000000000000000e+00
-9.347490844834411838e-01
4.482401684894015137e-01
-1.000000000000000000e+00
-9.944894347514333655e-01
-2.280361662955238400e-01
-3.035848004697748737e-01
-9.226064698132845354e-01
1.469406669860661707e-01
1.000000000000000000e+00
-1.000000000000000000e+00
-1.845605834122545919e-01
-3.360548789066264419e-02
5.155965369018029598e-01
-6.194252804057702733e-01
-1.000000000000000000e+00
9.041371549890991899e-01
1.000000000000000000e+00
3.309906552587102979e-01
-4.422458374767960221e-01
-9.168212895984535482e-01
5.854603748323622403e-01
1.000000000000000000e+00
6.520097297751737964e-01
1.000000000000000000e+00
-5.387216134866908979e-01
-5.294811393224291285e-01
-4.507466184309617541e-01
-4.394954347841623088e-01
-9.931414813157820598e-01
5.872906268569927368e-01
-3.652208315381164083e-02
4.114343198189756579e-01
-1.000000000000000000e+00
4.917954088555188674e-01
1.000000000000000000e+00
-1.000000000000000000e+00
2.678309783796012367e-01
-1.000000000000000000e+00
1.179380098953112521e-01
-4.050877316708157982e-01
-1.000000000000000000e+00
7.011243937107731750e-01
-6.425047175157471147e-01
1.534961984252372069e-01
-8.183436407211407138e-02
-1.000000000000000000e+00
1.000000000000000000e+00
-8.755814502930875376e-01
-1.000000000000000000e+00
-9.368361109534113496e-01
-7.416519723068646375e-01
-1.000000000000000000e+00
1.000000000000000000e+00
9.944419722158169550e-02
-1.175797479892258801e-01
-1.000000000000000000e+00
-1.000000000000000000e+00
1.000000000000000000e+00
-4.369887665638033103e-01
3.894813962285887388e-01
6.387402220350388848e-01
8.253777187018407346e-01
4.528374736012252821e-01
-7.261696278628479995e-01
6.915463938313615166e-01
6.568575129344033092e-01
-1.000000000000000000e+00
1.000000000000000000e+00
-7.070770959978758263e-01
1.000000000000000000e+00
-1.000000000000000000e+00
-1.000000000000000000e+00
-7.663319808013957513e-02
3.058708737994347282e-01
-1.000000000000000000e+00
8.872685972653369113e-01
1.000000000000000000e+00
-1.081806726482857639e-01
-1.712768851660678715e-01
1.000000000000000000e+00
-1.000000000000000000e+00
-4.314640764812599505e-01
-1.000000000000000000e+00
-1.000000000000000000e+00
-1.000000000000000000e+00
1.000000000000000000e+00
-6.278987908982898158e-01
2.636569749853905908e-01
-6.678823148087500439e-01
-3.215945877257661567e-01
-4.065802450079407104e-01
9.709246220865577204e-01
1.000000000000000000e+00
-3.662577763846489587e-01
-7.414214235787834895e-01
-1.000000000000000000e+00
1.000000000000000000e+00
-1.000000000000000000e+00
4.898094924861983723e-01
8.150851833689856107e-01
-4.029894461140393624e-01
-1.000000000000000000e+00
3.388141773867393014e-01
9.648766431774199459e-01
-9.833075270198569084e-01
-1.000000000000000000e+00
5.676730957118458765e-01
1.000000000000000000e+00
-5.942663480412834209e-01
-1.000000000000000000e+00
1.000000000000000000e+00
-6.745006620766123007e-01
-1.000000000000000000e+00
5.709118078509161087e-01
1.000000000000000000e+00
1.000000000000000000e+00
-1.000000000000000000e+00
-9.606928108130223798e-01
1.000000000000000000e+00
-9.718090670087451421e-01
1.828649348647560791e-01
1.000000000000000000e+00
-4.031191791360582560e-02
-6.343714405296517755e-01
3.591093713242275443e-01
-1.000000000000000000e+00
-1.000000000000000000e+00
5.505639046061938657e-01
-4.056601999438114170e-02
8.385521001911317995e-01
1.000000000000000000e+00
9.507865285428510616e-01
-1.000000000000000000e+00
-1.000000000000000000e+00
-4.037237308060250274e-01
4.756828169721739052e-01
3.818787509066157160e-02
1.000000000000000000e+00
-1.000000000000000000e+00
1.000000000000000000e+00
-1.000000000000000000e+00
9.765135283548819212e-01
8.042158922771075469e-01
-3.953915351722598892e-01
-1.000000000000000000e+00
-4.210362860241936289e-01
-6.192862712599689345e-01
-7.412612235837487962e-01
1.000000000000000000e+00
1.000000000000000000e+00
1.000000000000000000e+00
-9.364489684061511054e-01
5.221229051229054896e-01
-7.211463965553104316e-01
-1.000000000000000000e+00
1.000000000000000000e+00
-9.156555852628986969e-01
1.249635432782065791e-01
1.000000000000000000e+00
1.000000000000000000e+00
1.369239693361565535e-01
1.997453713382498774e-01
1.000000000000000000e+00
7.409723099540508340e-01
-4.839210571958230123e-02
-1.000000000000000000e+00
-9.995294181476005457e-01
-4.739318073750584670e-01
-7.198359026990430731e-02
2.550895121802406740e-01
-9.377903391737439920e-01
7.099735243021073616e-01
1.000000000000000000e+00
1.000000000000000000e+00
7.788266197656927847e-01
1.287401322842313123e-01
1.000000000000000000e+00
-1.000000000000000000e+00
-1.000000000000000000e+00
-1.000000000000000000e+00
-9.411525938832820959e-01
-9.625040877615365087e-01
-1.000000000000000000e+00
1.371323773014340719e-02
6.236935369210446778e-01
-1.000000000000000000e+00
-1.542037483361458072e-02
1.000000000000000000e+00
-1.000000000000000000e+00
1.000000000000000000e+00
-6.588700873953854398e-01
-1.000000000000000000e+00
-3.459785353931454366e-01
2.165622688997104195e-01
5.958156572396486883e-01
-1.000000000000000000e+00
-1.000000000000000000e+00
-8.226067319591318094e-01
-6.949346674588304795e-01
6.077644185135933075e-01
3.550356561445567882e-01
1.000000000000000000e+00
-1.420458697843076656e-01
2.214887363015320965e-01
4.848148260518217456e-01
6.631980411834510480e-01
-1.000000000000000000e+00
9.629466536043993496e-01
-1.000000000000000000e+00
-1.111852847520386212e-01
1.000000000000000000e+00
2.463527082320624562e-01
-1.000000000000000000e+00
2.875675379224547079e-01
1.000000000000000000e+00
1.000000000000000000e+00
1.000000000000000000e+00
3.605446495428289433e-01
2.873827061535497163e-01
-6.198714370727224088e-01
-1.000000000000000000e+00
-5.591358022823045282e-02
1.000000000000000000e+00
1.000000000000000000e+00
-6.313219351156523773e-02
7.712238214400581882e-01
-1.000000000000000000e+00
8.993142947809062981e-02
3.829086321800233561e-01
-1.000000000000000000e+00
9.669718900753554447e-01
-1.000000000000000000e+00
9.521197581836264856e-01
9.798214452523645868e-01
-1.000000000000000000e+00
-8.166456680726650319e-01
3.063604372623790484e-03
-1.962695245130518518e-01
8.061100132537261098e-01
4.432185317122371293e-01
-1.000000000000000000e+00
4.687704989858643145e-02
1.000000000000000000e+00
8.097464403536560607e-01
2.063588308129653548e-01
4.497549073464975899e-01
1.086486538564584714e-01
3.970419129031365069e-01
-1.000000000000000000e+00
5.932680434338591380e-02
-1.083185590080930072e-01
7.302296001333144493e-02
-5.292849492376444642e-02
-2.148447328917463262e-01
-5.477230229942131601e-01
8.133465383336434540e-01
-6.718727602212922756e-01
4.904961601898023549e-01
1.000000000000000000e+00
-4.311089585905645283e-01
1.000000000000000000e+00
1.000000000000000000e+00
-3.826436019519021126e-01
-1.000000000000000000e+00
3.051408956806167527e-03
5.546608805725600222e-02
1.000000000000000000e+00
7.712261487643130575e-01
-8.028114221059040601e-01
8.832488979218882097e-01
6.949776929552631266e-01
-7.573582160755956139e-01
1.000000000000000000e+00
-5.606027085411684485e-01
-3.782645776151347117e-01
1.460591423550239298e-01
1.000000000000000000e+00
1.000000000000000000e+00
3.929502746022458526e-01
-1.000000000000000000e+00
6.567785270707611200e-01
2.072241301253945900e-01
-4.680777766038645704e-01
-6.146254147356486897e-01
-6.714404567010534564e-02
1.000000000000000000e+00
-7.293159561247316569e-01
-1.000000000000000000e+00
-6.750297845163009125e-01
9.754835654761978558e-02
-1.000000000000000000e+00
-1.000000000000000000e+00
4.616767024452209656e-01
1.000000000000000000e+00
-6.506728417463158998e-02
4.193737134570172387e-01
8.087243720388251900e-01
-1.000000000000000000e+00
7.882959848394871516e-01
-1.000000000000000000e+00
-1.000000000000000000e+00
-2.053691314563409476e-01
-8.151155797291923522e-01
-3.194935534564193325e-01
1.000000000000000000e+00
1.000000000000000000e+00
-1.120299878231989510e-01
1.607923512366781771e-01
4.004866826560993243e-01
-1.000000000000000000e+00
7.991725974157137813e-02
8.750517265568985570e-01
-2.201413853213906036e-01
5.124037025551837488e-01
1.000000000000000000e+00
-3.426412038474475619e-01
-3.006023346771424798e-01
-4.999599547041950753e-01
1.000000000000000000e+00
-6.272410765074716288e-01
8.044297576319522913e-02
-1.000000000000000000e+00
-6.505398729554079384e-01
-1.000000000000000000e+00
1.000000000000000000e+00
1.960115381221359532e-01
1.552287199167479148e-02
1.000000000000000000e+00
-4.292129022495226875e-01
-9.477559779811247642e-01
-7.039900044277680458e-01
-4.674873259503499190e-01
-5.392500710366491257e-01
1.000000000000000000e+00
1.000000000000000000e+00
1.000000000000000000e+00
-1.000000000000000000e+00
1.000000000000000000e+00
2.339682438481115179e-01
4.318767999251177381e-01
-1.000000000000000000e+00
2.024591652819210386e-01
-8.809863501009265185e-01
9.624257563079638977e-01
6.762781011526473041e-01
-8.936668554110407392e-01
-1.000000000000000000e+00
1.323042554808884219e-02
-2.257081355953767798e-01
-4.710738995162833676e-01
-4.525426574343588970e-01
1.000000000000000000e+00
-3.390481272625376352e-01
-1.082628440470093656e-01
1.000000000000000000e+00
9.176296808520069126e-01
2.175251365002612847e-01
-1.136023261564974574e-01
1.698390355417153108e-01
4.171169247904168986e-01
-5.048887832673289167e-02
-1.000000000000000000e+00
-1.052588173905103508e-01
-1.616070566660680885e-01
1.000000000000000000e+00
8.561015911914546250e-02
2.959751163203378499e-01
5.285787316691601401e-01
-1.000000000000000000e+00
1.000000000000000000e+00
-4.815689399882654431e-01
-1.000000000000000000e+00
1.000000000000000000e+00
-1.744181069075030344e-01
-7.195215018502564286e-01
-3.019077194595875535e-01
9.261773414372500568e-01
-7.454222840301899522e-01
5.304833383078551012e-01
8.295362554660996590e-01
-9.956601031246942179e-01
-8.737226781948050913e-01
4.809196208095199987e-01
-1.000000000000000000e+00
-4.900255533937393215e-01
-1.000000000000000000e+00
-6.918068650610921244e-01
2.881222054573834290e-01
9.154007061482926089e-01
-1.000000000000000000e+00
1.000000000000000000e+00
-1.000000000000000000e+00
9.010307540356776723e-01
5.312453090378246312e-01
8.789808304553076157e-01
1.000000000000000000e+00
-1.554613469371162182e-01
-7.600294724887373121e-01
-1.000000000000000000e+00
2.538370223059655539e-01
7.653473212227845934e-01
1.000000000000000000e+00
-8.111354757505599977e-01
1.000000000000000000e+00
-6.682514967210566592e-01
-2.108829232419583422e-01
8.682510556326467066e-01
3.423741105485468283e-01
-1.000000000000000000e+00
1.000000000000000000e+00
-4.976700288286050600e-01
-4.607345492438552625e-01
-1.460136936932731611e-01
4.223218218433726356e-01
-7.503975487200110761e-01
8.324289576220063047e-01
-4.479630247949748512e-01
-1.194122074153586288e-01
8.046453563635096451e-01
5.668667722314509883e-01
-1.000000000000000000e+00
7.495334424970212517e-02
5.110860526274133009e-02
-7.004232620746129179e-01
2.864721811997199552e-01
-8.492921435270048836e-01
1.000000000000000000e+00
1.000000000000000000e+00
4.868083175293241860e-01
-1.545283784080040412e-01
1.000000000000000000e+00
-3.451267939143258801e-01
1.235610541970650900e-01
-1.000000000000000000e+00
-4.468131491501981523e-01
9.399034157684080792e-01
3.664852250875330064e-01
6.234853754198966813e-01
-1.000000000000000000e+00
-6.887165480756303193e-01
2.781814757418032968e-01
1.000000000000000000e+00
-7.175147894376754376e-01
1.000000000000000000e+00
-2.535767390229057838e-01
4.924912210326887196e-01
1.000000000000000000e+00
3.802895164420495577e-01
-7.230781386340495720e-01
-2.355299115105319030e-01
-7.787624846434194614e-01
-5.793784844154006297e-01
8.607467037941670673e-01
-9.115050859868252253e-01
3.424098357588039043e-01
1.015349624349822233e-01
1.000000000000000000e+00
7.992728429957965952e-01
5.698903009127300745e-01
-1.481061698917330860e-01
-1.118609893488544671e-01
1.000000000000000000e+00
-9.254835650252987156e-01
-8.531171680324445283e-02
-1.000000000000000000e+00
-1.000000000000000000e+00
5.538745796470507798e-01
3.799398054057081531e-01
1.000000000000000000e+00
-5.603889811671639021e-02
6.313448286303270374e-01
-1.000000000000000000e+00
2.238684978779293400e-01
-4.836452209905755528e-01
-3.292704220115962310e-01
-1.139528785734159472e-01
4.839677882153331501e-01
1.213499649504560934e-01
2.724123644936164990e-01
-1.000000000000000000e+00
-8.783762965440310433e-01
2.301645638935523319e-02
-3.515073131258679151e-01
1.433274730965833077e-01
1.000000000000000000e+00
4.804960961378573203e-01
-9.758608565227566700e-02
-8.295121912151401933e-01
-1.000000000000000000e+00
-1.000000000000000000e+00
-2.001899646187576057e-02
9.392268111859953805e-01
3.436384071300332410e-01
7.240664184653997637e-01
7.591478699691255327e-01
1.000000000000000000e+00
-1.761908638430265128e-02
6.246678570114956308e-01
-1.063064645107238415e-01
2.589598789994947414e-01
-2.654256309366379019e-01
9.102676027355479649e-01
-4.911097353233515039e-02
-1.000000000000000000e+00
1.000000000000000000e+00
9.746924201739706195e-01
3.522018352701362653e-01
5.003077174044876507e-01
-7.857707387434688107e-01
1.275187465733783609e-01
2.481704628555358727e-01
-2.030344524603479028e-01
-1.223025860086590089e-01
1.000000000000000000e+00
3.377704576026447358e-01
1.000000000000000000e+00
7.749518982757424013e-01
1.000000000000000000e+00
1.000000000000000000e+00
5.975865213818587485e-02
-1.000000000000000000e+00
-1.000000000000000000e+00
-7.331288923826589921e-02
-3.495306011807943758e-01
-1.000000000000000000e+00
-5.945853093000824652e-01
-1.072489273155902145e-01
-1.000000000000000000e+00
1.000000000000000000e+00
1.000000000000000000e+00
-6.882783466037690756e-01
6.005888251732571792e-01
2.644773859513660508e-01
-1.000000000000000000e+00
4.849176298714103495e-01
1.000000000000000000e+00
-1.318822501940813963e-01
2.425901526900586802e-03
9.022418237076259562e-01
-1.000000000000000000e+00
-4.469424506577660550e-01
-6.527833404623760716e-01
1.000000000000000000e+00
-1.000000000000000000e+00
-6.253590167923899212e-01
-4.613783113144107051e-01
-1.000000000000000000e+00
-1.712086949612407483e-01
-6.524259594800105866e-01
1.000000000000000000e+00
-1.000000000000000000e+00
-5.450993028082261604e-01
-1.000000000000000000e+00
1.000000000000000000e+00
-1.000000000000000000e+00
-1.699228638473236630e-01
3.650486818496369301e-02
1.000000000000000000e+00
-4.010056441902657420e-01
1.651519929718675284e-01
-6.334230218275203050e-01
-1.000000000000000000e+00
5.641662589655198623e-01
-1.000000000000000000e+00
-1.000000000000000000e+00
-4.550337169224041300e-01
9.181894194259157538e-02
-2.329139817135392754e-01
7.529464876350062674e-01
-3.388730530616863579e-01
-1.000000000000000000e+00
1.000000000000000000e+00
3.249287678082368735e-01
1.000000000000000000e+00
-4.534914754134694581e-01
2.127364623950206979e-01
2.524271652694041745e-01
-8.426441774866341161e-01
-5.782535699326150080e-01
-1.000000000000000000e+00
-7.524161487854027497e-01
-4.313092674738968624e-01
-1.000000000000000000e+00
1.000000000000000000e+00
5.963273594085343188e-01
-7.468361518792149267e-02
8.360393156618187716e-01
-9.749922619028549287e-01
2.509681910226631008e-01
1.000000000000000000e+00
4.839370601383422565e-01
1.188289920217073109e-01
-4.923045657227301808e-01
3.439981817084986071e-01
5.141539027515232285e-02
1.659859000865674394e-01
6.305176306765530869e-01
9.815731753733463183e-01
-3.748292994097972564e-01
-1.000000000000000000e+00
9.211147985527786686e-01
-3.672548904086231358e-01
-1.000000000000000000e+00
-3.979443938276479020e-01
-1.000000000000000000e+00
1.000000000000000000e+00
1.089343282338492425e-02
6.159486551380568553e-01
-2.414059221488569218e-01
8.443256517765995728e-01
-1.364775198375660081e-01
1.000000000000000000e+00
2.106859526058758592e-01
3.743427800329435784e-01
-6.772110318967103915e-01
4.993926638190610001e-02
1.000000000000000000e+00
1.586570651449403790e-01
3.146397824938940158e-01
-9.382521131432954020e-02
1.000000000000000000e+00
1.000000000000000000e+00
-6.196028105512176865e-01
-1.000000000000000000e+00
-1.000000000000000000e+00
-1.000000000000000000e+00
-1.000000000000000000e+00
-1.000000000000000000e+00
-1.000000000000000000e+00
-1.000000000000000000e+00
-7.635350982603246184e-01
-1.843617437082147870e-01
5.484736421127641703e-01
4.458106111183953724e-01
-1.000000000000000000e+00
-1.000000000000000000e+00
1.000000000000000000e+00
-7.797994954039279003e-01
9.640488462437751815e-01
2.619322623858780785e-01
-1.000000000000000000e+00
1.000000000000000000e+00
-1.117563756479889037e-02
1.000000000000000000e+00
-1.000000000000000000e+00
-1.000000000000000000e+00
-1.000000000000000000e+00
-3.039408881297400722e-01
-1.000000000000000000e+00
-1.000000000000000000e+00
-1.000000000000000000e+00
-2.064478935481772748e-01
-1.649672032378082798e-01
-1.000000000000000000e+00
3.318644172039674212e-01
-1.000000000000000000e+00
3.214652984972882210e-01
1.978286387846365235e-01
3.051422470987724123e-01
3.997926474372879291e-01
3.941000340774798022e-02
1.000000000000000000e+00
7.976774745135672973e-02
-4.442297613557606439e-01
-1.000000000000000000e+00
-6.312004963331629970e-01
1.000000000000000000e+00
1.179604355708451235e-01
9.005786220907908701e-01
-1.202639018024674877e-01
1.000000000000000000e+00
-7.966421700556494123e-01
1.000000000000000000e+00
1.000000000000000000e+00
-9.232770686257371073e-01
-6.465187563875767207e-01
-6.673515655465964147e-02
1.000000000000000000e+00
-1.430894577218857211e-01
-1.000000000000000000e+00
6.834595548297197620e-01
4.971092162764125799e-01
-1.000000000000000000e+00
4.617885268778231245e-01
5.187796730672968870e-01
1.000000000000000000e+00
-1.000000000000000000e+00
-4.643112318450514503e-02
5.434176145544195036e-01
9.710408336583783440e-01
1.000000000000000000e+00
-1.000000000000000000e+00
-3.367468748136792644e-02
-7.186408812295319581e-01
1.000000000000000000e+00
1.000000000000000000e+00
-5.003079404220054371e-01
-1.532923042379419343e-02
-1.000000000000000000e+00
4.770519384382860828e-01
-3.611268536481154756e-01
1.000000000000000000e+00
-7.586537140868497842e-01
5.631096589999886604e-01
2.178723225643838246e-01
1.000000000000000000e+00
-7.327685953169632560e-02
-1.000000000000000000e+00
-1.000000000000000000e+00
1.949740280253797753e-03
1.000000000000000000e+00
-3.835532725544790189e-01
-7.268256429677693031e-01
-6.485499826668615908e-01
-1.000000000000000000e+00
-4.506109647031149024e-01
3.817622301364601567e-01
-1.000000000000000000e+00
-1.394552686904951266e-01
1.000000000000000000e+00
1.000000000000000000e+00
-1.000000000000000000e+00
-4.234211582046568806e-02
-4.789217779230845462e-01
5.980522971791502052e-01
1.000000000000000000e+00
1.000000000000000000e+00
1.000000000000000000e+00
3.473681322787031123e-01
-1.000000000000000000e+00
1.000000000000000000e+00
7.024900717477970957e-01
-8.622974155075543434e-01
-1.000000000000000000e+00
5.099358926453994023e-01
-7.939400068358504203e-01
2.636211930035684547e-01
2.423135286159908974e-01
1.000000000000000000e+00
1.000000000000000000e+00
1.896754520931215882e-01
1.046073054383163392e-01
1.000000000000000000e+00
-9.805200215210938541e-01
1.000000000000000000e+00
2.841491974209342519e-01
-7.624519379972319877e-01
1.080248017251949771e-01
1.000000000000000000e+00
-1.000000000000000000e+00
2.977743866560995656e-01
1.000000000000000000e+00
8.937585681582533859e-01
1.000000000000000000e+00
1.000000000000000000e+00
1.000000000000000000e+00
-8.214701315844119556e-03
4.737132077668482211e-02
-6.160285011194055471e-01
-4.640526892967476447e-01
-1.000000000000000000e+00
-1.000000000000000000e+00
1.000000000000000000e+00
-1.807924552639436078e-01
-1.383212158931155233e-01
1.000000000000000000e+00
1.223570752497136205e-01
4.758701753515853783e-01
4.977383266223326386e-01
1.000000000000000000e+00
1.000000000000000000e+00
1.368521251855269183e-01
-1.000000000000000000e+00
-3.328016044123642270e-01
-2.663203126349716898e-01
-4.384906635355794169e-01
1.000000000000000000e+00
1.000000000000000000e+00
1.000000000000000000e+00
1.000000000000000000e+00
-7.640538432961258009e-01
1.000000000000000000e+00
2.544782488399749965e-01
2.028899550626228621e-02
-7.252476411081294483e-01
1.058724368211549777e-01
-1.000000000000000000e+00
-6.321300821216491173e-01
-1.000000000000000000e+00
2.512207994978469250e-01
5.835816179060568931e-01
-2.666119452466422235e-01
-5.520418843366742268e-01
-3.424585249778344664e-01
6.441070034966174251e-01
1.000000000000000000e+00
4.151607679147267249e-01
1.000000000000000000e+00
-6.065978384946864033e-01
-2.370691243830723161e-01
-5.842553753415049567e-01
-5.227258162432197874e-01
-8.369872603361739882e-01
-1.000000000000000000e+00
-5.756483860955976528e-01
-1.000000000000000000e+00
-1.000000000000000000e+00
-4.661909574259921474e-01
1.000000000000000000e+00
2.081617222427919467e-01
1.000000000000000000e+00
4.165700756699377560e-01
1.000000000000000000e+00
1.000000000000000000e+00
9.152413987476839541e-01
-7.192209923653714032e-01
4.244437756361364444e-01
-5.686273577749683117e-01
-1.000000000000000000e+00
-3.505545842669212653e-01
1.000000000000000000e+00
1.000000000000000000e+00
-1.000000000000000000e+00
-2.066627227340518402e-01
5.624376808505856529e-01
2.058997602782287051e-01
-1.667776469589521415e-01
1.000000000000000000e+00
2.103587651073976841e-02
-1.824997305551315507e-01
7.511196018228121218e-01
-1.000000000000000000e+00
1.000000000000000000e+00
-1.000000000000000000e+00
2.888623308879790241e-01
-1.000000000000000000e+00
-1.000000000000000000e+00
6.836705757468676259e-01
9.369378080151441468e-01
-2.747711069106051340e-02
-3.637719033534028701e-01
-1.000000000000000000e+00
-7.257486123287248958e-03
-1.000000000000000000e+00
-8.577511645698117082e-01
1.000000000000000000e+00
-1.000000000000000000e+00
-1.000000000000000000e+00
-1.053176256517007747e-01
-1.000000000000000000e+00
6.251425996021606757e-01
-1.000000000000000000e+00
1.000000000000000000e+00
-1.000000000000000000e+00
-1.000000000000000000e+00
-8.481553109174357896e-01
-1.000000000000000000e+00
-4.562795917888176067e-01
-9.596612381306534045e-01
-3.280390570904200831e-01
-6.042229316859855093e-01
-1.000000000000000000e+00
-6.477700264206777414e-02
5.431722021164203662e-01
-1.000000000000000000e+00
-1.000000000000000000e+00
3.862057973373513864e-01
-8.309625401121593091e-01
6.320325904685324403e-01
9.871455361711209964e-01
4.376303896539126548e-01
1.000000000000000000e+00
-1.000000000000000000e+00
4.341639298285977500e-01
1.000000000000000000e+00
3.488772137513989624e-01
1.000000000000000000e+00
-1.000000000000000000e+00
-1.402867921679414043e-01
3.744662541414409129e-01
7.728330326080661283e-01
-5.674678521140056331e-01
2.512140956604828057e-01
8.850401981965999587e-01
8.364617142119983306e-01
-1.000000000000000000e+00
7.449281369626046256e-01
9.179934546329746592e-01
-4.795740033372403732e-01
-4.285969097895686586e-02
-1.000000000000000000e+00
-5.702911966558192880e-01
1.202509696789195726e-01
2.140043661330475189e-01
-3.672658825457944531e-01
5.114927880705124608e-01
-5.257367225366904595e-02
-1.000000000000000000e+00
-1.000000000000000000e+00
-1.000000000000000000e+00
6.766849339023632837e-01
1.000000000000000000e+00
-1.000000000000000000e+00
-1.000000000000000000e+00
1.000000000000000000e+00
-3.227957740079483440e-01
7.473816239222090818e-01
1.385411151905169280e-02
-1.000000000000000000e+00
-6.967345521709858991e-01
7.709461137043518431e-01
1.000000000000000000e+00
8.806981339497845784e-01
1.000000000000000000e+00
-7.749295524930793766e-01
9.908532007826507115e-01
-3.850915690077328368e-01
-5.706302251190102925e-01
-5.607331390509866509e-01
1.846445962931041462e-01
1.000000000000000000e+00
-1.388097626272697671e-01
2.899554903694518959e-01
-9.811192146444080997e-01
1.894240218556936806e-01
6.007528388068443803e-01
1.000000000000000000e+00
7.640766705690849037e-02
-6.395746687958390186e-01
1.000000000000000000e+00
-2.168034887575668590e-01
7.474659841321003029e-01
1.000000000000000000e+00
2.331151391457118027e-01
1.000000000000000000e+00
-1.000000000000000000e+00
-1.000000000000000000e+00
1.893742573145304475e-01
-6.895429044610759117e-01
6.215318528679107946e-01
2.323909551367080439e-01
-2.160759020544203712e-01
-6.162246305813701142e-01
-8.715152176688811814e-02
1.000000000000000000e+00
-4.307452095342294007e-01
-1.000000000000000000e+00
-1.000000000000000000e+00
-4.539695903836272195e-01
9.434963904465543116e-01
1.000000000000000000e+00
1.000000000000000000e+00
9.182971619427280352e-01
5.862110309362958960e-01
-2.086643197018080986e-01
-1.000000000000000000e+00
-2.870274509659355711e-01
-1.000000000000000000e+00
2.989125548655454656e-01
-1.000000000000000000e+00
-2.529126970412610698e-01
7.866550078117039435e-01
1.000000000000000000e+00
1.000000000000000000e+00
8.184809471327388897e-01
-1.000000000000000000e+00
-8.098321066304231541e-01
1.000000000000000000e+00
1.644757288913771820e-01
5.341820647104817965e-01
3.973033306986635260e-01
7.059795261901973262e-01
-1.000000000000000000e+00
1.000000000000000000e+00
-1.000000000000000000e+00
-1.000000000000000000e+00
-6.831443543393561635e-02
3.180762856898180502e-01
1.000000000000000000e+00
-7.231703892427673308e-01
5.910100199607010163e-01
9.835229304533709138e-01
-4.845290877550244568e-01
5.667597532677000061e-01
-1.000000000000000000e+00
-5.118778136449952942e-01
-3.812609943141307967e-01
-1.000000000000000000e+00
4.876091142602612116e-01
-3.250335298745550827e-01
4.379605070035766379e-01
4.356618990510757738e-01
1.000000000000000000e+00
-1.000000000000000000e+00
1.000000000000000000e+00
-1.000000000000000000e+00
-1.000000000000000000e+00
4.414821973174395953e-02
9.158025651716386051e-01
1.000000000000000000e+00
-1.000000000000000000e+00
1.000000000000000000e+00
2.084382096100106940e-01
1.000000000000000000e+00
1.000000000000000000e+00
1.000000000000000000e+00
-1.000000000000000000e+00
-8.281385475333375989e-01
-9.077140724761908475e-01
-3.079526051616356397e-01
-1.000000000000000000e+00
1.000000000000000000e+00
1.000000000000000000e+00
1.886835898502015052e-01
1.000000000000000000e+00
-1.445163498461682350e-01
-4.886825704320272856e-01
-1.000000000000000000e+00
1.000000000000000000e+00
8.357231780762792717e-01
3.180513048293291956e-01
5.073369137654872851e-01
1.000000000000000000e+00
2.090568127014487687e-01
3.618311731914628515e-01
7.320013617835241515e-02
1.000000000000000000e+00
-1.000000000000000000e+00
-1.000000000000000000e+00
-1.000000000000000000e+00
-9.353543413915106353e-01
-2.463706187046429408e-01
-9.235727804934549257e-01
-1.591411684161561368e-01
-5.310402818519420476e-02
1.000000000000000000e+00
4.631554931271104070e-01
1.000000000000000000e+00
-2.178266887355595482e-02
1.000000000000000000e+00
-9.313361701777325141e-01
1.000000000000000000e+00
-1.000000000000000000e+00
3.008587074336571132e-01
2.655412261647889238e-01
3.115074074160907314e-01
1.000000000000000000e+00
7.837018027142419463e-01
2.901654171597691997e-02
1.000000000000000000e+00
1.000000000000000000e+00
-8.075274250547458399e-01
1.000000000000000000e+00
-8.550684052307433447e-01
1.000000000000000000e+00
-3.362329139710379389e-01
-1.000000000000000000e+00
-8.675379927245953082e-01
-1.000000000000000000e+00
-5.241754972484068409e-01
1.000000000000000000e+00
1.000000000000000000e+00
9.424155934247199218e-01
1.000000000000000000e+00
-1.000000000000000000e+00
-1.000000000000000000e+00
6.275409340081963272e-01
-1.000000000000000000e+00
6.035148456297605435e-01
1.000000000000000000e+00
2.739725034900895029e-01
1.000000000000000000e+00
2.944205323045796518e-01
1.000000000000000000e+00
2.227239286305864041e-01
9.251735341970446225e-01
-5.733221982827304553e-01
-5.038212435652545951e-01
-4.224952624638208531e-01
-1.000000000000000000e+00
-9.652482789647744976e-01
-8.977472742647769621e-01
-1.000000000000000000e+00
-1.000000000000000000e+00
1.000000000000000000e+00
1.351616251578828809e-01
8.825476809044712212e-01
1.000000000000000000e+00
6.392493053210436260e-01
-8.022747551805885502e-01
4.951161446607882377e-02
-1.000000000000000000e+00
3.609676635031405095e-02
6.919633013054408144e-01
-3.903619575181538348e-01
1.000000000000000000e+00
-3.822622382868012814e-01
-1.000000000000000000e+00
-3.106345326917269167e-01
4.480109203380627791e-01
8.531605960818507972e-01
-5.060419202738390965e-01
1.000000000000000000e+00
-1.000000000000000000e+00
-1.000000000000000000e+00
1.440299120206179895e-01
1.460068665643622365e-01
8.278508670784983092e-01
-9.140608482154086722e-01
-1.439595283514362445e-01
1.000000000000000000e+00
-2.130949114250330068e-01
-1.000000000000000000e+00
5.960435197961795328e-01
1.000000000000000000e+00
1.000000000000000000e+00
-1.000000000000000000e+00
1.773994388538047418e-01
-1.000000000000000000e+00
-1.000000000000000000e+00
1.000000000000000000e+00
4.918234218901104682e-01
6.198975142676342864e-01
-6.768512322084896393e-01
8.738923939183540490e-02
-1.000000000000000000e+00
-7.229575321859647019e-01
-1.000000000000000000e+00
1.000000000000000000e+00
-1.000000000000000000e+00
-3.772569170151640616e-01
1.000000000000000000e+00
-1.000000000000000000e+00
-1.572851058370709487e-01
-1.000000000000000000e+00
-7.874618586191329817e-01
6.882481719938405851e-01
-9.771344110932120852e-01
-1.000000000000000000e+00
8.201252831243034391e-01
3.656577301619160503e-01
1.570254659954986309e-01
6.667177918919825474e-02
3.523149642712641860e-01
-6.504509956534864079e-01
-3.306391751970745307e-01
-2.035257637701196332e-01
-2.629750466772009521e-01
-3.747735933602328040e-01
9.603374614444393220e-01
1.000000000000000000e+00
1.000000000000000000e+00
1.000000000000000000e+00
-7.775920543239085436e-01
5.902619157643729242e-02
5.104600884820124085e-01
3.349000793760287253e-01
-1.000000000000000000e+00
1.000000000000000000e+00
4.697705340497712045e-01
1.000000000000000000e+00
1.000000000000000000e+00
-9.784597031709272308e-01
-8.060776132082909662e-01
-6.112313833074539682e-01
7.900044776296450966e-01
3.742935863917875028e-01
5.587938112558437087e-01
1.000000000000000000e+00
1.000000000000000000e+00
3.829632275233034733e-01
2.555424828730137876e-02
-4.383692332295852645e-01
5.840351560206260562e-01
-1.157422169793894673e-01
7.338834977138297688e-01
9.170950188464832564e-01
1.000000000000000000e+00
1.000000000000000000e+00
-1.000000000000000000e+00
1.000000000000000000e+00
-7.181025375983429715e-01
4.863070360315421836e-01
6.521291306422517531e-01
1.000000000000000000e+00
1.000000000000000000e+00
7.015666607766942731e-01
-1.000000000000000000e+00
2.824780603817680369e-01
1.000000000000000000e+00
-8.570445973453930666e-01
6.504612186603835333e-01
-4.018357082501921029e-01
8.965651762008360892e-01
-1.000000000000000000e+00
6.581002842081327131e-01
4.028860583939172235e-01
-6.051342864248161479e-01
7.490809436260720267e-01
2.889196181772817895e-01
2.391551476804107956e-01
1.000000000000000000e+00
-5.770598169546148348e-01
3.187589464185988652e-02
5.808171111202867221e-02
-3.322711768413872946e-01
-1.000000000000000000e+00
1.373762738527333216e-01
-2.576338439115717360e-01
2.434566120597863870e-01
-1.000000000000000000e+00
9.316982265395012952e-02
-9.694407824967417042e-01
-2.881793149325376779e-01
-6.628064842071090812e-01
-1.889313840422583435e-01
-1.000000000000000000e+00
-1.000000000000000000e+00
-1.000000000000000000e+00
8.211564894247368462e-01
-6.517173096675159538e-01
-4.664563867075377512e-01
1.000000000000000000e+00
2.648990406815163179e-01
-9.816337278384459353e-01
3.339207701680833584e-01
-1.000000000000000000e+00
-1.000000000000000000e+00
-1.000000000000000000e+00
6.774654834632324318e-01
-8.537931243030396633e-01
-9.482475455432251010e-01
1.000000000000000000e+00
-3.427762960236585554e-01
2.646259497417560030e-02
-5.568463566297510159e-01
-7.164188031476581564e-01
1.671498108292704399e-01
1.000000000000000000e+00
1.131686683499997237e-01
-1.370412093763468397e-01
-1.378638929407431657e-02
1.000000000000000000e+00
3.528172162861774597e-01
-6.878768144130680273e-01
-1.000000000000000000e+00
-6.072050924408867179e-01
-1.000000000000000000e+00
1.000000000000000000e+00
-8.107180692471520622e-01
7.139834496314341195e-01
4.459820295648461164e-01
-1.030363162124803278e-01
3.245016987231241767e-01
6.960219714694815263e-01
9.515413802993896719e-02
-1.000000000000000000e+00
2.610286737580622685e-01
-6.307141648929210920e-01
1.342342933698766339e-01
-5.858652960999762849e-01
-1.000000000000000000e+00
-8.706311512605452441e-01
-8.602893469436663221e-01
1.108718593853108558e-02
4.915736699543548083e-01
1.000000000000000000e+00
-8.681755518469232991e-01
8.160995060157546499e-01
3.893787418964360092e-01
-3.594453851328870408e-01
-1.028756813637976275e-01
3.743608963849281990e-02
9.728029338403429982e-01
3.594204433593047865e-01
-1.000000000000000000e+00
2.756424766942396354e-01
-6.357977873261108082e-01
-1.858366132399988102e-01
8.341852557962708969e-01
5.287169500595207960e-01
-8.791191235904165235e-02
1.000000000000000000e+00
-6.520864252470891520e-01
6.704070234190930844e-01
2.551643101225342658e-02
-4.811738765759625558e-01
-1.000000000000000000e+00
-2.890134220016390421e-01
1.000000000000000000e+00
5.048137590706216482e-01
1.000000000000000000e+00
1.000000000000000000e+00
1.000000000000000000e+00
3.843882346246573212e-01
1.000000000000000000e+00
8.639813589902479718e-01
1.000000000000000000e+00
-1.000000000000000000e+00
3.942157930305024149e-01
-1.000000000000000000e+00
-1.024329119040232883e-01
1.000000000000000000e+00
-1.000000000000000000e+00
2.863870007434471399e-01
4.395287940529618020e-01
-6.547446804138281617e-01
-4.813382884338263112e-01
1.000000000000000000e+00
1.000000000000000000e+00
3.525355772247256714e-01
-1.000000000000000000e+00
1.000000000000000000e+00
-1.000000000000000000e+00
8.866326517862119783e-01
-1.000000000000000000e+00
1.000000000000000000e+00
6.278908289092118844e-01
1.590573109859663159e-01
9.792226657568117165e-01
1.000000000000000000e+00
4.252619851275603602e-01
4.288117409481043696e-01
-3.231819396764101793e-01
1.000000000000000000e+00
1.000000000000000000e+00
-5.204236213033952563e-01
-1.000000000000000000e+00
6.652519954635496280e-01
1.000000000000000000e+00
-3.628069395648357287e-01
-1.000000000000000000e+00
2.450955176560780657e-01
8.224156737035677178e-01
3.579192510033941121e-01
3.388859787751998254e-01
-1.000000000000000000e+00
-6.642494655518279556e-01
1.898508464626278425e-01
1.000000000000000000e+00
8.205781574022918967e-01
5.370012302127586956e-01
2.427558495539278161e-01
-1.000000000000000000e+00
-9.361824809111272128e-01
7.798524899600849380e-01
-8.800979290430159807e-01
4.377161410196354629e-01
1.000000000000000000e+00
3.247076260663631087e-01
-6.343432894021552304e-01
1.000000000000000000e+00
6.199511682046390249e-01
1.000000000000000000e+00
-1.000000000000000000e+00
-5.230439914132793966e-01
-6.290909054148594581e-01
-9.664144641374468048e-01
1.395114109247682643e-01
-1.000000000000000000e+00
1.891005083240381301e-01
-8.112425398263536924e-02
-6.910228001455244184e-01
-2.038051918466174950e-01
-1.000000000000000000e+00
-1.000000000000000000e+00
-1.000000000000000000e+00
1.215789713504795838e-01
-6.360221620669960219e-01
-6.449634012238869563e-01
1.000000000000000000e+00
-5.678484787713812265e-01
9.838578972841227621e-01
7.421736324005776542e-01
8.823791188422029919e-01
6.731497533769459363e-01
-9.288016920399128074e-02
-3.621512026734907685e-01
1.000000000000000000e+00
-9.014668544699921959e-02
-3.082936423816563520e-01
-1.000000000000000000e+00
-1.000000000000000000e+00
-3.890795407963458796e-01
-1.688999319263888577e-01
-6.743224078498009089e-01
-1.000000000000000000e+00
1.177259955236401034e-02
-1.000000000000000000e+00
4.304597273288862103e-01
7.006110030487162632e-01
-1.000000000000000000e+00
1.000000000000000000e+00
-3.858305833086029812e-01
-3.793903500204759416e-01
-1.000000000000000000e+00
7.304450492306739928e-01
-1.000000000000000000e+00
1.359176116180603744e-01
-1.000000000000000000e+00
-2.774988079131999186e-01
-9.327514390203859307e-01
1.498476784612698953e-01
4.586979281752184834e-01
-4.907361174845523699e-01
3.617758476774782794e-01
-4.118369808412261079e-01
6.867847509438486098e-01
-7.587594378813580231e-01
-1.000000000000000000e+00
-1.000000000000000000e+00
-1.000000000000000000e+00
8.512813501161098362e-01
-3.883320717939973132e-01
-5.874107813672537759e-01
1.000000000000000000e+00
1.000000000000000000e+00
-7.326186112628962910e-01
-3.681051431602763158e-01
1.000000000000000000e+00
1.230732656363545674e-01
1.000000000000000000e+00
1.000000000000000000e+00
-1.000000000000000000e+00
7.605293086328080987e-01
1.000000000000000000e+00
-1.000000000000000000e+00
-1.000000000000000000e+00
-6.330150717119528148e-01
-7.712678136771118631e-02
-9.787146199291948401e-01
2.434980178992913746e-01
-1.000000000000000000e+00
1.000000000000000000e+00
-3.844229665778584604e-01
-1.000000000000000000e+00
8.588925889188918639e-01
1.000000000000000000e+00
-3.127555804891737345e-01
-9.422853279658323089e-01
-1.000000000000000000e+00
-1.000000000000000000e+00
-2.877943703991467927e-01
3.747242726478350328e-02
3.623568820339539975e-02
-1.000000000000000000e+00
-1.000000000000000000e+00
1.000000000000000000e+00
1.000000000000000000e+00
1.000000000000000000e+00
1.000000000000000000e+00
-3.978766826007024138e-01
2.818410893694278108e-01
-1.000000000000000000e+00
1.000000000000000000e+00
1.000000000000000000e+00
-6.143911644159427698e-02
9.161419704835627176e-01
1.000000000000000000e+00
-1.863927984749700617e-01
1.000000000000000000e+00
8.424459393834793364e-01
1.000000000000000000e+00
1.000000000000000000e+00
1.000000000000000000e+00
-1.208343944432965777e-02
1.000000000000000000e+00
1.000000000000000000e+00
1.411373877198629501e-02
5.390846422774675517e-01
-1.000000000000000000e+00
1.000000000000000000e+00
1.000000000000000000e+00
3.100436652325386788e-01
8.285889952371547906e-01
9.363021338857691056e-03
7.932641212658857466e-01
-1.000000000000000000e+00
-1.000000000000000000e+00
-1.000000000000000000e+00
1.000000000000000000e+00
-1.000000000000000000e+00
1.586560782363168887e-01
1.000000000000000000e+00
8.796147650827694786e-01
5.152026075654901893e-01
6.130795122418158938e-01
2.096495233078605747e-01
1.000000000000000000e+00
5.910286818372608719e-01
-8.605131306968025751e-01
5.542750787846412175e-02
1.000000000000000000e+00
-1.000000000000000000e+00
4.737148290385101435e-02
-8.697316421541712028e-01
-1.000000000000000000e+00
6.918271301579888011e-01
-1.000000000000000000e+00
-1.000000000000000000e+00
2.661949115984016956e-01
1.000000000000000000e+00
-9.144477476059020837e-02
-1.000000000000000000e+00
-1.000000000000000000e+00
1.000000000000000000e+00
9.224851284587420874e-01
1.905284254752257489e-01
-4.981648260762822078e-01
-2.621136107451275121e-01
-1.000000000000000000e+00
-1.847454830103682777e-01
-1.000000000000000000e+00
8.480522330769320050e-01
1.000000000000000000e+00
-8.613619593097027183e-02
5.473910423382775114e-01
-1.000000000000000000e+00
-9.871713701734774471e-01
9.583576436262980502e-01
2.224140542375871998e-01
-7.738330538229232225e-02
1.000000000000000000e+00
-5.453666838057740218e-01
-1.000000000000000000e+00
4.033391393855570439e-01
1.000000000000000000e+00
-1.000000000000000000e+00
2.108395481016565043e-01
-1.000000000000000000e+00
-3.036327080997479055e-01
6.738312401026302911e-01
-4.519787029516449950e-01
1.000000000000000000e+00
-1.000000000000000000e+00
-6.435331906865340290e-01
3.361339289719614820e-01
-1.398778556853617627e-01
-1.000000000000000000e+00
-8.912268729345571572e-01
-7.389905240878043013e-01
6.137191353768265412e-01
2.375907505640218742e-01
-1.000000000000000000e+00
-1.000000000000000000e+00
-9.427840141366850002e-01
-7.547784434966844369e-01
9.777690463928645492e-02
8.867923983769473439e-01
6.229206170115786367e-02
1.000000000000000000e+00
1.000000000000000000e+00
1.000000000000000000e+00
9.403389513644643261e-01
6.182855021591332489e-01
-6.206411008074945723e-01
-4.970501826579343252e-02
-4.738347613365887501e-01
-2.966466753149751279e-01
1.000000000000000000e+00
-7.303311246758681374e-01
8.105768762177372189e-01
1.000000000000000000e+00
-5.292624936886258791e-02
1.000000000000000000e+00
-1.840801344321003619e-01
1.000000000000000000e+00
-1.000000000000000000e+00
1.000000000000000000e+00
2.899670593888524217e-01
-2.619289434554568086e-01
1.000000000000000000e+00
-1.000000000000000000e+00
3.542044464847954321e-01
-1.000000000000000000e+00
-1.000000000000000000e+00
1.000000000000000000e+00
-1.000000000000000000e+00
1.000000000000000000e+00
1.000000000000000000e+00
-1.000000000000000000e+00
-1.000000000000000000e+00
-7.620986847553956611e-01
-1.074908421428418803e-01
-1.000000000000000000e+00
-5.882187010334735122e-01
6.948069142831017064e-01
4.961747952979853049e-01
-6.808057659212070067e-01
7.468949583126183178e-02
1.000000000000000000e+00
6.156580403768424636e-01
-1.000000000000000000e+00
-1.000000000000000000e+00
4.555558006638800173e-01
-1.000000000000000000e+00
1.000000000000000000e+00
-5.210837425984369276e-01
-1.744450909216821444e-01
9.685638295573659740e-01
-5.345831620468024514e-01
-9.291784170544014065e-01
1.000000000000000000e+00
1.000000000000000000e+00
-1.000000000000000000e+00
-3.306909047923746181e-01
-3.881906881705954326e-02
-1.000000000000000000e+00
2.189203022872838467e-01
-1.000000000000000000e+00
1.000000000000000000e+00
1.000000000000000000e+00
-1.000000000000000000e+00
-1.000000000000000000e+00
1.700519110824494362e-01
2.870313073076219412e-01
-3.800322470303070244e-01
-1.000000000000000000e+00
1.000000000000000000e+00
-3.919623836823833418e-01
-1.000000000000000000e+00
1.000000000000000000e+00
1.000000000000000000e+00
-8.155003212378918453e-01
-1.000000000000000000e+00
1.000000000000000000e+00
-1.000000000000000000e+00
-4.019187967648287785e-01
-1.000000000000000000e+00
7.044946540466727747e-01
1.000000000000000000e+00
-3.653059577785344736e-01
-5.263720999474001960e-01
-1.000000000000000000e+00
-2.396097614606640391e-01
1.000000000000000000e+00
-4.529791559508684617e-01
1.000000000000000000e+00
1.000000000000000000e+00
-4.753180249794896062e-01
4.428348205158093576e-01
1.000000000000000000e+00
-1.000000000000000000e+00
7.671328521784576138e-01
-1.000000000000000000e+00
1.918629995165166413e-02
-7.244605508367287783e-01
-9.895020495504597280e-01
1.000000000000000000e+00
1.455046448288910277e-01
-1.000000000000000000e+00
1.000000000000000000e+00
1.000000000000000000e+00
7.361786722387381188e-01
-1.000000000000000000e+00
-8.351885250372657055e-01
-1.000000000000000000e+00
-1.000000000000000000e+00
-1.559888026676640727e-01
-4.674300708584899766e-02
6.253300696078336607e-01
1.000000000000000000e+00
-1.526034851554247673e-02
2.521801299846869737e-01
6.658077439647283047e-01
-1.000000000000000000e+00
-1.000000000000000000e+00
2.775964999965526703e-01
1.000000000000000000e+00
-3.045313730760975668e-01
-6.667855324957943086e-01
-8.455031369051049239e-01
1.000000000000000000e+00
2.544862247637979524e-01
6.540281736702610038e-01
-1.000000000000000000e+00
-3.242962491267343816e-01
5.096555687848147720e-01
1.012263651157317562e-01
-1.000000000000000000e+00
1.000000000000000000e+00
1.000000000000000000e+00
4.881899439899543003e-01
-4.806157438600013321e-01
-1.000000000000000000e+00
1.000000000000000000e+00
-9.440719234479962862e-01
1.000000000000000000e+00
-1.000000000000000000e+00
7.346839540327460005e-01
-1.000000000000000000e+00
-2.569895953805592104e-01
-1.000000000000000000e+00
3.813946351471280694e-01
1.000000000000000000e+00
1.125431403289626209e-01
-1.000000000000000000e+00
-5.848526817136415756e-01
-1.000000000000000000e+00
1.000000000000000000e+00
1.000000000000000000e+00
4.404109341716591075e-01
1.000000000000000000e+00
6.252997051154635111e-01
1.000000000000000000e+00
4.208545742285967339e-01
-1.000000000000000000e+00
7.499441141765261776e-03
2.258522780444363609e-01
-1.000000000000000000e+00
-4.159887028909884377e-01
-1.000000000000000000e+00
2.704865932003723827e-01
1.000000000000000000e+00
-2.365444719097606618e-01
9.841376190524249168e-01
1.000000000000000000e+00
-8.770947021938305666e-01
1.000000000000000000e+00
-1.000000000000000000e+00
9.838425104207919603e-01
-1.000000000000000000e+00
7.986188533913640697e-01
1.000000000000000000e+00
-1.000000000000000000e+00
-1.416146111873923807e-01
-4.503235633752938893e-01
-1.000000000000000000e+00
-5.588253398727316412e-02
-3.345667961221056586e-01
-2.629799459126626604e-01
-8.561666289982841072e-01
-4.508852132548342162e-01
-1.000000000000000000e+00
-5.647170322301789946e-01
1.000000000000000000e+00
-6.207629581089374460e-02
5.323203235500184594e-01
-7.776045474876509545e-01
1.000000000000000000e+00
1.000000000000000000e+00
-1.000000000000000000e+00
3.218324692410979848e-01
7.058432707360495773e-02
1.000000000000000000e+00
-1.000000000000000000e+00
-3.447636411691016312e-01
-3.510617502805138956e-01
-3.275097897759589038e-01
3.092572572007049048e-01
-1.000000000000000000e+00
-1.000000000000000000e+00
-1.000000000000000000e+00
-7.637380809444407337e-01
-1.000000000000000000e+00
-1.000000000000000000e+00
1.133288646080358175e-01
-5.829124864089024749e-01
3.152984790568132967e-01
1.000000000000000000e+00
-6.577157528467441061e-01
1.000000000000000000e+00
3.310052059038405270e-01
1.000000000000000000e+00
7.676821685709109833e-01
-9.211516347933441651e-01
8.614997434739790627e-01
-1.000000000000000000e+00
2.317683582355550276e-01
1.517490583876983656e-01
1.000000000000000000e+00
-9.735362093487995860e-01
2.113574167223437605e-01
5.752786604587685204e-01
1.026666046667207288e-01
2.335485330199387477e-01
7.198822383696357186e-02
4.329506688726130204e-01
1.000000000000000000e+00
-4.100185893368871737e-01
1.000000000000000000e+00
3.966421379811330139e-01
-8.750110724290360853e-02
-1.000000000000000000e+00
1.716876286575877153e-01
-3.463781131338575792e-01
7.770001849371169778e-01
-1.000000000000000000e+00
-3.145145302397825970e-01
-1.785693700747390533e-01
-6.769260545584534494e-01
2.917528002111363095e-01
-1.323508681899411288e-01
-1.000000000000000000e+00
1.000000000000000000e+00
9.563715795033131961e-01
-1.000000000000000000e+00
-1.000000000000000000e+00
-1.000000000000000000e+00
5.633474006399781242e-01
-1.000000000000000000e+00
-4.624918362949128614e-01
-1.000000000000000000e+00
1.000000000000000000e+00
1.000000000000000000e+00
6.142116648316359173e-02
-8.202791786268964769e-01
-1.000000000000000000e+00
5.283594960482564939e-01
1.000000000000000000e+00
-4.000500836218095491e-01
1.000000000000000000e+00
-2.556287012443320128e-01
-1.000000000000000000e+00
-7.814525728574261976e-01
1.000000000000000000e+00
-6.552841131709330469e-01
-1.523908310661027388e-01
1.000000000000000000e+00
-3.867753964002430545e-01
1.000000000000000000e+00
-2.016881461995060354e-01
-7.555281672745189914e-01
-7.265942241860473549e-03
8.765934948924143377e-01
7.533744263498085569e-01
2.074569673479249587e-01
6.319045092620690918e-01
9.253540228797332290e-01
-7.438634698885588925e-01
-1.000000000000000000e+00
-1.129159007512573476e-01
-9.007246458470297146e-02
-1.000000000000000000e+00
-1.000000000000000000e+00
-1.000000000000000000e+00
1.000000000000000000e+00
6.318169543638236796e-01
1.000000000000000000e+00
-1.000000000000000000e+00
-1.216007468763021238e-01
-1.000000000000000000e+00
1.000000000000000000e+00
-1.000000000000000000e+00
-1.000000000000000000e+00
-5.492992881356479895e-01
-2.508540160492866988e-02
-4.664659446081390604e-01
1.916111392734554109e-02
5.126866690533433690e-01
-1.000000000000000000e+00
8.909476443768526988e-01
-1.000000000000000000e+00
-8.285174878022509570e-02
4.264104974186736507e-01
1.000000000000000000e+00
1.000000000000000000e+00
-1.000000000000000000e+00
1.000000000000000000e+00
4.266080035475166010e-01
-7.417638761635392264e-02
7.706063102246213381e-01
-2.680710431853712827e-01
-1.000000000000000000e+00
-1.000000000000000000e+00
-7.927965510236578695e-01
1.000000000000000000e+00
-1.000000000000000000e+00
7.978634759833485024e-01
1.600990589136643827e-01
-1.000000000000000000e+00
-1.000000000000000000e+00
-1.000000000000000000e+00
8.528593816696792285e-01
-5.845963393935671437e-02
1.000000000000000000e+00
-1.239797757548752877e-01
-6.215024043426415901e-01
-1.384219860090606380e-01
1.000000000000000000e+00
-4.016857847415599703e-01
-1.000000000000000000e+00
1.000000000000000000e+00
5.442349386104881059e-01
-1.000000000000000000e+00
7.519988052804712497e-01
-1.915480019612098017e-01
-1.000000000000000000e+00
-1.000000000000000000e+00
6.791848729123786121e-01
-1.000000000000000000e+00
1.000000000000000000e+00
1.000000000000000000e+00
-1.000000000000000000e+00
-2.674497182743905688e-01
-1.000000000000000000e+00
2.219732345194596057e-01
-3.498361641284541967e-01
6.366576828219697726e-01
3.012773251404023966e-01
-5.747918533610891778e-01
4.670819436883811848e-01
-8.504204761956795089e-01
-2.824161846417415633e-01
-1.000000000000000000e+00
9.080344974524918733e-01
-8.494835638079903939e-01
8.327834206968873776e-01
1.000000000000000000e+00
-1.000000000000000000e+00
1.000000000000000000e+00
-1.080452390494999193e-01
-1.000000000000000000e+00
-1.052444516436034649e-01
-1.000000000000000000e+00
1.000000000000000000e+00
-1.000000000000000000e+00
1.000000000000000000e+00
8.218527297143937149e-01
-2.557385342622476854e-01
-9.675894433091141167e-01
7.005222971913478425e-01
-1.000000000000000000e+00
1.000000000000000000e+00
-1.000000000000000000e+00
4.098090169764628810e-01
1.000000000000000000e+00
1.128695962226365368e-01
5.398181859109696390e-02
1.000000000000000000e+00
-1.000000000000000000e+00
1.436277205806361090e-01
2.508260581167415237e-02
1.000000000000000000e+00
-1.000000000000000000e+00
1.000000000000000000e+00
-6.500723822166243338e-01
-8.653956867292400545e-02
1.000000000000000000e+00
1.000000000000000000e+00
1.000000000000000000e+00
1.000000000000000000e+00
-5.113732252517624310e-01
-4.050572218102184152e-01
-5.586296862901135585e-02
-8.162976816170990357e-01
-8.484073115499779494e-01
-1.000000000000000000e+00
-5.110708337200400297e-01
9.614431634028123286e-01
8.103592294910229032e-01
-1.020420935878552093e-02
1.302185361830662247e-01
-1.000000000000000000e+00
7.664179913153026380e-01
1.556035364454786407e-01
-1.000000000000000000e+00
-4.385842663385250417e-03
-9.003195119696514315e-01
-4.182772203730200644e-01
1.000000000000000000e+00
9.533452997487279479e-01
-1.000000000000000000e+00
-1.000000000000000000e+00
-5.158867360847441130e-01
1.000000000000000000e+00
1.000000000000000000e+00
-1.000000000000000000e+00
-1.000000000000000000e+00
8.415745089446519112e-01
2.048504942877527046e-01
-1.000000000000000000e+00
-1.000000000000000000e+00
1.000000000000000000e+00
8.494835211348303883e-01
-1.000000000000000000e+00
2.755363418033914824e-01
1.000000000000000000e+00
1.172932242112864898e-01
-1.000000000000000000e+00
1.000000000000000000e+00
-5.281244147060808469e-01
-1.000000000000000000e+00
8.516629834217515072e-01
6.681570413952457876e-01
6.744445160096108616e-01
6.759796421667592092e-01
1.000000000000000000e+00
1.000000000000000000e+00
-1.805411724523464656e-02
-1.000000000000000000e+00
8.672318756177271881e-01
-1.000000000000000000e+00
-3.897492373130297949e-01
-4.371574906084725320e-01
8.380313606956617534e-01
1.000000000000000000e+00
7.300056360279880696e-01
-8.014674532935464057e-01
-4.073669302880947862e-01
1.000000000000000000e+00
1.000000000000000000e+00
-6.683131242952827789e-01
-1.000000000000000000e+00
-1.000000000000000000e+00
-1.000000000000000000e+00
3.082345515879489906e-01
-4.835378104988894421e-01
7.827010793283044610e-01
1.000000000000000000e+00
-1.000000000000000000e+00
-1.000000000000000000e+00
1.000000000000000000e+00
-8.071779821751803308e-01
1.000000000000000000e+00
-5.621767770338625958e-03
-1.000000000000000000e+00
-1.000000000000000000e+00
-1.000000000000000000e+00
4.884699442947479930e-01
5.071512613304584027e-01
5.108119874198894239e-01
-5.410012435778708273e-01
-4.713269881679189033e-01
-6.483079946026115703e-01
-1.000000000000000000e+00
-1.000000000000000000e+00
5.390726640209226872e-01
-5.841989050000334638e-01
-1.000000000000000000e+00
6.632519002288581600e-01
8.641266938403522335e-01
1.000000000000000000e+00
-8.622113161466797848e-01
-1.132538527863861111e-01
3.031822362820503769e-01
1.000000000000000000e+00
8.948138907981386669e-01
7.702517041875192039e-01
9.112539245130555354e-01
-1.000000000000000000e+00
-1.000000000000000000e+00
-8.101884596251240911e-01
-1.000000000000000000e+00
-5.081081339445618905e-01
1.030490923869535752e-01
1.000000000000000000e+00
-1.580012110581208162e-02
1.000000000000000000e+00
-7.219820465135656784e-01
1.010898360731609102e-01
-9.319418597243422919e-01
1.313526548056445087e-01
-1.000000000000000000e+00
1.000000000000000000e+00
-1.000000000000000000e+00
1.508561688392884292e-02
1.000000000000000000e+00
1.000000000000000000e+00
-1.000000000000000000e+00
1.000000000000000000e+00
1.000000000000000000e+00
-7.437642728897775335e-01
-5.944482414624073785e-01
-7.817150928592663250e-01
-2.451802901175194060e-01
-9.155448710138076596e-01
-1.000000000000000000e+00
1.989718097920127882e-01
-2.902584229816352890e-01
-9.701831043946778088e-01
-5.638437357155481333e-01
8.465412230036441221e-02
5.460239494214302880e-01
5.344136999718328562e-01
-1.000000000000000000e+00
-3.686353516203199066e-01
3.664609425909639562e-01
-1.722171289356670965e-01
-1.000000000000000000e+00
7.992274772335445920e-01
-8.221172299916201798e-02
-1.000000000000000000e+00
-1.000000000000000000e+00
-3.819056460834502342e-01
-7.709157391440671914e-01
1.000000000000000000e+00
7.596141863202559019e-01
9.010360436514930349e-04
-1.000000000000000000e+00
1.747482458208566847e-01
-7.584573721779848121e-01
-3.268101423505997971e-01
8.533829978127034366e-01
-1.000000000000000000e+00
1.000000000000000000e+00
3.680144114751431328e-01
-1.000000000000000000e+00
9.696975050219336367e-02
1.000000000000000000e+00
6.449934647144195399e-02
-1.000000000000000000e+00
-4.765727823550655606e-02
-4.916939498642981521e-01
1.000000000000000000e+00
-9.584792330476096245e-01
-2.478381266113135473e-01
1.000000000000000000e+00
-8.766050210678590915e-01
-4.881779248072892763e-01
-7.125288906963032076e-01
7.158036550769630857e-02
-9.826921075506872549e-01
-2.528975287665237714e-01
-1.000000000000000000e+00
3.511627472304467562e-02
-1.000000000000000000e+00
-1.000000000000000000e+00
-9.847925430048932727e-01
-1.000000000000000000e+00
6.456222703085887638e-01
-1.771385516879006028e-01
1.129480890770553081e-01
-8.929258023429759161e-02
1.000000000000000000e+00
-1.000000000000000000e+00
-3.696193671560707439e-01
-9.266024306325225668e-01
-1.000000000000000000e+00
3.465594754279472389e-01
-1.000000000000000000e+00
-2.362945020106971272e-01
1.000000000000000000e+00
1.000000000000000000e+00
1.000000000000000000e+00
-8.012945581050483490e-01
1.000000000000000000e+00
1.000000000000000000e+00
9.761872009341150402e-01
-1.000000000000000000e+00
-1.804647362908923247e-02
-5.901229590748837683e-01
-7.908501823239797446e-01
5.276021824523068060e-02
-2.103590563189776108e-01
-3.885063497646599195e-01
4.871824028647137594e-01
1.000000000000000000e+00
3.682334573466814476e-01
1.000000000000000000e+00
9.460751884775620013e-02
-6.528711271218298196e-01
-4.547027594738717315e-01
-2.151087560407838328e-01
9.732666964989735714e-01
-1.522525175467783765e-01
5.757713920067919489e-01
7.030809898590943963e-01
9.852846646109078010e-01
-1.000000000000000000e+00
-7.906665181839651613e-01
-3.742493611439590140e-02
-7.592912040160398890e-02
1.000000000000000000e+00
-8.422529088415120491e-03
-1.000000000000000000e+00
-1.000000000000000000e+00
-1.000000000000000000e+00
-1.000000000000000000e+00
2.063830833998844261e-01
9.881174444062919004e-01
-6.762207623587521699e-01
-1.000000000000000000e+00
5.468674624674747520e-01
-1.000000000000000000e+00
-3.764611872082022082e-01
-8.711376748927940339e-01
1.721140912721988436e-01
5.432725603420488492e-01
1.000000000000000000e+00
3.009686732622255390e-01
-9.550234810644786521e-02
1.000000000000000000e+00
1.000000000000000000e+00
1.000000000000000000e+00
-6.689035346811197380e-01
-6.280470688101023047e-01
-1.000000000000000000e+00
-1.000000000000000000e+00
-1.000000000000000000e+00
-2.695713752534086849e-01
8.242467767343119034e-01
-2.564204199698142395e-01
1.420764891621636439e-01
6.919771854284278989e-01
-3.616063203966859430e-01
1.000000000000000000e+00
-4.956151217482193116e-01
-1.000000000000000000e+00
3.877560107854107763e-01
-3.149953603251662848e-01
1.000000000000000000e+00
-7.610519643934355871e-01
-1.000000000000000000e+00
2.826173130780408327e-01
9.784029336838554469e-01
1.000000000000000000e+00
1.000000000000000000e+00
6.050497944107977588e-01
-8.141000928283381732e-02
-6.628397974909883139e-01
-1.437903038253809385e-01
9.967257339564489227e-01
-2.404127791070133080e-01
1.000000000000000000e+00
1.000000000000000000e+00
4.459181836789647968e-01
-1.000000000000000000e+00
-6.096500214198860013e-01
6.547425954116599112e-01
5.256450952579372338e-01
-6.942817767275918373e-01
4.715633224740521934e-01
8.986559779513851876e-01
-3.457043313400948170e-01
-1.000000000000000000e+00
-1.000000000000000000e+00
3.033668513351883700e-01
-9.699675731768558906e-01
-6.610779714806425122e-02
5.525672826207091992e-01
-2.482845722710187442e-01
6.931816684460819777e-01
-5.137571539715913849e-01
-1.000000000000000000e+00
-1.000000000000000000e+00
-7.723261326187513820e-02
-1.000000000000000000e+00
-7.883625494254289379e-01
6.050622335428612608e-01
1.000000000000000000e+00
7.426096159584842926e-01
3.095447837886309284e-01
-1.000000000000000000e+00
5.977399721352927298e-01
-1.000000000000000000e+00
-9.959274128032460371e-01
-1.159009279835444550e-01
9.300208317773732691e-01
1.000000000000000000e+00
-6.213784550110206251e-01
-8.617280578977573047e-01
-3.840113394634179222e-01
8.335975213101716186e-01
-1.000000000000000000e+00
-1.000000000000000000e+00
-7.558531800742188667e-01
4.800206636293420925e-01
1.000000000000000000e+00
-1.000000000000000000e+00
8.181684323892419730e-01
-1.000000000000000000e+00
-5.943421952238913120e-01
7.760732870795483684e-01
-1.000000000000000000e+00
-6.448446952517545849e-01
-1.000000000000000000e+00
1.735091191918519682e-01
7.797137674410908881e-01
-4.407705915344113379e-01
5.058988149418000013e-01
3.943998349950582627e-01
1.000000000000000000e+00
-1.000000000000000000e+00
-1.000000000000000000e+00
3.418603811254560809e-01
3.521484837629723086e-01
-1.000000000000000000e+00
1.000000000000000000e+00
-1.000000000000000000e+00
-1.000000000000000000e+00
-3.936030344561819994e-01
1.000000000000000000e+00
-1.000000000000000000e+00
-1.000000000000000000e+00
-4.988463723491370905e-01
1.000000000000000000e+00
-1.000000000000000000e+00
4.801145214365631908e-01
8.247201010232794172e-01
2.157124705314739099e-01
-5.733435044923321788e-01
8.871566682785254621e-01
-1.000000000000000000e+00
1.000000000000000000e+00
1.000000000000000000e+00
1.000000000000000000e+00
1.000000000000000000e+00
1.000000000000000000e+00
1.896199106341617813e-01
1.000000000000000000e+00
