-1.000000000000000000e+00
-3.485636213002463180e-02
1.000000000000000000e+00
7.169020452458532700e-02
-6.033558783192742858e-01
-6.732431889634449274e-01
1.000000000000000000e+00
1.000000000000000000e+00
-1.000000000000000000e+00
1.000000000000000000e+00
1.000000000000000000e+00
9.841953342612382860e-01
4.492854229127711818e-01
-1.000000000000000000e+00
-1.000000000000000000e+00
-4.470056386760429268e-02
8.695029043644491029e-01
2.327219128094499268e-01
8.435954114371768675e-01
3.310395372921639545e-01
2.325750007651801177e-01
5.222208126370432302e-01
-6.119257257124178784e-01
1.748801263053090249e-01
3.316339856589437529e-01
1.000000000000000000e+00
-1.000000000000000000e+00
-4.959999785427261498e-01
-1.000000000000000000e+00
-7.652751512757299812e-01
-3.444606722490012318e-01
-1.000000000000000000e+00
8.321450296313982475e-01
-9.923947157052358525e-01
-1.469356458317461755e-01
-1.000000000000000000e+00
5.355133899024526745e-01
-1.692474920226412216e-01
1.050091047180634618e-02
-4.924046703036744077e-01
9.044516684496518577e-01
8.075800091475187070e-01
1.000000000000000000e+00
-7.704550050830039076e-02
1.000000000000000000e+00
1.000000000000000000e+00
1.000000000000000000e+00
1.000000000000000000e+00
1.000000000000000000e+00
1.571266855012092289e-01
1.558298596044587203e-01
-3.563374397709970776e-01
1.000000000000000000e+00
-1.000000000000000000e+00
1.000000000000000000e+00
1.000000000000000000e+00
1.000000000000000000e+00
-8.701321578365104337e-01
-8.847245309764566468e-01
1.000000000000000000e+00
1.697561746080467893e-01
-1.000000000000000000e+00
-1.812877623674826744e-01
6.643108835337718787e-02
-1.000000000000000000e+00
9.938413818591201876e-01
6.555212582538751942e-01
-1.000000000000000000e+00
4.757227919183987241e-01
6.350557074046822015e-01
4.992105220545043354e-01
-3.214298657438304230e-01
9.198288371314207179e-01
1.000000000000000000e+00
-1.000000000000000000e+00
4.854611102123569388e-01
1.000000000000000000e+00
1.000000000000000000e+00
-3.129758231710529914e-01
6.033432663842682731e-01
1.000000000000000000e+00
-1.042216538935858416e-01
8.940307825179412138e-01
-1.000000000000000000e+00
4.641898749829419524e-01
-1.000000000000000000e+00
1.560161277626056497e-01
-9.156575884367534890e-01
1.000000000000000000e+00
-1.000000000000000000e+00
-4.280327168630221335e-01
2.451946890654321809e-01
7.752950647483711766e-01
-1.000000000000000000e+00
7.019276320090239718e-01
-1.000000000000000000e+00
-1.000000000000000000e+00
-9.684122037392522975e-01
4.531267358060414030e-01
-7.766550988138372080e-01
9.377760211577879090e-01
1.000000000000000000e+00
5.756237677109570239e-01
-1.000000000000000000e+00
-1.000000000000000000e+00
1.000000000000000000e+00
8.443522595657773078e-01
-7.394770993101384970e-01
-3.771999011018034587e-02
1.000000000000000000e+00
-3.254454392366103455e-01
4.889345876815330283e-01
6.426147994426645305e-01
-1.000000000000000000e+00
-3.580715769881667176e-01
-1.000000000000000000e+00
3.060572427433044806e-03
1.000000000000000000e+00
1.000000000000000000e+00
7.693596791121048994e-02
-1.000000000000000000e+00
9.994935340930117817e-01
-1.743445990996256023e-01
1.000000000000000000e+00
-1.000000000000000000e+00
-6.137107551066760536e-01
2.668761990000049766e-01
-7.772857420403997963e-01
-3.799892217962833607e-01
-4.621585559481266037e-01
-1.000000000000000000e+00
9.406224703253104336e-01
1.000000000000000000e+00
1.000000000000000000e+00
-1.000000000000000000e+00
-5.651286629075344958e-01
-2.968423938255038141e-01
7.730198541439742277e-01
-8.211153695939564789e-01
-1.000000000000000000e+00
-8.378434902317144495e-02
-1.000000000000000000e+00
-6.419197025163922987e-01
6.055846643383480110e-01
1.000000000000000000e+00
1.000000000000000000e+00
-2.866102004464510244e-02
4.920541962212526821e-02
2.831525425952258757e-01
-5.480999124664942546e-02
1.000000000000000000e+00
4.435005132468223810e-01
1.000000000000000000e+00
1.000000000000000000e+00
1.000000000000000000e+00
-1.000000000000000000e+00
-1.000000000000000000e+00
-8.677952107656297098e-01
1.082593322701349559e-01
9.158393279604083448e-01
-1.000000000000000000e+00
5.743899001571908247e-01
1.000000000000000000e+00
-1.000000000000000000e+00
-1.397104495824077475e-01
1.000000000000000000e+00
1.000000000000000000e+00
8.042319577172718503e-02
-7.148426502906399804e-01
6.266645518621474231e-01
3.752149068484612049e-01
-1.000000000000000000e+00
4.274436671810876165e-01
3.660219268951099281e-01
-9.898677804762263666e-01
3.508209493364090048e-01
-1.000000000000000000e+00
5.018505578084646590e-01
-1.000000000000000000e+00
-7.980700606979611589e-01
-1.337550794384599340e-01
-7.138247024476614966e-01
-6.797918926043169385e-01
-1.000000000000000000e+00
1.000000000000000000e+00
-1.000000000000000000e+00
-5.881117339315916626e-01
8.545755075599891226e-01
1.000000000000000000e+00
1.000000000000000000e+00
5.008205805662131471e-01
1.000000000000000000e+00
-8.086198030611546628e-01
-1.000000000000000000e+00
-1.227066251601013069e-01
-4.888213779696328753e-01
1.000000000000000000e+00
6.021109073881056872e-01
-5.285259194456212173e-01
3.534010350914082998e-01
1.000000000000000000e+00
1.000000000000000000e+00
-1.000000000000000000e+00
-1.000000000000000000e+00
1.411356054543894123e-01
9.826550372757212326e-01
-7.609118414614024495e-02
-8.805566276340193177e-02
5.978572963303789845e-01
-1.000000000000000000e+00
-2.905747772879619384e-01
1.000000000000000000e+00
-1.000000000000000000e+00
1.759945872085513230e-01
-1.000000000000000000e+00
-8.080722229064691842e-01
-9.258594971251539185e-01
-1.000000000000000000e+00
1.000000000000000000e+00
-1.000000000000000000e+00
1.000000000000000000e+00
-5.659614343961880678e-01
1.000000000000000000e+00
1.000000000000000000e+00
1.000000000000000000e+00
-6.276488825405320826e-01
-5.703342391460136662e-01
1.000000000000000000e+00
-2.941718238543057362e-01
8.372305191078769360e-01
1.000000000000000000e+00
-9.945581261195060030e-01
1.000000000000000000e+00
-6.894695045305034853e-01
-8.326405631573543520e-01
-7.277557079654231043e-01
1.000000000000000000e+00
-6.167408724228209405e-01
-7.576834139781430943e-01
-1.495556579644499728e-01
1.031348220601858712e-01
-8.941746931502720930e-01
-3.696087111110735179e-02
1.000000000000000000e+00
1.421948445092602320e-02
5.337262722282757332e-01
-1.927889312176467307e-02
-5.316226231486054221e-01
9.771099828547515909e-01
7.844244396513196937e-01
-7.554212072323494009e-01
3.009314134208886937e-01
8.027740211192918585e-01
2.953607033516395530e-01
5.553908026810876475e-01
2.401629166599957010e-01
7.392577548916493546e-01
1.000000000000000000e+00
-1.283178236407833683e-02
-1.000000000000000000e+00
-8.093528597061125929e-01
-1.000000000000000000e+00
5.511563328472917078e-01
1.000000000000000000e+00
2.566897050674121772e-01
-5.068550740540128663e-01
-1.000000000000000000e+00
1.000000000000000000e+00
1.000000000000000000e+00
7.432824741257286760e-01
1.000000000000000000e+00
-4.798907918773055448e-01
-2.705897783807539869e-01
-6.859357529344067839e-01
-1.000000000000000000e+00
-2.879647722026813517e-01
-1.000000000000000000e+00
5.817129697074182593e-01
8.950379905377593426e-01
-9.602948169465590489e-01
1.000000000000000000e+00
-7.611270246081855984e-01
9.148883983812343690e-01
-3.718542730050967138e-01
8.988753766137413947e-01
1.000000000000000000e+00
8.214154444217687256e-01
-1.000000000000000000e+00
-1.000000000000000000e+00
-1.000000000000000000e+00
2.149077268038003252e-01
3.251725948752226536e-03
-9.554623648145303960e-01
7.408824444087809269e-01
3.532453831869873939e-01
1.897239288555445658e-01
-7.267593349130614389e-01
-1.000000000000000000e+00
-6.756969291063945615e-01
-5.768138574637033944e-01
-1.000000000000000000e+00
-9.702779961980080303e-01
9.509152431639549263e-01
-1.000000000000000000e+00
-1.000000000000000000e+00
-1.000000000000000000e+00
-7.131866574700440609e-03
-5.129033126341745463e-01
6.874234324163002174e-01
-7.079283037146282265e-01
8.781627688790043518e-01
1.775958381568003841e-01
3.715747287517610631e-01
-7.815744062363352285e-01
4.698320110157554463e-01
-9.483414900179407692e-01
-1.000000000000000000e+00
-1.000000000000000000e+00
-1.000000000000000000e+00
-5.861154621053745739e-01
5.568860992874991034e-02
-2.206213306314026568e-01
9.165045460834576607e-01
5.630403891746187384e-01
3.712460021173628055e-01
3.603514414195317372e-01
1.000000000000000000e+00
-5.954140382623418493e-01
1.000000000000000000e+00
-1.000000000000000000e+00
2.866302215011133914e-01
1.000000000000000000e+00
1.000000000000000000e+00
-1.000000000000000000e+00
1.000000000000000000e+00
2.350597245652598088e-01
5.715253161338342824e-01
1.386510989398000993e-01
-4.212990648235408475e-01
1.000000000000000000e+00
-3.650318455990110289e-01
1.000000000000000000e+00
2.865995958969936863e-01
-9.503147122750805753e-01
-1.000000000000000000e+00
-1.000000000000000000e+00
-1.000000000000000000e+00
-1.469027672810691021e-01
-8.899759407293765801e-01
-1.000000000000000000e+00
-9.301651511670427919e-01
1.000000000000000000e+00
-1.000000000000000000e+00
1.000000000000000000e+00
-1.000000000000000000e+00
-1.000000000000000000e+00
8.107959510406772541e-01
1.000000000000000000e+00
-9.865770867404101141e-01
2.797067774614536706e-01
5.180561443891114060e-01
1.000000000000000000e+00
-1.000000000000000000e+00
2.656235797660556619e-01
1.000000000000000000e+00
-7.421179639273337569e-01
1.000000000000000000e+00
-1.000000000000000000e+00
-3.473264905714790185e-01
-3.923001188185292198e-01
1.000000000000000000e+00
-7.796881608235417538e-02
5.516446804363066558e-01
1.313614812628179362e-01
1.714115939872755678e-01
1.000000000000000000e+00
-7.893475111530936505e-01
-9.471878872184309461e-01
1.000000000000000000e+00
1.000000000000000000e+00
-1.000000000000000000e+00
1.778674283223122821e-01
4.075435991319764639e-04
-6.728689807060063144e-01
1.000000000000000000e+00
-7.465650202129836543e-02
-1.000000000000000000e+00
-2.198511316378988223e-01
8.394052312513263781e-01
-4.467608281913177937e-01
1.000000000000000000e+00
1.000000000000000000e+00
-1.000000000000000000e+00
8.440193435691739632e-02
3.344164993822411613e-01
4.709638518379370420e-01
-2.649413458690462742e-01
1.742455244140783677e-01
-1.000000000000000000e+00
-1.000000000000000000e+00
-6.837489081125402990e-01
-1.000000000000000000e+00
5.655980105209512665e-01
-1.000000000000000000e+00
2.203905412898438665e-01
-8.754955221436154789e-01
-1.511218396189021596e-01
-8.548147538314615490e-01
3.647739956408482254e-01
-5.453441929118429954e-02
-6.283125386009963398e-01
1.000000000000000000e+00
-1.000000000000000000e+00
-6.602416208422897670e-01
3.204242716996691387e-01
1.000000000000000000e+00
1.000000000000000000e+00
5.070864367138452344e-01
-8.146315157612986635e-01
-5.970759770028543079e-01
-1.000000000000000000e+00
1.804472079266932205e-01
1.000000000000000000e+00
3.625985025964640895e-01
-8.280554920244442840e-01
-5.028061489709674259e-01
8.847293555648648722e-01
5.553898794147977824e-01
3.883731892297991872e-01
1.000000000000000000e+00
-1.000000000000000000e+00
1.000000000000000000e+00
-3.653117620662203469e-01
-8.620784764146843804e-01
1.000000000000000000e+00
1.000000000000000000e+00
8.692567005076010656e-01
-4.102531000008559081e-01
1.503624829606685087e-01
4.596724476309549390e-01
-7.534431409988354700e-01
1.000000000000000000e+00
1.000000000000000000e+00
9.071694751442281879e-01
8.976309893204883483e-01
-5.068191669918661324e-01
1.000000000000000000e+00
1.000000000000000000e+00
-1.585384433257679415e-01
-5.068936314654598485e-01
-6.540135367294044322e-01
-2.202729841900808450e-01
1.000000000000000000e+00
-1.000000000000000000e+00
1.902980610964066788e-01
3.861307065949252104e-01
4.025433560003911504e-01
8.809700647716242061e-01
-4.800158782120164114e-01
-2.443188361641341899e-01
2.605262896423699015e-01
-6.551548656197104803e-01
1.204544775495837161e-01
6.978134650221163859e-01
6.319585637988840432e-01
-1.000000000000000000e+00
-1.433283849653990694e-01
-5.009666306552988946e-01
9.880017501402627023e-01
6.424713482791062635e-02
-1.339467933753601958e-01
9.550037950687222388e-01
1.758079191177380762e-01
1.000000000000000000e+00
3.540754544896398404e-01
1.000000000000000000e+00
-1.000000000000000000e+00
1.000000000000000000e+00
1.000000000000000000e+00
1.806559511514279626e-01
5.087451032814416241e-01
-4.579227610827746320e-01
1.000000000000000000e+00
5.292260622716048468e-01
-1.000000000000000000e+00
-1.000000000000000000e+00
2.727955793813529040e-01
3.906014709405970509e-01
-1.000000000000000000e+00
5.858789213236282878e-01
-3.365682876917056587e-01
-1.000000000000000000e+00
-2.749021176974569824e-01
-3.598351933078535181e-01
-1.000000000000000000e+00
-1.000000000000000000e+00
6.224972695873431938e-02
1.000000000000000000e+00
1.000000000000000000e+00
-1.522519274412938994e-01
-1.000000000000000000e+00
1.000000000000000000e+00
-9.425393887782007596e-01
7.906148474420748862e-02
-1.000000000000000000e+00
-7.767802476550509372e-01
1.000000000000000000e+00
8.212356326245027205e-01
-1.362518190297374865e-01
1.000000000000000000e+00
-1.141610372546105756e-01
-2.675262813375984261e-01
1.000000000000000000e+00
1.076129673883023247e-01
1.000000000000000000e+00
-8.071758147525542881e-01
-1.000000000000000000e+00
-1.776378087445608100e-01
1.000000000000000000e+00
-1.000000000000000000e+00
-1.000000000000000000e+00
2.249964367086585426e-01
6.814979791957516131e-01
-1.931631925190915311e-01
1.000000000000000000e+00
7.959741952525509756e-01
-1.000000000000000000e+00
1.000000000000000000e+00
5.704950613218739974e-03
1.000000000000000000e+00
3.602535619954920776e-01
1.000000000000000000e+00
-1.000000000000000000e+00
-1.000000000000000000e+00
-1.000000000000000000e+00
6.724584983544631411e-01
-5.056351013019325658e-01
-1.000000000000000000e+00
-4.165524507958900946e-03
-7.536171809363276797e-01
4.846057198883981787e-01
7.683225247795233415e-02
-9.700681608853245486e-02
-6.040952802177883552e-01
1.000000000000000000e+00
-4.002151368130965059e-01
-1.000000000000000000e+00
1.000000000000000000e+00
-3.070890301197884975e-01
5.187162202077475470e-01
1.000000000000000000e+00
1.152137782974939073e-01
-1.000000000000000000e+00
4.883975193825430550e-01
7.122951887363807577e-01
5.878314602509068232e-01
8.785312261824179680e-01
6.870195663063547453e-01
1.000000000000000000e+00
9.621982574664971199e-01
6.721443615555378059e-03
1.000000000000000000e+00
-3.058525552835666961e-01
1.000000000000000000e+00
-1.000000000000000000e+00
-1.000000000000000000e+00
-1.000000000000000000e+00
-7.884202302431657650e-01
3.293622274245511239e-01
8.801098798984210436e-01
1.000000000000000000e+00
-1.371373386074513090e-01
1.000000000000000000e+00
-1.000000000000000000e+00
-2.184857864338238809e-01
-4.417973155796819928e-01
-1.000000000000000000e+00
4.180384684162252729e-02
-1.000000000000000000e+00
-7.439353576927477674e-01
1.000000000000000000e+00
4.840620649586571123e-01
1.000000000000000000e+00
-8.272463852787013128e-01
3.604944224708352962e-01
1.000000000000000000e+00
-3.228382822644095262e-01
9.196199509795376370e-01
9.296114614465610382e-01
-1.000000000000000000e+00
-2.583600726151016325e-01
-1.000000000000000000e+00
1.000000000000000000e+00
1.322993106102312577e-01
1.000000000000000000e+00
-5.134867574775255905e-01
-8.267539975690247900e-01
-3.979955540253607982e-01
6.444746039905879798e-02
6.569173464964572773e-01
1.000000000000000000e+00
-1.000000000000000000e+00
-9.679826455166408161e-01
1.000000000000000000e+00
-1.000000000000000000e+00
6.793951378888587467e-01
1.000000000000000000e+00
-1.527216275455201000e-01
-9.415223371658973939e-01
-1.000000000000000000e+00
-4.615971672378136326e-01
-1.000000000000000000e+00
-5.187105113580809945e-01
-1.534707593767326017e-02
-1.000000000000000000e+00
1.000000000000000000e+00
-1.000000000000000000e+00
-1.000000000000000000e+00
-1.000000000000000000e+00
-9.324669007408348254e-02
1.000000000000000000e+00
5.134184730058970469e-01
-1.000000000000000000e+00
-8.156403770689983901e-01
1.000000000000000000e+00
1.000000000000000000e+00
-1.000000000000000000e+00
1.000000000000000000e+00
-2.798727464921866304e-01
-1.000000000000000000e+00
-1.000000000000000000e+00
-1.000000000000000000e+00
7.413735346406328253e-01
1.000000000000000000e+00
-1.000000000000000000e+00
-1.000000000000000000e+00
1.000000000000000000e+00
8.913668012976017074e-02
1.747163736920883670e-01
4.239269541247642215e-01
4.350535508523756256e-02
1.000000000000000000e+00
7.786792305135801229e-01
1.000000000000000000e+00
1.000000000000000000e+00
9.262820716896784656e-01
-1.000000000000000000e+00
4.233680733838131038e-01
1.000000000000000000e+00
-1.085155047371153536e-01
3.420032117203731792e-01
-1.000000000000000000e+00
-1.000000000000000000e+00
1.000000000000000000e+00
1.000000000000000000e+00
8.911279903089031063e-01
-4.949862151609187855e-01
-1.000000000000000000e+00
1.000000000000000000e+00
-1.000000000000000000e+00
-1.000000000000000000e+00
-1.000000000000000000e+00
1.000000000000000000e+00
-6.719251964411692146e-01
-1.000000000000000000e+00
5.568870017960739771e-01
8.760563272814935187e-01
-1.000000000000000000e+00
-1.000000000000000000e+00
1.674640351288019247e-01
-1.000000000000000000e+00
3.196299403298117348e-01
4.999222975277698988e-01
-1.000000000000000000e+00
9.879913522127047321e-01
-1.000000000000000000e+00
-7.931680001351126830e-01
-1.495616352587312292e-01
9.292445880963317029e-01
-1.000000000000000000e+00
-1.000000000000000000e+00
1.000000000000000000e+00
1.000000000000000000e+00
-1.000000000000000000e+00
-6.005403899072088159e-01
1.000000000000000000e+00
-5.335493641525975717e-01
-5.807435933005720141e-01
-3.650340084559999809e-03
-1.000000000000000000e+00
-6.240352800065718242e-02
1.000000000000000000e+00
1.000000000000000000e+00
-5.518010897878344867e-01
-1.000000000000000000e+00
-1.000000000000000000e+00
-1.000000000000000000e+00
4.575487961807216397e-01
1.000000000000000000e+00
-1.000000000000000000e+00
-1.000000000000000000e+00
1.000000000000000000e+00
-8.065688765918004322e-01
-1.230319512167407092e-01
1.000000000000000000e+00
1.000000000000000000e+00
-1.000000000000000000e+00
-2.587579457371985692e-01
2.288665448627720256e-01
8.538326516246028675e-01
-1.000000000000000000e+00
1.000000000000000000e+00
-2.170592098419661664e-01
-1.000000000000000000e+00
-5.613482660109985201e-01
-9.602660341874946770e-02
-9.500862621008685505e-01
-6.774597015925745147e-01
1.000000000000000000e+00
1.000000000000000000e+00
-2.731532294620446777e-01
1.000000000000000000e+00
-1.000000000000000000e+00
9.733534243683829024e-01
-2.841313752437790718e-01
-5.526724548603629827e-01
3.622450666073930292e-01
1.000000000000000000e+00
-1.000000000000000000e+00
-7.856025981879963815e-01
3.050598329297793398e-02
-6.692204076767827026e-02
1.700340373597442056e-01
-1.583567283802904679e-01
2.808588550489691249e-01
1.000000000000000000e+00
-2.481006113507411293e-02
-1.000000000000000000e+00
-1.000000000000000000e+00
-1.000000000000000000e+00
1.000000000000000000e+00
4.764153169578605462e-01
-1.000000000000000000e+00
1.000000000000000000e+00
9.068918706923033701e-01
-1.000000000000000000e+00
-1.000000000000000000e+00
-9.916787894861069930e-01
3.077096212909447015e-01
6.266133196466006083e-02
-1.000000000000000000e+00
-1.000000000000000000e+00
-1.000000000000000000e+00
-1.000000000000000000e+00
-1.000000000000000000e+00
-1.000000000000000000e+00
-1.000000000000000000e+00
7.224085710894359025e-01
-5.754968311777814982e-01
1.000000000000000000e+00
3.280988493978362897e-01
-1.000000000000000000e+00
-6.627039903529508003e-02
-1.000000000000000000e+00
-3.498407670235861855e-01
-8.409663079010494258e-01
-2.887323531924477216e-01
-1.224946739177004140e-01
6.774719519630991726e-01
1.000000000000000000e+00
-1.000000000000000000e+00
1.000000000000000000e+00
-1.675572906217088764e-01
9.657029891122015375e-01
3.541032803372816673e-01
-8.654869763384120951e-02
-6.622137427852923253e-01
5.495269639529510863e-01
1.000000000000000000e+00
-1.000000000000000000e+00
-5.797189777508022779e-01
-5.011530301013612521e-01
1.000000000000000000e+00
3.985028559314348628e-01
1.000000000000000000e+00
-1.000000000000000000e+00
1.000000000000000000e+00
-1.000000000000000000e+00
-1.000000000000000000e+00
9.574899885413179490e-01
-1.000000000000000000e+00
-3.789193281087362974e-01
2.659250709653760425e-01
-1.000000000000000000e+00
3.059744597439482128e-01
5.411252695773440813e-01
-6.835110091315431680e-01
-1.000000000000000000e+00
-3.018165678906145621e-01
-5.520859692240043248e-01
-2.063798345432988901e-01
-1.000000000000000000e+00
-1.000000000000000000e+00
-5.372281571139774226e-01
-9.016602552602434595e-03
4.509702824593042614e-02
1.000000000000000000e+00
-2.751432183971466161e-01
6.452572924037013324e-01
-1.000000000000000000e+00
1.000000000000000000e+00
-1.000000000000000000e+00
-1.000000000000000000e+00
-6.534895637959516890e-01
-1.000000000000000000e+00
-1.000000000000000000e+00
1.000000000000000000e+00
-1.000000000000000000e+00
8.422940439243797872e-02
-3.468866112819625203e-01
1.000000000000000000e+00
-1.000000000000000000e+00
-6.969077924073718844e-01
8.017320243943182323e-01
3.467404246344404362e-01
1.000000000000000000e+00
4.234663862883935037e-01
-7.112744824013360612e-01
-7.287396594869692823e-01
-7.660349034259859025e-01
1.000000000000000000e+00
1.000000000000000000e+00
-1.000000000000000000e+00
1.162995172401849464e-01
-1.000000000000000000e+00
-5.147727719825485604e-01
7.074705042093617502e-01
-3.972426903403821763e-01
7.023407868513871222e-01
-1.000000000000000000e+00
7.883367867583250810e-01
-6.090043207821975724e-01
1.000000000000000000e+00
1.000000000000000000e+00
-8.560817597083758557e-02
1.000000000000000000e+00
-1.000000000000000000e+00
1.000000000000000000e+00
-1.000000000000000000e+00
-4.749825588801607212e-01
2.347516614691099734e-01
9.637787070956922442e-01
-6.756089827446321028e-01
1.000000000000000000e+00
2.783030315575323321e-01
-7.963394940134094213e-01
1.348975576223896411e-01
1.000000000000000000e+00
1.000000000000000000e+00
-1.000000000000000000e+00
-8.562034575653967305e-01
-1.000000000000000000e+00
1.000000000000000000e+00
-1.875462075115795768e-01
1.000000000000000000e+00
1.000000000000000000e+00
-1.000000000000000000e+00
-7.193289244094482893e-01
-1.000000000000000000e+00
1.627185781403690523e-01
5.920923637305280929e-02
4.104989471031492698e-01
-1.000000000000000000e+00
-1.000000000000000000e+00
-2.244720078564943211e-01
-1.000000000000000000e+00
-1.000000000000000000e+00
-1.909669792243553210e-01
1.069998089818595122e-01
-7.820490420429824230e-01
6.151900804759742325e-01
2.156758744662397032e-01
1.112559327896189831e-01
-4.330407933718154467e-01
2.836943469358272352e-01
1.000000000000000000e+00
-1.826624171818391762e-02
1.000000000000000000e+00
1.953400243512409817e-01
-8.352403033258504195e-02
-1.999651332089367184e-01
1.000000000000000000e+00
1.000000000000000000e+00
9.274188072551488027e-01
1.000000000000000000e+00
-9.960355220120713504e-01
4.705782715603822330e-01
-6.073736866534114043e-01
-8.840966253418893750e-01
-3.285263605663071851e-01
1.000000000000000000e+00
4.628566866074823594e-01
1.000000000000000000e+00
2.223441113984148121e-02
-1.000000000000000000e+00
8.106481984571589638e-01
6.669324277268231516e-01
1.121912539158880229e-01
-1.000000000000000000e+00
-1.000000000000000000e+00
1.000000000000000000e+00
1.000000000000000000e+00
-8.277234092791752040e-02
-3.065670510431803830e-01
6.207150946970509953e-01
1.000000000000000000e+00
-1.000000000000000000e+00
5.997799596925514898e-01
-9.972193157174991107e-02
3.407283680914666157e-02
2.715909240311534800e-01
4.869552565163002278e-01
1.000000000000000000e+00
1.749979462881228187e-01
-1.209704433108305666e-01
5.620799547224532011e-01
1.647856438432895310e-01
6.726472393077183032e-01
-1.000000000000000000e+00
-1.000000000000000000e+00
-1.618371195170655863e-01
-3.586587430056650261e-01
5.037490465628886582e-01
8.122624343728068741e-01
1.000000000000000000e+00
-1.000000000000000000e+00
-2.070609862420464131e-01
-1.000000000000000000e+00
-1.000000000000000000e+00
1.000000000000000000e+00
5.127600437063087879e-01
-1.534637394290076506e-01
2.379646185052992635e-01
-1.000000000000000000e+00
-1.000000000000000000e+00
-4.938621141596570840e-01
1.000000000000000000e+00
2.133689669580534076e-01
1.000000000000000000e+00
1.000000000000000000e+00
-6.069416659324651242e-01
-8.820841571285038540e-01
-8.242699142953811009e-01
8.167831528775966188e-01
1.000000000000000000e+00
-5.014632922020280104e-01
-1.000000000000000000e+00
-1.000000000000000000e+00
1.000000000000000000e+00
-1.000000000000000000e+00
-1.000000000000000000e+00
-6.034313818504178917e-01
-8.846334522203245232e-01
-4.974347740943749763e-01
-4.405749311837098281e-01
-1.000000000000000000e+00
1.393294985935771280e-01
-1.000000000000000000e+00
1.000000000000000000e+00
3.100709915391093308e-01
-1.000000000000000000e+00
-1.000000000000000000e+00
-8.683116920642077741e-01
3.353802419802733858e-01
5.553531441233477972e-01
-1.000000000000000000e+00
-3.757014590676615029e-01
-4.233356926946911791e-01
-4.747567956104623010e-01
1.000000000000000000e+00
1.000000000000000000e+00
1.000000000000000000e+00
-1.000000000000000000e+00
-1.000000000000000000e+00
-1.000000000000000000e+00
8.289487827434501854e-01
-9.686911450730880668e-01
-7.508985493494043650e-01
-9.167837014777099891e-02
2.833574197786318249e-01
9.729727475622555743e-02
5.530952064175063132e-01
-1.000000000000000000e+00
-1.000000000000000000e+00
-8.683699447360757606e-01
-1.121036326816811091e-01
4.417458838727352788e-01
1.000000000000000000e+00
-1.000000000000000000e+00
-9.516967543473334734e-01
3.064679869275737101e-01
2.012883534427643006e-01
-8.392724805138407351e-01
-6.987283184416696047e-01
9.978255843975288863e-01
9.306978529573998182e-01
1.000000000000000000e+00
4.782199995298863637e-02
-4.878313239592763084e-01
2.556831476337920739e-01
1.000000000000000000e+00
-5.464839563879815287e-01
1.000000000000000000e+00
1.000000000000000000e+00
1.000000000000000000e+00
-1.000000000000000000e+00
1.000000000000000000e+00
-1.000000000000000000e+00
-6.300568295636714833e-01
4.118650999271857849e-01
4.766687279688667234e-01
-1.000000000000000000e+00
1.000000000000000000e+00
1.000000000000000000e+00
-8.392652557056864415e-01
4.666628930624079352e-01
-3.788227736137105839e-01
1.972953543291942058e-01
-1.000000000000000000e+00
1.000000000000000000e+00
1.000000000000000000e+00
-1.000000000000000000e+00
2.347755912846400950e-01
-9.837859176087039303e-01
-8.640325526079219998e-01
1.000000000000000000e+00
2.230738691336642265e-01
4.575269500928093036e-01
-1.000000000000000000e+00
-9.402815284453872047e-02
2.349048530099051568e-01
-1.000000000000000000e+00
3.452636865717526593e-01
-6.564984339213684184e-01
5.019702568811396093e-02
-1.000000000000000000e+00
-1.000000000000000000e+00
-4.930117558414155443e-01
4.717769786029843981e-01
1.324254478672724500e-01
5.536315640260647264e-02
1.000000000000000000e+00
2.653589695553248973e-01
-1.000000000000000000e+00
9.210523895606101963e-01
-4.588314114588427084e-01
2.165338509910538223e-01
8.423062916677138690e-01
-1.000000000000000000e+00
-1.000000000000000000e+00
1.000000000000000000e+00
3.299128026949585957e-01
-1.000000000000000000e+00
4.776276037719827672e-01
6.368162014684841665e-01
3.677279278473614688e-01
1.000000000000000000e+00
-1.000000000000000000e+00
-1.000000000000000000e+00
2.426358662476124639e-02
-4.174992859699274694e-01
-5.600357842519518847e-01
4.490558650531257801e-01
5.689204514219898812e-01
-1.000000000000000000e+00
-8.513024079182321957e-01
3.041431119636205382e-01
-1.898285037135227782e-02
-1.000000000000000000e+00
6.470048381022275308e-01
-2.207338739174907749e-01
-1.000000000000000000e+00
-1.000000000000000000e+00
1.000000000000000000e+00
3.713112071433101180e-01
-1.000000000000000000e+00
-3.216630438361725020e-01
1.000000000000000000e+00
-1.000000000000000000e+00
3.997687209706108358e-01
-4.041252377579021005e-01
-1.980659566680967876e-01
-6.742062219142958002e-01
8.987088538691802020e-01
2.442210784541394286e-01
3.247011293018219891e-01
3.646933119606321494e-02
1.000000000000000000e+00
-6.099670529290627252e-01
-4.565592949952085311e-01
-7.163309146166061403e-01
-2.848716381662859121e-01
9.521565716294522197e-01
6.187478310947231996e-01
4.017679781556836582e-01
-1.000000000000000000e+00
-1.000000000000000000e+00
1.000000000000000000e+00
-7.001087877621089417e-01
-1.000000000000000000e+00
-1.000000000000000000e+00
1.000000000000000000e+00
-2.039631959095803415e-01
-2.712539451529272228e-02
-1.000000000000000000e+00
1.000000000000000000e+00
6.390786379593138555e-01
1.000000000000000000e+00
8.201106670077976668e-01
6.019339299449401048e-01
8.854388270871482725e-03
-1.000000000000000000e+00
-1.584968602207488253e-01
1.000000000000000000e+00
-1.000000000000000000e+00
9.044956968891133542e-01
5.847330840391493645e-01
-2.505948939164215350e-02
-1.239491400412826017e-01
-3.826335195696770608e-01
-1.705309371489287518e-01
9.247990588759592567e-01
8.786145735025776560e-01
1.741590819138661150e-01
-3.267489225459042634e-01
1.000000000000000000e+00
1.000000000000000000e+00
-8.383865738467769502e-01
6.630922683100761716e-01
-1.000000000000000000e+00
3.472020975373923402e-01
-1.000000000000000000e+00
1.000000000000000000e+00
-6.796580382980901280e-01
1.000000000000000000e+00
-4.061407786982470514e-01
-9.312783530251078634e-02
-1.000000000000000000e+00
8.137437776473899209e-01
5.644663336203387116e-01
3.114767206174767211e-01
-7.239866766408602494e-01
-1.000000000000000000e+00
3.369033965316892698e-01
-1.000000000000000000e+00
1.969809879441636324e-01
1.000000000000000000e+00
5.583330372057416779e-01
-1.000000000000000000e+00
4.073980124004207837e-01
-1.000000000000000000e+00
-1.000000000000000000e+00
1.849898491598359063e-01
8.412073508691322310e-01
1.359256366741221633e-01
1.000000000000000000e+00
3.679450363866021978e-01
6.430293570165795947e-01
-1.000000000000000000e+00
-3.064885453670549431e-01
-3.267245622218939438e-02
-9.664695673447257773e-01
-1.000000000000000000e+00
3.022211626582056998e-01
-1.827460895101080951e-01
-9.015195928347279342e-01
1.000000000000000000e+00
1.000000000000000000e+00
-3.986087530011341862e-01
-1.000000000000000000e+00
1.000000000000000000e+00
-1.000000000000000000e+00
8.178972309023808951e-02
-9.590946771096533485e-01
-1.000000000000000000e+00
-3.496607884317870507e-01
-1.000000000000000000e+00
5.932738851479100184e-01
-3.587773207056624836e-01
-3.385912820815417668e-01
-1.000000000000000000e+00
1.000000000000000000e+00
-7.501557356118564446e-01
1.000000000000000000e+00
-7.129201731273823173e-01
1.000000000000000000e+00
-1.000000000000000000e+00
-9.189473997505006597e-01
-1.000000000000000000e+00
7.195666933865635384e-01
-1.000000000000000000e+00
1.000000000000000000e+00
1.000000000000000000e+00
-3.752060226268569831e-01
-1.000000000000000000e+00
1.000000000000000000e+00
-5.468247421793748231e-01
-1.000000000000000000e+00
-1.000000000000000000e+00
8.202393468939968013e-01
-8.886043518575111877e-01
-1.173253443374685512e-01
1.000000000000000000e+00
-8.733423630250122249e-01
-1.000000000000000000e+00
1.000000000000000000e+00
4.656568123997835151e-01
1.000000000000000000e+00
9.864607978434976054e-01
-1.000000000000000000e+00
-8.433045928898361132e-02
1.000000000000000000e+00
-2.866353913929136077e-01
1.000000000000000000e+00
1.040115683039236627e-01
-7.150911631653686928e-01
3.406523892711468826e-02
-1.000000000000000000e+00
1.394307285654567963e-01
5.322630793838396546e-01
4.418712957921289153e-02
1.000000000000000000e+00
1.000000000000000000e+00
-5.041806237116472911e-01
1.000000000000000000e+00
-1.829248652950206111e-01
4.259116480825760886e-01
-5.684402577330356365e-01
1.000000000000000000e+00
-1.827302263969122764e-01
2.071878870712555720e-01
-3.863361874502357907e-02
1.000000000000000000e+00
1.758650518842888033e-01
4.036037950754338688e-01
1.000000000000000000e+00
9.943752383470748635e-01
4.940296445597224806e-01
-1.000000000000000000e+00
-9.602720588874408270e-01
7.229708171815363293e-02
2.086927552374052142e-01
2.963720312963310510e-01
-1.000000000000000000e+00
-1.000000000000000000e+00
-1.000000000000000000e+00
8.277396135302613756e-01
-1.000000000000000000e+00
-1.000000000000000000e+00
4.566699805874682161e-01
-6.424635382992749388e-02
-1.000000000000000000e+00
-1.000000000000000000e+00
-3.745831510779262796e-01
6.046645735624833762e-01
-1.000000000000000000e+00
1.000000000000000000e+00
4.233876180837553571e-01
-3.118617444142168793e-01
9.136564701890478313e-01
1.724445573878865545e-01
5.241251807122871975e-01
-8.911653070052418801e-01
1.000000000000000000e+00
-6.014905687805538470e-01
1.000000000000000000e+00
-5.084946155105574128e-02
1.000000000000000000e+00
-3.006056165127504176e-01
1.000000000000000000e+00
-3.889497515286185481e-01
7.244127383193486036e-01
-1.000000000000000000e+00
1.000000000000000000e+00
5.817689082207793128e-01
5.595877804225597441e-01
1.000000000000000000e+00
3.240070267333139409e-02
2.178776404372443354e-01
-8.021123626461792444e-01
-1.000000000000000000e+00
-1.000000000000000000e+00
1.000000000000000000e+00
8.600753832997620751e-01
-1.000000000000000000e+00
9.234874912715351769e-02
-3.687779370604453710e-01
-2.346183808479302690e-01
-1.000000000000000000e+00
-5.891107156139407941e-01
3.827896170868316794e-01
-7.880274638145038368e-01
7.242052464396286915e-02
4.856893988590892386e-01
1.000000000000000000e+00
-1.000000000000000000e+00
-3.736987074700608980e-01
5.842452849863717657e-02
-1.000000000000000000e+00
-1.000000000000000000e+00
2.283034265727124090e-02
-1.000000000000000000e+00
-1.000000000000000000e+00
3.655504619726287485e-01
1.000000000000000000e+00
6.007294643518545918e-01
7.790926501682601257e-01
-6.161344224376688050e-01
7.098933191060722292e-01
1.000000000000000000e+00
1.000000000000000000e+00
-7.703306704719379283e-01
6.166319200587684346e-01
2.252146103441765579e-03
7.050287466501351519e-01
-5.462954212026056577e-01
1.640170827318020441e-01
7.413328505928709067e-01
9.058198884948831520e-01
5.156235840346405919e-01
-2.354888341562780263e-01
1.000000000000000000e+00
-1.000000000000000000e+00
1.000000000000000000e+00
3.144410284534621680e-01
-1.536173017992165102e-01
-7.755748036990781635e-01
-1.000000000000000000e+00
-2.859770506929116274e-01
1.000000000000000000e+00
-1.000000000000000000e+00
2.307209911981640271e-01
1.000000000000000000e+00
-7.805477767337671846e-01
3.820572933504684521e-03
1.000000000000000000e+00
-1.000000000000000000e+00
-1.000000000000000000e+00
1.947781543280810990e-01
-8.423692816131870265e-01
-1.000000000000000000e+00
6.230506007640610466e-01
1.000000000000000000e+00
4.598008899522532111e-01
4.445644956383020263e-01
1.000000000000000000e+00
-1.000000000000000000e+00
4.713459186578828342e-01
9.248415349495886506e-02
-3.700314336919769964e-01
1.000000000000000000e+00
1.000000000000000000e+00
-1.000000000000000000e+00
-9.594484354535021131e-02
-1.195557878475568270e-01
1.000000000000000000e+00
-1.644496408392193132e-02
-1.000000000000000000e+00
-1.000000000000000000e+00
4.293300416951969511e-01
-1.000000000000000000e+00
6.664145305421453891e-01
1.000000000000000000e+00
-1.318449767445746268e-01
1.000000000000000000e+00
-1.344840904289547057e-01
8.081756547915341926e-01
5.342987808627555069e-01
9.616088984651265381e-01
9.582785199857607461e-01
-1.000000000000000000e+00
-8.126081327603272841e-01
3.408151614294726572e-01
-5.267034168679549655e-01
1.000000000000000000e+00
-3.467247375851691960e-01
-1.000000000000000000e+00
1.000000000000000000e+00
-1.000000000000000000e+00
-1.000000000000000000e+00
-1.000000000000000000e+00
-1.000000000000000000e+00
-3.615051491912990578e-01
4.416098449779508606e-01
-1.000000000000000000e+00
-9.041035001569859286e-01
5.924734176018202625e-01
-1.000000000000000000e+00
6.699196758461399837e-01
6.113609846184285823e-01
1.000000000000000000e+00
-1.000000000000000000e+00
1.000000000000000000e+00
1.014914640241501020e-01
3.533830712925545292e-01
1.000000000000000000e+00
7.503541329119134407e-02
-3.431415127884821503e-01
4.027085012469580061e-01
-1.000000000000000000e+00
-7.338223460080548488e-01
-1.000000000000000000e+00
7.728580811737454370e-01
-2.692928624071251331e-01
1.000000000000000000e+00
-1.000000000000000000e+00
-1.000000000000000000e+00
1.000000000000000000e+00
1.000000000000000000e+00
-2.441206402913471685e-01
-1.000000000000000000e+00
-1.000000000000000000e+00
5.680205445970867295e-01
9.135835384171933082e-01
1.000000000000000000e+00
1.000000000000000000e+00
-1.000000000000000000e+00
-7.581484742258415288e-02
2.734020025824023259e-01
1.000000000000000000e+00
-1.000000000000000000e+00
6.718545851601698260e-03
-1.000000000000000000e+00
3.768942955834714281e-02
4.002162945013054696e-01
2.830977425706989736e-01
-2.487533713772157595e-01
2.399411179432294206e-01
8.362085269389778475e-01
1.000000000000000000e+00
-1.000000000000000000e+00
7.067461807036021781e-01
2.362227482768754494e-01
-1.000000000000000000e+00
-6.657891396238222459e-01
-2.748454474480934717e-01
9.580196032563659259e-02
-1.000000000000000000e+00
1.000000000000000000e+00
-1.000000000000000000e+00
-8.734067038615300760e-01
1.000000000000000000e+00
-8.392217469859709622e-01
8.621434301909416398e-01
-1.000000000000000000e+00
-1.000000000000000000e+00
-1.000000000000000000e+00
7.092609231414869209e-01
-1.000000000000000000e+00
4.762166149930632253e-01
7.844758323212903672e-01
-1.000000000000000000e+00
-1.000000000000000000e+00
-3.329344415612440766e-01
-9.351750090770452051e-01
-1.000000000000000000e+00
1.000000000000000000e+00
5.440302839873916163e-01
-1.000000000000000000e+00
-1.000000000000000000e+00
-1.000000000000000000e+00
-2.071741250612739726e-01
-5.668555122425629200e-01
9.369166763300349476e-01
6.845718836424889986e-01
-4.180217440985825039e-01
7.341143840230945905e-02
3.708211145407077636e-01
-1.304553002637172110e-01
-4.890349022882192198e-01
-1.000000000000000000e+00
-1.000000000000000000e+00
-1.000000000000000000e+00
1.000000000000000000e+00
6.036702435775644915e-01
6.099450708600084869e-01
-1.721944952686715324e-01
-1.000000000000000000e+00
-8.329972339324265285e-02
-8.137003878592117267e-01
-7.336080397765698535e-02
-1.000000000000000000e+00
6.474412957692112780e-01
5.517109192471196799e-01
-1.000000000000000000e+00
-1.000000000000000000e+00
3.295237060338995772e-01
-1.000000000000000000e+00
2.452822338443688688e-01
-1.000000000000000000e+00
-1.000000000000000000e+00
-1.000000000000000000e+00
1.284456238128054983e-01
8.935867746858647820e-01
-1.000000000000000000e+00
-1.000000000000000000e+00
2.017137377114791574e-01
1.000000000000000000e+00
-2.999005650771229270e-01
-2.668036575737772753e-01
6.358804985139387966e-01
1.000000000000000000e+00
-1.000000000000000000e+00
-1.000000000000000000e+00
-1.000000000000000000e+00
1.000000000000000000e+00
-1.000000000000000000e+00
-5.147399084565189575e-01
-8.243514761961621140e-01
1.000000000000000000e+00
2.502335277113733047e-01
4.889124310359458381e-01
-7.628004382689994589e-01
-1.000000000000000000e+00
1.000000000000000000e+00
1.000000000000000000e+00
-3.678023378562903511e-01
1.000000000000000000e+00
-8.669331113045619652e-01
-1.000000000000000000e+00
6.198172765157285991e-01
-5.973459327498198412e-01
1.780862452072915492e-01
-1.000000000000000000e+00
6.221014876384588499e-01
-8.913757586156318968e-01
2.070548881040401579e-01
1.000000000000000000e+00
-2.187670585141214818e-01
-1.000000000000000000e+00
3.335622169760154021e-01
-1.853262284317898079e-01
1.000000000000000000e+00
1.000000000000000000e+00
-4.527514707515543080e-01
-1.000000000000000000e+00
-1.000000000000000000e+00
-2.720779613932625129e-01
1.000000000000000000e+00
-2.077342524815891656e-01
1.000000000000000000e+00
1.000000000000000000e+00
9.196358904635192344e-01
-3.693382619468935091e-01
1.000000000000000000e+00
3.366499630367291163e-01
-1.000000000000000000e+00
6.623205696819383093e-01
1.000000000000000000e+00
6.689730082416160961e-01
3.963804559034798114e-01
1.000000000000000000e+00
-1.243990775188070497e-01
-9.172334717859897957e-02
-1.000000000000000000e+00
1.778209545159388227e-01
-1.000000000000000000e+00
1.000000000000000000e+00
1.380787176642723213e-01
-2.512568886309224370e-01
7.676585345211728306e-01
3.302981138012904827e-01
1.000000000000000000e+00
-1.000000000000000000e+00
-3.239705471512701607e-01
-1.000000000000000000e+00
4.544517671699948025e-01
1.000000000000000000e+00
-5.452084151656220179e-01
-8.500561514827665865e-01
1.397552418525124240e-01
-1.000000000000000000e+00
-1.907065160121036995e-01
3.035245172388634227e-01
2.345209062114201881e-01
-1.000000000000000000e+00
-2.871405719483562380e-01
-2.455891698693613012e-01
7.253128001297470817e-02
1.000000000000000000e+00
5.804861170463346820e-01
-1.000000000000000000e+00
-5.938150712891034910e-01
-1.000000000000000000e+00
4.977893575466036946e-01
1.000000000000000000e+00
-1.000000000000000000e+00
1.000000000000000000e+00
-1.000000000000000000e+00
6.928180101174622463e-01
-3.058156584000131240e-01
-3.915495316764410205e-01
-4.837135163350627654e-01
3.854047683910176714e-01
-1.000000000000000000e+00
-1.000000000000000000e+00
-9.642055703342353734e-01
-1.000000000000000000e+00
7.637062488127521753e-02
2.247934237449101813e-01
-5.758323281793851223e-01
1.000000000000000000e+00
-2.279291076673014005e-01
-8.271411999394590042e-01
-1.000000000000000000e+00
-5.971596517041672936e-01
7.057312653609696396e-01
-1.000000000000000000e+00
1.000000000000000000e+00
1.000000000000000000e+00
1.482470250714921223e-01
-3.076251676619312647e-02
9.703922384767456055e-01
3.098876473641986040e-01
4.865540639583383342e-01
5.658980453232401731e-01
-3.633524060396031707e-02
-1.000000000000000000e+00
-6.421929043280720784e-01
-8.960444893963510626e-01
3.875965464513392300e-01
3.235667899202908648e-01
-1.000000000000000000e+00
-1.000000000000000000e+00
4.915101191072480113e-01
-1.000000000000000000e+00
-5.117262767440766691e-01
2.962486346202957144e-01
-1.000000000000000000e+00
-1.000000000000000000e+00
1.000000000000000000e+00
-1.000000000000000000e+00
-1.975941229086028983e-01
1.000000000000000000e+00
3.113148309348810483e-01
-9.189081932531406594e-02
-1.000000000000000000e+00
-1.000000000000000000e+00
-3.643751307900289227e-02
-1.000000000000000000e+00
-1.828093140364456803e-01
-1.000000000000000000e+00
9.107882226631172640e-02
-1.000000000000000000e+00
1.000000000000000000e+00
-3.072189904019040352e-02
1.000000000000000000e+00
-3.733646125777142499e-01
-3.968804192037234113e-02
-1.000000000000000000e+00
-1.000000000000000000e+00
-1.000000000000000000e+00
1.000000000000000000e+00
4.900757049682700206e-01
3.458679154639510145e-02
-5.304202710089972461e-01
9.730971257075242686e-01
1.000000000000000000e+00
1.000000000000000000e+00
-6.927162090852687637e-01
-9.430634832469928508e-01
1.000000000000000000e+00
-2.309071782658796979e-01
1.000000000000000000e+00
-1.000000000000000000e+00
1.000000000000000000e+00
-1.512323792771426145e-01
-1.000000000000000000e+00
-1.000000000000000000e+00
-1.000000000000000000e+00
1.000000000000000000e+00
7.167664571821794617e-01
2.802393463638390703e-01
-1.000000000000000000e+00
1.000000000000000000e+00
1.000000000000000000e+00
-9.629297462354120540e-01
1.000000000000000000e+00
1.000000000000000000e+00
-1.000000000000000000e+00
-4.594519638527300165e-01
-3.112188495769949714e-01
1.000000000000000000e+00
9.186471706652177271e-01
6.388220609310185649e-02
9.582535984237685600e-01
1.000000000000000000e+00
8.268848177525958132e-01
9.511512778597707163e-01
2.547839192903645911e-01
-8.223453135445131235e-01
-6.354990676836183017e-01
-6.363040112471070042e-01
-1.000000000000000000e+00
-4.457351168543510767e-01
7.561725949283475412e-01
-7.816005655605562374e-02
-1.000000000000000000e+00
4.561697662537361198e-01
1.000000000000000000e+00
5.294123896961564490e-01
-3.177456702116919773e-01
1.000000000000000000e+00
1.000000000000000000e+00
-7.409868497917539987e-01
1.000000000000000000e+00
-7.193142286197360402e-01
-1.000000000000000000e+00
-1.000000000000000000e+00
-7.210810604053746742e-01
3.798776057223671732e-01
-1.000000000000000000e+00
-3.943918366620182692e-01
-1.000000000000000000e+00
-1.000000000000000000e+00
-5.997483420633225037e-01
-8.452700642653709906e-01
-1.000000000000000000e+00
-5.917818698795838106e-01
-1.000000000000000000e+00
1.418295608010397557e-01
-1.000000000000000000e+00
3.783410516282208480e-01
6.955066560340125159e-01
-1.000000000000000000e+00
4.189732776546515325e-01
1.000000000000000000e+00
-1.000000000000000000e+00
-6.636361766185938649e-01
8.303747213291161611e-01
-4.465548933599399195e-01
-1.000000000000000000e+00
1.360991332988125135e-01
6.038467450220571520e-01
1.000000000000000000e+00
-1.839526028523275070e-02
-7.875797387432987851e-01
4.736137336239150675e-01
1.000000000000000000e+00
1.000000000000000000e+00
9.282870146660171518e-01
-2.373552065282074075e-01
-1.000000000000000000e+00
-1.000000000000000000e+00
-3.361310517945261811e-01
6.501915485336886569e-01
-3.134745569943198085e-01
-8.948983061280182394e-01
-1.542878795836754025e-01
8.705620545859438231e-01
4.512473350013044282e-01
-1.000000000000000000e+00
6.830674511420463668e-01
-1.000000000000000000e+00
7.891978058633175586e-01
-2.063965192861693110e-01
-1.000000000000000000e+00
-1.771658684374274317e-01
4.072841242784926985e-01
-1.000000000000000000e+00
-9.459478956424094420e-02
1.131255275673488381e-01
1.000000000000000000e+00
5.771833643277017867e-01
-1.000000000000000000e+00
-1.000000000000000000e+00
1.000000000000000000e+00
-8.426086457743265923e-01
1.707373268817091727e-01
5.534491726002146450e-01
-3.930698497725766960e-01
2.781565837885033865e-01
-1.000000000000000000e+00
-8.764944666011769137e-01
-1.000000000000000000e+00
-1.000000000000000000e+00
-1.000000000000000000e+00
-3.988991816780889099e-01
-1.000000000000000000e+00
4.903142371767175711e-01
-1.000000000000000000e+00
-6.492766730585909363e-01
-5.535157067911977702e-02
5.808271016650451424e-01
1.000000000000000000e+00
-5.765765701907427099e-02
1.000000000000000000e+00
1.000000000000000000e+00
-1.000000000000000000e+00
1.000000000000000000e+00
-1.000000000000000000e+00
1.000000000000000000e+00
1.000000000000000000e+00
-3.809134991706314977e-01
1.000000000000000000e+00
-6.683086895851091391e-01
4.876032212764992435e-01
1.000000000000000000e+00
6.351092545329737327e-01
4.653308868484737904e-01
1.021014993176394547e-01
-2.732079227330079796e-01
-1.000000000000000000e+00
-1.000000000000000000e+00
1.000000000000000000e+00
1.000000000000000000e+00
-2.669874234987053008e-01
-4.381793107658941144e-01
1.660675779218780401e-01
1.000000000000000000e+00
-1.814452506196504444e-01
4.302419130769956634e-01
-1.807131526447202652e-01
-1.000000000000000000e+00
-9.266490008628690545e-01
-1.000000000000000000e+00
-1.000000000000000000e+00
9.464167617698465707e-01
1.000000000000000000e+00
1.000000000000000000e+00
-2.586450493859168143e-01
8.117887189066168574e-01
-4.947666497101053107e-01
9.909017612674541065e-01
-6.202569184905695199e-01
-7.055173244913510722e-01
9.717067146521661813e-01
2.754103305787189981e-01
1.000000000000000000e+00
4.839848179699668407e-01
-1.000000000000000000e+00
-1.000000000000000000e+00
-1.000000000000000000e+00
9.148242677707973947e-02
3.191297168803670647e-01
1.000000000000000000e+00
-7.161424063346824020e-01
7.124528213745489058e-01
-1.000000000000000000e+00
-2.015550347149012711e-01
-3.239510061964213650e-01
-1.000000000000000000e+00
9.273226732762683833e-01
-8.002299117074418433e-02
2.704888101176818882e-01
1.000000000000000000e+00
5.096190895860530645e-01
-6.652091103979489439e-01
1.000000000000000000e+00
-6.606013697347343783e-01
3.437280734605137056e-01
3.041294161036716126e-01
1.000000000000000000e+00
7.059821955516265568e-02
1.000000000000000000e+00
-6.941190923800281132e-01
-1.000000000000000000e+00
6.363572653252285161e-01
-1.000000000000000000e+00
1.092016589409223748e-01
8.601850086464905010e-01
-1.000000000000000000e+00
9.802105435843629921e-01
8.078105493709166751e-01
1.000000000000000000e+00
1.179915284079224858e-01
1.000000000000000000e+00
-1.277676202929277638e-01
1.000000000000000000e+00
1.000000000000000000e+00
-7.924251690929091652e-01
-6.039815485990505106e-01
5.653126235618488593e-02
-2.938332696296775959e-01
-8.783125081847290572e-01
-7.018501106770065334e-01
1.000000000000000000e+00
-1.000000000000000000e+00
4.094366516793516153e-01
-3.820067673588689594e-01
-7.301920675967864538e-01
8.024739395605927639e-01
1.000000000000000000e+00
3.236143770358621552e-01
-1.000000000000000000e+00
-1.000000000000000000e+00
3.244261665867214650e-01
-1.000000000000000000e+00
-2.254258948921400441e-01
8.260745696537167282e-01
-2.991565794792849786e-02
-1.000000000000000000e+00
6.613293918050668907e-01
-1.000000000000000000e+00
2.951493505899083214e-02
-6.727198057043715096e-02
-1.000000000000000000e+00
-6.052675392688758871e-01
-1.000000000000000000e+00
1.282498654204354549e-01
-1.000000000000000000e+00
-7.244622857541350713e-01
3.788261237130264858e-01
1.000000000000000000e+00
1.000000000000000000e+00
-1.000000000000000000e+00
8.894896144729814713e-01
-1.000000000000000000e+00
-9.872563472442354993e-01
-4.366890370014619993e-01
9.023385672382725486e-01
-1.028287177772985173e-02
-1.000000000000000000e+00
5.693891125460758262e-01
-4.659666429953712163e-01
-9.969574807851019349e-01
-3.171400028626870649e-01
1.000000000000000000e+00
-9.988573398593247887e-01
4.281772606962174765e-01
7.081259467076208569e-01
-5.645158329350875581e-01
-4.928368429444244248e-01
-1.000000000000000000e+00
-9.443612149192165406e-01
-1.000000000000000000e+00
-1.000000000000000000e+00
-3.192679594521030673e-02
-5.048251881874137315e-01
-1.000000000000000000e+00
1.000000000000000000e+00
-5.735179232847968933e-01
-6.007180558921908498e-01
-1.000000000000000000e+00
-7.667751065450998382e-01
-1.000000000000000000e+00
-1.000000000000000000e+00
-4.668954466009320736e-01
-4.915046460173948528e-01
-8.765352894954729912e-01
-1.000000000000000000e+00
-8.297844955425145441e-01
-1.000000000000000000e+00
-1.446619611093842295e-01
-5.321996237750978853e-01
1.000000000000000000e+00
-1.110759304302413042e-01
-6.715533796795465360e-01
8.294045037191806191e-01
-1.000000000000000000e+00
1.000000000000000000e+00
5.795567446821388025e-01
5.606051966402442188e-02
1.000000000000000000e+00
9.978050889053354799e-01
-1.000000000000000000e+00
1.000000000000000000e+00
-8.661289083290835134e-01
7.056928525315064871e-02
1.000000000000000000e+00
-1.000000000000000000e+00
-2.163328022800621309e-01
1.000000000000000000e+00
-7.723345575192275270e-01
1.000000000000000000e+00
7.224694184118310991e-01
-5.846187068591846003e-02
-1.000000000000000000e+00
-1.938669615158993276e-01
3.170369790751670358e-01
1.000000000000000000e+00
-2.154879281542015912e-02
2.179868840535521546e-01
-1.956655940714089326e-01
-1.000000000000000000e+00
5.200253667968190996e-01
-1.000000000000000000e+00
1.000000000000000000e+00
6.079428647434573785e-01
-1.000000000000000000e+00
-5.554160149688944781e-01
-1.000000000000000000e+00
2.892134582856533687e-01
4.639334944098161273e-02
-2.832763558060776843e-01
8.851333791775097826e-01
-1.000000000000000000e+00
9.473512313099499149e-01
-1.000000000000000000e+00
-8.978348752193792137e-01
5.819174002013174363e-01
2.026309051233095015e-01
4.043976818356768144e-01
-2.488248251831047808e-01
1.000000000000000000e+00
7.194233462713537364e-01
-1.000000000000000000e+00
-1.000000000000000000e+00
1.000000000000000000e+00
-7.357605447597246329e-01
-1.000000000000000000e+00
9.167782857409396691e-01
1.000000000000000000e+00
-8.336765208728946774e-02
7.850032609961088426e-03
6.369829485007330039e-01
9.219972374271023785e-02
-1.000000000000000000e+00
-1.000000000000000000e+00
-7.815895384978691629e-01
4.088147913952914214e-01
4.152231670105588357e-03
-1.000000000000000000e+00
-1.000000000000000000e+00
2.537264101024436780e-01
6.213005690953579130e-01
-6.174696422415271169e-01
2.689706164826675128e-01
6.348075475616160590e-02
-1.000000000000000000e+00
-3.675181744989768351e-01
1.420788512112276525e-01
5.784473581432434397e-01
-2.518569722143880196e-01
-7.038499497261464510e-01
-7.646033599477899401e-01
-1.000000000000000000e+00
1.000000000000000000e+00
-1.000000000000000000e+00
1.266035380975845115e-01
-9.825342839258843775e-02
-1.000000000000000000e+00
3.281726074069074572e-01
2.546730549977447300e-01
-1.000000000000000000e+00
-1.000000000000000000e+00
-2.909264173686549326e-01
1.000000000000000000e+00
3.628158364467248820e-02
-2.618934649742091225e-01
-1.000000000000000000e+00
-1.000000000000000000e+00
2.486773061933574558e-01
6.860551423654863701e-01
-1.000000000000000000e+00
-2.124911838098129113e-01
1.000000000000000000e+00
-3.585783840571511449e-01
-1.159524922655591483e-01
1.000000000000000000e+00
7.500683956812915776e-01
7.319872532338305149e-01
7.708001294832683703e-01
1.128723906660694665e-01
-8.164730606255076184e-01
-1.000000000000000000e+00
1.000000000000000000e+00
5.196798481931003133e-02
3.240245668795248002e-01
2.198685065452283260e-01
-2.980329261928531537e-01
-1.000000000000000000e+00
-2.410830645399878458e-01
1.000000000000000000e+00
-9.967202720437491337e-01
-6.456136988580043479e-01
-1.000000000000000000e+00
9.420297928928300646e-01
2.049366007140963619e-01
1.000000000000000000e+00
1.000000000000000000e+00
3.078302212434185225e-01
-1.000000000000000000e+00
-8.699260335069713967e-01
-6.293993122991394795e-01
1.389120286702312246e-01
7.179604818051004145e-01
-9.704347244647827386e-01
-1.000000000000000000e+00
-6.164977908777707905e-02
1.882513727237973278e-01
-6.318460477771086214e-01
-1.000000000000000000e+00
-1.000000000000000000e+00
6.053638166407928622e-01
6.414859575706168826e-01
5.916292014346425931e-01
-1.000000000000000000e+00
3.116627670685458984e-01
-7.063084118610092332e-01
1.505961214019267969e-01
-1.000000000000000000e+00
1.093053361035670190e-01
4.103940362820621690e-01
-1.000000000000000000e+00
1.000000000000000000e+00
-2.234662618570469883e-01
8.028435348044649089e-02
2.820196494850534252e-01
1.000000000000000000e+00
1.000000000000000000e+00
-9.128221041268471669e-01
-1.000000000000000000e+00
-5.749693058309481852e-01
9.144706591379205829e-01
1.000000000000000000e+00
1.000000000000000000e+00
-1.000000000000000000e+00
1.000000000000000000e+00
-6.390140433767768080e-01
-9.244307980050070483e-02
-1.000000000000000000e+00
-6.464380243341605325e-01
-1.676841733905198861e-02
3.410059095548802488e-01
1.000000000000000000e+00
1.000000000000000000e+00
1.000000000000000000e+00
-1.000000000000000000e+00
1.000000000000000000e+00
-5.752045618411285588e-01
1.000000000000000000e+00
1.000000000000000000e+00
-1.000000000000000000e+00
9.514809934020884707e-02
1.000000000000000000e+00
7.484604876233409421e-01
3.211808942160476743e-02
1.000000000000000000e+00
-1.000000000000000000e+00
-1.000000000000000000e+00
-1.000000000000000000e+00
8.911447087267336808e-01
1.000000000000000000e+00
8.883803979606665902e-01
1.000000000000000000e+00
9.616986054524636618e-01
1.000000000000000000e+00
1.000000000000000000e+00
-9.645905095628819481e-01
-1.850854579366507102e-01
-1.000000000000000000e+00
-1.000000000000000000e+00
-8.274367234357715706e-01
-1.000000000000000000e+00
-1.000000000000000000e+00
-5.228675158285502889e-01
-1.759144229941855819e-02
1.000000000000000000e+00
-1.000000000000000000e+00
1.000000000000000000e+00
-1.000000000000000000e+00
4.601706136483667553e-01
-1.000000000000000000e+00
1.000000000000000000e+00
-8.495014488372820693e-01
6.489269140633849853e-01
7.822408218120423529e-01
1.000000000000000000e+00
-3.088624651776959995e-01
1.000000000000000000e+00
-1.000000000000000000e+00
-1.000000000000000000e+00
-6.945418143044919113e-01
-5.917269190887368691e-01
1.000000000000000000e+00
1.000000000000000000e+00
5.032644507452024296e-01
-1.000000000000000000e+00
-5.412808876527037683e-01
-4.742149426059270034e-01
1.536231538775599814e-01
1.000000000000000000e+00
-9.147792341979803510e-01
-2.134343613483768998e-01
6.137880280112337772e-01
-7.454973457246438784e-01
4.991943225979556531e-01
-4.615638271997044573e-01
-1.000000000000000000e+00
8.740556552337179763e-01
1.000000000000000000e+00
-1.000000000000000000e+00
3.686473610869254180e-01
-7.255064489161238139e-01
1.000000000000000000e+00
1.000000000000000000e+00
-1.000000000000000000e+00
9.813912057773410691e-01
-7.767782150398391261e-01
-6.371015863736989582e-01
1.000000000000000000e+00
-1.000000000000000000e+00
2.520911613245359617e-01
1.000000000000000000e+00
-1.000000000000000000e+00
5.447789856191215252e-01
-5.793657041095234828e-01
-1.000000000000000000e+00
5.955095442019001650e-01
7.718647219777892143e-01
-1.000000000000000000e+00
1.736075533912765367e-01
-5.926434062880076015e-01
9.150879036058168214e-01
-5.900707634248285594e-01
1.000000000000000000e+00
6.173671506114664087e-01
-7.873912167452477018e-01
-7.501137113362468245e-01
-1.000000000000000000e+00
-2.201451419975359869e-01
5.826322100065062237e-01
1.000000000000000000e+00
-7.898502560390341376e-01
7.204297029752828596e-01
1.000000000000000000e+00
-1.000000000000000000e+00
6.784111474544329834e-01
-5.117798465041618616e-01
3.683535710884900394e-01
-1.000000000000000000e+00
-4.116355886533711317e-01
1.000000000000000000e+00
-5.607210792259671450e-01
-1.000000000000000000e+00
-1.000000000000000000e+00
1.000000000000000000e+00
3.552133163653479198e-01
-4.642173211678916056e-01
-1.000000000000000000e+00
-1.000000000000000000e+00
7.613002779633798456e-01
-1.000000000000000000e+00
1.000000000000000000e+00
-3.439597651449970428e-01
-5.313845043474165752e-01
-7.024462241902702520e-01
-3.163186302983489462e-01
-5.689366666255184501e-01
-1.000000000000000000e+00
1.000000000000000000e+00
1.000000000000000000e+00
1.000000000000000000e+00
6.810235746479332830e-01
1.000000000000000000e+00
1.170935224497776511e-01
-2.123962157173560072e-01
8.902164698507916141e-01
-1.000000000000000000e+00
6.617957657771800228e-01
-6.836300933670417246e-01
-1.000000000000000000e+00
1.000000000000000000e+00
1.000000000000000000e+00
-1.000000000000000000e+00
-1.048990212132375199e-01
-5.647894732009506313e-01
-1.000000000000000000e+00
-9.198340519919656622e-01
5.611102965356120631e-01
8.063991672380781406e-01
9.646619624370615931e-01
1.000000000000000000e+00
-4.622930083628460363e-01
1.000000000000000000e+00
6.446131204707901130e-01
5.462269587546566552e-01
1.000000000000000000e+00
-1.000000000000000000e+00
4.248102217539180270e-01
-1.000000000000000000e+00
1.020776634193970300e-01
6.267967451813462043e-01
-2.960851338426652712e-01
-1.000000000000000000e+00
1.000000000000000000e+00
1.819867284093412696e-01
-1.991741422293762387e-01
-1.000000000000000000e+00
3.633431946530747414e-01
-2.518043366203018829e-01
5.907380753953673791e-01
4.709408111050207291e-01
-1.000000000000000000e+00
4.781601915561679572e-01
1.000000000000000000e+00
-1.000000000000000000e+00
-9.744946033333289348e-01
-8.989508887082990896e-01
-1.000000000000000000e+00
-1.000000000000000000e+00
-9.185050985029241666e-01
-2.747971897475086633e-01
4.572653267818649891e-01
-1.000000000000000000e+00
1.000000000000000000e+00
-2.496018621046096619e-01
1.000000000000000000e+00
-1.000000000000000000e+00
1.000000000000000000e+00
1.000000000000000000e+00
-1.000000000000000000e+00
8.143719187169504714e-01
-1.000000000000000000e+00
-5.089224696726860619e-01
1.000000000000000000e+00
-7.320675076098464018e-01
-1.000000000000000000e+00
-1.000000000000000000e+00
1.000000000000000000e+00
-4.296159363828855327e-02
4.095878703131810572e-01
-1.000000000000000000e+00
3.563847431805557964e-01
-1.000000000000000000e+00
2.426637778077259111e-01
-1.000000000000000000e+00
-9.110593151900363562e-01
1.000000000000000000e+00
-1.000000000000000000e+00
-1.000000000000000000e+00
4.206140664842797361e-01
1.000000000000000000e+00
1.000000000000000000e+00
-1.000000000000000000e+00
-8.847938299955598884e-01
-4.459167635756995929e-01
6.673567125064951977e-01
-2.126065707512453939e-01
8.875827557247231159e-01
-9.838348845397419939e-01
1.000000000000000000e+00
3.125955558458346495e-01
-8.438117250835626137e-01
6.438460054566319535e-01
-6.416766030650079555e-01
6.590491680798831187e-01
-1.000000000000000000e+00
-1.000000000000000000e+00
-1.000000000000000000e+00
-8.049935806167194396e-01
-1.000000000000000000e+00
1.000000000000000000e+00
1.000000000000000000e+00
-1.490675567691732706e-01
8.670295578484710219e-02
-2.479432812897442995e-01
-6.854971060298786778e-01
-6.303128597408211853e-01
-4.259968265376327112e-01
-1.000000000000000000e+00
9.191459442018424797e-01
7.588760588326219914e-01
-1.000000000000000000e+00
-1.000000000000000000e+00
-3.615882956191024955e-01
2.632545479339823968e-01
-1.000000000000000000e+00
-7.873604375106140196e-01
-1.000000000000000000e+00
-8.705481916894047822e-01
-8.103753085284486346e-01
1.000000000000000000e+00
-3.099192513692370921e-01
1.000000000000000000e+00
1.000000000000000000e+00
-4.370715308029584634e-01
-8.771246592614343474e-01
-1.000000000000000000e+00
1.000000000000000000e+00
1.750757522746058115e-01
-1.000000000000000000e+00
-1.000000000000000000e+00
-1.000000000000000000e+00
-3.653560389271278686e-01
4.933183552511166692e-01
7.193056238230743915e-02
-1.000000000000000000e+00
1.000000000000000000e+00
7.708792772831205564e-01
-1.230330469739325805e-01
-3.614469708708041296e-01
1.000000000000000000e+00
-1.000000000000000000e+00
1.000000000000000000e+00
1.000000000000000000e+00
-7.213313259413189904e-01
-2.770697191097976075e-01
1.000000000000000000e+00
-1.000000000000000000e+00
5.142978448896893262e-01
-1.000000000000000000e+00
1.668561763248210122e-02
1.000000000000000000e+00
-1.000000000000000000e+00
-1.000000000000000000e+00
-5.570168432667559344e-01
-4.489903174717032597e-01
-1.000000000000000000e+00
2.238342767332547889e-01
-5.503890873358709968e-01
-1.000000000000000000e+00
-1.000000000000000000e+00
3.574967835618834133e-01
1.935983680559375530e-01
-1.000000000000000000e+00
1.000000000000000000e+00
-1.000000000000000000e+00
-5.475215442593128756e-01
-1.000000000000000000e+00
-9.592542766746664507e-01
-6.501459300837693078e-01
4.623792301156315343e-01
-5.333518183954231162e-01
-8.878077429422048805e-01
1.000000000000000000e+00
-1.077194425702040492e-01
1.000000000000000000e+00
1.233919813224054751e-01
-1.000000000000000000e+00
-1.000000000000000000e+00
1.000000000000000000e+00
-1.000000000000000000e+00
-5.310892060564561534e-01
1.000000000000000000e+00
1.000000000000000000e+00
1.000000000000000000e+00
-1.191783851179335496e-01
1.000000000000000000e+00
-5.267878463827704305e-01
-1.000000000000000000e+00
1.000000000000000000e+00
1.000000000000000000e+00
1.000000000000000000e+00
1.000000000000000000e+00
1.000000000000000000e+00
1.000000000000000000e+00
8.753359306564708620e-01
1.000000000000000000e+00
8.488357206060039850e-01
-1.000000000000000000e+00
-2.753923513828332448e-01
-3.106074446671091005e-01
-9.133759017312016448e-01
-6.973437500937628153e-01
-1.000000000000000000e+00
1.000000000000000000e+00
-7.926802129722270163e-01
-1.000000000000000000e+00
-1.000000000000000000e+00
1.000000000000000000e+00
7.013521928441059927e-01
6.799378390464820843e-01
1.000000000000000000e+00
-4.709435249963053738e-01
8.838551900430847708e-01
4.236891481973996676e-01
-1.000000000000000000e+00
-1.000000000000000000e+00
-2.451910120320967001e-01
-5.630658818474670868e-01
1.000000000000000000e+00
-4.297557801844084091e-01
-5.299280761823227381e-01
1.128575375798090974e-02
-1.000000000000000000e+00
1.000000000000000000e+00
-1.000000000000000000e+00
-1.000000000000000000e+00
-1.000000000000000000e+00
-1.000000000000000000e+00
-9.647515115649394346e-01
-1.000000000000000000e+00
-7.990484791541350162e-01
-1.000000000000000000e+00
5.011209098259237216e-01
-3.088805864411247604e-01
7.561316360766537903e-01
-1.000000000000000000e+00
1.000000000000000000e+00
6.453722296396838809e-01
2.962073378535867718e-02
-1.000000000000000000e+00
7.304101078727542884e-02
1.000000000000000000e+00
-1.000000000000000000e+00
1.000000000000000000e+00
-3.555578409661919181e-01
2.826527499879426530e-01
1.000000000000000000e+00
1.000000000000000000e+00
3.799545784779593260e-01
1.000000000000000000e+00
-1.000000000000000000e+00
-1.222873512638775750e-01
3.290796504811438483e-01
-1.623928412305604696e-01
-2.624871087444470286e-01
1.000000000000000000e+00
1.000000000000000000e+00
1.833952425461351510e-01
-4.940465819438083495e-01
-6.152549996939006283e-01
-8.194952421431949130e-01
9.896210044856736943e-01
1.000000000000000000e+00
-7.589633184524857690e-02
4.371922583537804496e-01
7.931395634094187130e-01
-6.609422037109276005e-01
3.973474913974125444e-01
8.032771479911038348e-01
1.000000000000000000e+00
-7.815034997509400228e-01
9.543342600168328582e-01
-1.000000000000000000e+00
1.000000000000000000e+00
1.000000000000000000e+00
1.000000000000000000e+00
-1.627779624415507387e-01
1.000000000000000000e+00
-5.658716684661532215e-01
-2.662968878140466455e-01
1.207396324201625154e-01
-1.000000000000000000e+00
-5.584765360798966682e-01
1.000000000000000000e+00
1.000000000000000000e+00
-6.829969280259330366e-01
-1.385078700799726725e-01
1.000000000000000000e+00
-1.000000000000000000e+00
-1.007038621143956092e-01
-1.000000000000000000e+00
-1.000000000000000000e+00
-3.351578171502852532e-01
-1.747975134653859675e-01
-1.000000000000000000e+00
-9.533607414433142857e-02
-2.614358463611405337e-01
9.726432628749774878e-01
-1.000000000000000000e+00
3.219440403810887030e-01
1.000000000000000000e+00
1.000000000000000000e+00
-1.000000000000000000e+00
-7.417930675033757026e-01
-8.941893421553092081e-01
9.732846205974533538e-01
7.715748539147401219e-01
-8.952677582624887220e-01
1.000000000000000000e+00
1.000000000000000000e+00
4.715547829430789539e-01
-2.129845576917011596e-01
1.000000000000000000e+00
-1.000000000000000000e+00
8.633350923687487244e-01
-1.000000000000000000e+00
1.000000000000000000e+00
1.097896705548405683e-01
2.026686727252500209e-01
4.660477952252105593e-01
5.759105306632875676e-01
-8.584128470724317062e-03
-4.399171791674192367e-01
4.494461138894674246e-01
-1.000000000000000000e+00
1.000000000000000000e+00
-9.595045038558680517e-02
9.899123768782410737e-01
7.950523968970639732e-01
1.000000000000000000e+00
-1.149306391471427435e-01
1.000000000000000000e+00
-2.338707253070965164e-01
9.703719967694656168e-01
-3.333654113558341958e-01
6.937484485620188934e-01
6.402662754071725137e-01
-4.438395135532221536e-01
8.902109168481431301e-02
3.072887427713160702e-01
1.000000000000000000e+00
6.442211226561278536e-01
-8.492538824554693999e-01
-2.411044590290797873e-01
-1.000000000000000000e+00
1.000000000000000000e+00
1.000000000000000000e+00
8.483737641166064769e-01
-3.691669970399091838e-01
-5.954731679495339769e-01
-4.140299446643128656e-01
-1.000000000000000000e+00
-1.753200490460371519e-01
1.027221909914703968e-01
-7.417416723924985522e-02
-1.000000000000000000e+00
1.000000000000000000e+00
9.407552101289515800e-01
-4.432234876325864548e-01
8.503195929784266305e-01
9.413932120623647037e-02
9.205580011707126253e-03
1.000000000000000000e+00
9.313493425627654698e-01
-1.000000000000000000e+00
-1.000000000000000000e+00
-1.000000000000000000e+00
9.440067052211118526e-01
-8.327176980514128246e-02
7.504135289904910744e-01
2.023762280293441851e-01
-1.581582960061265197e-01
-1.000000000000000000e+00
-1.000000000000000000e+00
-1.000000000000000000e+00
1.000000000000000000e+00
-1.644140566038929663e-01
1.375339210629437092e-01
-9.625299571025440759e-01
1.000000000000000000e+00
1.000000000000000000e+00
-1.722214058686130644e-01
-1.000000000000000000e+00
-4.971817800800817366e-01
1.000000000000000000e+00
1.000000000000000000e+00
-2.427742440439796257e-01
2.274498697497381317e-01
-2.165774446513658580e-01
2.526081686674706006e-01
6.681920983566784766e-01
-6.087199139474455123e-01
-4.049220727747998572e-01
4.819238939883314643e-01
-1.000000000000000000e+00
1.000000000000000000e+00
-2.489615390911027459e-01
-5.587910823266797333e-01
-1.000000000000000000e+00
1.000000000000000000e+00
-1.044179189999494550e-01
-1.000000000000000000e+00
-7.794946111602452099e-02
1.000000000000000000e+00
1.000000000000000000e+00
1.000000000000000000e+00
-1.673772369536499216e-01
1.000000000000000000e+00
9.738507442706758610e-01
3.311481167045184359e-01
5.500292953753967984e-01
2.131955196227792726e-01
1.000000000000000000e+00
4.388434415290788371e-01
-5.194551699492302443e-01
-4.567288070599251348e-01
9.184491775293346372e-02
1.000000000000000000e+00
-1.000000000000000000e+00
-7.047290986590937223e-01
-7.013805179046499472e-01
-9.130541157758145232e-01
5.455288552657071577e-01
1.000000000000000000e+00
1.000000000000000000e+00
1.000000000000000000e+00
1.712367089515245411e-01
3.636933081585413952e-03
-5.625769257669681611e-01
9.164958496668768051e-01
1.000000000000000000e+00
2.681547270245263626e-01
2.925232760654244979e-01
-1.000000000000000000e+00
-1.000000000000000000e+00
1.000000000000000000e+00
-9.914461234842324444e-01
-1.000000000000000000e+00
1.000000000000000000e+00
1.000000000000000000e+00
3.131208834896575532e-01
-6.518565945875229306e-02
-1.000000000000000000e+00
1.000000000000000000e+00
9.054131277293847591e-01
4.561699880937982732e-01
5.454677843624375910e-01
-1.000000000000000000e+00
-9.036924542859803289e-01
1.000000000000000000e+00
8.094112963385269310e-02
-5.737347898395402934e-01
1.000000000000000000e+00
1.000000000000000000e+00
-5.816336127692486313e-01
1.000000000000000000e+00
-7.663641372351452929e-01
8.288111647884478517e-01
1.659075386964115051e-02
-2.553686416265077419e-03
-5.083989302971152480e-01
1.000000000000000000e+00
1.000000000000000000e+00
-6.684100974632425363e-01
-7.143079451800926627e-02
-1.000000000000000000e+00
7.141013812493651747e-01
9.789625965997970081e-01
4.519298251579723091e-01
9.594195746887321796e-01
-2.533644919727543465e-01
-1.000000000000000000e+00
4.837546687425307024e-01
-1.000000000000000000e+00
-1.000000000000000000e+00
-5.602795213141777975e-01
-1.000000000000000000e+00
-2.512390669626408668e-01
1.316414410598185647e-01
1.000000000000000000e+00
-1.000000000000000000e+00
-1.000000000000000000e+00
3.211711605975147155e-01
1.000000000000000000e+00
2.895959134280778891e-01
-1.000000000000000000e+00
-5.099341612037883165e-01
-4.002447805364456879e-01
-1.000000000000000000e+00
-1.000000000000000000e+00
5.524885772440875087e-01
2.381725662896155837e-02
2.620252856641358541e-01
-1.696984625216700904e-01
-8.748033445253322604e-02
-4.055108809146645843e-02
3.118742063906112527e-01
2.758581615424039457e-01
1.000000000000000000e+00
-1.000000000000000000e+00
1.000000000000000000e+00
1.000000000000000000e+00
-1.000000000000000000e+00
-5.519041969270701564e-01
1.000000000000000000e+00
-1.000000000000000000e+00
1.000000000000000000e+00
1.000000000000000000e+00
4.312493104995307469e-02
-1.000000000000000000e+00
3.629031889581659787e-01
4.708078599862239866e-01
4.871434655653746337e-01
-1.000000000000000000e+00
-6.389466478577144892e-01
-7.998232768108701762e-01
5.614029856899427351e-01
-1.000000000000000000e+00
-9.712711521604198150e-01
2.211540800606260349e-01
7.489989852152991734e-01
-7.099261435654542485e-01
1.000000000000000000e+00
1.000000000000000000e+00
-3.722814442586179773e-01
-1.000000000000000000e+00
-9.954450447253766487e-01
-1.000000000000000000e+00
-3.257007495281134535e-01
5.457685159042813261e-02
-5.504728181793100417e-01
7.158494201476870433e-01
-1.000000000000000000e+00
-1.000000000000000000e+00
-3.309088488708475939e-01
6.837140712426148514e-02
1.000000000000000000e+00
-2.545970966606870833e-01
-1.000000000000000000e+00
-1.000000000000000000e+00
9.538122263117577715e-01
-1.000000000000000000e+00
-8.944760846550354749e-01
-1.240583609884429173e-01
-6.489950572192225708e-01
-1.000000000000000000e+00
-7.813573724603340986e-01
-1.000000000000000000e+00
-7.370715440148937203e-01
7.025959857327568336e-01
-6.309654975700411672e-01
4.657640323658769343e-01
-1.000000000000000000e+00
1.000000000000000000e+00
-3.934588407505664742e-01
-1.000000000000000000e+00
1.000000000000000000e+00
3.050821182170593282e-01
-8.371260358234540178e-01
-6.920371925278152592e-01
9.538446222763833360e-01
-1.000000000000000000e+00
-4.861392486046847150e-01
-1.000000000000000000e+00
2.313413957416251276e-01
8.061800040920243937e-01
2.594333119095285078e-01
-1.850672190674633732e-01
1.000000000000000000e+00
6.981166489893997351e-03
1.000000000000000000e+00
1.000000000000000000e+00
-1.000000000000000000e+00
-1.000000000000000000e+00
-1.000000000000000000e+00
-9.795715675339086159e-01
-1.000000000000000000e+00
-8.689397579227506885e-01
4.230976329764535304e-02
-1.000000000000000000e+00
-1.000000000000000000e+00
-1.000000000000000000e+00
-1.000000000000000000e+00
7.791522474146043153e-01
5.603786474146446039e-01
1.000000000000000000e+00
-1.000000000000000000e+00
1.000000000000000000e+00
3.534991967260808776e-01
1.000000000000000000e+00
-1.000000000000000000e+00
9.056908505234483320e-01
1.000000000000000000e+00
-1.000000000000000000e+00
1.000000000000000000e+00
-1.000000000000000000e+00
-1.000000000000000000e+00
6.021291154585199923e-01
7.190831615425106182e-01
-1.000000000000000000e+00
7.232296385464216382e-01
-1.554737325842527884e-01
1.000000000000000000e+00
5.528704324919697655e-05
2.215450034245824984e-02
-2.425760371786529479e-01
1.000000000000000000e+00
-1.890607111289472897e-01
-5.326962743331947747e-01
-6.592270514827419658e-01
1.000000000000000000e+00
-8.873674392606351047e-01
4.326092399735265159e-01
-5.672992969066468216e-01
1.000000000000000000e+00
-1.000000000000000000e+00
6.678469469001169223e-01
-1.000000000000000000e+00
4.289588575310070429e-01
-1.000000000000000000e+00
-1.000000000000000000e+00
-4.993708093331695186e-01
1.000000000000000000e+00
-1.615951343661429229e-01
-3.031737273857382231e-01
1.000000000000000000e+00
-4.832719020774249863e-01
1.000000000000000000e+00
-1.000000000000000000e+00
3.686194899975566708e-01
1.000000000000000000e+00
-5.154581121797601195e-01
-1.000000000000000000e+00
-1.000000000000000000e+00
-1.000000000000000000e+00
-1.635064027981174561e-01
7.822006596945265677e-01
-5.729788495137364546e-01
-6.034500457182342403e-01
1.000000000000000000e+00
7.784829589483344137e-02
1.000000000000000000e+00
-1.836001923657772372e-01
4.586482083983727809e-01
-8.486619419582568380e-01
3.532038016228101762e-01
8.368315069940815976e-01
8.897311296907972622e-02
5.316046838086143644e-01
1.000000000000000000e+00
-1.000000000000000000e+00
1.173477700160415749e-01
-1.000000000000000000e+00
-9.271197722201107716e-01
-3.519855265914438869e-01
-6.587639695492892855e-01
2.185429207652351824e-01
6.320090908405762153e-02
3.704938612396813102e-01
3.825753075713719253e-01
-7.520394118668216610e-02
2.602775295596899685e-01
1.000000000000000000e+00
1.000000000000000000e+00
-1.000000000000000000e+00
7.668912393376983161e-01
-1.000000000000000000e+00
-2.992296860583375517e-01
2.163204253646834330e-01
7.395582480318629859e-02
-5.502682553713713620e-01
-1.000000000000000000e+00
4.456940626260244565e-01
8.422188567519068858e-01
1.000000000000000000e+00
-3.388888361622506284e-01
-6.663222382454192516e-02
1.000000000000000000e+00
-8.021451811338310423e-01
7.714974317884358834e-01
-1.000000000000000000e+00
-8.744249619226721615e-01
-8.029883400862664056e-01
1.000000000000000000e+00
8.288118258657344306e-01
-1.000000000000000000e+00
3.158147031910930602e-01
-4.149902727645589096e-01
1.000000000000000000e+00
-8.984830182782950203e-01
-4.312532323728331951e-01
3.636920170997335333e-01
3.593639381180215031e-02
-4.495696966854176857e-01
7.772155705854058017e-01
1.000000000000000000e+00
4.833731002244655572e-01
1.000000000000000000e+00
-7.482203971822390942e-01
1.000000000000000000e+00
2.527626116200397677e-01
-4.040127025247526316e-01
1.000000000000000000e+00
5.240063462329436206e-01
-1.000000000000000000e+00
8.930411740532951947e-01
1.000000000000000000e+00
-1.000000000000000000e+00
6.378662307151627964e-02
1.000000000000000000e+00
-1.038895065739297019e-01
-1.000000000000000000e+00
-5.171275382987217117e-02
-1.000000000000000000e+00
-9.419533278941516485e-02
1.000000000000000000e+00
6.163685391558246796e-01
4.003302828824817916e-01
4.099126023722647894e-01
-7.540251839330797123e-02
5.776703866858985403e-01
-1.172628666563331201e-01
-9.657684656259124534e-02
3.501439613734365075e-01
-1.000000000000000000e+00
1.000000000000000000e+00
6.206584431298373117e-01
1.000000000000000000e+00
-1.309535629427160952e-02
-6.123028703620853053e-01
-4.720259657204933235e-01
-2.234522545653918058e-01
-1.000000000000000000e+00
5.771938990551579440e-01
-1.000000000000000000e+00
-1.000000000000000000e+00
-1.000000000000000000e+00
-1.000000000000000000e+00
1.000000000000000000e+00
-1.000000000000000000e+00
-1.000000000000000000e+00
2.532363478699886095e-01
3.548898255317978201e-01
-1.000000000000000000e+00
-9.500542197868703242e-01
8.921975228831191540e-02
1.000000000000000000e+00
-1.000000000000000000e+00
1.000000000000000000e+00
-7.739823272288725020e-01
1.761456854882503809e-01
1.676632054709194519e-01
-5.422936185279271237e-01
1.000000000000000000e+00
-1.800853260631904984e-01
4.615136478806002307e-01
-1.000000000000000000e+00
-1.713398747506770237e-01
-6.312827991205316458e-02
1.000000000000000000e+00
-1.000000000000000000e+00
1.000000000000000000e+00
1.000000000000000000e+00
-3.495124862246352104e-01
-2.186570360311355099e-01
-8.504950081396720485e-01
5.767365136899675893e-01
-1.000000000000000000e+00
9.260295754161285142e-01
-1.000000000000000000e+00
1.000000000000000000e+00
-1.000000000000000000e+00
-8.045042874789596343e-01
1.000000000000000000e+00
1.273427380438607592e-02
-5.521409600677606999e-01
9.948800660419768738e-01
-2.073584657376972284e-01
1.000000000000000000e+00
-5.707835693952625356e-01
-1.000000000000000000e+00
5.660403253805557089e-01
-1.000000000000000000e+00
6.500403211722596275e-01
-1.000000000000000000e+00
-1.000000000000000000e+00
9.631312817672221804e-01
1.120493971813418810e-01
1.000000000000000000e+00
-5.307124185661864502e-01
-4.444830169059854619e-02
1.000000000000000000e+00
-1.000000000000000000e+00
5.037622332460051089e-01
1.000000000000000000e+00
1.000000000000000000e+00
4.870288904587231626e-01
-1.000000000000000000e+00
5.569280190730376834e-01
9.993167944735239505e-01
4.142590878789007003e-01
1.000000000000000000e+00
-1.180817037779244849e-01
8.828231871743192904e-01
-1.000000000000000000e+00
6.543214921805025064e-01
-1.000000000000000000e+00
-1.000000000000000000e+00
-1.438515164656208878e-01
7.215894896432584193e-02
-1.000000000000000000e+00
9.732694128939888278e-01
-1.000000000000000000e+00
-2.134043737516948536e-01
-6.640141400448077436e-01
1.000000000000000000e+00
1.000000000000000000e+00
-5.348330446003646266e-02
-8.201748228579122113e-01
1.000000000000000000e+00
-1.000000000000000000e+00
2.281470442072737193e-01
-4.234867204694708898e-01
-1.000000000000000000e+00
-4.472892089339018939e-01
-1.000000000000000000e+00
-1.000000000000000000e+00
-8.884300301901676411e-01
1.000000000000000000e+00
6.360621243136954650e-02
-1.000000000000000000e+00
-9.863050637383130592e-04
1.000000000000000000e+00
5.099993880469595453e-01
2.710732401340394948e-01
-2.463114475358789690e-01
-1.000000000000000000e+00
1.000000000000000000e+00
-1.000000000000000000e+00
1.000000000000000000e+00
1.000000000000000000e+00
1.000000000000000000e+00
1.000000000000000000e+00
-1.000000000000000000e+00
-3.886944989422969066e-02
-1.000000000000000000e+00
-5.600016183079836729e-01
-1.881495439318969787e-02
-1.000000000000000000e+00
1.000000000000000000e+00
-7.623529071348179587e-01
1.000000000000000000e+00
1.000000000000000000e+00
8.044927938662574940e-01
-9.885269967061148799e-01
1.450046599229201094e-01
1.020515511612932746e-01
1.000000000000000000e+00
-9.105867965078506820e-03
3.313634810719363610e-01
7.154085262296239200e-01
-5.657215292961149666e-01
-5.347010024685294738e-01
-1.769427003135064513e-01
9.176169422485731531e-01
-1.000000000000000000e+00
-1.000000000000000000e+00
-7.440911237009252277e-01
4.432763937911649021e-02
1.000000000000000000e+00
-2.857008064162627203e-01
-5.941863353023709715e-01
1.000000000000000000e+00
2.844704085497679058e-01
1.000000000000000000e+00
-1.000000000000000000e+00
-6.149611935682175456e-02
-8.309986368989901173e-01
2.811022578997846022e-02
-1.000000000000000000e+00
-1.000000000000000000e+00
-1.792825451331736542e-01
-3.892339078167669220e-01
1.000000000000000000e+00
1.000000000000000000e+00
9.714560825358466989e-01
-9.077577315042004713e-01
8.202252974716337519e-01
-6.864971548530690582e-02
3.133205442504199967e-01
-4.530510516563092116e-01
-2.469982841993037526e-01
-1.000000000000000000e+00
1.000000000000000000e+00
-1.000000000000000000e+00
-1.150782444427110862e-01
9.909732651113261070e-01
1.000000000000000000e+00
-1.000000000000000000e+00
1.000000000000000000e+00
-1.000000000000000000e+00
7.738218226348412276e-01
1.000000000000000000e+00
-2.546249753616780520e-01
1.000000000000000000e+00
5.058522446879224477e-01
-4.483671836499302232e-01
-1.000000000000000000e+00
-5.870182032048097964e-01
-5.409785093487663454e-01
-5.416884684837954822e-01
-5.190654461758481553e-02
1.000000000000000000e+00
-1.000000000000000000e+00
3.951677026026891859e-01
4.810167366889850360e-01
-1.000000000000000000e+00
1.000000000000000000e+00
-2.847478009124230214e-01
9.118963808602187360e-01
4.198331498732075229e-01
-1.000000000000000000e+00
1.000000000000000000e+00
-2.234282312788790081e-01
-3.972857165342948971e-01
6.678896407353247522e-01
1.000000000000000000e+00
-7.307113262081190719e-01
-9.881968946297099432e-01
7.322510840236037266e-01
-2.973899351168048377e-01
-1.000000000000000000e+00
8.884613637302546385e-01
-1.000000000000000000e+00
-8.881897117946091491e-01
-1.000000000000000000e+00
-7.903076622345724944e-01
-2.748255947385629394e-01
-2.347130144630341642e-01
-1.000000000000000000e+00
-4.349258632289215720e-01
1.000000000000000000e+00
1.000000000000000000e+00
-1.000000000000000000e+00
-8.479472141855964873e-02
1.000000000000000000e+00
8.277328301925612752e-01
6.782152645048861173e-01
-9.284389868787286115e-01
5.619378593774856934e-02
8.303190891069567314e-01
-1.000000000000000000e+00
-3.362304249725762695e-01
4.447596636293904560e-02
-7.463795140683646689e-01
1.000000000000000000e+00
1.000000000000000000e+00
-1.000000000000000000e+00
-6.494313733504667452e-01
-6.418494931132547876e-01
4.929532081861476289e-01
-7.622212117214688387e-01
-7.514630288177475137e-01
-1.000000000000000000e+00
-9.973666102141045542e-01
5.158347144389570094e-01
-1.841395712040633237e-01
2.814143344986252959e-01
4.078655254130622021e-01
-9.899032100218076169e-02
1.000000000000000000e+00
1.000000000000000000e+00
3.420254969531414391e-01
1.000000000000000000e+00
4.392862946612541841e-01
5.319575146417890310e-02
-1.741473130424482374e-01
1.000000000000000000e+00
-1.000000000000000000e+00
-7.965121395676331151e-01
1.000000000000000000e+00
1.000000000000000000e+00
-1.000000000000000000e+00
8.840156256731218631e-01
6.650931161342562570e-01
4.769399566148895264e-01
1.000000000000000000e+00
-1.000000000000000000e+00
-2.873904152792408073e-01
2.677495154766447727e-01
-1.000000000000000000e+00
-1.642310918169916922e-01
1.000000000000000000e+00
1.000000000000000000e+00
7.988459641268078615e-01
1.000000000000000000e+00
-2.833239195561398915e-01
-2.602963541235270295e-01
8.877450924385307252e-01
-6.096333767183637065e-01
4.679743190585312906e-02
-1.120257259532779492e-01
1.000000000000000000e+00
2.169086278962635284e-01
-7.709706760107963852e-01
1.000000000000000000e+00
8.359662366327037519e-01
-1.526795993509981741e-01
-1.000000000000000000e+00
5.818122297892956984e-01
3.699501166172769473e-02
7.208083294377731765e-01
-3.787478895372817789e-01
-3.904197389046840660e-01
1.169082399871615441e-01
8.705291682501924422e-01
-1.000000000000000000e+00
1.000000000000000000e+00
1.000000000000000000e+00
-8.936626243442540307e-01
-5.479437836619447388e-01
-3.512240196249409863e-01
-1.000000000000000000e+00
1.000000000000000000e+00
-6.779497526955751141e-01
-3.328632551672008333e-01
2.991817605757579601e-01
1.000000000000000000e+00
-1.000000000000000000e+00
-8.649348093373891988e-01
-1.599404446525407031e-01
2.326105674550094093e-01
-1.000000000000000000e+00
-1.000000000000000000e+00
-3.404915479994455874e-01
4.016312066199535513e-01
-2.660164092752695941e-01
1.843858441618777544e-01
2.215908639499026833e-01
-1.000000000000000000e+00
-7.418686132210146056e-01
3.108772751483991348e-01
1.000000000000000000e+00
-1.000000000000000000e+00
-1.000000000000000000e+00
1.000000000000000000e+00
-1.000000000000000000e+00
-1.000000000000000000e+00
1.000000000000000000e+00
3.479643792563302807e-01
2.318494926709135928e-02
3.945331096657788139e-01
-1.000000000000000000e+00
-1.000000000000000000e+00
-1.000000000000000000e+00
1.000000000000000000e+00
-1.000000000000000000e+00
-1.000000000000000000e+00
-5.425267224358103491e-01
-6.307464500892571158e-01
-1.000000000000000000e+00
-1.000000000000000000e+00
-3.586590860640848089e-02
4.299638455845983254e-01
1.000000000000000000e+00
8.083206709099186593e-01
-1.000000000000000000e+00
5.280001253252819549e-01
7.289865507885574525e-01
1.000000000000000000e+00
1.000000000000000000e+00
-4.447320684746781660e-01
-1.000000000000000000e+00
5.721465555708655781e-01
-1.000000000000000000e+00
5.653941654328666910e-01
-8.978754156816893817e-01
1.000000000000000000e+00
3.664778477997732153e-02
