6.709235610870171174e-01
-4.863770135163222874e-01
-5.708033484075297759e-01
-7.141872169739079679e-01
-1.000000000000000000e+00
-1.000000000000000000e+00
1.000000000000000000e+00
-1.000000000000000000e+00
-7.312156945633606631e-01
6.044706618921777963e-01
-7.545742259691968767e-01
-6.475434217768163414e-01
-1.655968847692535495e-01
7.255003641423025673e-01
1.000000000000000000e+00
8.470265613635666879e-01
-1.000000000000000000e+00
-1.000000000000000000e+00
8.948567985191480112e-02
1.000000000000000000e+00
6.105596107895128188e-03
1.000000000000000000e+00
5.628210161141047885e-02
2.365769676602575700e-01
-1.000000000000000000e+00
-1.000000000000000000e+00
-1.000000000000000000e+00
6.739739622120686224e-01
-6.734414134235069405e-01
-8.563385839331223437e-01
-4.040243846868386557e-01
8.455494756238741694e-01
-4.360056980334187093e-02
-5.103380348911025211e-01
1.000000000000000000e+00
-1.000000000000000000e+00
7.592251093043879129e-01
-2.936988534493232827e-01
1.000000000000000000e+00
-8.311462282938911206e-02
1.000000000000000000e+00
1.000000000000000000e+00
1.000000000000000000e+00
1.000000000000000000e+00
3.022752216468774927e-02
2.590935999017859315e-01
-1.000000000000000000e+00
-3.661742932503702086e-01
-2.283226909920497150e-01
-1.000000000000000000e+00
-1.000000000000000000e+00
-1.000000000000000000e+00
4.870025171353212778e-01
1.000000000000000000e+00
1.422657981878748257e-01
4.728091561146325894e-01
6.631194691010350306e-01
-1.000000000000000000e+00
5.814061573264475147e-01
-1.000000000000000000e+00
-4.685011050025502666e-01
-6.461132954389232630e-01
-1.000000000000000000e+00
-1.748313073601655554e-01
3.051760384079679200e-01
1.000000000000000000e+00
2.020988334209624093e-01
-1.000000000000000000e+00
-4.121002874414566586e-01
1.000000000000000000e+00
1.000000000000000000e+00
-7.568835481625403316e-01
4.503800235547132935e-01
1.000000000000000000e+00
-1.000000000000000000e+00
-7.476480501394038303e-01
9.487160911402946484e-01
-2.292360350418494730e-01
9.524634275220270618e-01
-1.227892357196721518e-01
1.000000000000000000e+00
1.000000000000000000e+00
-1.000000000000000000e+00
5.519656713950513716e-01
-1.000000000000000000e+00
-2.056259236206987584e-01
1.582808500955750486e-01
4.629991939253024769e-01
1.000000000000000000e+00
-9.853210334844098028e-01
-1.000000000000000000e+00
2.905213184632662315e-01
7.957757665590586837e-01
-5.658036859150856746e-01
2.041218552288724675e-01
8.008188733439302043e-01
-1.042237432264567498e-01
1.000000000000000000e+00
9.896099520286985030e-01
1.000000000000000000e+00
-5.872772545924804799e-01
4.028870160576372150e-01
-1.108396505402244880e-01
-1.000000000000000000e+00
1.281604684121022131e-01
-9.832323934046960368e-01
-3.110018809580991084e-01
-9.604812806685056881e-01
-1.000000000000000000e+00
8.065491775531137275e-01
4.839331692935104900e-01
3.546569916684204626e-01
-4.250487444181741958e-01
-1.000000000000000000e+00
6.999753224961851039e-01
8.710740590710525089e-01
-1.000000000000000000e+00
-2.252594262051975660e-01
1.000000000000000000e+00
1.000000000000000000e+00
-1.000000000000000000e+00
9.331690250035197254e-01
-4.284831023916075843e-01
-1.000000000000000000e+00
-2.823214528093355158e-01
-1.000000000000000000e+00
-8.846716259808120597e-01
-7.362150760729141430e-02
2.284920421889681530e-02
5.613882042878405310e-01
1.000000000000000000e+00
1.000000000000000000e+00
1.000000000000000000e+00
5.369049056759223060e-01
-1.000000000000000000e+00
-9.593794273073512624e-01
-8.625857432022983051e-01
-6.751892058756555626e-01
-4.391427445687968167e-01
9.646034053230923000e-01
9.116909406376201286e-01
-1.000000000000000000e+00
-1.000000000000000000e+00
-8.155704658523525996e-01
-6.007005815664041570e-01
4.808271015258241965e-01
1.334197886768286878e-01
7.216378376308246745e-01
-1.000000000000000000e+00
-1.622921599625958555e-01
-1.000000000000000000e+00
-1.000000000000000000e+00
1.000000000000000000e+00
6.839281297135767212e-02
-2.187473392259553506e-01
2.854136655688905844e-01
-9.265172772615566377e-01
3.414587978672040114e-01
-7.657696219518955738e-01
4.415672723111890852e-01
-4.197439915359070239e-01
-1.000000000000000000e+00
-1.000000000000000000e+00
6.261990829223612609e-02
-1.000000000000000000e+00
-1.000000000000000000e+00
5.300101143619208033e-01
-2.914028293890907895e-01
3.803138865878224473e-01
-1.000000000000000000e+00
-3.322721654099445310e-01
-5.045186314868719268e-01
-1.000000000000000000e+00
1.000000000000000000e+00
1.851306770057188078e-01
-3.463528801221150699e-01
-7.451418770451818663e-01
8.791834991148772538e-02
-1.000000000000000000e+00
-8.357575159199484016e-01
-1.873524494102079552e-01
4.529125687776330844e-01
6.077816901950439110e-01
1.000000000000000000e+00
-6.066269025155132111e-01
-2.147664691095222955e-01
-8.283415421510510468e-01
8.683218998046615678e-01
6.833202199751086114e-01
5.714711982857443306e-01
-4.188544253927749539e-01
-1.000000000000000000e+00
-1.000000000000000000e+00
2.563197505591106040e-01
-1.000000000000000000e+00
1.000000000000000000e+00
1.008476675470439121e-02
1.000000000000000000e+00
-1.000000000000000000e+00
2.401285307436500094e-01
9.103168018704741460e-01
-4.578757571729932807e-01
-1.000000000000000000e+00
5.512768242846601829e-01
-7.790265137982069765e-01
2.898712311986129109e-01
-6.411784546691500219e-01
-1.729582490970899000e-02
-8.832256029614766746e-01
7.741634064904983070e-01
7.844898361185664859e-01
9.725951239624903988e-02
-1.751212212553550640e-01
-1.000000000000000000e+00
1.000000000000000000e+00
6.605222890854144380e-01
-2.739027767357681276e-01
-1.000000000000000000e+00
3.443221767063289196e-01
2.244094226088985955e-01
-1.000000000000000000e+00
-4.820625540092443595e-01
-4.942623814371587265e-01
5.508494638591223680e-01
-4.688380984614840541e-01
-9.028881127307681886e-01
7.267073986119576556e-01
-3.641272003803098789e-01
-5.990423976868280986e-02
-4.036868368682506314e-01
3.615961993343477232e-01
-1.269655939610383477e-01
1.000000000000000000e+00
-1.000000000000000000e+00
-1.000000000000000000e+00
5.188747281699537806e-02
-2.574355172120391111e-01
-1.000000000000000000e+00
5.319187270979472970e-01
2.593599101539025287e-01
3.196215907048584048e-01
-1.759818608741339219e-01
-8.365911481291492535e-01
-1.000000000000000000e+00
-8.256317032467598294e-01
3.092597414636518716e-01
1.000000000000000000e+00
1.000000000000000000e+00
3.752851158716815627e-01
-1.000000000000000000e+00
1.000000000000000000e+00
-1.000000000000000000e+00
9.978763366720330152e-01
3.280183785207028135e-01
2.699436255734867784e-01
1.000000000000000000e+00
-1.000000000000000000e+00
1.000000000000000000e+00
-1.000000000000000000e+00
-1.675965982654655517e-01
-9.789298157693984148e-01
-1.000000000000000000e+00
-3.210686001592829575e-01
1.000000000000000000e+00
-8.454262014704655437e-02
5.898223853684243512e-01
-8.136797523116250375e-01
-1.355429344649608236e-01
-1.000000000000000000e+00
8.853606227978482179e-01
2.730333088844850153e-01
-4.376444818761884847e-01
1.000000000000000000e+00
1.000000000000000000e+00
-1.000000000000000000e+00
1.000000000000000000e+00
-5.290319744714491179e-01
1.807814422720683545e-01
-1.636125619556559885e-01
-1.000000000000000000e+00
-9.163788166146601410e-01
2.996612198042101216e-01
-1.000000000000000000e+00
-4.629277679509794519e-01
-3.095890723015520818e-02
-1.000000000000000000e+00
-2.295886388013035351e-02
1.000000000000000000e+00
6.128862528841305668e-01
9.058165887787420489e-01
4.209315079984582431e-01
-1.000000000000000000e+00
-9.474127336638185071e-01
-6.355367926425090075e-02
-1.000000000000000000e+00
-5.996422771592491152e-01
-2.673801258742593001e-01
-3.746414579858975968e-01
1.000000000000000000e+00
2.447950639061017286e-01
-9.563733438274641951e-01
-1.964334276064925722e-01
-3.045636126328133408e-01
-1.239093604955249228e-01
-1.000000000000000000e+00
1.000000000000000000e+00
-5.814186510165202382e-01
1.689342188288001090e-01
-6.599686126830199839e-01
-1.000000000000000000e+00
1.000000000000000000e+00
-3.726643646805349874e-02
1.000000000000000000e+00
4.767917033782975711e-01
5.256895127223550901e-01
-6.382080029707640767e-01
1.000000000000000000e+00
7.022521472611399362e-01
-4.843381462409027116e-01
-2.314934735857852866e-01
5.529642467708485443e-01
1.000000000000000000e+00
-1.000000000000000000e+00
3.485306597737825030e-01
-1.000000000000000000e+00
-2.296618279529638595e-01
2.213496339824958525e-01
6.413203719546948234e-01
6.183284840896025036e-02
-7.377203148495419249e-01
-1.000000000000000000e+00
-1.000000000000000000e+00
-1.000000000000000000e+00
-8.466690426342471376e-01
9.729928827437971384e-01
1.000000000000000000e+00
-6.455828920121718661e-03
1.000000000000000000e+00
-1.000000000000000000e+00
4.860712310211572351e-01
-2.426420928002750443e-01
-8.816419466443827790e-01
2.384753950504864828e-01
4.581942862905195868e-02
6.927211053994269951e-02
-2.334351086714202272e-02
1.000000000000000000e+00
8.520465458038416484e-01
-3.837951960996156819e-03
-1.468177077281862530e-02
-8.649328266108007313e-01
-5.660662549994547321e-01
1.000000000000000000e+00
-1.249217199765269293e-01
1.000000000000000000e+00
-1.000000000000000000e+00
-5.833492050613584556e-01
-1.941263116098562169e-01
-2.868198132300561753e-01
1.000000000000000000e+00
-7.927526082114322303e-02
-1.000000000000000000e+00
9.100562700908052527e-01
-9.477097375556424730e-01
7.626785398171699315e-01
1.000000000000000000e+00
-1.000000000000000000e+00
-7.158130239439741693e-01
3.182200757178330619e-01
6.845848647623885563e-01
-8.193372887547664130e-01
1.000000000000000000e+00
5.080308897980638783e-01
2.691926746917508995e-01
-1.000000000000000000e+00
3.492516168115877839e-01
2.189626053533347272e-01
-1.000000000000000000e+00
5.483515942063589277e-01
-1.000000000000000000e+00
-2.253375266648433017e-02
1.912946805394298844e-01
-8.677419071838002873e-01
-1.000000000000000000e+00
-3.044297866992173307e-01
1.000000000000000000e+00
8.636825365777816010e-01
1.000000000000000000e+00
-7.979011871425470970e-01
-6.742819177205801040e-01
1.000000000000000000e+00
1.000000000000000000e+00
2.154545569897169111e-01
-1.000000000000000000e+00
-2.315009051193639422e-01
9.373081929230868692e-01
-1.000000000000000000e+00
-5.626902977211297591e-02
-9.638353431651831560e-01
3.486674851719571699e-01
6.818951616027970619e-01
-1.000000000000000000e+00
-9.389407812006221876e-01
9.352239262822215071e-01
3.891531119808459005e-01
9.204740960742272549e-01
-4.110499573963801168e-01
-3.280509926902297480e-02
1.000000000000000000e+00
5.889453629753541586e-01
1.583776738635833681e-02
2.607736077922833129e-01
3.856309208277298173e-01
-1.000000000000000000e+00
-5.092448883794555847e-01
3.617257408506917016e-01
-1.000000000000000000e+00
-2.186803472785776026e-01
3.675518958775858547e-02
-5.348058470313735713e-01
1.701571726159909481e-01
-1.310133819933056998e-01
1.000000000000000000e+00
2.530627587335570472e-01
1.000000000000000000e+00
1.000000000000000000e+00
1.000000000000000000e+00
6.565524777897786546e-01
-8.578751627503214960e-01
-6.551635036782146315e-01
-1.782007327222809578e-01
1.000000000000000000e+00
3.780473390377410703e-01
-1.088893757825067088e-01
1.000000000000000000e+00
8.175661969090148862e-01
-1.000000000000000000e+00
4.929663584660030073e-01
-7.643937629799109068e-01
1.000000000000000000e+00
-2.528018142138913626e-01
1.000000000000000000e+00
4.103015414690494023e-01
-1.069898944649545769e-01
-1.000000000000000000e+00
5.698392377569310163e-01
-7.504885076770002605e-01
6.965653206338542347e-01
-1.774810075802208953e-01
-6.266665236688724605e-02
-1.000000000000000000e+00
-3.812687870125588407e-01
4.711988785660479184e-01
-4.433802902254261880e-01
6.371461413636927418e-01
-8.067438754877402918e-01
-1.000000000000000000e+00
9.970929405385695610e-01
-1.000000000000000000e+00
7.013727967767862115e-01
2.339227586641196011e-01
3.728196958851714982e-02
-1.000000000000000000e+00
2.030986902400144789e-02
6.807754296045533116e-02
1.000000000000000000e+00
-3.785707933074682341e-01
-2.006403844935086833e-01
2.176287039357857056e-01
7.454055576324617460e-01
-1.000000000000000000e+00
4.515503478278866667e-01
2.198338396338735956e-01
-4.325013141145450657e-01
7.166181834736784495e-01
3.509944541507748483e-01
-1.000000000000000000e+00
-1.000000000000000000e+00
-9.150279331081976331e-01
5.726577109096030460e-01
-1.000000000000000000e+00
-1.000000000000000000e+00
-6.299802232626924292e-01
1.000000000000000000e+00
-3.759490104386882248e-01
1.000000000000000000e+00
-1.010820741151627691e-02
-7.898694416103539950e-01
-4.895556318287894726e-01
1.185835574506182433e-01
-3.549969721856939264e-01
7.157368483421709948e-01
3.293586191515463640e-02
8.737834992449879934e-01
-8.000696897957096931e-01
1.000000000000000000e+00
-7.099914921781276256e-01
-1.473070467446898346e-01
1.000000000000000000e+00
4.694063617832737179e-01
-2.074270274026472349e-01
5.641055443216442811e-01
-6.941051798000299478e-01
1.000000000000000000e+00
-1.000000000000000000e+00
1.000000000000000000e+00
9.501599719998266025e-01
-2.438703095063931015e-01
-6.568134178877690355e-01
-3.167838040154383750e-01
-9.121434980255378466e-01
-3.996319771312017988e-01
6.793985491636153062e-01
6.046224056431316329e-01
1.000000000000000000e+00
1.798542844478521474e-01
7.388283549423806384e-01
4.240080845731507564e-01
-1.000000000000000000e+00
2.799431531743679091e-01
-9.855157811605017582e-01
-3.349501765744593018e-01
1.000000000000000000e+00
-5.828206175534587086e-01
-8.159082674358653087e-01
-1.000000000000000000e+00
1.000000000000000000e+00
-1.000000000000000000e+00
-4.532071620587391214e-01
1.000000000000000000e+00
-8.897301486805572757e-02
-5.753560718299823851e-01
-1.784236955549048376e-01
-2.416895839059260975e-01
3.890155729065940537e-01
-1.521493275329563466e-02
1.805654731343739328e-01
-2.534591848468950581e-01
-6.562011488506169776e-02
8.454849693824576518e-01
6.718287863575846119e-02
-8.830873922398096987e-01
-2.649099214494348153e-01
-1.000000000000000000e+00
-1.000000000000000000e+00
2.932199462363177522e-02
-5.833347050476436202e-01
1.000000000000000000e+00
4.744921152559297695e-02
-1.000000000000000000e+00
-6.896070022962406121e-01
2.053139075347431564e-01
3.357614429655953470e-01
-4.701290366941441451e-02
-4.200497001778229489e-01
1.000000000000000000e+00
-1.000000000000000000e+00
-1.000000000000000000e+00
4.457627787962495924e-01
6.809784799138509648e-01
2.734969451346604408e-01
3.908277498109835602e-01
1.209631198392762952e-01
8.209218404623401799e-01
4.468749687767371581e-01
6.057599546413292568e-01
-5.676122082803741753e-03
-5.184123840038673547e-01
-2.641474838838794303e-01
1.000000000000000000e+00
-7.674442063655596558e-01
-1.000000000000000000e+00
9.070038411438573200e-02
9.629585708046890513e-01
1.000000000000000000e+00
-1.000000000000000000e+00
5.234177560630602910e-01
-8.197648975026374796e-01
-4.102361557611758913e-01
-1.000000000000000000e+00
-1.760489121150858871e-01
-1.000000000000000000e+00
1.000000000000000000e+00
-6.053945444368725726e-01
3.164107694876235888e-01
-2.584939669973638221e-01
3.987386817677346929e-01
9.504742012262906714e-01
-1.000000000000000000e+00
1.000000000000000000e+00
-3.288615143472147229e-01
-1.000000000000000000e+00
1.667737355443006664e-01
-6.432631811589778481e-01
-5.644778929810345680e-01
-1.000000000000000000e+00
3.515362763769794840e-01
-2.903166635508005466e-01
-1.000000000000000000e+00
1.139636417798758350e-01
1.000000000000000000e+00
-1.000000000000000000e+00
-8.027558962273861898e-01
-6.934892328061961209e-01
-3.530642549199475289e-02
7.280016565076724566e-02
-1.000000000000000000e+00
1.000000000000000000e+00
-9.432211070301965705e-02
1.755456362679138349e-01
-1.135023177374082370e-01
1.000000000000000000e+00
5.084853155250578238e-01
1.000000000000000000e+00
-7.697652611739450590e-01
8.752878835301105553e-01
-1.879986892195457671e-01
8.051763591153997535e-01
-3.178262366455308907e-01
-4.115403840497409149e-01
1.000000000000000000e+00
-1.000000000000000000e+00
-1.000000000000000000e+00
-1.000000000000000000e+00
-1.462483667018582290e-01
-1.107702132035426335e-01
-5.823174968834457510e-02
3.090705068846721359e-01
-1.000000000000000000e+00
-5.130797917021738819e-01
1.000000000000000000e+00
-5.930801301039380358e-02
1.989275717896647477e-01
-3.332959357921044807e-01
1.000000000000000000e+00
1.000000000000000000e+00
1.000000000000000000e+00
6.595525163790876277e-01
-5.779303341995404297e-01
8.904824110982059171e-01
-4.209462992834501760e-01
5.783620902048461909e-01
1.000000000000000000e+00
-3.045348116449195230e-01
5.532452516078244509e-01
-2.292693565257656607e-01
6.245079813158037618e-01
7.441885642309108428e-01
-8.144264301226080693e-01
7.104432035233255727e-01
6.971831223695617030e-01
1.188802442903949541e-01
1.000000000000000000e+00
9.602309969450416594e-01
2.127120660489267151e-02
1.000000000000000000e+00
1.000000000000000000e+00
4.665833372468275453e-01
-8.641426528997939727e-01
-8.386257934378948953e-02
5.348664998354503153e-01
6.093427960594621773e-01
-8.979501487848249308e-01
4.633338894769384320e-01
1.000000000000000000e+00
-1.000000000000000000e+00
6.485762741749105942e-01
6.861051829519936307e-01
-2.115479831099281172e-01
-3.418212831922795569e-01
9.756106629346916748e-01
-1.000000000000000000e+00
-5.767868151255739484e-02
-6.460471061401524828e-01
-7.769020508843471617e-01
1.000000000000000000e+00
-1.000000000000000000e+00
1.000000000000000000e+00
-3.920535988427931162e-01
-1.000000000000000000e+00
5.574957163821034900e-01
9.264628194508880421e-01
4.378924890451268981e-01
-5.697077817667773880e-01
-2.385006980907898588e-01
2.574018864309534638e-01
3.071377123154550581e-01
1.000000000000000000e+00
-2.135296439494489551e-01
-3.999746636487013229e-01
-5.136283772586441865e-01
5.844390823748322195e-01
-8.515548352545772026e-01
4.662676326198515464e-01
1.000000000000000000e+00
-1.000000000000000000e+00
-5.532092952855118817e-01
-2.685983814395337399e-01
6.074096023181065895e-01
5.744568520150121760e-01
1.000000000000000000e+00
5.120965755929944851e-01
9.916141931006896559e-01
1.000000000000000000e+00
1.000000000000000000e+00
-1.000000000000000000e+00
8.893463592637834703e-01
-1.000000000000000000e+00
7.331844357335735030e-01
9.642490486682169237e-01
-1.000000000000000000e+00
1.000000000000000000e+00
-8.697287570945594348e-03
1.000000000000000000e+00
-1.000000000000000000e+00
-8.097315735095589329e-01
1.000000000000000000e+00
-9.699980992267451807e-01
-8.571709558514181704e-02
1.000000000000000000e+00
-7.549238820842278930e-01
-4.450465395065378305e-01
-2.899253798558438233e-01
1.000000000000000000e+00
5.738420540069570919e-01
-2.379518993496086143e-01
6.606274867421781938e-01
-8.664755264733281503e-02
8.344278852978538330e-01
1.000000000000000000e+00
5.661138500361626580e-01
1.000000000000000000e+00
-3.139479270050899995e-01
-4.991570992061863388e-01
-4.161728549590835713e-01
-1.497227348581234296e-01
-7.581465077748305095e-03
-2.281034617516573826e-02
1.000000000000000000e+00
1.000000000000000000e+00
-1.000000000000000000e+00
1.000000000000000000e+00
8.963840916210477627e-02
3.048976184800027966e-01
-7.459624878094230915e-01
5.834928987587987281e-01
1.651487204340213732e-01
-1.000000000000000000e+00
-8.515173870940789813e-01
5.577528609462947262e-01
1.000000000000000000e+00
1.000000000000000000e+00
-1.405810755906875820e-01
1.000000000000000000e+00
-1.000000000000000000e+00
3.177181384855818358e-01
-1.000000000000000000e+00
4.939396476594082319e-01
1.000000000000000000e+00
-4.762596006183700270e-01
-1.000000000000000000e+00
8.027842401215806722e-01
-1.000000000000000000e+00
2.861070921861662009e-01
-4.733083195359555906e-01
-2.881266957324778444e-01
3.681946567611942278e-01
1.000000000000000000e+00
1.100317125397302365e-01
3.066072500313618554e-01
-5.410971485828915961e-01
-1.860699027283922724e-01
1.000000000000000000e+00
1.770285642015576588e-01
7.236021559560988914e-01
6.188795723768256707e-01
-1.000000000000000000e+00
6.318022701085415083e-01
-8.676067803995098915e-01
9.202430212323654546e-01
1.528457156601571165e-01
1.463406572249818516e-01
-1.000000000000000000e+00
1.000000000000000000e+00
1.000000000000000000e+00
-1.000000000000000000e+00
4.062414044774171895e-01
3.989383025364884872e-01
-9.189151457148958535e-01
-1.000000000000000000e+00
-3.202643163436525997e-01
-1.000000000000000000e+00
-6.542912294606995083e-01
-9.673980624912078552e-01
1.000000000000000000e+00
-1.000000000000000000e+00
-1.000000000000000000e+00
-1.000000000000000000e+00
1.000000000000000000e+00
1.000000000000000000e+00
-2.908189184709364938e-01
1.914301485334557740e-01
1.000000000000000000e+00
3.580512142586615987e-01
1.000000000000000000e+00
-3.020658026569938426e-01
3.922840104012870199e-01
-1.574775040793721104e-01
2.416657466997800818e-01
-1.000000000000000000e+00
-9.779234833363105450e-02
-9.503316793635531168e-01
-3.507727152445355712e-02
-2.631172147149440921e-01
-1.732941379650240477e-01
-8.463151650615797772e-01
1.541543610648666018e-01
-1.000000000000000000e+00
8.323623571555394118e-01
3.146495310122143785e-01
-1.000000000000000000e+00
1.000000000000000000e+00
-1.000000000000000000e+00
-3.336484524362233750e-01
8.012122246392092695e-01
-7.297126316426467696e-01
-1.000000000000000000e+00
1.000000000000000000e+00
1.000000000000000000e+00
4.242279453197437822e-01
1.000000000000000000e+00
1.033050497474212875e-01
9.536999966353810754e-01
-2.477285776096127545e-02
2.239508726674459826e-01
1.943286807080932821e-01
-2.578778856470642089e-01
1.000000000000000000e+00
-3.284880330627332201e-02
2.980483942225680694e-01
-1.000000000000000000e+00
-1.979651346752007157e-01
-1.942001929590361775e-03
-1.000000000000000000e+00
-1.000000000000000000e+00
-8.843874668911591574e-02
-1.634989904084497847e-01
-6.379407396309619838e-01
1.000000000000000000e+00
-1.000000000000000000e+00
-9.363148902608533497e-01
1.000000000000000000e+00
1.000000000000000000e+00
8.759168958857809217e-01
1.000000000000000000e+00
6.382350644808663098e-01
3.674475936227687423e-01
-2.296379493917394266e-01
-1.709362591048048663e-01
3.714616576475279208e-01
3.380489121533045704e-01
-8.339189583073136625e-01
-1.000000000000000000e+00
8.805992961116964057e-01
-5.202553389408033357e-01
-1.000000000000000000e+00
1.000000000000000000e+00
-3.325882997484937986e-01
-6.193814628963220104e-01
2.562284766710172801e-01
2.210128963165698124e-01
9.928618854863877630e-01
-1.000000000000000000e+00
8.801405191026225872e-01
3.220484594408307699e-01
7.860226704932249397e-01
7.635613746619837050e-01
-3.297099668971330555e-01
-7.229982917774488982e-01
-4.241972407971120740e-01
-1.000000000000000000e+00
1.000000000000000000e+00
-8.455778221181112220e-02
-1.000000000000000000e+00
-1.000000000000000000e+00
6.891404267451343157e-01
4.086176624260280388e-01
-2.515834619608036116e-01
-1.000000000000000000e+00
-1.000000000000000000e+00
2.485588832910430312e-01
-8.454223635861506381e-01
-2.870152922213206059e-01
5.287589032572459491e-01
-1.000000000000000000e+00
1.115967298727607304e-01
9.172185368176724030e-01
1.000000000000000000e+00
-3.974541993594004063e-01
1.000000000000000000e+00
3.369695553052046710e-01
-9.048144614095714466e-01
-1.000000000000000000e+00
7.763686488368513050e-01
-1.000000000000000000e+00
-1.000000000000000000e+00
-7.056433519176967817e-01
5.657095434216620200e-01
-6.211472120295379318e-01
3.426962996565363628e-03
-5.651585157585563568e-01
-5.057586324926452992e-01
1.000000000000000000e+00
-6.926456835840243409e-01
-1.000000000000000000e+00
1.281472118697368767e-01
6.489585505798697307e-01
-1.000000000000000000e+00
-8.581739710314296721e-01
-1.000000000000000000e+00
1.655471747469147159e-01
1.000000000000000000e+00
8.186822845378648461e-01
6.786661122047974448e-01
-1.000000000000000000e+00
1.000000000000000000e+00
-1.000000000000000000e+00
1.000000000000000000e+00
-9.735966616056989098e-01
-1.000000000000000000e+00
-1.000000000000000000e+00
1.000000000000000000e+00
4.014069558386103020e-01
-7.564120426248251983e-01
-5.905510849583879285e-01
-6.786051091797116186e-01
2.473257063643799214e-01
-5.699793818378026122e-01
-5.903607368070462602e-01
8.859195349569987110e-02
-3.481758537638327544e-01
8.209158843816177775e-02
7.177641135282240015e-01
1.000000000000000000e+00
-1.000000000000000000e+00
-8.833697658144508136e-01
-4.208831096773075764e-01
-3.804336991567777160e-01
-1.000000000000000000e+00
-4.294791953146137597e-01
-1.000000000000000000e+00
1.000000000000000000e+00
8.830797097633806825e-01
5.819356474497054954e-01
2.698674870458152991e-02
1.000000000000000000e+00
3.872211723222725999e-01
-1.000000000000000000e+00
9.997248190034053739e-01
7.045331260987133248e-01
-1.000000000000000000e+00
9.063627384324387526e-01
-1.000000000000000000e+00
5.471912850028288755e-01
-4.991913910033999868e-01
2.917110992473876951e-01
1.000000000000000000e+00
-1.201963087156739385e-01
2.118625863262719178e-01
2.370409594480382687e-02
9.455589609258356898e-01
-6.465005077338576989e-01
8.516100469897560643e-01
-1.000000000000000000e+00
-8.308763586274221513e-01
-1.000000000000000000e+00
8.573165267663221956e-01
-1.000000000000000000e+00
1.497591972051921100e-02
-5.328642020590341755e-01
2.341688993596576229e-01
4.770754220212379271e-01
-9.918145200056802460e-03
1.000000000000000000e+00
-4.210409055254025201e-01
-1.397574363723750601e-01
-1.000000000000000000e+00
4.291131826322123755e-01
-2.168267105472389961e-02
1.000000000000000000e+00
5.595610772333416971e-01
1.265893413277803525e-01
-6.828448459026673634e-01
-1.000000000000000000e+00
1.000000000000000000e+00
1.000000000000000000e+00
-1.687063946934400926e-01
-1.000000000000000000e+00
1.368135665968861492e-02
1.000000000000000000e+00
6.370134495715081835e-01
-5.584001042127377801e-01
-7.489141388542438493e-01
-3.908943020637480892e-01
-6.008525948631318059e-01
-5.319087294524198484e-01
1.000000000000000000e+00
-1.000000000000000000e+00
7.940169333323772172e-01
-4.532879954190655591e-01
-2.581284369380245636e-01
4.186042723553830003e-01
2.403290837708279559e-01
-6.588413062368674300e-01
5.712265840120286375e-01
8.986077702805984613e-01
-1.000000000000000000e+00
1.000000000000000000e+00
1.000000000000000000e+00
1.025336765834176239e-01
-9.468155691511063177e-01
-3.090933665345565462e-01
-5.819920571601261416e-02
6.587806304213402742e-01
6.128104322809131421e-01
9.077833175249050424e-01
1.000000000000000000e+00
-4.041717297174315937e-02
5.258507346849454755e-01
-3.406871720190665087e-01
7.414853809978190213e-01
7.245555142427059225e-01
-1.000000000000000000e+00
-1.000000000000000000e+00
5.260130014588579872e-01
-1.371577613150946617e-01
1.769324641498976891e-01
-1.000000000000000000e+00
-1.000000000000000000e+00
1.000000000000000000e+00
2.578861067457962480e-02
-1.000000000000000000e+00
-4.104646771528212557e-01
5.283367400890837118e-01
-3.394124836506771936e-03
1.000000000000000000e+00
1.793071255718321488e-01
-1.000000000000000000e+00
6.309034420538091048e-01
8.419718359866101842e-01
1.000000000000000000e+00
1.000000000000000000e+00
-4.066759831721908358e-02
-1.000000000000000000e+00
2.577729778303443076e-01
1.000000000000000000e+00
9.917653288212907592e-01
2.191922896198759407e-01
-7.488991218301146446e-01
1.000000000000000000e+00
6.698027706204492393e-01
-5.949358711585317483e-02
6.931352276352348296e-02
-1.000000000000000000e+00
-2.206663984716514260e-03
-2.002327661448596863e-01
-2.345061713447352258e-01
1.000000000000000000e+00
6.914280679221131987e-01
-1.000000000000000000e+00
-9.003428798331722938e-01
7.671100205886989265e-01
1.000000000000000000e+00
-1.000000000000000000e+00
1.000000000000000000e+00
-9.386240685969433617e-01
-9.043460678075945225e-01
-2.236714388761883998e-01
-1.000000000000000000e+00
1.595993695403635226e-01
2.082013439705471536e-01
2.242804224863240159e-01
-8.817641268640510344e-01
2.666501245002135811e-01
-1.000000000000000000e+00
4.023723640227365173e-01
-4.674954615769835731e-01
-4.355969701380305037e-01
-1.000000000000000000e+00
3.935168738339840377e-01
1.000000000000000000e+00
3.892144517289889416e-01
1.846928344919413212e-01
-1.000000000000000000e+00
1.000000000000000000e+00
-1.000000000000000000e+00
1.000000000000000000e+00
-1.000000000000000000e+00
8.487420803091346722e-01
-6.460157702516122757e-02
1.000000000000000000e+00
8.177093980621146230e-01
1.000000000000000000e+00
5.949485959006861613e-01
-3.421518437686031922e-01
2.482520678404782077e-01
-5.707682878071118626e-01
3.809120196316717610e-01
-5.228255081899079171e-01
2.050485177351528687e-01
6.826307933887749702e-01
-1.000000000000000000e+00
-1.000000000000000000e+00
1.000000000000000000e+00
1.000000000000000000e+00
-1.000000000000000000e+00
-1.211265728649912748e-01
-4.312800238332384350e-02
-1.000000000000000000e+00
-9.807973065735452189e-02
-1.000000000000000000e+00
4.039344544086651556e-01
-3.964825840750438868e-01
-7.124081691964589957e-01
-5.318555638449574685e-01
1.000000000000000000e+00
-1.000000000000000000e+00
-1.793745504324853468e-01
-3.137160630773048187e-01
6.208185860693224978e-01
1.000000000000000000e+00
6.045297326534428972e-01
-1.000000000000000000e+00
-7.712209947292618384e-02
-8.084975460924741508e-01
1.000000000000000000e+00
-1.000000000000000000e+00
-1.000000000000000000e+00
-6.008569149871859638e-01
9.981478805406984733e-01
-7.053978113134971029e-01
-6.534105286434770399e-01
1.000000000000000000e+00
-7.688898398216265084e-01
1.129238797744140377e-01
1.000000000000000000e+00
-9.072660511651915449e-01
1.000000000000000000e+00
8.947027080237216490e-01
-1.000000000000000000e+00
-4.705395238718002027e-01
1.000000000000000000e+00
-2.245944677340413198e-01
-1.000000000000000000e+00
1.000000000000000000e+00
-9.691630947019245212e-01
6.234815083584165363e-01
1.000000000000000000e+00
-3.774065339374269579e-01
-5.919013609223624517e-01
5.503328621177288049e-01
1.000000000000000000e+00
1.000000000000000000e+00
-2.743385298308139708e-01
3.030835024448692017e-01
5.746011349517854416e-03
-9.864960771234614345e-01
-7.437718892935482051e-01
3.359240149125859998e-01
7.113543561337720700e-01
1.000000000000000000e+00
7.526403320765764904e-02
6.439131277042773327e-01
-5.588758921896228582e-01
1.258830749783299841e-01
1.000000000000000000e+00
-9.543859183624976428e-01
-1.000000000000000000e+00
8.828485641052625787e-01
-7.332043499819276278e-01
1.000000000000000000e+00
4.917553624074180729e-02
4.829492039792880331e-01
4.452582862319432455e-01
3.892316839897502767e-01
1.000000000000000000e+00
5.176438462957480002e-01
7.124579032275133450e-01
-2.778773877759732613e-01
-4.236931350225343618e-01
-7.576571436126772197e-01
1.000000000000000000e+00
-6.567703929837349630e-01
8.100985828530174460e-02
5.739084836329320094e-01
1.000000000000000000e+00
5.257829256376481131e-02
7.154599636443861321e-01
7.024004118214814962e-01
-1.000000000000000000e+00
-8.000161285979960901e-01
1.000000000000000000e+00
-1.000000000000000000e+00
-1.000000000000000000e+00
3.929463409485330350e-01
3.707702962300469807e-01
-3.903227382532438727e-01
3.155966623946864225e-01
-5.059587684682633757e-01
1.919477288205991006e-01
7.800452829549886502e-02
1.000000000000000000e+00
2.102731943437213813e-03
1.000000000000000000e+00
-1.000000000000000000e+00
1.000000000000000000e+00
4.276649884359716713e-01
-1.000000000000000000e+00
-6.883922434851991179e-02
2.300338212377855684e-01
1.276038001619272111e-01
-1.000000000000000000e+00
5.154987087891766961e-01
-1.000000000000000000e+00
-1.000000000000000000e+00
1.122344784159042264e-01
4.479137148450385020e-01
1.343848592221505434e-01
1.000000000000000000e+00
1.000000000000000000e+00
1.000000000000000000e+00
-7.475130503725380127e-01
8.011372761508697149e-01
-1.000000000000000000e+00
-1.000000000000000000e+00
3.761956286313437592e-01
1.000000000000000000e+00
1.112022354792764622e-02
-1.000000000000000000e+00
-4.617831342850956533e-01
-4.658915867100083541e-01
-1.000000000000000000e+00
-4.964801937827890699e-01
4.922217501858197064e-01
3.241651570211266931e-01
-1.000000000000000000e+00
3.863264088534443252e-01
-8.205772694223328889e-02
-4.487212025432784634e-01
-7.673498511514112996e-01
-3.627982689847104036e-01
5.959381262430405446e-01
3.742811223547440891e-01
-1.000000000000000000e+00
5.022763892009685094e-01
-1.405961960245030451e-01
-1.000000000000000000e+00
5.821627064157841591e-03
-1.367384271084528535e-01
-7.318135789820374715e-01
-6.097790376578291482e-01
5.257694059279708343e-01
6.389748343756187499e-01
-2.190851420249659287e-01
-1.000000000000000000e+00
-1.628736870615838661e-01
-6.968315718823582250e-01
6.132867645559555436e-01
-1.882769259321713795e-01
-2.549727675035197705e-01
-4.476633548594605161e-01
1.000000000000000000e+00
1.000000000000000000e+00
-1.812406202469044048e-02
1.000000000000000000e+00
1.000000000000000000e+00
1.000000000000000000e+00
1.000000000000000000e+00
-1.000000000000000000e+00
8.459508331495095845e-01
-1.000000000000000000e+00
-4.115819187064368445e-01
-1.000000000000000000e+00
1.000000000000000000e+00
6.402452155479605445e-01
-1.000000000000000000e+00
1.000000000000000000e+00
-6.192979009630751319e-01
-1.000000000000000000e+00
-5.565542184732912290e-01
4.536202209222657822e-01
8.738525763993452156e-01
-6.029100730306953260e-01
1.000000000000000000e+00
-7.171914921101051332e-01
3.885929854258332039e-01
-4.697664004446782116e-01
6.511850131873762049e-01
-3.119690581860284362e-01
-9.596208391040673691e-01
4.602670955706277267e-01
-1.000000000000000000e+00
5.654905861392711675e-01
-8.360891054781077747e-02
8.393386375015031708e-01
-3.710482835514886113e-01
-3.159074597465598155e-01
-6.550949655010464001e-01
-1.000000000000000000e+00
-2.145134351158347608e-01
1.000000000000000000e+00
1.000000000000000000e+00
1.000000000000000000e+00
-2.032715389096633463e-01
5.572045638451554872e-01
-7.744508488731020046e-01
6.255361726994715377e-02
-3.966050723856342358e-02
-7.192592842154342803e-01
-9.306010896262462140e-01
-3.759678745350705231e-01
9.353994216304343245e-01
1.000000000000000000e+00
-1.000000000000000000e+00
-6.111741982299602194e-01
-1.000000000000000000e+00
-1.156739357309205518e-02
3.881586021918520535e-02
1.093738671001314444e-01
-6.114087880687234522e-01
6.858889752062743428e-01
5.455183176729969663e-01
-3.365811491989900706e-01
-1.000000000000000000e+00
8.993921349805119592e-01
-1.000000000000000000e+00
1.469733836709455066e-01
1.000000000000000000e+00
3.946013861234818343e-01
-3.238287206199100265e-02
2.100925673925061743e-01
8.794610273137742906e-01
-1.000000000000000000e+00
-1.000000000000000000e+00
8.282876847931649467e-01
1.000000000000000000e+00
-7.373812116921525384e-01
4.003935084453500992e-01
8.105011124859622385e-01
1.000000000000000000e+00
5.924762034646517961e-01
-7.339945091614450412e-01
2.559219662131960726e-01
9.949568642067203594e-01
-5.343369016269362559e-01
-1.000000000000000000e+00
-4.020856052428903316e-01
6.780148741309625082e-01
7.567011064901922879e-01
6.651628883284994576e-01
-4.251458575100385828e-01
-1.235171106203356295e-01
-6.638391693676110039e-01
-9.801579852703169449e-01
-4.773471954504866499e-01
4.718221667847554701e-01
-7.340505827715624321e-01
-4.215446028382462407e-01
-9.610778451307313563e-01
8.504663967140199121e-01
-5.392665645450315237e-01
-8.410474999749034675e-01
3.250614989328090565e-01
1.000000000000000000e+00
-3.383867726395730635e-01
-1.000000000000000000e+00
1.000000000000000000e+00
1.170780253473051591e-01
-5.608721524207085918e-02
-4.382736517538975418e-01
2.063831605970141980e-01
-1.000000000000000000e+00
1.000000000000000000e+00
-4.018946906820244358e-01
2.353960839411987360e-01
-5.119840529557010411e-01
8.543736341132093237e-01
1.069048009988995684e-01
-1.000000000000000000e+00
8.524404634788845803e-02
3.078996900394490588e-01
-1.517851527162664971e-01
-2.871500800840893763e-01
8.102586495331006722e-01
-1.161556087772009360e-01
-6.759218879425746840e-01
-8.618900359406578282e-02
5.455882409886475548e-01
3.606749045435235224e-01
5.221302454614018540e-02
1.000000000000000000e+00
1.000000000000000000e+00
-1.000000000000000000e+00
3.024440165409754133e-01
6.843824481665286563e-02
-1.000000000000000000e+00
-8.965020377265270346e-01
-4.052207215919527705e-01
1.000000000000000000e+00
4.929990961604306943e-01
-9.484861906985096736e-02
8.155856311217992705e-01
8.667176124033357798e-01
-9.348555999700588481e-01
2.446866570230665228e-01
-1.000000000000000000e+00
4.710832331340041312e-01
1.000000000000000000e+00
-8.322820119751886958e-01
-1.000000000000000000e+00
3.706017827091018235e-01
1.000000000000000000e+00
2.067242254293284176e-01
5.402164065875143528e-01
3.246996167790582866e-01
-1.035314621289626924e-01
-3.482372720137297262e-01
3.039261263446750294e-01
-2.753868454856229775e-01
1.711728340693653150e-01
-2.528785582108201702e-01
8.143339493833059439e-01
-1.000000000000000000e+00
1.000000000000000000e+00
-1.000000000000000000e+00
-1.978883666773213479e-01
-9.950466748210505807e-01
-5.410167189270345123e-01
1.000000000000000000e+00
-7.253593502713999719e-01
-1.700788680689480636e-01
-2.651386432417214278e-01
-9.128022760547739589e-02
1.000000000000000000e+00
4.126073806172808611e-02
6.331772267115126640e-01
1.000000000000000000e+00
-2.033199539607248307e-01
-2.268611405431246453e-01
1.000000000000000000e+00
1.000000000000000000e+00
3.934234843778309787e-01
1.000000000000000000e+00
2.441140378480372020e-02
1.000000000000000000e+00
-4.255450999373242005e-02
-2.637840157595534030e-01
-8.126925063771407443e-01
-3.852485699058943447e-01
1.805271979197082821e-01
1.000000000000000000e+00
1.000000000000000000e+00
1.000000000000000000e+00
-1.000000000000000000e+00
2.064521889935392318e-01
4.613159863583720099e-01
-9.409569551522170006e-01
-7.682462697181861033e-01
-7.762470607528599853e-01
-1.000000000000000000e+00
-9.976553936634453557e-01
2.188635122256776255e-01
7.388274416907540942e-01
7.226745667590473987e-01
-7.555914461626742074e-02
-1.000000000000000000e+00
3.406486175318616527e-01
9.765708876679818351e-01
-1.000000000000000000e+00
-6.466169757601464285e-01
4.189653897228839963e-01
1.000000000000000000e+00
2.981455657087599409e-01
1.000000000000000000e+00
-7.186969009811776665e-01
-4.854654816366339443e-01
1.000000000000000000e+00
1.000000000000000000e+00
1.000000000000000000e+00
-1.000000000000000000e+00
-1.000000000000000000e+00
-6.941862212415639277e-01
6.794108166245322877e-01
-9.570091103142717992e-02
7.444512740649104066e-01
1.000000000000000000e+00
3.765383916859287305e-01
-4.317893495853908359e-01
-7.753387428263209813e-01
1.000000000000000000e+00
-4.019612751677138496e-01
-1.000000000000000000e+00
-6.260554416232024799e-01
1.926163462089298950e-01
1.000000000000000000e+00
8.052239001641391392e-01
-1.000000000000000000e+00
-1.000000000000000000e+00
-5.055746793551617602e-01
1.000000000000000000e+00
8.968032842351562894e-02
-3.962572502837992117e-01
7.328617043450145196e-01
-5.740797360020219453e-02
9.893235693676389886e-01
-1.251574347037375246e-01
2.360283678333186530e-01
5.857186684476376470e-01
-6.889636291285092251e-02
-4.858017499657172888e-01
-2.152270272816945162e-01
-1.400072547652768395e-01
1.000000000000000000e+00
1.000000000000000000e+00
-5.786784020708743981e-01
-3.690187454172761533e-02
9.713864327205777860e-01
-1.000000000000000000e+00
6.446478168240007411e-01
-3.468266610947913220e-01
-2.271567414814726349e-01
7.032885618297306518e-01
-5.022412624482908150e-01
1.000000000000000000e+00
-1.893857398049677843e-01
4.166987704918336810e-01
-1.000000000000000000e+00
1.000000000000000000e+00
5.335131500248994074e-01
1.672957197197375012e-01
-1.000000000000000000e+00
5.177151540071480706e-01
1.682470209055675348e-01
6.903424181978954355e-01
-5.808554933874998660e-01
1.000000000000000000e+00
1.958886118589102665e-01
2.529373734221489478e-01
1.000000000000000000e+00
2.626114125164531465e-01
-1.000000000000000000e+00
-2.160086603420136031e-01
-6.834816611214882265e-01
1.000000000000000000e+00
-4.183599242642538352e-01
-1.509109091426091842e-02
-6.037283057747866444e-01
1.000000000000000000e+00
1.000000000000000000e+00
6.298537211789921875e-01
-1.254646986918883378e-01
-1.000000000000000000e+00
-4.344263616234776970e-01
5.226552818096052988e-01
7.298051041244946191e-02
1.000000000000000000e+00
-4.904648580867894125e-01
-1.366574028730245804e-01
7.813631442844994890e-01
-1.000000000000000000e+00
-8.315559257960567496e-01
-1.000000000000000000e+00
-6.443853369435165179e-01
8.858450182934325401e-01
-4.227194609662668356e-01
-3.816749204531874051e-01
-7.201597284993129788e-01
-1.000000000000000000e+00
-5.785166465926508961e-01
4.077477054354429198e-01
1.000000000000000000e+00
2.889895068902036956e-01
8.100137773526636664e-01
4.934929289866507585e-01
3.712302660260770049e-01
1.000000000000000000e+00
-1.000000000000000000e+00
1.000000000000000000e+00
3.893294763363398525e-01
1.000000000000000000e+00
1.000000000000000000e+00
1.000000000000000000e+00
-1.628616935628277029e-01
1.735663764581004131e-01
1.000000000000000000e+00
9.377663962053318925e-02
3.558512682290634888e-01
-9.550015693041347120e-02
7.871752829558329445e-01
-1.000000000000000000e+00
-7.548380067811512051e-01
1.000000000000000000e+00
9.550373651052561641e-01
8.078294291295855523e-01
1.000000000000000000e+00
-1.036876928926336039e-01
1.161768487559450558e-01
4.467917384329203045e-01
-1.268536446469666623e-01
3.601554928463100991e-01
-2.684918492567129888e-01
-1.000000000000000000e+00
-1.000000000000000000e+00
-2.030920304085123695e-02
-7.864155864059270140e-01
-7.774585476345975688e-02
1.000000000000000000e+00
-1.000000000000000000e+00
-1.000000000000000000e+00
-4.263470341241272221e-01
-1.000000000000000000e+00
-1.000000000000000000e+00
-1.000000000000000000e+00
-9.297601722048072226e-01
1.000000000000000000e+00
-1.000000000000000000e+00
1.000000000000000000e+00
-1.098850026163499805e-01
-2.186034860521144860e-02
-7.209460729696960390e-01
-6.629946250026692578e-01
-6.144722846428918306e-02
-1.000000000000000000e+00
-1.000000000000000000e+00
2.479120405393541171e-01
3.453802192922699743e-01
7.281252041037423739e-01
-1.000000000000000000e+00
-1.000000000000000000e+00
1.000000000000000000e+00
4.962342512078042889e-01
6.556911987989628710e-01
-1.000000000000000000e+00
1.000000000000000000e+00
1.000000000000000000e+00
-6.786392564526408933e-01
-5.191000165468047101e-01
-3.165827864033881611e-01
1.000000000000000000e+00
-1.000000000000000000e+00
-5.315630234264259180e-01
-1.000000000000000000e+00
1.000000000000000000e+00
1.000000000000000000e+00
1.000000000000000000e+00
8.295246903096579194e-01
-1.000000000000000000e+00
4.266110324421510391e-01
-4.503683135845053531e-01
-1.000000000000000000e+00
-1.000000000000000000e+00
5.795358214003372144e-01
1.318061261303171694e-01
-1.000000000000000000e+00
1.000000000000000000e+00
8.917432356965147855e-04
1.000000000000000000e+00
1.191487846980810728e-01
-1.000000000000000000e+00
-1.000000000000000000e+00
1.000000000000000000e+00
4.788388240549570352e-01
-2.162214573278480323e-01
-4.966010301919578374e-01
2.720843306885687429e-01
5.323141298643082608e-01
1.000000000000000000e+00
-8.127631875048928478e-01
-1.317407958741353968e-02
-7.300678885596595391e-01
7.291028318293901744e-01
5.851467774415598511e-01
-1.000000000000000000e+00
-1.000000000000000000e+00
-1.000000000000000000e+00
9.718890389603919155e-01
1.000000000000000000e+00
-1.000000000000000000e+00
4.337989245136877892e-01
-1.000000000000000000e+00
1.000000000000000000e+00
1.000000000000000000e+00
-1.413934170792040257e-01
-6.465690348713593050e-01
-8.997258116276840578e-02
-1.000000000000000000e+00
-1.000000000000000000e+00
6.267150327992331293e-01
-1.000000000000000000e+00
1.000000000000000000e+00
5.947122106274647102e-01
-1.000000000000000000e+00
1.000000000000000000e+00
-1.000000000000000000e+00
-5.223473604755681787e-01
5.072088190425403376e-01
4.114463238555383096e-01
-1.000000000000000000e+00
1.000000000000000000e+00
1.000000000000000000e+00
4.685858206602224740e-01
-6.006895654724763167e-01
9.296963544399989843e-01
-5.340673907175911284e-01
-4.330042778748882104e-01
-1.000000000000000000e+00
-7.692853748610405384e-01
1.000000000000000000e+00
2.195739627581205500e-01
7.158224734456053451e-02
-4.144538655032509733e-01
9.144075683720409575e-01
-1.198214734894299249e-01
-1.119101845991477828e-01
1.273508549322505956e-01
1.096196212553362526e-01
-5.585588495970313927e-01
-8.916339500485968017e-01
7.268726810465379051e-01
-7.984458359644736047e-02
-1.000000000000000000e+00
-1.420107074928682045e-01
5.303092569928524735e-01
7.876044635167409602e-01
-1.000000000000000000e+00
1.000000000000000000e+00
5.713928935010293975e-01
-1.163916598721419227e-01
-9.672689837803256641e-01
1.000000000000000000e+00
5.054707744522858315e-01
-6.520956857686032171e-01
1.056461848387078295e-01
-5.233814907748223222e-01
-9.028109461696602889e-01
1.000000000000000000e+00
-2.877646397668459644e-02
1.000000000000000000e+00
1.199566616731585766e-01
1.474884587702041117e-02
-9.850348529393077035e-01
-1.000000000000000000e+00
4.275758350766732385e-01
3.001666957959267523e-01
-5.145937273293864633e-01
-3.036242034326324113e-01
-6.172627499132130602e-01
1.000000000000000000e+00
-1.180412635249975389e-01
1.000000000000000000e+00
4.690963238426362203e-01
-1.961174619113838502e-01
-7.918031402539764396e-02
1.000000000000000000e+00
9.794021804520911534e-01
3.947836413151997181e-01
8.461056578586397814e-01
1.000000000000000000e+00
-6.740084908394862184e-01
1.000000000000000000e+00
-3.567298743964654739e-01
3.081712738352009318e-01
-6.794045780475062024e-01
3.651867723754546602e-01
1.000000000000000000e+00
3.609088555628182649e-01
1.636469779200757091e-01
-1.000000000000000000e+00
-1.000000000000000000e+00
4.258545131671149786e-01
-6.432768114310000174e-01
8.936129696103946030e-01
8.835174019431937253e-01
8.867016104158198520e-01
-2.621048611441575971e-01
-7.804906275204092081e-01
3.371675247997431568e-01
-1.000000000000000000e+00
-1.000000000000000000e+00
1.000000000000000000e+00
-4.772170910755831330e-01
1.000000000000000000e+00
2.520207832221513788e-01
-7.357851150679814989e-01
-1.000000000000000000e+00
6.269693285687663042e-01
-3.850222845345021572e-01
8.518315618330808414e-01
1.000000000000000000e+00
-1.000000000000000000e+00
6.962959496444554031e-01
-9.381270112446419285e-01
3.382761197740124515e-01
1.000000000000000000e+00
-1.000000000000000000e+00
-3.457589228687655836e-01
7.381694082464131945e-01
2.094608308481129277e-01
-2.606107124022535304e-01
5.683855499847981774e-01
1.000000000000000000e+00
-3.841362953303678607e-01
2.054009480754095396e-01
-4.571714357178991439e-01
1.000000000000000000e+00
1.000000000000000000e+00
-1.000000000000000000e+00
-1.000000000000000000e+00
-1.000000000000000000e+00
1.000000000000000000e+00
7.135913760582069942e-01
1.000000000000000000e+00
1.000000000000000000e+00
1.000000000000000000e+00
3.957566592170374542e-01
-5.207185077837124254e-01
-1.000000000000000000e+00
1.000000000000000000e+00
4.898110184225092922e-01
-6.400123415338564437e-01
-6.150916288166288215e-01
-1.000000000000000000e+00
-4.988429751145422308e-01
-8.834267801527884156e-02
-1.000000000000000000e+00
1.000000000000000000e+00
-2.761904547746320548e-01
-3.487211489624471583e-01
-2.174012085762316859e-01
5.643009723830280100e-01
1.000000000000000000e+00
-1.000000000000000000e+00
5.116351957020863761e-01
1.656273895200269242e-02
1.917397366115655977e-01
3.409493785169784297e-02
1.000000000000000000e+00
-1.000000000000000000e+00
1.000000000000000000e+00
-1.000000000000000000e+00
4.299661788151495356e-01
-1.000000000000000000e+00
8.865862470934851025e-01
1.883127049616336590e-01
6.747639704025955310e-02
-5.160604101794022958e-01
6.570725019784089405e-01
1.000000000000000000e+00
4.583906540680045549e-01
4.624897317027110155e-01
1.000000000000000000e+00
-2.961083556501789560e-01
6.588084488811937200e-01
-5.644537035348191623e-01
2.438531632766822999e-01
4.049758060781404323e-01
1.000000000000000000e+00
-8.252894224588814831e-01
3.649424282337316305e-01
-7.929312084241417757e-01
-5.785626944660425819e-01
-5.080702431824665743e-03
3.303574647740367687e-01
-8.553945395040715161e-01
-3.126722370638200799e-01
-1.426473665391980172e-01
1.000000000000000000e+00
4.484329213215089704e-01
-1.000000000000000000e+00
-1.000000000000000000e+00
-1.000000000000000000e+00
2.128977257980075866e-01
1.434732797197296184e-01
1.000000000000000000e+00
-3.036918839742117071e-01
-1.000000000000000000e+00
1.000000000000000000e+00
-3.405918452968591525e-01
3.367061932921603384e-01
1.000000000000000000e+00
-8.715746865289204504e-01
-2.192345155279365465e-01
-2.330759598466835836e-01
7.377710333010826238e-01
3.802675999539470997e-01
1.000000000000000000e+00
1.734524372239786838e-01
-4.447649255941382718e-01
-9.910777980528973075e-01
7.686939979658141686e-01
1.000000000000000000e+00
-3.945607158320609265e-01
-1.813315901185345302e-01
-8.953086451640168697e-02
7.997417315996277476e-02
-7.506175946542814614e-01
4.482652368263387865e-01
-1.000000000000000000e+00
-5.492255230030906876e-01
1.000000000000000000e+00
-1.000000000000000000e+00
-4.896874668070853587e-01
1.000000000000000000e+00
1.000000000000000000e+00
-1.000000000000000000e+00
-1.931285330465175309e-01
-3.390551936018252888e-01
-9.453879578045549792e-01
3.973515534588590303e-01
1.000000000000000000e+00
1.000000000000000000e+00
-9.926470238110790545e-01
1.006775262362177292e-01
7.010257809185018729e-01
-6.713662889020367563e-01
-1.000000000000000000e+00
-8.777450166616180827e-01
7.728527680566912306e-01
9.009075004131233966e-02
5.069243764996130830e-01
-9.094653743022232950e-01
1.000000000000000000e+00
5.486726575809817152e-01
9.524009929418660869e-01
-1.000000000000000000e+00
-4.073502214254165477e-02
1.184836234344961159e-01
-8.657630398652828019e-01
1.436179773346895894e-01
4.833897181510996566e-01
-1.000000000000000000e+00
1.000000000000000000e+00
4.973869463390225287e-01
-1.000000000000000000e+00
1.832811662655629836e-01
-1.000000000000000000e+00
1.000000000000000000e+00
-1.056607860083867562e-01
1.653326076429054992e-01
2.790806317871071807e-01
1.000000000000000000e+00
-1.989789019232690581e-01
1.000000000000000000e+00
-1.000000000000000000e+00
-1.000000000000000000e+00
-1.000000000000000000e+00
-4.083719276382139496e-01
2.953959924206239207e-01
1.000000000000000000e+00
3.683196756550007334e-01
-2.609775737795327899e-01
1.000000000000000000e+00
-3.669026434697163497e-01
7.168370192055091294e-01
-1.000000000000000000e+00
6.993849729183924113e-01
-8.228281382133194322e-02
8.843967971991212318e-01
8.501496523780132097e-01
-9.936193503697157703e-02
-1.000000000000000000e+00
1.000000000000000000e+00
5.555758788812165117e-02
-3.851367940087134789e-01
-3.700691247658588479e-01
9.551855293099558164e-01
6.079848312573843394e-02
-1.000000000000000000e+00
1.000000000000000000e+00
5.593332727670956572e-01
-3.183420053682150530e-01
2.913731851839290732e-01
-4.282098162508354844e-01
-1.000000000000000000e+00
3.535844051731240056e-01
7.214351960139864239e-01
4.294275035023614739e-01
-3.342645319231380974e-01
-1.000000000000000000e+00
-5.816567617693505499e-01
-1.000000000000000000e+00
-5.131878378222245463e-01
-1.000000000000000000e+00
-1.000000000000000000e+00
4.777056845599014778e-01
5.108770938459893385e-01
-4.310611512273627710e-01
4.046846632534895072e-02
3.820966687298887887e-01
-5.818847602507100092e-01
-1.000000000000000000e+00
-1.000000000000000000e+00
1.000000000000000000e+00
1.000000000000000000e+00
-3.035718214077597343e-01
-1.000000000000000000e+00
8.612744880001217407e-01
-5.428980075790729165e-01
2.675989536873109587e-01
1.000000000000000000e+00
1.000000000000000000e+00
-5.523640855893163781e-01
-7.682724454196117048e-01
1.246871188205347092e-01
7.944676710891179772e-02
1.000000000000000000e+00
-6.468192575865866489e-01
9.720919941200881764e-01
1.885420958982934048e-01
9.654843897015140675e-01
-2.734641075888343265e-01
1.000000000000000000e+00
-5.294012038469125825e-01
1.000000000000000000e+00
-5.063438105113822196e-01
-1.129709286497329879e-01
-2.487724028490401196e-02
2.826680081180188431e-01
3.365519138967265622e-02
2.888477727045980492e-01
-5.119168754039397085e-01
-2.288674861007504169e-01
5.451889780601394397e-01
-1.000000000000000000e+00
6.626538363595230186e-01
1.000000000000000000e+00
1.488681817864309920e-01
-1.188907346918316454e-04
-8.078770478426550161e-01
1.000000000000000000e+00
-1.000000000000000000e+00
-3.007548290090821808e-01
-2.211814556929540543e-01
6.433543020082290731e-01
-2.642282996656913907e-02
-1.000000000000000000e+00
1.000000000000000000e+00
1.000000000000000000e+00
1.886016924260707217e-01
-1.000000000000000000e+00
3.695323461268978926e-02
-1.000000000000000000e+00
-4.170078418102167173e-01
-5.999966336368078856e-01
-1.000000000000000000e+00
7.526708287234977757e-01
8.339115594560424505e-01
1.000000000000000000e+00
-1.000000000000000000e+00
-5.118652890327948235e-01
-8.112163741463791489e-01
-1.022291119650899360e-01
-1.000000000000000000e+00
2.304902368327219619e-01
1.000000000000000000e+00
-3.969734800623077597e-01
-1.000000000000000000e+00
4.712529514302942202e-01
1.579230886719499016e-01
2.500000881384885076e-01
-5.393041329065410006e-01
1.000000000000000000e+00
1.532717592994850553e-01
-5.195469599731070698e-01
1.000000000000000000e+00
1.000000000000000000e+00
-1.798291241617407943e-01
-1.000000000000000000e+00
-5.579692429383664720e-02
-9.808891097458095898e-02
-8.039045641389985786e-02
-9.650164087280280745e-01
-1.000000000000000000e+00
5.946392968240056254e-01
-1.000000000000000000e+00
-1.000000000000000000e+00
-1.000000000000000000e+00
2.734121881896276474e-01
-3.040265258351818045e-01
2.616345601357615291e-01
-2.314223361658757638e-01
-5.360786742415818429e-01
9.120863302977619824e-01
2.335725620339129394e-01
1.000000000000000000e+00
8.559702799362308712e-01
6.348277233733284897e-02
-4.304409031169474931e-01
5.363292207839301384e-02
1.000000000000000000e+00
-1.000000000000000000e+00
8.110494120981578403e-01
1.000000000000000000e+00
-1.000000000000000000e+00
-9.629966344491307229e-02
1.000000000000000000e+00
-8.564502563143483460e-01
-3.377723489699068216e-01
1.000000000000000000e+00
1.000000000000000000e+00
-6.650817595302124241e-01
1.000000000000000000e+00
-5.431611021703298681e-01
5.030421303435291813e-01
2.516863078249416408e-02
-9.675714098259542428e-01
-1.000000000000000000e+00
-9.186834725631720655e-01
-1.484723355759149932e-01
-6.368464863953154920e-02
7.063175603828177884e-01
3.362693747622126361e-01
7.994380559937853681e-01
6.271496741033462385e-02
-1.000000000000000000e+00
-3.107122578462973017e-01
1.000000000000000000e+00
2.024506507412566769e-01
1.000000000000000000e+00
-5.695904302164030986e-01
5.428651121580634342e-01
6.648414251988266077e-01
-7.862931484274764404e-01
1.000000000000000000e+00
6.314646275035217249e-01
1.637947239006735389e-01
-4.314115668613048848e-01
3.070252536203665339e-01
1.000000000000000000e+00
-1.000000000000000000e+00
-1.000000000000000000e+00
1.000000000000000000e+00
-5.178787328563155823e-01
7.925135735358737055e-01
5.574718449872942960e-01
-8.929494997530765810e-01
-7.071540955247633820e-01
7.078209023747896733e-01
-8.231134614590254195e-01
-7.247866271799744409e-01
1.000000000000000000e+00
5.945643596887580928e-01
-1.000000000000000000e+00
-9.701037449001138624e-01
-3.723988831862119486e-01
-4.433020232271457917e-01
4.640336439188810225e-01
1.000000000000000000e+00
1.997283976354250756e-01
1.000000000000000000e+00
-1.000000000000000000e+00
-1.030517567674162083e-02
1.000000000000000000e+00
-2.592234182194679271e-01
1.484330654687943396e-01
-3.551976371589795067e-01
3.256025487379861638e-01
8.585866859294172260e-02
-6.560033658685135993e-01
-9.548992021885603643e-02
-1.000000000000000000e+00
-5.867945093564985726e-02
-1.000000000000000000e+00
-1.548849313907079694e-01
1.000000000000000000e+00
-4.522695151828537985e-01
3.340337460514375967e-01
1.000000000000000000e+00
1.000000000000000000e+00
1.000000000000000000e+00
-1.218110728686860045e-01
8.209238088818378021e-01
-1.000000000000000000e+00
2.037769104832314326e-01
1.000000000000000000e+00
1.000000000000000000e+00
-4.046730208811275542e-01
5.087937880218429409e-01
-3.567927910416373583e-01
5.232279044114458433e-01
1.000000000000000000e+00
1.000000000000000000e+00
-1.000000000000000000e+00
1.000000000000000000e+00
-3.412907086288087255e-01
-1.000000000000000000e+00
6.882313340900033660e-01
-1.000000000000000000e+00
-1.000000000000000000e+00
1.194754012987740699e-01
-9.649426562980681910e-01
-1.389967823448906570e-01
-1.000000000000000000e+00
1.051543066144611377e-01
-1.000000000000000000e+00
-9.239970413929549098e-02
3.117548830387628089e-01
-8.570285098116816602e-01
-3.994844990169832410e-03
-1.183683893690887778e-01
-7.706553543422891561e-01
-2.376026819693038139e-01
-6.083282865052522248e-02
1.000000000000000000e+00
1.000000000000000000e+00
-1.902038664610252727e-01
1.000000000000000000e+00
2.342871424714458584e-01
5.886462474459576433e-02
7.432977132107730922e-01
-3.734011344694159740e-01
-1.000000000000000000e+00
1.704910374632099823e-01
1.000000000000000000e+00
1.000000000000000000e+00
-1.000000000000000000e+00
-4.162953474105052232e-01
-1.000000000000000000e+00
6.376758227479626395e-01
-3.905559543908486142e-01
9.883125747214210888e-01
-3.038418553362742802e-02
4.020057428491010665e-01
1.000000000000000000e+00
2.259152581412402494e-01
-1.000000000000000000e+00
-4.193851372828539814e-01
3.516481066358084773e-01
-6.013242702222892921e-02
-7.440816239970589330e-02
-2.197122940705966698e-01
4.276001908734297641e-01
-8.847762432762334983e-03
8.867066490239061682e-02
-2.602137889747521693e-01
-9.078885844625796953e-01
-4.831029276559911656e-01
1.000000000000000000e+00
1.000000000000000000e+00
-9.584619670875145214e-01
1.000000000000000000e+00
6.376960321948453858e-01
-5.118228643974586101e-01
-4.195403206760154324e-01
4.664593924071249176e-01
2.304927696284327920e-01
1.910265618674219512e-01
8.646579827881162306e-01
-1.354647790290717801e-01
4.469752782053715290e-02
6.205403632269883285e-02
-4.461879726985110706e-01
1.000000000000000000e+00
-6.988950307715664501e-01
-9.907484466445352078e-01
-1.000000000000000000e+00
-1.289865388837784232e-01
2.566386296029689595e-01
-1.221403363966827027e-01
8.702415583457792092e-01
9.309044402599095380e-02
7.502264560030149632e-01
1.000000000000000000e+00
-1.000000000000000000e+00
4.048016638341578877e-01
8.573096021083871365e-01
-3.298954864668141029e-01
-1.977346422097591705e-01
-3.413169694872858484e-02
-1.000000000000000000e+00
-9.231826936412239615e-01
7.579527660622409346e-01
-1.000000000000000000e+00
-6.689661207890522654e-01
-9.979202285984087872e-01
9.993516798575234894e-01
-1.000000000000000000e+00
-6.437031940138382424e-01
-1.000000000000000000e+00
4.418764801186764180e-01
-1.000000000000000000e+00
1.000000000000000000e+00
7.298497603532527744e-01
-6.108860768262924790e-01
-3.260439874466105614e-01
7.323198967793345671e-02
-1.000000000000000000e+00
1.000000000000000000e+00
-3.074025567676397230e-02
1.000000000000000000e+00
1.000000000000000000e+00
6.837239580623178936e-01
1.000000000000000000e+00
1.269917932224496893e-01
-5.233618968333380028e-01
7.435759546476410353e-01
-5.466692830962660565e-01
9.501773369466880448e-01
-2.351207393056388706e-01
-7.628554941246078469e-01
1.000000000000000000e+00
-5.926413977584887860e-01
-6.115977386499411583e-01
1.000000000000000000e+00
1.000000000000000000e+00
-2.225056889956013306e-01
-1.000000000000000000e+00
-6.945215185639728173e-01
5.429423910969607414e-01
5.396091762162296135e-01
-9.091988636767295295e-02
1.000000000000000000e+00
5.419591375284056323e-01
-8.490166326723189161e-02
-1.000000000000000000e+00
-7.153869333748552606e-01
1.000000000000000000e+00
-1.000000000000000000e+00
-1.000000000000000000e+00
-6.636926937447464869e-01
-1.000000000000000000e+00
4.784835706500931707e-01
-1.000000000000000000e+00
3.138182336294295660e-02
-1.369258825325901374e-01
1.000000000000000000e+00
-9.146087581781099374e-01
4.182066110560762606e-01
4.642820235732866840e-01
-1.008359908460364635e-01
-2.383553517342942296e-01
3.017364008308767165e-01
1.000000000000000000e+00
1.000000000000000000e+00
9.335411000010218618e-01
1.000000000000000000e+00
6.573861286839066675e-05
7.079096075551383205e-01
-1.000000000000000000e+00
-7.882640580951276732e-01
4.507856034526305788e-01
-7.525249861925525918e-01
1.000000000000000000e+00
-1.000000000000000000e+00
3.816750500954910752e-01
1.661443281360887592e-01
7.895031099926459461e-01
-8.132434600768989608e-01
3.155313353160904555e-01
-6.612517968817619440e-01
1.000000000000000000e+00
1.000000000000000000e+00
-3.509440953080765202e-01
1.000000000000000000e+00
4.989498711525762187e-01
1.078832264229055982e-01
7.820685750178065776e-01
1.766344481435846714e-01
3.242943446812758812e-01
4.102180478055563739e-01
-1.000000000000000000e+00
-2.041890843421147184e-01
1.767757326194075718e-01
-8.277302024632983146e-01
4.112498295323234743e-01
-7.221239296539146979e-01
3.998297089614924471e-01
-1.000000000000000000e+00
-6.085909491995936671e-01
-5.130108024830897229e-01
-7.198724204953862449e-01
-4.914133727345157965e-01
-7.329776558226895888e-01
1.000000000000000000e+00
6.533032165325564078e-01
2.502491926050729454e-01
3.225346979516807711e-01
-1.000000000000000000e+00
3.272110767837716483e-01
-5.733507661280488055e-01
4.173570898153877717e-01
8.277038015667927962e-01
7.025613761630513654e-01
-1.000000000000000000e+00
-1.000000000000000000e+00
-3.757994913452981645e-01
-6.094849127044520143e-02
1.000000000000000000e+00
1.000000000000000000e+00
6.321336286058810705e-01
-6.283975783834316875e-01
1.000000000000000000e+00
-1.000000000000000000e+00
8.170157330863194733e-01
1.000000000000000000e+00
3.628330798023582382e-01
6.108886534005133484e-01
-4.563955949527164213e-01
1.389677796582178271e-01
3.021420118625507412e-01
1.126537840140932056e-01
-6.240201613879940989e-01
-1.000000000000000000e+00
8.531869621063308262e-01
-4.454057376086564268e-01
5.169344701564526634e-01
5.506448070016582985e-01
-6.129785260866564833e-01
8.099188399251283643e-01
1.000000000000000000e+00
3.103868520525455699e-01
-8.354295426636593191e-01
4.326686297737243336e-01
-7.140303894072260738e-01
-1.000000000000000000e+00
2.201647671805384010e-01
7.553711700278603614e-02
-6.931268823690386327e-01
-4.992077509532131252e-01
1.000000000000000000e+00
1.502948465055234384e-01
8.033801012379304662e-01
4.883641214599946379e-01
1.000000000000000000e+00
1.000000000000000000e+00
8.988569791124052522e-01
-1.000000000000000000e+00
-6.373847242225896825e-02
1.000000000000000000e+00
-1.217588055030984981e-02
-9.559873476676872261e-02
-7.483785930273679776e-01
5.593886291923322318e-01
-7.369205512388079526e-01
8.671412375208108481e-01
-1.000000000000000000e+00
-6.796926814537821437e-01
-1.000000000000000000e+00
1.000000000000000000e+00
-7.063076915087266316e-01
-6.805191275853796906e-01
1.000000000000000000e+00
4.747984688604225956e-01
-6.860106196944740775e-01
-1.000000000000000000e+00
5.816990443949817680e-01
6.601904714987076872e-01
-1.843760442380386055e-01
-1.000000000000000000e+00
-1.000000000000000000e+00
-1.000000000000000000e+00
1.000000000000000000e+00
9.770184387969235162e-01
-4.404706173742110042e-01
-1.992996773025144108e-01
9.135143184464955546e-02
-1.000000000000000000e+00
-1.000000000000000000e+00
6.713628545077521270e-01
-3.391094966237230279e-01
1.000000000000000000e+00
-6.093238108575489420e-01
-1.692453207870647236e-01
-1.789063903502623731e-01
9.153982809934891884e-01
1.000000000000000000e+00
1.000000000000000000e+00
1.000000000000000000e+00
-5.884140328041308488e-01
-9.890529074185216984e-01
2.988651074071072555e-01
-1.000000000000000000e+00
-1.000000000000000000e+00
-5.188318144404455712e-01
-1.000000000000000000e+00
5.975138358242444436e-01
-1.000000000000000000e+00
-1.000000000000000000e+00
-6.659298960333707162e-01
2.685029703668100343e-01
-1.000000000000000000e+00
-1.000000000000000000e+00
4.583601429863004562e-01
1.000000000000000000e+00
-5.135059325034411204e-01
4.155031330088677644e-01
7.658059984135403564e-01
-7.602709759219542507e-01
1.515003212380689190e-01
-9.217378017961776193e-02
8.745847896406979682e-01
9.615270007589056256e-01
6.340056996089049601e-01
-1.519837628228244697e-01
7.755907632095464521e-01
-1.000000000000000000e+00
-3.754004196401693472e-01
-5.619290659838276358e-01
-7.866530459781417850e-02
-8.412163208543752546e-01
-8.756035596201287019e-01
-3.384258440028374282e-01
-1.000000000000000000e+00
1.000000000000000000e+00
-2.445873326498242961e-01
-4.189895901298144598e-01
-8.059944283695241740e-01
-5.675459127195842113e-01
2.435636153665660664e-01
1.000000000000000000e+00
-1.000000000000000000e+00
1.000000000000000000e+00
-7.471824042631729501e-01
-9.114428845626892928e-02
-1.000000000000000000e+00
-1.000000000000000000e+00
1.387963963966317715e-01
5.668976188834072838e-01
-1.574209276024153281e-01
-9.998049322317932308e-01
-1.000000000000000000e+00
-1.000000000000000000e+00
-1.000000000000000000e+00
1.000000000000000000e+00
-1.000000000000000000e+00
-1.009844634310060746e-01
1.000000000000000000e+00
-4.248678946713567162e-01
2.570650301515242653e-01
-1.000000000000000000e+00
-1.000000000000000000e+00
-1.000000000000000000e+00
1.000000000000000000e+00
-1.000000000000000000e+00
-7.209514652436611881e-02
9.677069772940340986e-01
8.593751832325446927e-01
7.961681855564103905e-02
1.000000000000000000e+00
-5.047428349429240457e-01
1.000000000000000000e+00
4.467229528106285430e-02
-1.000000000000000000e+00
6.052769550946893728e-01
1.884468746198783573e-01
3.142903569312403556e-01
9.340210402938891043e-01
-8.532582738166065717e-01
5.181009293868393817e-02
3.172162655132260145e-02
6.052480733228310372e-02
1.000000000000000000e+00
1.625221240741465123e-01
6.905022948809916850e-01
5.761932218724440391e-01
-4.223443719922062023e-01
2.770035565233471830e-01
2.092836922875436767e-01
-4.460187954863952253e-01
1.000000000000000000e+00
-9.950371642688785045e-02
-6.278092738227686320e-03
-2.838743214629285694e-01
-9.490628869220597841e-02
-1.000000000000000000e+00
8.159292715887614955e-01
1.000000000000000000e+00
1.000000000000000000e+00
9.102429006263849098e-01
9.234930122104764161e-01
-1.000000000000000000e+00
-3.664257624563440618e-01
1.000000000000000000e+00
9.891111426068550649e-01
1.000000000000000000e+00
4.344054584824691423e-01
-6.729112139224393552e-01
-1.000000000000000000e+00
-9.259596636552204219e-01
6.700581848915274641e-01
4.086399621593829190e-01
-8.706876152135584190e-03
-1.000000000000000000e+00
8.747280201622450457e-01
6.268577176532019735e-01
-1.000000000000000000e+00
-8.186420672902863238e-01
6.184352678391979996e-02
-1.000000000000000000e+00
9.893047920386136562e-01
-8.722050767266240623e-01
-5.857394754789519986e-01
7.717154468445960314e-01
9.459055993071422419e-01
4.639937249055824942e-01
-1.000000000000000000e+00
1.729245176306243859e-01
-9.316770429813960863e-01
-4.033463702599756617e-01
-5.681792582964675931e-02
3.896012576119609605e-01
-1.000000000000000000e+00
1.397940815949982318e-01
4.541412984862629454e-01
5.533231867912182800e-01
-1.000000000000000000e+00
-1.000000000000000000e+00
4.365144394814202689e-01
-1.000000000000000000e+00
1.000000000000000000e+00
5.625530376842615699e-01
7.635124887727013920e-01
-1.000000000000000000e+00
3.332830104354546075e-01
1.000000000000000000e+00
-1.000000000000000000e+00
3.695131877690168154e-01
-6.265581605623357642e-02
-2.850126402798610625e-01
9.347943259829533114e-01
6.248087291193556991e-01
-9.159483070668608118e-01
3.684838190114170797e-01
1.000000000000000000e+00
-1.112174315577158235e-01
-1.000000000000000000e+00
1.000000000000000000e+00
-6.888610431717756555e-01
1.000000000000000000e+00
-9.236163391995669270e-02
6.259685007045932004e-01
8.289168690723568433e-01
1.000000000000000000e+00
8.192482374053593197e-02
1.000000000000000000e+00
5.070360961860842508e-01
1.629726459451999732e-01
-1.000000000000000000e+00
-4.021379630034763730e-01
-1.000000000000000000e+00
-2.337003933243628206e-02
2.391609279037487656e-01
-2.627557041087975054e-01
-3.248966239661568167e-01
-1.000000000000000000e+00
-3.826667693235745182e-01
3.822199296574383398e-01
-1.000000000000000000e+00
3.388805144906215094e-01
1.000000000000000000e+00
2.683196449503029712e-01
-3.613150587503241584e-01
-8.447309153254609626e-01
-1.000000000000000000e+00
-1.000000000000000000e+00
-5.427085378269486116e-02
-1.980897061920803004e-01
-4.556449976930885271e-01
8.880015636965361558e-01
4.144187216190146628e-01
-5.943510786977762583e-01
3.877237236870098025e-01
-1.000000000000000000e+00
1.000000000000000000e+00
1.502920442156195358e-01
-8.261899851878008461e-01
1.000000000000000000e+00
-6.525408571560340487e-01
-4.925611410092122777e-01
1.000000000000000000e+00
-1.000000000000000000e+00
-1.000000000000000000e+00
1.000000000000000000e+00
5.270499893337061981e-02
-2.857597769551823985e-01
-6.156270489670235824e-01
7.722031390978920662e-01
-4.510784745477452451e-01
-7.663457288410957524e-01
8.920086454313054247e-01
1.000000000000000000e+00
-9.355072300567979227e-03
-1.000000000000000000e+00
-6.194843691583923340e-01
1.000000000000000000e+00
4.711691252351708492e-01
4.754527660349049389e-01
-1.000000000000000000e+00
-1.777876704025685983e-01
-6.433639941484282643e-01
1.000000000000000000e+00
1.000000000000000000e+00
-1.000000000000000000e+00
2.341462198469269063e-01
-6.616911775283629282e-01
1.000000000000000000e+00
1.000000000000000000e+00
-3.764732883133374841e-01
4.117151214668541837e-01
-8.167044686695260070e-02
-3.177375854358075458e-01
-4.358766156421167159e-01
1.000000000000000000e+00
1.000000000000000000e+00
-1.000000000000000000e+00
-5.047904684071443659e-01
8.241991031417728042e-01
4.494952570829748861e-01
-1.000000000000000000e+00
-9.700547725054259329e-02
-6.582727337991878258e-01
-9.317520810492121441e-01
1.000000000000000000e+00
9.443968552280266326e-01
4.381948899488923854e-01
-5.264582306758675001e-01
1.000000000000000000e+00
-8.387082604285518439e-01
5.441901491603355900e-01
8.033209381180654862e-01
-1.000000000000000000e+00
-1.000000000000000000e+00
4.784841510119983710e-01
-3.057559328222564932e-01
1.182628388878328024e-01
-8.704581445727178901e-02
-1.000000000000000000e+00
6.775260276940223703e-01
1.000000000000000000e+00
-8.819911951373951009e-01
-5.796613924723560407e-01
1.000000000000000000e+00
-1.000000000000000000e+00
-2.623263454425409438e-02
9.096369050380632704e-01
8.999886118293034531e-01
-5.590875222508211451e-01
-6.562177893703688980e-01
-2.898062139053889097e-01
-1.000000000000000000e+00
-5.659053117599904814e-01
8.091218347983285542e-01
7.038122885857414079e-01
-8.917209016157671142e-01
-1.000000000000000000e+00
-7.057084722869319537e-02
-1.000000000000000000e+00
1.000000000000000000e+00
4.206629001523480849e-01
5.433119564652014732e-01
3.832843015040987567e-02
-1.000000000000000000e+00
1.000000000000000000e+00
-4.230915165061368000e-01
-3.049752414141602697e-01
7.440639691686692370e-01
-1.000000000000000000e+00
1.000000000000000000e+00
-1.549652437063335775e-01
1.000000000000000000e+00
1.000000000000000000e+00
-1.000000000000000000e+00
-2.202223716155372879e-01
8.259595935423863500e-01
5.778814229088697907e-01
-5.438482222243010700e-01
1.000000000000000000e+00
5.845657086772634292e-01
-1.000000000000000000e+00
5.169034969479557873e-02
-2.677604858732677839e-01
1.000000000000000000e+00
-5.317244586612722701e-01
7.694597181477431658e-01
-3.660165278189894678e-01
1.000000000000000000e+00
-1.674956506117012134e-01
3.125646277848089238e-01
4.105764755414019751e-01
-6.406658395768239922e-01
1.000000000000000000e+00
1.000000000000000000e+00
1.000000000000000000e+00
9.291949401146202270e-01
-4.557030464108784984e-01
2.817512968343985902e-01
-7.900236690532175254e-02
-5.052823603309670730e-01
-4.025345467765398810e-01
1.682194561474359695e-01
-6.990208086836491308e-01
1.000000000000000000e+00
-6.619616062490518704e-02
-5.036081431043203382e-01
-5.362155762160878414e-01
1.000000000000000000e+00
-3.366253863788967737e-01
4.800384837217702150e-01
8.873752140599547866e-01
8.135492297747770607e-01
-1.000000000000000000e+00
-1.000000000000000000e+00
-4.047614652183336714e-01
-1.000000000000000000e+00
-1.000000000000000000e+00
-8.166921059109910619e-01
3.846993376029110845e-01
7.912341239773001966e-01
-6.167248013252913941e-01
1.000000000000000000e+00
-1.763845090017378547e-01
-4.408814349019657408e-03
2.284103562990827951e-01
1.000000000000000000e+00
4.442644973900577443e-01
1.844002784512058513e-01
3.829357515561915282e-01
-6.409155285115099021e-01
1.000000000000000000e+00
-9.511404355278832434e-02
9.249660766600714679e-01
-1.000000000000000000e+00
-8.156801578743289038e-01
-5.266830606851877761e-01
-6.916009310802508914e-01
1.000000000000000000e+00
-4.987957847900529318e-01
1.000000000000000000e+00
-6.241129503616295038e-01
-1.000000000000000000e+00
-9.502442340259664721e-02
1.187533137833132746e-02
-4.520760812202722634e-01
-1.000000000000000000e+00
7.144570785172807970e-01
-2.050315644556249817e-01
-1.000000000000000000e+00
1.000000000000000000e+00
-1.000000000000000000e+00
8.926379559370395400e-01
1.000000000000000000e+00
-2.448155930347452325e-01
1.000000000000000000e+00
-8.381027382596805131e-01
-1.000000000000000000e+00
-7.568399723857277550e-01
4.713982651160406045e-02
1.271240674446027230e-01
-2.482600438212851646e-01
-1.081229250425272403e-01
1.000000000000000000e+00
-5.942897967220799327e-01
1.000000000000000000e+00
2.165021197317311408e-01
-2.123336573000067506e-01
9.926895155390074166e-01
-4.223191645616110601e-01
-1.000000000000000000e+00
-1.000000000000000000e+00
-6.474263278173293390e-01
9.632371027620628690e-02
-1.000000000000000000e+00
5.172732861119591630e-02
1.000000000000000000e+00
3.168195288721478708e-01
4.735053193490574852e-01
3.399703676211467962e-01
-5.594459233874488069e-01
5.565596589067960398e-01
1.000000000000000000e+00
-6.289246591622107418e-01
1.000000000000000000e+00
1.926727666013878792e-01
6.170058686570671913e-01
1.000000000000000000e+00
7.606066676079685784e-01
-5.244472914352840132e-01
1.191521782099209947e-01
1.000000000000000000e+00
-3.633985470745115798e-04
-6.017546272870302193e-01
7.890600422070772613e-01
-5.484511917843146733e-01
5.096570908670685629e-01
1.000000000000000000e+00
-9.727420075977114555e-01
8.859254981847188848e-01
-8.847510309534105666e-01
2.623892918729495149e-01
-1.000000000000000000e+00
-4.829716591754440458e-02
-3.886802098451352383e-01
5.575355378109911886e-01
-2.864475763206214554e-02
-3.098409979033499018e-01
-1.353799137288229648e-01
-3.154488590386468894e-01
-1.534881397486632104e-01
3.349827356256776523e-01
-1.000000000000000000e+00
1.000000000000000000e+00
-2.175743253626405416e-01
-2.480505863575710179e-01
-5.743123733621127158e-01
-3.155523899567591606e-01
-7.448936260106983065e-01
8.677573611160328548e-01
-7.898486053612016056e-01
-8.136661091160807269e-01
1.000000000000000000e+00
-1.974050456735429449e-02
1.000000000000000000e+00
1.000000000000000000e+00
6.692583192736721864e-01
-6.508698215795301334e-02
-3.772013491537829499e-01
5.168374282947280074e-01
2.212954007342180507e-01
3.580001884873398876e-01
-1.148424851328209706e-01
1.819335535866729581e-01
8.226739686241992811e-01
-1.000000000000000000e+00
-1.000000000000000000e+00
2.605492557166775303e-01
3.992573033756788847e-01
-1.013168364460137472e-04
-9.178690098436089739e-01
2.690212687294661342e-01
2.234184158396318454e-01
1.000000000000000000e+00
-1.000000000000000000e+00
-1.000000000000000000e+00
-4.235578492535167494e-01
8.271310503809504722e-01
-1.000000000000000000e+00
-6.138506416013931322e-01
1.000000000000000000e+00
1.000000000000000000e+00
1.000000000000000000e+00
1.000000000000000000e+00
-1.000000000000000000e+00
1.000000000000000000e+00
1.000000000000000000e+00
1.000000000000000000e+00
1.000000000000000000e+00
-1.000000000000000000e+00
1.000000000000000000e+00
-7.746177043747892732e-01
-1.000000000000000000e+00
-1.000000000000000000e+00
-4.383742430542305613e-01
1.000000000000000000e+00
9.561004633650842521e-01
-4.802237975908019152e-01
2.042214377783123924e-01
-9.141236792815872203e-01
1.000000000000000000e+00
8.352940026181534527e-01
8.427845549074710618e-01
-3.922484000019316741e-01
-1.000000000000000000e+00
1.000000000000000000e+00
-1.735516215835734566e-01
2.735569563826112938e-01
-2.760985316381274202e-01
1.000000000000000000e+00
-8.906508329548625813e-01
-6.737161995265408265e-01
-5.288913389042528834e-01
-2.063161867182782827e-01
1.000000000000000000e+00
-2.269213244286595599e-01
-2.156427889583047985e-01
3.315462707750231608e-02
-3.842670311840975517e-01
-1.505810542894152337e-02
2.312173855164419145e-01
7.287943753630969912e-01
1.000000000000000000e+00
1.000000000000000000e+00
-1.000000000000000000e+00
-1.000000000000000000e+00
-5.087909383282426257e-01
4.587792865154232680e-01
1.000000000000000000e+00
1.000000000000000000e+00
-1.000000000000000000e+00
1.857595642684394810e-01
-1.000000000000000000e+00
5.755702400074070857e-01
5.192574693500571215e-01
-6.154060014418112345e-01
8.880868287259353622e-01
6.358140972127703794e-01
6.209732613352125785e-01
-1.000000000000000000e+00
-2.704718262869467704e-01
1.000000000000000000e+00
3.473082385707561004e-01
1.000000000000000000e+00
5.234436894564277187e-01
-1.000000000000000000e+00
6.245101556591599046e-01
-9.268718218705531697e-01
7.470976994297551244e-03
6.578403554139932163e-01
1.000000000000000000e+00
-6.333904470040745416e-01
9.867376835333446783e-02
9.429317392788334473e-01
5.443770407812558165e-01
-5.455760876959669936e-01
2.152240398677542355e-01
-1.190448653450992267e-01
9.089642782963252010e-01
-8.098202122343691745e-01
1.000000000000000000e+00
1.000000000000000000e+00
1.000000000000000000e+00
-9.198411098181725754e-01
1.000000000000000000e+00
-1.000000000000000000e+00
-5.828071555966460870e-01
-5.413518211701238148e-01
-1.000000000000000000e+00
2.465866013327772666e-01
3.600121165871970619e-01
-4.763689852399311531e-01
-1.000000000000000000e+00
-6.916784676650750141e-01
1.000000000000000000e+00
-5.720830258078151154e-01
-6.624053949555606113e-01
8.948138900248221450e-01
-5.441505767666074411e-02
3.744846514088728817e-01
-5.838141877135855085e-03
-1.000000000000000000e+00
-7.812897806137192314e-01
-8.934278332704759240e-01
-7.738433768393255807e-01
1.182672685446348182e-01
-3.612931772534213604e-01
1.000000000000000000e+00
7.501686030609684419e-01
8.564763084739385191e-02
-5.838778911670869931e-01
4.496403368113097709e-01
-1.822042592168669761e-02
-3.892518285625436864e-02
1.285122133078253626e-02
-1.530619914892140387e-01
1.000000000000000000e+00
1.000000000000000000e+00
-8.826921996779479862e-02
7.855934787307765621e-01
-7.405640313246197870e-02
-7.107216731369849771e-01
8.214840918935137903e-01
-8.509669999680555819e-01
-1.791374371704460566e-01
-6.253286030445580623e-01
1.000000000000000000e+00
-6.803922872248399090e-01
-5.810162765663064999e-01
-4.865722933106943482e-01
-1.000000000000000000e+00
-3.909590819036686815e-01
-3.593736967995087017e-02
-7.248612918051197118e-01
1.000000000000000000e+00
-2.049967528507259940e-02
-7.445789724554355282e-02
9.341794188071819161e-01
-3.612908036901371633e-01
7.517984906223662556e-01
9.542273509890009109e-01
-9.522345226199417922e-01
-7.286569903633512979e-01
8.074802514075547499e-01
1.000000000000000000e+00
-1.000000000000000000e+00
3.391040744336497603e-01
-3.605958727565150568e-01
-6.107503482656140292e-01
-1.220101210832700428e-02
1.826636067205564262e-01
1.467021259904743857e-02
3.072738282914335706e-01
1.000000000000000000e+00
-5.328935582942321281e-01
7.777469464127945153e-01
5.024718610611893926e-02
-2.569513577099535317e-01
-9.598254659225802232e-02
1.237157419835099026e-01
-5.356432046614901799e-01
2.855937028965853663e-01
-2.150987968009581558e-02
1.000000000000000000e+00
4.836446215781831093e-01
7.480255924221650421e-01
3.599701467414195277e-01
-4.115706981071454162e-01
1.130247170084941466e-01
1.000000000000000000e+00
-2.724862668049665704e-01
-5.064470428036983440e-01
-1.000000000000000000e+00
7.548913540652917309e-01
-1.000000000000000000e+00
-1.000000000000000000e+00
-1.000000000000000000e+00
-5.662147428059605136e-02
-1.000000000000000000e+00
-1.000000000000000000e+00
1.000000000000000000e+00
8.755295749548095419e-01
1.000000000000000000e+00
1.000000000000000000e+00
1.246794347398540309e-01
5.950733502289282661e-01
-5.316388690221945934e-01
4.667335771721770055e-01
-7.533524840497339836e-01
1.000000000000000000e+00
-1.000000000000000000e+00
-6.591077153823972357e-02
-1.000000000000000000e+00
-1.000000000000000000e+00
-1.000000000000000000e+00
-7.186283894958807039e-01
-1.000000000000000000e+00
9.641765824744474855e-01
-1.000000000000000000e+00
5.036620545732469756e-01
-3.400787774165029420e-01
7.090541885886660900e-01
-1.000000000000000000e+00
-1.831475482118866682e-01
-5.273310138167914829e-01
2.224324496243945681e-01
1.000000000000000000e+00
1.000000000000000000e+00
5.175308643564250355e-01
1.000000000000000000e+00
-2.283273545144546557e-01
-1.000000000000000000e+00
-1.000000000000000000e+00
9.785582003584637478e-01
-6.296829023117742619e-01
6.696889401063786940e-01
-2.334702221222783036e-01
-2.485198683424092725e-01
-2.428546566052874056e-01
1.000000000000000000e+00
-1.000000000000000000e+00
-1.000000000000000000e+00
-1.000000000000000000e+00
-3.290109987620138399e-01
5.827979125707035690e-01
1.000000000000000000e+00
-1.000000000000000000e+00
-8.289304191939641520e-01
6.701232817403877107e-01
1.313280856197524271e-01
-7.160094615065719648e-01
8.249785478545952344e-01
-8.563107986807515226e-02
1.000000000000000000e+00
4.636707249913082918e-01
4.528020236372806151e-01
1.000000000000000000e+00
-7.177454466864564564e-01
-4.834548208462262631e-01
-1.000000000000000000e+00
-8.804189632185033254e-01
1.000000000000000000e+00
1.000000000000000000e+00
1.000000000000000000e+00
8.152525195044807438e-01
-2.920394462318213757e-01
-1.000000000000000000e+00
-2.270791095257794490e-01
-2.989338771958702790e-01
-1.531214766848031650e-01
2.044544185993164287e-01
5.239656054901556947e-01
-4.471460788890998517e-01
8.447480802621866181e-01
-5.765892722514093238e-02
1.000000000000000000e+00
8.575950945636865441e-01
-8.321167567798340992e-01
2.592512058740710779e-01
5.525449135669556755e-01
4.500867126059769907e-01
7.949429905798917062e-01
1.000000000000000000e+00
-7.656479280389434372e-01
1.000000000000000000e+00
1.000000000000000000e+00
1.000000000000000000e+00
-1.000000000000000000e+00
1.800580043511816608e-01
-1.000000000000000000e+00
-8.049485478398454852e-01
-3.168582909936391023e-01
9.584638500710165321e-01
1.000000000000000000e+00
2.121237027648672779e-01
-1.000000000000000000e+00
5.605132472069712657e-01
-9.698798388604409348e-01
-1.000000000000000000e+00
-2.239477293507102507e-01
1.492111437041585553e-01
-1.000000000000000000e+00
1.978976522218711398e-01
1.000000000000000000e+00
-3.719546019600834114e-02
2.518175990535307385e-01
-1.647846571608320154e-01
1.829702625791450876e-01
5.813317208453538942e-02
-1.000000000000000000e+00
-2.034138782477938889e-01
6.060492071325542657e-02
-2.754347715855388901e-02
1.000000000000000000e+00
-2.907359514526393074e-01
2.652397838358696025e-01
1.000000000000000000e+00
2.105542989541716037e-01
9.265048165700714433e-01
8.592529061388902711e-01
-2.455503550046846950e-01
-3.026069679375140153e-01
1.000000000000000000e+00
5.348621422650664536e-01
-1.000000000000000000e+00
-2.101784104221049443e-02
1.000000000000000000e+00
5.069858711630315096e-01
-2.054647552467097904e-01
5.106715138911144258e-02
9.992842139260444956e-01
-2.295394753764613549e-01
-1.000000000000000000e+00
-8.922497571714533837e-01
-1.000000000000000000e+00
-6.019025791807132153e-01
-1.000000000000000000e+00
1.000000000000000000e+00
1.000000000000000000e+00
1.008307389253349784e-01
-1.000000000000000000e+00
5.294460820421339475e-01
9.855835309406810740e-01
1.000000000000000000e+00
-8.546581763292623313e-01
5.467558998226548228e-01
-1.000000000000000000e+00
-5.033760271710309153e-01
-8.290644895450548502e-01
2.011357418242211703e-01
-6.123745185520246270e-01
1.000000000000000000e+00
8.770237801495857077e-01
-1.000000000000000000e+00
6.715624625564838857e-01
-4.966524275181368742e-01
-1.000000000000000000e+00
4.859534922975108223e-03
-8.079133907894446853e-01
-3.928559025820755890e-01
8.168297207719555919e-01
-1.000000000000000000e+00
-2.040698023556016816e-01
6.660922303494722918e-01
8.125039117075701922e-01
9.931508219686716599e-01
-9.818114242265982838e-01
-7.012723816010299482e-02
6.183727258095264023e-01
8.706301701588601283e-01
1.000000000000000000e+00
9.100272244399090771e-02
5.031629737778142708e-01
-1.000000000000000000e+00
1.000000000000000000e+00
-6.382857894156956924e-02
-1.000000000000000000e+00
-1.000000000000000000e+00
-5.215287184844553670e-01
-1.000000000000000000e+00
1.000000000000000000e+00
5.991023985995402867e-02
6.032036798552420365e-01
-1.000000000000000000e+00
8.425297448490645102e-01
-1.000000000000000000e+00
1.731248638570297982e-01
1.000000000000000000e+00
-8.847053617769036205e-01
-1.000000000000000000e+00
-1.000000000000000000e+00
-4.870350154267391596e-01
-7.565023000679221843e-01
-3.747443139837416393e-01
9.152839417357023777e-01
2.958313037822256630e-01
-1.000000000000000000e+00
7.334718898737584425e-01
-1.000000000000000000e+00
-9.771919051875077589e-03
-9.508703718741275956e-01
1.088309391439269413e-01
-3.399041194408010114e-01
1.401426791988847065e-01
-4.188310012467084120e-01
-1.771606676879874387e-01
