-8.957776961165365703e-01
3.946397966235245525e-01
-1.000000000000000000e+00
1.000000000000000000e+00
1.885785152362495776e-01
-1.472666062120243646e-01
-1.000000000000000000e+00
6.478576311264662158e-01
1.000000000000000000e+00
5.633116658359247353e-01
-1.000000000000000000e+00
-1.128760093306449691e-01
-1.000000000000000000e+00
1.000000000000000000e+00
1.000000000000000000e+00
2.961633224613889892e-01
-2.412065889957056841e-01
5.226309985011298176e-01
-2.677193986442261142e-01
-8.005764397416141875e-01
-4.480312494561349279e-01
1.000000000000000000e+00
-8.171050714291258066e-01
-1.000000000000000000e+00
1.000000000000000000e+00
-2.050220465785951574e-01
5.070953718911072050e-01
-1.000000000000000000e+00
-3.229259576628878969e-01
-1.284687201445471882e-01
-9.275589888028392682e-01
1.000000000000000000e+00
-1.000000000000000000e+00
-1.000000000000000000e+00
1.000000000000000000e+00
-6.378429294936766025e-01
1.000000000000000000e+00
-5.264999855948514496e-01
1.484833776712976838e-01
-8.928022645451819672e-01
-1.000000000000000000e+00
-5.339541076694475086e-01
-1.000000000000000000e+00
1.000000000000000000e+00
1.000000000000000000e+00
2.171557505617888184e-01
-1.000000000000000000e+00
-1.000000000000000000e+00
-9.759742589825782799e-01
1.000000000000000000e+00
-4.709974451630905001e-01
-1.000000000000000000e+00
1.000000000000000000e+00
-8.557299575748467113e-02
-1.000000000000000000e+00
1.000000000000000000e+00
-1.000000000000000000e+00
-1.492912213638404317e-01
-1.000000000000000000e+00
1.513597017181917415e-01
6.669016689873353831e-01
-1.000000000000000000e+00
1.000000000000000000e+00
-8.252904329932204686e-01
9.393521848150705456e-01
-1.000000000000000000e+00
-1.000000000000000000e+00
-1.000000000000000000e+00
-8.981857472932985864e-02
8.261983275355125889e-01
-5.430417120122890129e-01
6.615330773432991363e-01
5.432829620355276168e-01
6.649020741596578521e-01
-1.000000000000000000e+00
1.000000000000000000e+00
-1.000000000000000000e+00
-1.000000000000000000e+00
7.736172742743097075e-01
1.000000000000000000e+00
-1.000000000000000000e+00
-1.000000000000000000e+00
1.000000000000000000e+00
-1.000000000000000000e+00
-9.085904475789337020e-01
1.000000000000000000e+00
-1.000000000000000000e+00
-4.395313544220148527e-01
-2.278439633706258738e-01
-1.000000000000000000e+00
-9.891246161738072029e-01
-1.288171357826689012e-01
1.000000000000000000e+00
-3.189452333110405213e-01
1.000000000000000000e+00
-1.000000000000000000e+00
1.000000000000000000e+00
1.000000000000000000e+00
-3.458906765666854843e-01
-1.000000000000000000e+00
2.972060201711673733e-01
-8.638248873461608079e-01
-2.224497396812700201e-01
-8.919827818919101592e-02
-1.000000000000000000e+00
-5.368265329472604597e-01
2.646367852076719762e-02
7.485843474832298838e-02
6.276245492264028725e-01
-6.687416886167105723e-01
-7.712790813110794730e-01
1.000000000000000000e+00
-1.342012841986147675e-01
1.000000000000000000e+00
-1.000000000000000000e+00
5.378993746722839087e-02
8.459737412288423908e-01
-3.574378636633265272e-01
-4.066884325103075071e-01
-2.277437735658981444e-01
2.294967277529040839e-01
6.936948546251778258e-02
8.087585627915837572e-01
4.396116959730566598e-01
-8.676289518984036109e-01
1.000000000000000000e+00
1.000000000000000000e+00
-7.773732647854232347e-01
-1.000000000000000000e+00
-1.000000000000000000e+00
-2.203645211159561690e-01
-1.000000000000000000e+00
6.789097195153880326e-01
-1.641519340407254779e-01
9.909322884552221877e-01
-1.782994406792556275e-01
-1.000000000000000000e+00
-1.000000000000000000e+00
-2.477684240800317322e-02
-5.240541205568574057e-01
1.000000000000000000e+00
-2.620477090772059259e-01
1.000000000000000000e+00
2.887169755556051598e-02
2.500592201699334827e-01
7.519518894616150639e-02
-9.517914450378183178e-01
-3.141535699953393324e-01
6.491717526509357405e-01
1.000000000000000000e+00
1.000000000000000000e+00
1.000000000000000000e+00
1.000000000000000000e+00
-1.000000000000000000e+00
-8.258314670738306496e-02
-2.182046947533906600e-01
1.000000000000000000e+00
2.447174718200024190e-01
-2.203889350283355641e-02
1.000000000000000000e+00
1.000000000000000000e+00
8.786694657142035680e-01
-1.000000000000000000e+00
-1.000000000000000000e+00
-6.326442066288188171e-01
-5.329982014047209837e-01
1.000000000000000000e+00
1.000000000000000000e+00
-7.872270179339541096e-01
8.019996664177451162e-01
1.260172279767446391e-01
-1.000000000000000000e+00
-1.000000000000000000e+00
1.000000000000000000e+00
-1.000000000000000000e+00
1.074439505232249736e-01
8.503644308478253144e-02
-6.139278087576023335e-01
-1.000000000000000000e+00
-1.000000000000000000e+00
-3.103339115130775427e-01
-1.000000000000000000e+00
1.000000000000000000e+00
-1.000000000000000000e+00
8.164964430240320148e-01
-1.000000000000000000e+00
-1.000000000000000000e+00
-1.000000000000000000e+00
9.396412606362110065e-01
-7.199215268691256941e-01
2.601704858021388067e-01
-4.897645182932797159e-02
-1.000000000000000000e+00
1.076604480998734625e-01
-1.649144130976554212e-01
-6.268576761240370887e-01
-7.790921754803048493e-02
-4.250155240534041479e-01
9.881220591438322209e-01
-8.055011945287612329e-01
-1.000000000000000000e+00
1.957524788249396241e-01
-1.000000000000000000e+00
1.000000000000000000e+00
-1.000000000000000000e+00
-1.000000000000000000e+00
-1.000000000000000000e+00
-5.489303735431450004e-02
-8.720308288199494218e-01
6.188785965642987774e-01
-6.138108957161663159e-01
9.383228974273803702e-02
-7.241878642064824012e-01
-1.000000000000000000e+00
-5.715186416499755673e-01
-1.993045277912615931e-01
-3.764220678348674798e-01
-7.080106178979703735e-01
-1.000000000000000000e+00
1.000000000000000000e+00
-4.744209375611529445e-01
1.000000000000000000e+00
7.636369300050158682e-01
7.517809371189856371e-01
-1.000000000000000000e+00
4.671942556360513255e-01
-1.000000000000000000e+00
1.000000000000000000e+00
-3.974453202567347354e-01
-4.267755203765300487e-01
-2.698671754152767166e-01
1.000000000000000000e+00
8.650644263047987392e-01
6.897816647130841083e-01
1.368509016531335720e-01
-1.000000000000000000e+00
7.116895728626837503e-03
-4.404477757437662566e-01
-3.730521444700624079e-01
-1.077002681741242585e-01
-1.000000000000000000e+00
-7.891516250991542636e-01
-3.762657741569142011e-01
-9.950118798280553623e-02
3.831533520902700718e-01
1.000000000000000000e+00
-1.000000000000000000e+00
-1.000000000000000000e+00
2.507337132235555877e-01
-6.117636121102530966e-01
-5.985781141485523316e-01
-1.000000000000000000e+00
1.000000000000000000e+00
1.000000000000000000e+00
-1.000000000000000000e+00
-9.797393271237089252e-01
-9.264619782250580471e-01
1.476947873568228431e-01
-1.000000000000000000e+00
-4.046396288734736002e-01
-6.834924213160766815e-01
-1.000000000000000000e+00
-1.000000000000000000e+00
3.694793604576167567e-01
5.619061474993772842e-01
1.000000000000000000e+00
1.000000000000000000e+00
-1.000000000000000000e+00
3.091837723071760857e-01
-9.517657872783338302e-01
1.000000000000000000e+00
-3.898524674228523446e-01
1.000000000000000000e+00
-1.000000000000000000e+00
1.000000000000000000e+00
-1.000000000000000000e+00
8.057411073919730216e-01
1.000000000000000000e+00
2.476122382520574705e-01
1.000000000000000000e+00
-9.191375969170435534e-01
1.000000000000000000e+00
-1.000000000000000000e+00
-3.141112689691373250e-01
-8.633518489150984188e-01
-8.316679671733844259e-01
1.000000000000000000e+00
1.459490497567036693e-01
3.501507492274317235e-01
8.915106116294464478e-01
1.000000000000000000e+00
1.000000000000000000e+00
-3.353090969836573509e-01
2.778250438116450782e-01
1.000000000000000000e+00
-1.000000000000000000e+00
-2.870892611348070389e-01
6.532037618372751320e-01
-9.822851695825882690e-01
9.001764823104860813e-01
-1.000000000000000000e+00
-6.572961798261091060e-01
6.239694944275406829e-01
-1.658653263677004608e-01
9.034806945919348076e-01
4.905803679596737465e-02
-1.371431726332910106e-01
-1.000000000000000000e+00
-1.000000000000000000e+00
5.109411987495556667e-02
-1.000000000000000000e+00
4.955651117617483892e-01
4.638371886055271398e-01
1.000000000000000000e+00
-4.544497635571833061e-01
-1.631855882227581933e-01
-1.000000000000000000e+00
-4.811710164181651206e-01
-1.000000000000000000e+00
-8.770087249184202460e-02
-1.000000000000000000e+00
-2.123184790913325015e-01
1.000000000000000000e+00
-9.047292979617616027e-01
-2.666876257033190534e-02
1.000000000000000000e+00
1.000000000000000000e+00
1.000000000000000000e+00
-4.795583215126808518e-01
6.250708014615197206e-01
7.637213703894614181e-01
-9.730234929415603196e-01
8.680620954184947724e-02
8.935096376960584008e-01
-4.657587771348212224e-01
-1.140082048714742280e-01
-5.668536554130569616e-02
2.503053847237675655e-01
1.000000000000000000e+00
3.787760860279209552e-01
1.750882047258263130e-01
1.000000000000000000e+00
-3.433527869163371937e-01
1.000000000000000000e+00
1.000000000000000000e+00
-1.000000000000000000e+00
-7.796637711915772595e-01
4.993549833376234592e-01
-1.000000000000000000e+00
1.000000000000000000e+00
-1.000000000000000000e+00
1.000000000000000000e+00
-1.000000000000000000e+00
1.000000000000000000e+00
-5.053702618871019903e-02
4.867771504546118955e-01
1.717568208890137282e-01
-7.779509020791978979e-02
-8.857935958772753526e-01
-9.456286118364547466e-01
3.525592930223613308e-01
-1.000000000000000000e+00
-6.007408397319249360e-01
1.000000000000000000e+00
-4.155260979430784873e-01
6.567137727005332160e-01
1.000000000000000000e+00
-1.000000000000000000e+00
1.000000000000000000e+00
-3.411300050905762826e-01
-8.300350435989742870e-01
1.000000000000000000e+00
-3.914291213422049776e-02
-1.364541921221712473e-01
-5.307892979651867016e-01
-2.409469207690480008e-01
-1.925250426433357254e-01
-5.413202848989264737e-01
1.000000000000000000e+00
3.837783675982097686e-01
1.000000000000000000e+00
7.312631305336760867e-01
-1.000000000000000000e+00
-7.600166184502714639e-01
1.000000000000000000e+00
7.744715483529118760e-01
-4.039821560565610703e-01
-1.000000000000000000e+00
-9.802270359319709137e-01
1.000000000000000000e+00
-1.000000000000000000e+00
-1.000000000000000000e+00
4.288177332800107155e-01
6.420417542636015495e-01
-4.184964029975483113e-01
1.000000000000000000e+00
-8.721498302174569561e-01
-1.000000000000000000e+00
1.000000000000000000e+00
-3.267392114916791712e-01
-7.429716170142928178e-01
-6.860874911570844503e-01
1.000000000000000000e+00
9.682002389388441044e-01
-3.807057797425861256e-02
5.154377722807529372e-01
-5.241434079286440006e-01
7.313807063430259880e-01
7.922346639742232632e-01
-6.157488919341025380e-01
8.928605554861742677e-01
-1.000000000000000000e+00
-1.000000000000000000e+00
1.000000000000000000e+00
-7.594042698251530776e-01
1.938252275910801181e-02
1.000000000000000000e+00
-7.646852162668609232e-01
2.233943750809700424e-01
-1.000000000000000000e+00
9.026510494116696259e-01
1.000000000000000000e+00
1.699040119841155327e-01
-1.000000000000000000e+00
-2.969617777679528503e-01
-7.050779978203187692e-01
1.635740238680249148e-01
-3.653834416545689301e-01
-3.750722715025054388e-01
-1.000000000000000000e+00
-1.000000000000000000e+00
-9.477306235070385165e-01
1.000000000000000000e+00
-8.376906141359217184e-01
-9.853973513256553129e-02
-1.000000000000000000e+00
7.830031320525377980e-01
-1.000000000000000000e+00
8.551180573466837798e-01
3.876212074058965062e-01
1.000000000000000000e+00
8.247291212861165288e-01
1.603446828538737101e-01
-1.000000000000000000e+00
-6.222954644215275555e-02
-3.264727301325611730e-01
-1.000000000000000000e+00
2.057554468278517679e-01
-4.316854250675006832e-01
3.714785242911781693e-01
-2.278868751032226136e-01
4.566566222657237883e-01
4.690207390282655209e-01
6.666596770000841055e-01
1.000000000000000000e+00
1.000000000000000000e+00
-6.130367672865273398e-01
-3.621647568266268130e-02
4.063486450408277939e-01
1.000000000000000000e+00
9.208981149682083922e-01
-7.531799895542228285e-01
8.592580122159725331e-01
-4.627090079872769879e-01
-1.000000000000000000e+00
8.090303492946140373e-01
-1.000000000000000000e+00
5.323024712244868173e-01
-1.000000000000000000e+00
1.000000000000000000e+00
2.526901087676942659e-01
-6.345447233092282868e-01
-4.450094365985657330e-01
-1.000000000000000000e+00
-9.151926925881792574e-02
1.000000000000000000e+00
1.000000000000000000e+00
5.588837464976690317e-01
5.981487975345018970e-01
-1.000000000000000000e+00
-1.000000000000000000e+00
1.813581482504265097e-01
1.000000000000000000e+00
1.000000000000000000e+00
-8.457492419815113571e-01
-1.000000000000000000e+00
2.184730724359464915e-01
-1.200121654012137329e-01
-7.380006116887050105e-01
4.967002643639433224e-01
8.953919463711725868e-01
9.450177328100517471e-01
-1.000000000000000000e+00
7.127277702337672105e-01
-5.078924519031040585e-01
-1.000000000000000000e+00
-4.916288332575917130e-01
1.000000000000000000e+00
-6.732064033454664420e-01
1.000000000000000000e+00
5.759507258598716151e-01
3.977184633105274592e-01
1.000000000000000000e+00
-7.630395094347387497e-01
1.633918792540537401e-01
-1.000000000000000000e+00
-4.461186820009483966e-01
-1.000000000000000000e+00
-3.954003625576794079e-01
1.000000000000000000e+00
-4.582060886975372616e-01
1.000000000000000000e+00
-9.943338880330263030e-02
4.828758744611263976e-01
2.248179783595679604e-01
5.343400971393572618e-01
-3.569311441724724587e-01
1.000000000000000000e+00
-8.035421108843723292e-01
3.669723308203944878e-01
-1.168307653775982891e-01
-8.441292815723143717e-01
1.000000000000000000e+00
1.000000000000000000e+00
-5.909120410997780182e-01
6.430050752792711988e-01
1.000000000000000000e+00
-1.000000000000000000e+00
6.302293329100017161e-01
-1.000000000000000000e+00
-1.000000000000000000e+00
-4.685525935929364394e-01
-6.752809058537087572e-02
-2.919876041560270363e-01
8.224999174375882127e-01
4.365569267178845414e-01
4.638196408748693211e-01
-6.858368704699817631e-01
-1.000000000000000000e+00
2.910605217022911306e-01
-3.766669914657437279e-01
1.000000000000000000e+00
5.377860552014406270e-01
-1.000000000000000000e+00
-1.000000000000000000e+00
-1.000000000000000000e+00
1.000000000000000000e+00
1.000000000000000000e+00
1.000000000000000000e+00
-1.747818065623307771e-01
-1.000000000000000000e+00
1.000000000000000000e+00
-1.000000000000000000e+00
9.536443169900775674e-01
-1.284898000930096984e-01
-7.710479510684780102e-01
8.178525165694594534e-01
-1.000000000000000000e+00
-5.229186184566424478e-01
7.597293531760860308e-01
-3.691972925214165313e-02
4.233048627463357194e-01
1.000000000000000000e+00
-3.729372198931254490e-01
-1.000000000000000000e+00
-4.400984652533346253e-01
1.000000000000000000e+00
3.386007544031224281e-01
1.000000000000000000e+00
3.109947652948891195e-01
1.000000000000000000e+00
-1.000000000000000000e+00
-1.000000000000000000e+00
1.000000000000000000e+00
1.000000000000000000e+00
1.000000000000000000e+00
5.775757956784446367e-01
1.000000000000000000e+00
-3.536069697269979550e-01
1.000000000000000000e+00
-1.000000000000000000e+00
-6.804629348781423559e-01
-1.000000000000000000e+00
6.860332010387506507e-01
7.848269620158829785e-01
-1.000000000000000000e+00
5.477509196073082620e-01
1.000000000000000000e+00
1.000000000000000000e+00
-2.378533686552951054e-01
9.397100572173684441e-01
-6.714187950645448266e-01
3.627020085009192152e-01
-8.934440396263345630e-01
1.000000000000000000e+00
-2.991757640508782012e-01
1.000000000000000000e+00
9.714138084989680788e-01
3.460066827554119651e-01
-9.885442717967110049e-01
3.522122106721632395e-01
1.000000000000000000e+00
-8.555987798865715144e-01
1.000000000000000000e+00
-1.275167371153732576e-01
-9.953591992522579091e-01
-9.155074613050928622e-01
1.000000000000000000e+00
1.000000000000000000e+00
-1.000000000000000000e+00
-8.753140132101526749e-01
5.353398084870329976e-01
-3.032242516180492786e-01
-1.000000000000000000e+00
8.181068741299567515e-01
1.000000000000000000e+00
1.000000000000000000e+00
-9.166674667693726075e-01
1.000000000000000000e+00
1.000000000000000000e+00
8.231176222455585667e-02
1.000000000000000000e+00
6.076188691606577708e-01
-3.437629048797943287e-01
-2.938464601152720457e-01
-1.000000000000000000e+00
-1.000000000000000000e+00
-1.000000000000000000e+00
1.000000000000000000e+00
-9.743475069773590569e-01
1.000000000000000000e+00
-1.000000000000000000e+00
-5.230158731022283014e-01
1.000000000000000000e+00
4.860890584403241288e-01
1.000000000000000000e+00
-1.000000000000000000e+00
-8.834841488001604626e-01
-1.000000000000000000e+00
8.985634370066117871e-01
8.533849596920319858e-01
-1.655742529434828247e-02
-1.000000000000000000e+00
-9.814619478619429627e-01
-3.162691436188425076e-01
-7.773287457061813788e-01
-6.143422803499550833e-01
-1.000000000000000000e+00
6.312472722230638711e-01
1.360746020863240480e-01
-5.470618045893949066e-02
-2.483108939209555666e-01
-5.195431269087515957e-01
-3.666556118145805065e-01
1.000000000000000000e+00
1.000000000000000000e+00
-8.569388016726057211e-01
-6.446217019341156096e-01
-4.511461396618811626e-01
-1.000000000000000000e+00
4.725548937804222582e-01
1.000000000000000000e+00
-1.000000000000000000e+00
1.000000000000000000e+00
-9.792400046216943599e-01
-1.000000000000000000e+00
-1.000000000000000000e+00
-2.776804111075947823e-04
1.000000000000000000e+00
-2.909526152637331164e-01
1.000000000000000000e+00
1.000000000000000000e+00
-1.000000000000000000e+00
-5.752457990508227370e-01
-8.125627857545751898e-01
1.000000000000000000e+00
-1.000000000000000000e+00
1.000000000000000000e+00
7.281846400336333680e-01
1.000000000000000000e+00
1.000000000000000000e+00
-4.966338307314560607e-02
1.000000000000000000e+00
-5.606157848074246886e-01
-8.266921145141417071e-01
2.820973564920442600e-01
-1.000000000000000000e+00
5.743322602216004436e-01
2.381660651535669748e-01
-1.000000000000000000e+00
1.352239962932230977e-01
-8.300159692076041207e-01
-3.938503177872176853e-01
-4.143396755398607301e-01
4.395174157638725432e-01
-1.000000000000000000e+00
8.814137993455428699e-02
-5.163871451657726652e-01
5.227631379995101302e-01
3.419247701606041856e-01
3.208685940824917981e-01
5.137708479769367287e-01
4.098489088044271478e-01
-4.089851851698572682e-01
1.000000000000000000e+00
1.000000000000000000e+00
1.000000000000000000e+00
5.767447232718837524e-01
-1.000000000000000000e+00
-1.000000000000000000e+00
4.463689892029491513e-01
1.000000000000000000e+00
-5.798312887689627271e-01
-8.806387655704067674e-01
1.000000000000000000e+00
2.422392332900106804e-01
1.000000000000000000e+00
5.115576325450947870e-01
-6.148117718201312476e-01
1.000000000000000000e+00
1.000000000000000000e+00
-6.469517598394392000e-01
1.000000000000000000e+00
-7.166210735378996111e-01
-1.000000000000000000e+00
6.758630288750797632e-01
7.918821901119699191e-03
8.938383649946346488e-01
2.493060596131576601e-01
-5.586244947147960271e-01
1.000000000000000000e+00
1.000000000000000000e+00
1.000000000000000000e+00
8.947078155368352048e-01
-1.000000000000000000e+00
1.000000000000000000e+00
1.000000000000000000e+00
-7.524303415280797491e-02
-9.846953501068986814e-01
6.929941542092461493e-01
1.485100010564655709e-02
-4.911035180433943603e-01
3.033225347681731687e-01
-1.000000000000000000e+00
1.000000000000000000e+00
2.768884522658260350e-01
1.000000000000000000e+00
2.146533535040255347e-01
-1.000000000000000000e+00
1.000000000000000000e+00
3.603065573413806177e-01
6.889225062895472096e-01
-1.000000000000000000e+00
-1.000000000000000000e+00
-1.000000000000000000e+00
1.000000000000000000e+00
1.000000000000000000e+00
9.237119832843312395e-01
1.000000000000000000e+00
5.399168812986121502e-01
-2.254913234566283120e-01
1.000000000000000000e+00
1.000000000000000000e+00
1.000000000000000000e+00
-9.996487243581388960e-01
6.442125236377691522e-01
-1.000000000000000000e+00
-1.429694066950270084e-02
-1.000000000000000000e+00
-6.043768602510662946e-01
1.000000000000000000e+00
1.000000000000000000e+00
9.837248079751668151e-01
-2.543260244940575565e-01
2.303015542914426117e-01
-8.265765505945595892e-01
9.203904474157069693e-01
6.594557532223246366e-01
-6.894138281933512857e-01
1.000000000000000000e+00
-3.137341157852459039e-01
1.869373765742404214e-01
1.000000000000000000e+00
1.000000000000000000e+00
-2.907876034706438073e-01
6.294980837531235496e-01
3.441049902416427608e-01
1.432197566589115123e-01
-1.000000000000000000e+00
7.469019611653218704e-02
3.655281776574256236e-01
-1.000000000000000000e+00
-1.000000000000000000e+00
-3.814753012119792563e-01
5.133612954987823995e-01
-1.000000000000000000e+00
-6.219350167002400953e-01
-1.000000000000000000e+00
6.304001969883007428e-01
8.507268492658813797e-01
3.468643332282218550e-01
1.138349611631767067e-01
1.000000000000000000e+00
1.000000000000000000e+00
1.000000000000000000e+00
1.000000000000000000e+00
1.000000000000000000e+00
-4.452658222590697434e-01
1.716277595582423598e-01
-1.000000000000000000e+00
1.000000000000000000e+00
1.000000000000000000e+00
-1.000000000000000000e+00
7.977283648637779612e-01
1.000000000000000000e+00
-1.000000000000000000e+00
-1.523107221004473544e-01
-7.672749628788870790e-01
9.934550601491966004e-01
-1.000000000000000000e+00
1.000000000000000000e+00
-7.166625423805704775e-01
-7.811620270720924797e-01
5.997593902480963246e-01
-1.000000000000000000e+00
7.143580751562965681e-01
9.861788945495889580e-01
5.944351081551074722e-01
-7.864883758209839648e-01
4.820115840282988007e-01
-3.057523552006145007e-01
-5.313169112801375826e-01
5.111522254080467231e-01
4.210932087819970748e-01
-7.425842226923595746e-01
1.500320250540071454e-02
-1.990941993814997479e-01
-8.121360496937785056e-02
2.835681675772463647e-03
-2.281924631900934530e-01
-5.952458996141476444e-01
-1.000000000000000000e+00
-1.000000000000000000e+00
1.000000000000000000e+00
-1.000000000000000000e+00
2.948318462028883813e-01
4.936366540217135279e-01
-5.476297254460804620e-02
2.425225418425929480e-01
-3.781791489665572992e-01
-1.000000000000000000e+00
-1.000000000000000000e+00
-3.171183920034162385e-01
2.645183110545060723e-01
-1.000000000000000000e+00
6.921050024277838331e-01
-9.608914999800595158e-01
5.784816299230877146e-02
-1.000000000000000000e+00
-3.948964494206493314e-01
1.000000000000000000e+00
-1.000000000000000000e+00
4.748856227290025878e-01
-1.374439187995872835e-01
6.458533713192079473e-01
1.000000000000000000e+00
3.925947018127419474e-02
1.000000000000000000e+00
-5.848823304229731068e-01
-9.606981093051978338e-01
1.000000000000000000e+00
1.000000000000000000e+00
-2.870891407660141059e-01
1.000000000000000000e+00
-5.271620071073196412e-01
5.038063283259102132e-01
-7.889260427857256452e-01
1.000000000000000000e+00
5.783343009251217248e-01
1.000000000000000000e+00
-9.952480290431304777e-01
-1.000000000000000000e+00
-5.727425504116225863e-01
1.000000000000000000e+00
-8.456802052225764754e-04
2.449581409188968661e-01
-1.000000000000000000e+00
-4.588803279978992400e-01
6.900284052821462066e-02
-2.134700909140062608e-01
-1.000000000000000000e+00
-7.154859440113018332e-01
8.907588448825229932e-01
-7.669586207350127527e-01
-1.000000000000000000e+00
1.000000000000000000e+00
2.453726098408571810e-01
6.909936359577004139e-02
5.254932086914234635e-01
-1.000000000000000000e+00
-1.000000000000000000e+00
-5.032404179194969185e-01
-1.535544746068023270e-01
6.308167067490488833e-01
1.476206706747852093e-01
1.000000000000000000e+00
1.000000000000000000e+00
-1.000000000000000000e+00
1.000000000000000000e+00
-6.749526803935662622e-01
-1.000000000000000000e+00
-1.000000000000000000e+00
-7.589498444839930524e-01
-1.000000000000000000e+00
-8.614261020437616323e-02
3.046171526394780282e-01
-1.511309941369685106e-01
-1.000000000000000000e+00
-6.602663000742048371e-01
3.848980170790906596e-01
-1.812864784227536941e-01
-1.000000000000000000e+00
-4.837871406970513655e-01
9.444382695743080980e-02
3.266330783814307970e-01
-1.000000000000000000e+00
-1.000000000000000000e+00
2.876225402334731673e-01
-7.688323439615210031e-01
5.281952542293333330e-01
5.278435349543409982e-01
1.000000000000000000e+00
9.015778860692849062e-01
2.475746433691619064e-01
5.704921258374653359e-01
-2.664464960843404562e-01
-9.781925287849640993e-02
-5.064291870226909076e-01
1.000000000000000000e+00
-5.053585552911853407e-01
1.518282659717773431e-01
-9.253250248064424088e-01
-1.000000000000000000e+00
-3.447962333131776025e-01
-1.000000000000000000e+00
2.138922972971779024e-01
-9.258445974976182713e-01
3.415209367078968494e-01
5.817117353375459432e-01
-7.809595734149554769e-01
8.816977961872025649e-01
1.000000000000000000e+00
-1.638388430680220997e-01
-1.871184250891754774e-01
2.719999601274726841e-01
-2.389952998415355578e-01
-1.000000000000000000e+00
5.338436277880853620e-01
-1.000000000000000000e+00
5.085087805023028040e-02
1.000000000000000000e+00
1.187715060377043663e-01
6.885130809089980986e-01
1.000000000000000000e+00
-1.000000000000000000e+00
3.177469157368428831e-02
-3.985173616242368988e-01
-5.200778440652040757e-01
-1.639136584000805419e-01
3.503863238112409073e-01
4.703405318274579971e-01
5.017352562259932425e-01
-2.831963458859727556e-01
-1.000000000000000000e+00
-1.429276475667947965e-01
1.000000000000000000e+00
6.172831585483012917e-01
5.147646279406868919e-01
-1.000000000000000000e+00
7.990228769092196925e-01
1.000000000000000000e+00
8.589186046567287569e-02
8.267019217070468162e-01
-1.000000000000000000e+00
3.772516982222007265e-01
1.000000000000000000e+00
-8.537015733455448618e-01
-1.000000000000000000e+00
-1.000000000000000000e+00
-2.528505109071541579e-01
-8.982786298151268500e-01
3.800666686956997165e-01
-5.283235813323705621e-02
8.812903075424365351e-01
-8.736292362476438811e-01
-1.000000000000000000e+00
5.449852462802702302e-01
-4.470160308492463486e-01
8.640340051517525488e-02
-1.000000000000000000e+00
-6.611603474223642918e-01
1.216594423125431090e-01
1.000000000000000000e+00
2.072825690081939176e-01
-7.881492415656496942e-01
3.955657515724376738e-01
-1.000000000000000000e+00
5.913912318460321504e-01
-3.505900554445710027e-01
1.000000000000000000e+00
-1.000000000000000000e+00
1.000000000000000000e+00
-1.177140821058337943e-02
3.725870136905941044e-01
5.295872446869480665e-01
-7.030199139473194414e-01
9.110240120346769777e-01
-3.141335728339947342e-01
5.110561293814478434e-01
1.985747756749632054e-01
1.993218647251132902e-01
1.000000000000000000e+00
-1.000000000000000000e+00
3.753635189443106923e-01
1.000000000000000000e+00
1.000000000000000000e+00
-1.000000000000000000e+00
-1.695595469304748137e-01
-1.000000000000000000e+00
-1.000000000000000000e+00
1.460328762755588317e-01
8.054873960311038639e-01
8.094620516647957897e-01
5.478476423427648401e-01
-2.828915008478749549e-02
3.607673656269689277e-01
-3.189330928807466159e-01
5.559758814272218741e-01
-1.000000000000000000e+00
1.000000000000000000e+00
1.000000000000000000e+00
1.000000000000000000e+00
-6.994310459769707000e-01
2.077783596301607805e-01
3.377921659093646722e-01
2.920060097738795823e-01
-3.335704581085562337e-01
5.384283711920403448e-01
-5.585357120380500806e-01
-1.000000000000000000e+00
1.000000000000000000e+00
2.139265699961514777e-01
-4.369645494306665379e-01
1.000000000000000000e+00
3.004966143537800005e-01
6.018687668902967802e-01
-2.533176048112364964e-01
-7.203608252145866642e-01
1.809165999345635489e-01
1.000000000000000000e+00
7.766349585662460919e-01
-1.000000000000000000e+00
-1.000000000000000000e+00
-1.000000000000000000e+00
-1.000000000000000000e+00
-1.000000000000000000e+00
3.450603819763682356e-01
3.381449842338484779e-01
1.000000000000000000e+00
4.868066861014788138e-01
1.000000000000000000e+00
1.168976801564859808e-01
1.000000000000000000e+00
-5.422131056378256542e-01
2.417006668107302136e-02
-1.000000000000000000e+00
-1.000000000000000000e+00
-1.000000000000000000e+00
-1.000000000000000000e+00
2.977367170844333888e-01
7.379429919371313096e-01
5.579905352245857486e-01
-9.975025938976553319e-02
8.962060973237861994e-01
-5.020447343872793677e-01
-8.093695250949015096e-02
-5.766693457048869265e-01
-1.000000000000000000e+00
-1.000000000000000000e+00
8.411655397344464102e-01
1.000000000000000000e+00
-5.647768529119600034e-01
-1.000000000000000000e+00
1.636615595814658319e-01
-8.290273931157385867e-01
-1.000000000000000000e+00
5.097543173726259980e-01
4.079607564312825452e-01
1.000000000000000000e+00
3.596116319439132680e-01
-9.308242154867161222e-01
-3.276109896326409032e-01
-4.634988618306563612e-01
-4.690560373441860498e-01
-2.441416892764993740e-01
1.000000000000000000e+00
-1.000000000000000000e+00
-1.000000000000000000e+00
6.985146654545815181e-01
1.000000000000000000e+00
-5.816456835607454467e-02
-1.000000000000000000e+00
-6.150270139739546504e-01
-2.326799807305768297e-03
-1.000000000000000000e+00
1.000000000000000000e+00
7.327038597999787628e-01
5.722177712608247369e-01
-1.000000000000000000e+00
-1.000000000000000000e+00
1.000000000000000000e+00
-8.299236828176178582e-01
-1.000000000000000000e+00
8.399877035371343670e-01
6.351334943795808874e-01
-1.000000000000000000e+00
-2.736117342458148083e-01
-9.696778106750855164e-01
-1.000000000000000000e+00
2.838460756610025060e-01
-4.252764438130278157e-01
-7.489553962465849146e-01
-4.782790357069142129e-01
-1.000000000000000000e+00
-1.000000000000000000e+00
-1.000000000000000000e+00
-1.000000000000000000e+00
1.000000000000000000e+00
-1.000000000000000000e+00
-4.100294356211283686e-01
1.000000000000000000e+00
4.786581671741587107e-01
-4.194751650381020602e-01
-5.455793954144484426e-01
-1.000000000000000000e+00
-1.000000000000000000e+00
-1.000000000000000000e+00
-9.343047705471630993e-01
1.000000000000000000e+00
-9.354833275892101563e-01
8.630381972408864844e-01
1.000000000000000000e+00
-8.420812363773049203e-01
7.809041295443044373e-01
-2.887565264579043389e-01
1.000000000000000000e+00
-2.167606330394377112e-01
1.000000000000000000e+00
-6.466247378305014504e-01
-9.399767898354602913e-01
1.000000000000000000e+00
-8.092988258304047999e-01
-8.147045068126925749e-01
-9.279064503912942685e-01
1.253920877825913660e-01
-2.612239671913636485e-01
7.778592316758303760e-01
9.625386461794913640e-01
-1.000000000000000000e+00
5.852865204337469596e-01
1.000000000000000000e+00
1.000000000000000000e+00
1.000000000000000000e+00
-1.000000000000000000e+00
-7.415943313306558315e-02
-1.000000000000000000e+00
1.000000000000000000e+00
8.659343800923107182e-01
-1.000000000000000000e+00
1.000000000000000000e+00
-9.629393184872628852e-01
-4.411952699845980708e-02
1.000000000000000000e+00
-3.152887658334205812e-01
7.000916911593291214e-01
-3.233552652716334963e-01
-9.472608596172455986e-01
9.354802940821099755e-01
-1.601122651548969045e-01
-3.455499141406130903e-01
3.790727935748350874e-01
-1.000000000000000000e+00
1.000000000000000000e+00
9.678574888889092120e-01
-6.283692558292383046e-01
3.116208674895498687e-02
-1.000000000000000000e+00
-6.449824337514666883e-01
-1.000000000000000000e+00
-9.121831503526496299e-01
2.804275195300326429e-01
-1.000000000000000000e+00
8.305023231914756554e-01
9.432243708894882950e-01
1.082255481964308902e-01
-7.689808323854557814e-01
-1.000000000000000000e+00
1.000000000000000000e+00
7.603778536519174569e-01
4.301863366089808682e-01
-8.116557600220464241e-02
-1.000000000000000000e+00
1.000000000000000000e+00
1.000000000000000000e+00
-4.417024625480578948e-01
-1.000000000000000000e+00
-1.205559328619619786e-01
1.000000000000000000e+00
-6.103335960501867774e-01
1.000000000000000000e+00
1.000000000000000000e+00
5.504885757394554213e-01
-1.289239924993917930e-01
3.505699844308660662e-01
4.341215331585402404e-01
1.000000000000000000e+00
1.000000000000000000e+00
8.128098877255912624e-01
1.000000000000000000e+00
-8.536318537708204035e-01
-1.202472334799626896e-01
-1.567228916763071800e-01
7.991680652770238868e-01
7.153895300725983120e-01
-1.000000000000000000e+00
-1.000000000000000000e+00
6.250034938615660618e-01
-1.000000000000000000e+00
8.929665845623815379e-01
7.144711240211204517e-01
1.000000000000000000e+00
-2.171186628190159840e-01
4.438404871326567247e-01
-7.682880299838317217e-01
-1.633953328127297766e-01
9.966235581441384994e-01
1.000000000000000000e+00
4.558538018985265894e-01
-3.098676988452353509e-01
-2.065211933392874510e-01
-1.000000000000000000e+00
2.812590420072278441e-01
-1.000000000000000000e+00
-9.409063905331473965e-01
-2.097300716754128269e-01
-5.684354550182493249e-01
1.000000000000000000e+00
2.302383712523317083e-01
1.279625300276500399e-01
1.917445396701853433e-01
8.680747243174256056e-01
-8.595522966514548280e-01
1.000000000000000000e+00
-3.264834690740342493e-01
-3.059162011502480905e-01
1.000000000000000000e+00
-7.903462020621625506e-01
-5.415632003935776789e-02
3.377159753488012672e-01
4.318731524088118001e-01
3.766435397517043926e-01
3.784278671181570131e-01
-1.000000000000000000e+00
1.000000000000000000e+00
-1.000000000000000000e+00
-2.348456712540006042e-01
1.000000000000000000e+00
1.000000000000000000e+00
1.000000000000000000e+00
-1.000000000000000000e+00
-7.494402607944752326e-01
1.000000000000000000e+00
-1.000000000000000000e+00
-3.676584507115756573e-01
1.000000000000000000e+00
-5.389046453407551063e-01
-1.000000000000000000e+00
-7.544246693487273170e-01
6.996584410573569723e-01
2.257324911264998457e-01
-8.979740594062635139e-01
-1.000000000000000000e+00
8.750371258381793860e-01
-6.829629453825437624e-01
-1.000000000000000000e+00
-2.995609355238948446e-01
6.014043535006654562e-01
-1.997259218125920222e-01
1.000000000000000000e+00
-1.741363588582655053e-01
7.754007537943762296e-01
-1.000000000000000000e+00
4.216508277933081472e-01
-1.323943068089168951e-01
-3.435669259201729608e-01
-4.228987589421610016e-01
-1.000000000000000000e+00
-5.339265204929979358e-01
1.000000000000000000e+00
9.258728916241520945e-01
-1.000000000000000000e+00
-5.244490168070312652e-01
-1.000000000000000000e+00
1.000000000000000000e+00
-3.745644798047251811e-01
5.042316818285396129e-01
-2.601085114093902861e-01
-1.000000000000000000e+00
-5.657485885375460599e-01
-1.000000000000000000e+00
2.332633487456174937e-01
2.878089677070762020e-01
-3.939637487513663050e-01
2.760668807506654332e-01
8.173381627019195017e-01
1.000000000000000000e+00
1.000000000000000000e+00
-7.851059023336687259e-03
-1.000000000000000000e+00
1.000000000000000000e+00
3.825389300638144530e-01
1.000000000000000000e+00
8.815886672493327136e-01
1.000000000000000000e+00
7.309031922891614519e-01
7.222262190654186176e-01
7.041685846857301811e-01
-6.729890782847629538e-01
1.000000000000000000e+00
-1.000000000000000000e+00
1.196205574213170253e-01
7.161578844939046062e-01
1.000000000000000000e+00
1.000000000000000000e+00
-4.518623605232919282e-01
1.964963754115613137e-01
1.000000000000000000e+00
-2.323653913141968674e-01
-1.000000000000000000e+00
3.157095361841342207e-01
1.926097392025034605e-01
1.066747467046494369e-02
-3.452280084964337581e-01
-5.548719663123480306e-01
-1.000000000000000000e+00
4.755808912212358130e-01
-6.043711239870408480e-01
-1.000000000000000000e+00
-1.000000000000000000e+00
8.047059036017772948e-01
-1.000000000000000000e+00
-1.536552849385063868e-01
-8.129559840263512749e-01
-2.460540622808526368e-01
1.000000000000000000e+00
9.487372896774789455e-01
-1.000000000000000000e+00
-1.000000000000000000e+00
1.000000000000000000e+00
3.766044048285180357e-02
-6.055597397674532534e-01
1.000000000000000000e+00
-6.375870936832868097e-01
-1.000000000000000000e+00
-3.402252760988373481e-01
5.398218090898372346e-01
1.000000000000000000e+00
1.000000000000000000e+00
1.000000000000000000e+00
1.000000000000000000e+00
6.976263506266828784e-01
3.805510896746322480e-01
-2.427272592752596214e-01
1.000000000000000000e+00
-1.000000000000000000e+00
-1.000000000000000000e+00
-1.000000000000000000e+00
9.499376646991111728e-02
1.000000000000000000e+00
-6.369005423858518089e-01
-9.002804599968095012e-01
-3.244883225986869291e-01
-1.024667433186636084e-01
6.845873023773119126e-02
1.000000000000000000e+00
-1.000000000000000000e+00
-6.481206504831042992e-01
1.587908627817364582e-01
-4.874851703597832264e-01
-8.094939847071856986e-01
1.000000000000000000e+00
-1.000000000000000000e+00
-5.696736158935047922e-02
-1.000000000000000000e+00
-8.223608710115219989e-01
-3.078168180047724523e-01
-8.623157663772957893e-01
4.046719528931597143e-02
-3.001417943244197306e-01
-7.692048398443951385e-01
-5.255332557373000313e-01
-1.000000000000000000e+00
-1.000000000000000000e+00
-2.532257407753660816e-01
-9.531439900481691874e-01
1.000000000000000000e+00
1.000000000000000000e+00
4.614728076697992010e-01
7.135861859532411922e-01
7.538866910826588219e-01
-9.588234700042141956e-01
-9.604982169313888707e-02
1.000000000000000000e+00
2.716133487231031651e-02
6.068670116533410042e-01
4.118925598005831468e-01
7.835579696172291220e-01
-1.894988462635550097e-01
-5.264523835863343937e-01
6.600594202262914933e-01
6.028824893141333519e-01
-1.000000000000000000e+00
1.000000000000000000e+00
-1.000000000000000000e+00
-4.917493576134848721e-01
2.511074417619690857e-03
4.646205786962351869e-01
-4.178468286716616742e-01
1.000000000000000000e+00
-1.000000000000000000e+00
-2.481292843659875791e-01
6.766413256304835144e-01
-1.000000000000000000e+00
-4.120549472220915721e-01
1.688213361057295803e-01
-4.705898613347729853e-01
3.521341510838003619e-01
-1.000000000000000000e+00
-5.025227172620425065e-02
4.016880875187029964e-01
1.000000000000000000e+00
-9.304233357595215193e-01
4.933723814264850960e-01
-1.000000000000000000e+00
3.823403013095023062e-01
7.192523282439816645e-01
1.000000000000000000e+00
-1.000000000000000000e+00
-1.000000000000000000e+00
-1.000000000000000000e+00
-9.530264045642544701e-02
-6.776282629009952041e-01
3.761891568002663777e-01
-1.000000000000000000e+00
8.202912932194863505e-01
-2.262576650767030850e-01
-8.954460291332277944e-01
-1.000000000000000000e+00
-5.599221072936921839e-01
1.000000000000000000e+00
6.576405784526508924e-01
-8.035286869710781543e-01
-3.393390737300369109e-01
-9.691673208588166277e-01
1.000000000000000000e+00
6.827856162215200087e-01
7.191525258004322074e-01
-3.064472697998414930e-01
-1.000000000000000000e+00
1.000000000000000000e+00
-1.000000000000000000e+00
1.000000000000000000e+00
9.243009171957071723e-01
1.000000000000000000e+00
1.000000000000000000e+00
-1.464582846599734312e-01
-3.929197273139755642e-01
-9.097620135781296913e-01
9.177409352253341757e-01
1.000000000000000000e+00
-1.004809517633986626e-01
1.000000000000000000e+00
2.515462332569723958e-01
-3.462602441746686632e-01
-1.000000000000000000e+00
-4.961985661532929415e-01
-4.667287394827134284e-01
7.580454006482612028e-02
-1.000000000000000000e+00
-2.366685455507929747e-01
-8.072891347511059745e-01
1.000000000000000000e+00
-1.000000000000000000e+00
8.322848432817333553e-01
-1.000000000000000000e+00
-1.480787578341210831e-01
-3.369240967202720149e-01
1.000000000000000000e+00
1.952223639965901258e-01
-8.688142614719832624e-01
-1.000000000000000000e+00
1.000000000000000000e+00
-1.000000000000000000e+00
-1.000000000000000000e+00
-1.000000000000000000e+00
-9.238670297345416560e-02
-1.000000000000000000e+00
-8.159962830582305759e-01
4.480864087701680876e-01
-1.000000000000000000e+00
-1.000000000000000000e+00
1.000000000000000000e+00
1.270827331744665556e-01
-1.000000000000000000e+00
1.000000000000000000e+00
3.940328529902628052e-01
-9.037842848184647337e-01
7.352557879306065303e-01
-1.000000000000000000e+00
3.516689400582334590e-01
-3.715809204505634011e-01
-8.396804579403833735e-01
-5.238893786759669657e-01
-5.341742295650997452e-01
-1.441582220995414332e-01
5.158564716113671622e-01
-7.722352806146071114e-01
-9.345359887362880702e-01
-1.000000000000000000e+00
-5.894071613012428212e-01
3.056748071428306845e-01
-6.517133418467309092e-01
1.589011989413397496e-01
-6.007151891379365338e-01
1.358720762668140236e-01
-3.798916234382256896e-01
2.718988836758516880e-01
8.517922734823515363e-01
-3.997679533574080568e-01
-1.000000000000000000e+00
-1.847557816327172198e-03
-8.843969952252351829e-01
-1.000000000000000000e+00
-3.382142246951377884e-02
-1.000000000000000000e+00
-1.663431443398346588e-01
7.448995608737921104e-02
-9.865050900681456847e-01
-1.000000000000000000e+00
7.783660390557265440e-01
-9.381575140780795685e-01
-5.876413894875026633e-01
-9.444605023203624938e-01
1.000000000000000000e+00
-1.000000000000000000e+00
8.235712552405911879e-02
-7.206490980447505246e-02
6.502657559454516623e-01
2.200426223265222192e-01
-6.229562449941740132e-01
1.000000000000000000e+00
2.076676929564813534e-03
-1.000000000000000000e+00
1.486372271945417267e-01
-3.957796555543839911e-01
1.000000000000000000e+00
1.000000000000000000e+00
7.555623817382690621e-01
1.000000000000000000e+00
4.850583583479236016e-01
1.000000000000000000e+00
-3.610978864861019710e-01
-7.241337939608344376e-01
-3.602200533283285155e-01
1.000000000000000000e+00
-5.572199512071047689e-01
1.283352315379592823e-01
4.725704737713752879e-01
-9.458979744204376594e-01
1.758100603408185858e-01
-2.991972403096686550e-01
1.000000000000000000e+00
-1.000000000000000000e+00
1.265741436236304807e-01
-6.604584441055078026e-02
-4.928172841436492257e-01
3.786170294882640897e-01
1.000000000000000000e+00
1.000000000000000000e+00
-1.000000000000000000e+00
-1.000000000000000000e+00
-1.000000000000000000e+00
-1.000000000000000000e+00
-1.000000000000000000e+00
-1.000000000000000000e+00
6.950811059538908321e-02
-7.175797321764290082e-01
6.625463069057183629e-01
7.234665925647451035e-01
1.000000000000000000e+00
1.000000000000000000e+00
1.000000000000000000e+00
7.049224110491240092e-01
-1.000000000000000000e+00
8.757411899715861203e-01
1.000000000000000000e+00
2.296044098145924583e-01
1.000000000000000000e+00
-3.206137647327825801e-01
1.216484478039028261e-01
-1.000000000000000000e+00
8.766572497530669139e-01
-5.663627121196930236e-01
-8.162631922132566054e-01
1.000000000000000000e+00
6.337528922563557821e-01
-1.000000000000000000e+00
1.000000000000000000e+00
1.000000000000000000e+00
1.000000000000000000e+00
1.000000000000000000e+00
-1.000000000000000000e+00
1.000000000000000000e+00
-1.311376341999319350e-01
-9.220400462459211743e-01
1.513056048816588950e-01
-4.291412221123594994e-01
6.056481731373029032e-01
-1.000000000000000000e+00
3.165113340777797601e-02
3.961686389065632863e-03
5.437739609107666849e-01
1.000000000000000000e+00
-4.918249288626381777e-01
7.605448943222510305e-01
-1.000000000000000000e+00
2.016088450127128673e-01
-4.789903166837109483e-01
-1.000000000000000000e+00
-1.620424517171739076e-01
7.181240460029635342e-01
1.000000000000000000e+00
-2.626978024275785639e-01
-1.000000000000000000e+00
-1.000000000000000000e+00
7.755888967858676208e-02
7.745531990207114026e-01
-1.000000000000000000e+00
-6.682206631953866438e-01
-3.696612924689154922e-01
1.000000000000000000e+00
6.951846357265195619e-02
3.141784331156416421e-01
2.908724429752557183e-01
1.000000000000000000e+00
-1.000000000000000000e+00
-4.877556414572188359e-01
-9.150719640529807464e-01
1.000000000000000000e+00
1.000000000000000000e+00
-1.000000000000000000e+00
-8.458414465962795781e-01
1.000000000000000000e+00
1.000000000000000000e+00
1.000000000000000000e+00
-1.000000000000000000e+00
1.000000000000000000e+00
-1.000000000000000000e+00
1.000000000000000000e+00
7.713204443220686990e-01
5.738085459171742286e-01
1.000000000000000000e+00
1.000000000000000000e+00
-1.000000000000000000e+00
-2.785146611100383640e-01
-1.000000000000000000e+00
1.471733901796630217e-01
1.000000000000000000e+00
8.719196299619096369e-01
1.000000000000000000e+00
1.000000000000000000e+00
3.203895638069153007e-01
-1.000000000000000000e+00
-1.000000000000000000e+00
-2.621007867983894402e-01
-9.130399077509796513e-01
-8.115391750465218434e-01
-4.752992515519326999e-01
-1.000000000000000000e+00
7.135498571176710492e-01
1.000000000000000000e+00
-8.368020712488868362e-01
-5.688064643093764250e-01
5.287920611797154447e-01
5.757876184306500722e-01
-7.123750709929059788e-01
1.000000000000000000e+00
-1.000000000000000000e+00
-1.000000000000000000e+00
-8.133006525638468709e-01
1.000000000000000000e+00
-1.000000000000000000e+00
5.903488584004420447e-01
9.187890662429908373e-01
-1.000000000000000000e+00
-3.895211634559367919e-01
-1.051993923180259138e-01
-5.641314301456316072e-01
-1.000000000000000000e+00
1.000000000000000000e+00
-2.717951598308121497e-02
-1.000000000000000000e+00
-3.062723938267919443e-01
-1.920057710318621436e-01
-3.656510580872754934e-01
-1.403206044399131769e-01
-1.088256305805229696e-01
-5.765189987338870115e-02
-5.022905753086779335e-01
-1.769338943839279255e-01
-1.000000000000000000e+00
5.515678501791356769e-01
1.000000000000000000e+00
-6.074900496679985773e-01
1.364439556597912273e-01
9.376825611781466341e-01
1.000000000000000000e+00
-1.617548028505588764e-01
-8.175184034018392332e-01
1.000000000000000000e+00
3.090077554205451493e-01
-6.575253905164806234e-01
1.000000000000000000e+00
-6.406162223813639534e-01
8.784912753902031080e-01
-7.998019700023533129e-01
-1.417489553987101303e-01
-1.000000000000000000e+00
-1.000000000000000000e+00
-4.297132218641079304e-01
-1.000000000000000000e+00
5.174131796938685746e-02
-1.000000000000000000e+00
1.000000000000000000e+00
-1.000000000000000000e+00
1.000000000000000000e+00
2.953962869313427886e-01
-1.000000000000000000e+00
9.426771649136520548e-01
7.008501113107031832e-01
-3.905641989601256192e-01
1.000000000000000000e+00
1.000000000000000000e+00
-1.000000000000000000e+00
9.454635475527186639e-01
-1.000000000000000000e+00
1.000000000000000000e+00
1.000000000000000000e+00
-1.000000000000000000e+00
1.000000000000000000e+00
-5.036597676221318265e-01
-5.180345440008359281e-01
4.338307545388165321e-01
-1.000000000000000000e+00
-1.000000000000000000e+00
-6.895246897935281005e-01
-3.731232660749694841e-01
-1.000000000000000000e+00
-6.128413003941464154e-01
1.849489683105422499e-01
1.000000000000000000e+00
-1.000000000000000000e+00
1.000000000000000000e+00
1.479078801726624037e-01
-4.251506267804204819e-01
1.000000000000000000e+00
-5.720754559151308705e-01
-3.518975217035432146e-01
-2.348452420260687123e-01
-4.140607270193703560e-01
2.581141882754716677e-01
-3.478623554668536788e-01
-1.000000000000000000e+00
-1.000000000000000000e+00
-9.562886442194240555e-01
9.057417867418691149e-01
-8.217827154023646941e-01
-1.000000000000000000e+00
3.388930872985103648e-01
-2.034136726508286031e-01
-1.625449310840223482e-01
-7.570390113096874263e-01
1.000000000000000000e+00
1.000000000000000000e+00
-6.431932455977715790e-01
-7.738389730246459930e-01
1.000000000000000000e+00
4.398442017352696132e-01
-1.000000000000000000e+00
2.389349619977998995e-01
1.000000000000000000e+00
-1.385033978815184974e-01
1.000000000000000000e+00
-1.000000000000000000e+00
1.000000000000000000e+00
8.017695803188558124e-01
-6.011199951405699071e-02
-1.000000000000000000e+00
1.000000000000000000e+00
1.000000000000000000e+00
-1.000000000000000000e+00
1.609744482085408990e-01
-9.601128855931526096e-02
1.000000000000000000e+00
-4.855074765436245832e-01
3.374721627488166398e-01
6.611838721513670913e-01
3.297053332566812767e-01
1.000000000000000000e+00
-8.703879221933226162e-01
1.000000000000000000e+00
2.819974479395694900e-01
6.530149373063970364e-02
-1.000000000000000000e+00
1.000000000000000000e+00
-1.000000000000000000e+00
7.982177525682362385e-01
-3.164141996443967653e-01
1.000000000000000000e+00
-1.000000000000000000e+00
-1.000000000000000000e+00
2.266749502920813453e-01
-1.451070414398279440e-01
-3.091184546306897651e-01
8.173792681509797209e-01
7.302708874049086418e-01
-7.106321498890106891e-01
-1.000000000000000000e+00
-9.942402094865423479e-01
1.000000000000000000e+00
6.439462218765594770e-01
4.463580410596779124e-02
-1.611855526232826019e-01
-1.000000000000000000e+00
-6.960061850764759361e-01
8.212808171332441898e-01
1.000000000000000000e+00
-8.419568683675882070e-03
-3.642988149831406508e-01
-1.000000000000000000e+00
-1.000000000000000000e+00
-6.227622789073465892e-01
-3.425188032928251358e-01
-1.000000000000000000e+00
9.963973777943834209e-01
1.000000000000000000e+00
-9.893469532181842219e-02
-1.000000000000000000e+00
1.000000000000000000e+00
7.809554586392633002e-01
1.272654782658435013e-01
1.000000000000000000e+00
-1.298018512120273638e-01
-1.000000000000000000e+00
-1.000000000000000000e+00
-1.000000000000000000e+00
-3.817481217669217441e-01
-1.000000000000000000e+00
-1.000000000000000000e+00
-1.626552406962408770e-01
-4.454984184238938716e-01
1.000000000000000000e+00
-7.065589348360181710e-01
-1.667544702743140039e-01
6.838396129486650210e-01
1.000000000000000000e+00
9.792595255302862789e-01
1.000000000000000000e+00
-7.566278458239912297e-01
6.417264588135062064e-01
-5.849420804609701818e-01
-1.783703578971404524e-01
8.387419185220921225e-01
4.081748922439885907e-02
-1.000000000000000000e+00
-8.491458539467060529e-01
-1.000000000000000000e+00
-1.000000000000000000e+00
-4.349744524283899461e-02
-1.000000000000000000e+00
1.000000000000000000e+00
-9.284275050374458660e-01
1.000000000000000000e+00
1.000000000000000000e+00
9.356376014080007852e-01
-1.000000000000000000e+00
-1.000000000000000000e+00
5.514324247599946549e-01
3.653711832012502270e-01
1.000000000000000000e+00
-6.092991203290277769e-01
1.000000000000000000e+00
-1.000000000000000000e+00
-5.894396869357731994e-01
-1.000000000000000000e+00
1.564243517520885474e-01
1.750464718939678255e-01
1.000000000000000000e+00
4.724706215751974803e-01
-1.000000000000000000e+00
-6.857270471739487228e-01
1.000000000000000000e+00
-1.000000000000000000e+00
7.447256299517904798e-01
-2.742535123989470192e-01
3.121486894165776960e-01
1.384123552344833641e-01
5.984802075858445258e-01
1.984781329460719723e-01
8.789152472379049841e-02
8.535126582378638194e-01
-7.578128563957837738e-01
3.444849571054141579e-01
1.000000000000000000e+00
-5.152999309174546294e-01
1.000000000000000000e+00
1.334454142284707545e-01
-1.000000000000000000e+00
-3.488055814257925435e-01
-1.000000000000000000e+00
-1.000000000000000000e+00
-2.138370392049874502e-01
1.426050920810899292e-01
-8.998731562172895826e-02
-7.236587063448882695e-01
3.929924494244876332e-01
1.000000000000000000e+00
1.324808110270259132e-01
8.023964999445150070e-01
-6.802575876438504698e-01
-1.000000000000000000e+00
1.000000000000000000e+00
-1.000000000000000000e+00
-1.200629192148029156e-01
1.000000000000000000e+00
1.000000000000000000e+00
-1.000000000000000000e+00
-1.364829753045870842e-02
1.712685607159757373e-01
8.776805122830759753e-01
-1.000000000000000000e+00
-1.000000000000000000e+00
1.000000000000000000e+00
-1.000000000000000000e+00
4.966160302258483261e-01
-1.766570083483317566e-01
-2.071465211122343608e-01
6.694513911048520782e-01
1.688278758287294901e-01
7.817324361616015960e-01
-5.261873238140435394e-01
1.000000000000000000e+00
-1.000000000000000000e+00
9.165162003217707243e-01
-6.520377350463187893e-01
1.000000000000000000e+00
1.000000000000000000e+00
-6.351120887854856401e-01
1.000000000000000000e+00
-1.000000000000000000e+00
1.000000000000000000e+00
9.441549228331486132e-01
-4.081966194052245034e-01
8.889100099622940787e-01
7.740040602198167141e-02
3.116213066450467251e-01
-5.521413886272124039e-01
-1.000000000000000000e+00
1.000000000000000000e+00
8.165820903741357606e-01
8.877257606692064984e-01
1.000000000000000000e+00
1.000000000000000000e+00
-9.851469939800022724e-01
-1.000000000000000000e+00
-4.175147840359408336e-01
1.000000000000000000e+00
-1.000000000000000000e+00
1.000000000000000000e+00
-2.698375074348131064e-01
-9.859516255453690814e-01
1.000000000000000000e+00
-1.183860750148747754e-01
1.000000000000000000e+00
-6.632440209060661562e-01
-1.000000000000000000e+00
5.973689998285669489e-01
-3.043941091575508295e-02
-9.294271416231856264e-01
1.375284030772312149e-01
4.544569278416084046e-01
1.464766581643951737e-01
-2.115340786213114610e-01
3.200520001814979865e-01
8.281472936041769373e-01
1.000000000000000000e+00
-7.377448326956876912e-01
1.000000000000000000e+00
2.595612635286109748e-01
1.000000000000000000e+00
8.245546527009880999e-02
-5.061141553912129609e-03
-1.000000000000000000e+00
-8.334546886352045547e-01
-4.777038872931574920e-01
1.000000000000000000e+00
-1.000000000000000000e+00
-1.363096870143822303e-01
-1.000000000000000000e+00
1.000000000000000000e+00
-8.133809794816067029e-01
9.406529088091126756e-01
4.064257503157493456e-01
1.265305905843333578e-02
-1.000000000000000000e+00
1.000000000000000000e+00
7.947080200547244067e-01
1.000000000000000000e+00
1.000000000000000000e+00
-1.000000000000000000e+00
3.860489638396648604e-01
-1.000000000000000000e+00
-1.000000000000000000e+00
-4.504176218820608035e-01
-1.000000000000000000e+00
5.508617710912229182e-01
-9.207563883090217338e-01
-7.386136954379490804e-01
-7.404710578002369203e-01
-1.160823843262742960e-01
1.000000000000000000e+00
1.000000000000000000e+00
7.903663187384253330e-01
-4.852250241898914407e-01
4.996819079506369943e-01
-1.000000000000000000e+00
5.743761477588913422e-01
3.603737952714608506e-01
1.000000000000000000e+00
-4.063805475608893714e-01
9.000142068084111546e-01
-1.000000000000000000e+00
-4.667686903613524896e-01
3.779083559026275574e-01
9.994845697374872273e-01
-1.000000000000000000e+00
-2.955313764521384501e-01
-1.000000000000000000e+00
-1.000000000000000000e+00
-5.080517029721782762e-01
-6.812282137221228329e-01
-1.000000000000000000e+00
7.519675412588433527e-02
-5.598278420944897693e-01
-1.000000000000000000e+00
-3.419385086288343478e-01
-7.670492556005075180e-01
-4.073541919511893261e-01
-8.624759128358744364e-02
1.000000000000000000e+00
-1.000000000000000000e+00
5.448734666780452596e-01
1.000000000000000000e+00
-9.272316704583014602e-01
-5.877049874126041296e-01
-7.311504429685927731e-01
1.000000000000000000e+00
3.761949544203644358e-01
7.580494119069859371e-01
-1.000000000000000000e+00
4.248926048932371580e-01
9.682379593339764945e-01
1.000000000000000000e+00
2.789267483361895783e-01
5.774356415135279974e-01
1.000000000000000000e+00
1.000000000000000000e+00
1.000000000000000000e+00
-9.921672633311757750e-01
-1.000000000000000000e+00
5.426720383133618597e-01
1.088072007409186526e-01
-1.000000000000000000e+00
7.986188512661813732e-01
-1.000000000000000000e+00
-5.281583002536961446e-01
-8.830503140174397192e-01
-8.434376630951562204e-01
-1.000000000000000000e+00
-6.140573801626111328e-01
1.000000000000000000e+00
8.813672358664138562e-01
-1.000000000000000000e+00
6.535813368629297404e-01
8.809276136978518856e-01
7.162328448230618205e-01
1.000000000000000000e+00
-1.000000000000000000e+00
-1.000000000000000000e+00
-5.180279173023927264e-01
1.000000000000000000e+00
1.038222883933087592e-02
-1.000000000000000000e+00
3.433220535881782443e-01
-2.089529004238039889e-01
7.447078770239123902e-02
4.535750680595864726e-01
6.181733437514853602e-01
-1.000000000000000000e+00
1.000000000000000000e+00
-1.000000000000000000e+00
-1.000000000000000000e+00
4.351751846143715741e-02
-1.000000000000000000e+00
-2.633909426281212385e-01
-6.262086242921960366e-02
-5.882690021114856949e-01
-5.421121480160477901e-01
-4.792652879096986895e-01
-5.463454457194139025e-01
-1.695852166540305350e-01
1.000000000000000000e+00
-3.695294517616219410e-01
1.000000000000000000e+00
1.000000000000000000e+00
4.344834522165705315e-01
-1.897222048115382309e-01
-1.000000000000000000e+00
2.770807964289396796e-01
-1.000000000000000000e+00
-8.841240945792765427e-01
2.958073573259269451e-01
1.000000000000000000e+00
1.976224819336084293e-01
1.000000000000000000e+00
1.266424057796664004e-01
1.000000000000000000e+00
-1.000000000000000000e+00
2.507751524275506627e-01
3.677646229948817735e-01
-4.656553622962672501e-01
1.000000000000000000e+00
4.053284164194258243e-02
7.957981209045738025e-01
9.898576273177381868e-01
2.601499957649449080e-01
-4.879709595647004905e-01
-6.118172624661961656e-01
-5.143286125922830188e-02
-1.000000000000000000e+00
-1.000000000000000000e+00
1.000000000000000000e+00
-1.000000000000000000e+00
-8.341410958546835452e-01
1.000000000000000000e+00
4.115385988465699585e-01
3.133250947694929400e-01
6.773707807213598386e-02
-4.995738819902739714e-01
-1.000000000000000000e+00
-7.508783689459013200e-01
-3.224961733808268116e-01
-1.000000000000000000e+00
-1.000000000000000000e+00
1.152566583163114194e-01
2.870050085790511463e-01
-1.000000000000000000e+00
-5.176471256112884500e-01
-6.682237498982458446e-01
5.779025825212066314e-01
1.000000000000000000e+00
4.691060823336654084e-01
-7.315735815714269341e-02
-3.354818520265563930e-01
-1.000000000000000000e+00
-2.686338610593358434e-01
-1.000000000000000000e+00
1.000000000000000000e+00
-6.301871749669674116e-01
1.000000000000000000e+00
1.000000000000000000e+00
2.302409312794780338e-01
-1.000000000000000000e+00
-7.012779939331121870e-01
-3.022967382027122452e-01
8.027324278517518064e-01
4.923677946103507952e-01
-3.982226016622533171e-01
-7.466241186232205340e-01
-6.950000501882547255e-01
1.000000000000000000e+00
-6.789640175609976680e-01
8.002986957140546531e-01
1.000000000000000000e+00
-7.627438565037502061e-01
5.079895306315074244e-02
-1.000000000000000000e+00
-1.000000000000000000e+00
-3.001670890954342696e-01
-4.212386357551479721e-01
1.000000000000000000e+00
1.332954703074559766e-01
-1.000000000000000000e+00
2.263947624215405519e-01
4.178351659843696497e-01
-9.438609749503633628e-01
-1.000000000000000000e+00
1.000000000000000000e+00
-1.000000000000000000e+00
7.474803378680178190e-01
-4.196664552509093982e-01
2.277197760389537695e-03
5.576622924743206422e-01
-4.949838811658712201e-01
1.000000000000000000e+00
2.239509496342710904e-01
7.644948601847255665e-01
8.832639682539475956e-01
-9.217874454666052930e-01
1.000000000000000000e+00
1.000000000000000000e+00
-3.808236389203137895e-01
-1.000000000000000000e+00
-7.377577289042209774e-01
-1.000000000000000000e+00
-1.319446535311864788e-01
-7.381077431193985294e-01
6.319222556157150228e-02
-8.604218171707440632e-01
5.259455704040497670e-01
5.677260655063354200e-01
-1.000000000000000000e+00
-1.000000000000000000e+00
1.453674411076101014e-01
-1.000000000000000000e+00
-1.000000000000000000e+00
3.185778833478788985e-01
4.689084773481089208e-02
-1.000000000000000000e+00
1.000000000000000000e+00
-1.000000000000000000e+00
-9.109466462698336819e-01
1.000000000000000000e+00
-2.020908113008070828e-01
1.000000000000000000e+00
-2.600985589319919633e-01
1.953745488509506523e-01
9.083963589268755356e-01
1.000000000000000000e+00
1.000000000000000000e+00
-1.000000000000000000e+00
-1.000000000000000000e+00
-2.903956386773955956e-01
1.000000000000000000e+00
1.000000000000000000e+00
-6.954309489287822110e-01
1.000000000000000000e+00
3.045462908776861433e-01
-7.708319384412846142e-01
7.395638108074695793e-01
8.707615335181461136e-01
2.037370398446316233e-01
-1.000000000000000000e+00
8.355673573254771558e-01
-9.815829288517159412e-01
9.096952344451808559e-01
-1.000000000000000000e+00
-1.000000000000000000e+00
-1.000000000000000000e+00
-1.399393207267959627e-01
-7.802068307438869699e-02
-1.000000000000000000e+00
2.355966219968801401e-01
-5.195535582539769770e-01
-5.062733738046516496e-01
1.866684393691000754e-01
-1.000000000000000000e+00
4.035438990866492270e-01
-4.333439654642556871e-02
1.000000000000000000e+00
2.211602949362664050e-01
2.093951080503586581e-01
3.766803702026945144e-01
1.000000000000000000e+00
1.000000000000000000e+00
-2.912308299027045466e-01
-1.640084596824816776e-01
-1.000000000000000000e+00
1.411531928614978559e-02
1.000000000000000000e+00
-9.318676321679042474e-04
-6.782322840953286525e-02
7.937222853399198419e-01
1.000000000000000000e+00
-1.900458327130252201e-01
1.000000000000000000e+00
-5.562740327216598724e-01
-1.000000000000000000e+00
4.496612451934544064e-01
6.206576394867679980e-01
-8.151642486235068930e-01
1.104375368317722095e-01
-6.475421945892958497e-01
5.859281362179580288e-02
-1.000000000000000000e+00
-9.728079384933943086e-01
1.000000000000000000e+00
-4.146464226627551986e-01
1.000000000000000000e+00
1.000000000000000000e+00
-1.000000000000000000e+00
-5.634205970782043549e-01
-5.723831673436969858e-01
-5.129892342777334635e-01
-8.972829696707365077e-01
-4.608015640179541350e-03
-1.000000000000000000e+00
4.798809861482011829e-01
4.155223849124805025e-01
-7.763639839444633761e-01
1.000000000000000000e+00
4.858266411691025688e-01
7.076587551400602694e-01
-7.404757022463891447e-01
-1.000000000000000000e+00
-5.918227310393322504e-01
-2.803139317896908844e-01
-7.312491742817632812e-01
1.000000000000000000e+00
1.000000000000000000e+00
1.263670646877560200e-01
9.082889582867229583e-01
9.641835304586932054e-02
-7.516323668291837734e-01
-1.000000000000000000e+00
4.014683375133562548e-01
1.683561678252737392e-02
-7.166788184113503934e-01
-6.937012430727287349e-01
-4.678301902609151020e-01
-6.887325675415317816e-01
-2.645845023914659144e-01
5.506178548678644091e-01
3.013813890685658747e-01
1.890196109169488825e-01
2.846030843760024576e-01
1.000000000000000000e+00
3.450961470818211252e-01
6.692765865062777486e-02
6.165986674319767769e-01
-1.000000000000000000e+00
9.270179396538595906e-01
8.447127730369655696e-01
1.000000000000000000e+00
9.024120127672160541e-01
7.677984574908498505e-01
-5.789827899403662825e-02
2.250747010934984749e-01
9.239492473140874518e-01
-1.000000000000000000e+00
-9.699601439468376052e-01
9.245548813747840322e-01
1.000000000000000000e+00
-3.432993358797605254e-01
-2.594715627938940505e-01
-5.657579378090676903e-01
-2.724059596268005867e-01
-2.625661691422743194e-01
1.000000000000000000e+00
1.000000000000000000e+00
-9.991999450256570103e-01
-1.000000000000000000e+00
-1.000000000000000000e+00
-1.000000000000000000e+00
9.215258836710937818e-02
5.100963752294287445e-01
1.000000000000000000e+00
1.832770955414508851e-03
-9.972867760376319390e-02
6.390195421398338071e-01
1.000000000000000000e+00
5.279799357862626774e-01
1.000000000000000000e+00
-3.606592988560939350e-01
2.585524005011344828e-01
3.749906663867786927e-01
-7.350328185060893693e-01
-1.000000000000000000e+00
-1.000000000000000000e+00
-1.009862694857646126e-01
2.806813369382243906e-01
-1.000000000000000000e+00
-4.901749919053906557e-01
1.000000000000000000e+00
-1.000000000000000000e+00
6.562959731808254427e-01
9.861386132056847442e-01
1.000000000000000000e+00
9.271724658177004086e-01
-1.000000000000000000e+00
-1.000000000000000000e+00
-3.290507210098082558e-01
8.720113240207089111e-02
2.452437898198947530e-03
-1.000000000000000000e+00
7.871960826823846125e-01
1.559350104067696030e-01
1.000000000000000000e+00
-2.523248338118040945e-01
-3.307091103905640539e-02
2.519336895679990529e-01
7.045470663280777313e-01
1.000000000000000000e+00
-1.000000000000000000e+00
4.589947016535548818e-01
5.334811631942408816e-01
-1.000000000000000000e+00
-3.369228791692255864e-01
1.000000000000000000e+00
-4.566575114087542686e-02
4.611552125054480533e-01
8.453631539550342522e-01
-4.365662293581575315e-01
1.000000000000000000e+00
-5.708125236662859869e-01
1.000000000000000000e+00
1.000000000000000000e+00
1.000000000000000000e+00
9.578334286740527448e-01
4.864048382534588155e-01
3.736193007354524087e-02
5.036619395340030669e-01
1.000000000000000000e+00
1.000000000000000000e+00
-2.911611812858690418e-01
-1.000000000000000000e+00
1.000000000000000000e+00
-6.351389121986792397e-01
1.000000000000000000e+00
-1.000000000000000000e+00
1.000000000000000000e+00
-2.099489796709997913e-01
-2.473318401368711228e-01
9.628795457266270397e-01
1.000000000000000000e+00
5.378406230399105370e-01
7.339167173466313310e-01
8.349572857029949891e-01
5.018059040914718549e-02
-1.000000000000000000e+00
-1.000000000000000000e+00
-7.384288523604869425e-01
-1.000000000000000000e+00
-8.534759731319874199e-02
1.000000000000000000e+00
1.000000000000000000e+00
-1.847855401463257552e-01
-1.775859293593369526e-04
-5.716030722070168935e-01
1.459408205740033160e-01
1.000000000000000000e+00
3.540095497808004033e-01
-4.907672085789899219e-01
-2.257439419468281194e-01
-8.272582967665376152e-01
-3.625520001552179350e-01
7.003621151239043385e-01
-2.002116556221650301e-01
-7.020177418275866943e-01
3.714418233372713263e-01
7.906825127973015066e-01
1.000000000000000000e+00
4.254085100417318022e-01
-3.291717044816592219e-01
-1.000000000000000000e+00
1.000000000000000000e+00
-1.000000000000000000e+00
1.000000000000000000e+00
-6.133006116868741087e-01
1.446603031531475958e-01
-1.000000000000000000e+00
1.871769269320573970e-01
-1.000000000000000000e+00
2.912804478272178477e-01
1.000000000000000000e+00
-8.616163190113997894e-01
9.637900010067734780e-02
-2.730890742829613638e-01
-3.282742386195520723e-01
1.000000000000000000e+00
-3.908611577163125794e-01
-1.000000000000000000e+00
1.000000000000000000e+00
-1.000000000000000000e+00
1.000000000000000000e+00
-1.000000000000000000e+00
9.892393792052788237e-01
9.414093620166713583e-02
1.000000000000000000e+00
-5.470297668700752070e-01
1.000000000000000000e+00
-8.521595280416712770e-01
-1.000000000000000000e+00
-1.000000000000000000e+00
1.000000000000000000e+00
4.287852434336220098e-01
-1.000000000000000000e+00
-1.000000000000000000e+00
5.786849720880706816e-01
4.214270444899492207e-01
1.000000000000000000e+00
7.848188994923339656e-01
1.595108324499399377e-01
-3.110136750111178738e-01
-6.915471008964282351e-01
-5.567630908920244703e-01
-8.569907385172192971e-01
1.000000000000000000e+00
5.925860169370952280e-01
1.000000000000000000e+00
-1.000000000000000000e+00
-1.549989559109631321e-01
1.000000000000000000e+00
9.523438550828476901e-01
-2.809451860765382891e-01
1.000000000000000000e+00
8.841558528907785819e-01
-7.776841988254663551e-01
-5.448298808214319111e-01
1.681687884548858369e-01
-1.000000000000000000e+00
-2.570177126612376295e-01
-1.997112984190328178e-01
-8.631740005943357996e-01
1.000000000000000000e+00
-3.466017997457849775e-01
-3.259256295933260494e-01
8.454705874779560038e-01
9.384453541386785780e-01
3.396159821855358474e-01
1.000000000000000000e+00
-1.893846302404089688e-01
1.000000000000000000e+00
1.000000000000000000e+00
1.000000000000000000e+00
1.000000000000000000e+00
1.000000000000000000e+00
3.812963447906143610e-01
1.000000000000000000e+00
-1.000000000000000000e+00
-2.668056085954111367e-01
-1.000000000000000000e+00
1.377158466732198161e-01
-9.986568304212303238e-01
-4.452289346508388201e-02
1.000000000000000000e+00
1.000000000000000000e+00
-3.908290690435632930e-01
-1.000000000000000000e+00
-1.000000000000000000e+00
-1.000000000000000000e+00
1.000000000000000000e+00
-5.864347529344069443e-01
8.985997660018044675e-01
9.279309624970758508e-01
7.930620835415095327e-01
-1.000000000000000000e+00
1.000000000000000000e+00
-8.288340586213340799e-01
7.344500790124525169e-01
-8.246113434011881349e-01
1.000000000000000000e+00
-1.000000000000000000e+00
7.981382940049654984e-01
1.000000000000000000e+00
1.000000000000000000e+00
-1.000000000000000000e+00
-1.000000000000000000e+00
-5.133666034627371033e-02
1.228947814289416685e-01
1.000000000000000000e+00
-7.592378173069413982e-01
-5.912642614326303336e-01
-6.889701200074727083e-01
5.639699511315334757e-01
3.935293655497885679e-01
1.000000000000000000e+00
-1.000000000000000000e+00
-1.000000000000000000e+00
-6.699941719667883433e-01
-4.297325349846866649e-01
1.671120991700751901e-01
7.525494375394234936e-01
3.431138509616545873e-01
9.850231786236312015e-01
8.414484131398460853e-01
-8.178934653008496092e-02
-5.998422098324291962e-01
-1.000000000000000000e+00
-6.688826526577150711e-01
4.152558050697815473e-01
-1.000000000000000000e+00
1.000000000000000000e+00
-6.659039391886951709e-01
1.000000000000000000e+00
-2.834394037241660946e-02
1.457663192504957683e-01
1.377547974562295940e-01
-2.211229322514575157e-01
-1.000000000000000000e+00
-1.000000000000000000e+00
-6.814027253228219783e-01
-1.000000000000000000e+00
4.183476337898299757e-01
3.731527228641835503e-01
5.009741222351751233e-01
-5.757651795425859920e-01
5.100049158742867572e-01
-1.000000000000000000e+00
5.549626456612368752e-01
-1.000000000000000000e+00
1.000000000000000000e+00
-1.000000000000000000e+00
6.805463269237759238e-01
2.792458534418340577e-01
6.749198595638621345e-01
-1.000000000000000000e+00
9.568231864406607778e-01
8.659649979824804999e-01
-5.816471612018713211e-01
-4.348771183117119410e-01
1.000000000000000000e+00
-1.000000000000000000e+00
1.721430318961191808e-01
6.742380009383780459e-01
-1.000000000000000000e+00
9.323029444455188663e-01
-6.425584494941655178e-01
1.000000000000000000e+00
1.301113618629842761e-01
-1.000000000000000000e+00
-1.000000000000000000e+00
-5.704998956708803304e-01
1.000000000000000000e+00
1.000000000000000000e+00
1.000000000000000000e+00
-5.028637253521586192e-01
3.147770255697803776e-01
-7.675550493847603795e-01
-8.700534106406553336e-01
4.996508845952083444e-01
3.202540045469291496e-01
8.058202752472187758e-02
1.000000000000000000e+00
-1.000000000000000000e+00
7.108959258613205545e-01
2.903230997025104676e-01
-1.000000000000000000e+00
-4.851861568293280857e-02
-1.000000000000000000e+00
-2.403331495486994429e-01
7.831141089531917787e-01
-2.996427782343880075e-03
-1.000000000000000000e+00
6.062696059004807347e-02
1.000000000000000000e+00
-9.469788735056768880e-01
-5.666370036081616046e-01
-1.000000000000000000e+00
8.070658564910633548e-02
-3.691122896308272061e-01
-6.352612888906358224e-01
-1.000000000000000000e+00
-1.000000000000000000e+00
-4.833882729777435050e-01
1.806578565831053196e-01
2.324915128874616710e-01
1.000000000000000000e+00
-1.000000000000000000e+00
-9.102871266561796126e-01
4.035199441263290776e-01
1.000000000000000000e+00
8.455232869414219810e-01
1.000000000000000000e+00
-1.000000000000000000e+00
6.156016357457095856e-01
1.000000000000000000e+00
-7.156722909455407455e-01
-5.114533175300367551e-01
8.210618141923868851e-01
1.000000000000000000e+00
-3.055510267051360085e-01
6.459776623861717137e-01
1.000000000000000000e+00
1.000000000000000000e+00
-1.000000000000000000e+00
1.000000000000000000e+00
1.000000000000000000e+00
5.823657942351752048e-01
-1.725399793688631167e-02
8.546860438294691109e-01
-9.181024680135807525e-02
3.558208447959078091e-01
-1.000000000000000000e+00
1.000000000000000000e+00
-8.581892307714451551e-01
-1.000000000000000000e+00
-4.570010734585505663e-01
-1.000000000000000000e+00
2.759766673841843598e-01
-2.945701364059885030e-01
1.129634934184304274e-01
-1.000000000000000000e+00
-5.106376589294026047e-03
-4.127859899883751238e-01
1.000000000000000000e+00
1.000000000000000000e+00
1.000000000000000000e+00
-1.000000000000000000e+00
-1.000000000000000000e+00
7.895295938802373570e-01
1.000000000000000000e+00
1.000000000000000000e+00
-9.015902145365650711e-02
1.000000000000000000e+00
8.219221828918842343e-01
1.000000000000000000e+00
-2.600740044342890744e-01
1.000000000000000000e+00
-1.000000000000000000e+00
-1.475566224176670382e-01
-4.733883457054051114e-01
-3.299970389669411031e-01
-6.641579254595639803e-01
-4.662903111199781514e-01
8.052549274431640702e-01
-9.491963281947914943e-01
-1.000000000000000000e+00
-7.334811017869946603e-01
1.451598102767362453e-01
1.000000000000000000e+00
1.000000000000000000e+00
-1.000000000000000000e+00
-9.378877061845642960e-01
1.000000000000000000e+00
4.033053351517403295e-01
8.180601292371657562e-01
6.103004990596788693e-01
-1.000000000000000000e+00
4.113459054741681054e-01
-1.000000000000000000e+00
1.000000000000000000e+00
1.000000000000000000e+00
-1.000000000000000000e+00
8.947679882528267736e-01
-6.218788458520831952e-01
7.231891461213874051e-01
1.718733990156616764e-01
-3.189062235219516234e-02
-1.000000000000000000e+00
3.234876310180925807e-01
-7.538747560970270323e-01
-1.000000000000000000e+00
1.000000000000000000e+00
-3.893048553723553462e-02
1.129779702614424064e-01
3.569622226837695922e-03
1.000000000000000000e+00
9.721669089054623125e-01
1.000000000000000000e+00
1.000000000000000000e+00
-8.147272276391167578e-01
9.893180619481498628e-01
9.401944049396193659e-01
1.000000000000000000e+00
1.000000000000000000e+00
4.995811585008043121e-01
1.000000000000000000e+00
5.271281980083381002e-02
1.000000000000000000e+00
-1.000000000000000000e+00
1.000000000000000000e+00
-4.232160506700253233e-01
5.599824247974114488e-01
-4.813039391612289886e-01
8.665704053140858010e-01
1.000000000000000000e+00
-1.000000000000000000e+00
3.989917647609553253e-01
-9.333081702380867650e-01
1.097200539412565012e-01
1.000000000000000000e+00
-1.000000000000000000e+00
-7.223001067234132710e-01
-6.380233055735602399e-01
-3.211488685850251712e-01
5.588393980656786164e-01
-1.000000000000000000e+00
-5.993897112747308409e-01
1.847928102758132907e-01
1.000000000000000000e+00
1.000000000000000000e+00
-1.000000000000000000e+00
-8.041302110447030582e-01
-4.086685975738697518e-01
9.250987982525620268e-01
1.000000000000000000e+00
9.418234815929745762e-01
-1.598028194384712997e-01
-1.000000000000000000e+00
-1.000000000000000000e+00
1.000000000000000000e+00
-1.000000000000000000e+00
-2.380147353367017271e-01
6.868124174187677511e-01
5.175501604215504425e-01
1.147789441378579689e-01
1.000000000000000000e+00
-1.501747971134652360e-01
6.843587994296065347e-01
-8.360597325923850853e-01
4.066604988141154786e-01
-9.127508744749757152e-01
1.000000000000000000e+00
1.000000000000000000e+00
1.271515883197987529e-01
4.308729993813406045e-01
-9.716665733110855241e-01
4.746653344445996847e-01
6.353616559598965763e-01
-1.000000000000000000e+00
1.132144301200656150e-01
-3.235613255077027794e-01
1.000000000000000000e+00
9.103479323721490601e-01
-1.670553100483650744e-01
1.000000000000000000e+00
1.000000000000000000e+00
1.342646810248317515e-03
-7.125866920378665093e-02
6.839136809978874076e-01
-1.000000000000000000e+00
6.677826788597723828e-01
-1.000000000000000000e+00
1.000000000000000000e+00
-1.000000000000000000e+00
5.070598007311748479e-01
5.231496674837476935e-01
4.463431989254165733e-01
-4.792709520978210569e-01
-2.640652578731779720e-01
1.000000000000000000e+00
1.000000000000000000e+00
-4.138221828009358561e-01
-5.908096071432379359e-01
9.172432914956094585e-01
1.000000000000000000e+00
-1.000000000000000000e+00
-1.000000000000000000e+00
1.000000000000000000e+00
1.000000000000000000e+00
3.458785612779601837e-01
-5.807950455443016136e-01
1.000000000000000000e+00
1.000000000000000000e+00
3.884808057231545764e-01
-4.278820261368923572e-01
-5.200457776571185686e-01
1.000000000000000000e+00
1.000000000000000000e+00
1.000000000000000000e+00
-2.426194987118594493e-01
6.377730086639600282e-01
1.000000000000000000e+00
-1.000000000000000000e+00
5.349163691195111259e-01
8.002381698576044311e-01
1.000000000000000000e+00
1.000000000000000000e+00
-1.000000000000000000e+00
-1.000000000000000000e+00
-6.259019490512942596e-01
8.370060596884383308e-01
6.115613549937404247e-01
1.000000000000000000e+00
4.578519814408243960e-02
5.456528930920286902e-01
1.000000000000000000e+00
8.513028652126545248e-01
4.944396731802522815e-01
6.060288988308671909e-01
-5.400431953156918929e-01
2.820316933796038761e-01
-1.521903956977094241e-01
1.000000000000000000e+00
1.000000000000000000e+00
-8.372373518459341746e-01
2.876377951011246381e-01
7.011303922576528347e-01
-1.000000000000000000e+00
4.982202454950740989e-01
2.039922218045758795e-01
-1.127673038215104284e-01
9.203634963832300064e-01
-3.693386438510327663e-01
-1.000000000000000000e+00
1.000000000000000000e+00
6.781258737635718070e-01
-1.000000000000000000e+00
1.000000000000000000e+00
5.571438716810664937e-01
-1.000000000000000000e+00
-1.000000000000000000e+00
3.338869952540202135e-02
1.110744663015169054e-01
8.268306918552762452e-01
-7.334569635723845460e-01
-1.000000000000000000e+00
7.125087913738639700e-02
1.979577739921083435e-01
-1.816356570962437966e-01
6.057694539476947693e-01
1.000000000000000000e+00
1.759554464659590090e-01
-2.714583058358954193e-01
-3.744283946923532280e-02
1.826193884786290189e-01
1.000000000000000000e+00
8.734398422098625936e-01
1.000000000000000000e+00
1.000000000000000000e+00
-1.000000000000000000e+00
1.000000000000000000e+00
1.000000000000000000e+00
4.530542835188883233e-01
1.000000000000000000e+00
6.916488460989416165e-01
-7.498595682651215677e-01
4.441586190722074945e-01
-6.802063282411699996e-01
-3.905968071735430036e-01
-5.869149073813848538e-01
-5.210937497912661032e-01
-9.470808141527077284e-01
-2.444528920339258393e-01
-1.000000000000000000e+00
-6.145172435217077789e-01
7.069834002034277587e-01
-1.000000000000000000e+00
-6.911823467369545559e-01
1.334299860891974276e-02
1.234192714169181637e-01
-1.000000000000000000e+00
-1.000000000000000000e+00
-1.000000000000000000e+00
9.178401369237096930e-01
-4.229674481947990339e-01
1.000000000000000000e+00
-6.286912945215505921e-01
4.743845093112639688e-01
-1.000000000000000000e+00
-1.179828802279421218e-01
5.413501699597316197e-01
1.000000000000000000e+00
-1.000000000000000000e+00
6.133051006134491168e-01
3.571325632341538769e-01
1.000000000000000000e+00
1.000000000000000000e+00
1.000000000000000000e+00
1.000000000000000000e+00
-9.453907103507632748e-01
-8.939526168878489942e-01
-7.863116008861827932e-01
5.652630411226410301e-01
9.955986835191527051e-02
1.000000000000000000e+00
-6.259343882854830898e-01
1.000000000000000000e+00
3.949455120948200948e-01
-3.504405379861244563e-01
4.463830828448933641e-02
5.759126266437349928e-01
-9.665807079238853960e-01
4.134731342947899069e-02
6.573267382445715512e-01
4.331756399967655602e-01
1.000000000000000000e+00
5.167377539568224210e-02
1.000000000000000000e+00
2.912473729077585949e-01
8.143253682143268835e-01
5.979147686689958441e-01
-1.000000000000000000e+00
1.000000000000000000e+00
-3.549648024411043434e-01
-4.260303411769783555e-01
6.476306768937797331e-01
-1.000000000000000000e+00
-1.000000000000000000e+00
1.000000000000000000e+00
-9.693020029617133160e-02
-1.000000000000000000e+00
-3.259214984492684319e-01
-6.568684449504318401e-01
9.608361183924710724e-01
8.939291222050967933e-01
-1.000000000000000000e+00
7.314162096315467432e-01
1.000000000000000000e+00
-9.201423208527418351e-01
-1.000000000000000000e+00
8.495058069769789721e-01
1.000000000000000000e+00
-8.791412829384478433e-01
-1.000000000000000000e+00
6.007726310291134908e-01
-1.000000000000000000e+00
-4.510626402920916433e-01
5.166207725406825324e-02
1.000000000000000000e+00
1.000000000000000000e+00
-6.813205895221606800e-01
-1.000000000000000000e+00
-5.368595205956993022e-01
-4.318930798062258214e-01
1.000000000000000000e+00
6.462894498955122913e-01
-7.441023980752223821e-01
-7.574889351003087912e-01
-1.000000000000000000e+00
-2.368751241056690215e-01
1.000000000000000000e+00
1.000000000000000000e+00
1.000000000000000000e+00
-1.000000000000000000e+00
2.322158525937646489e-01
-4.484659666100139219e-01
7.463440739399178625e-01
-1.000000000000000000e+00
-1.000000000000000000e+00
-1.229335347807039847e-01
-6.542278902531232232e-01
1.000000000000000000e+00
-5.426817932755529927e-01
3.332672199183016604e-01
8.910307066034761636e-01
2.600819482553216044e-01
5.281309123572934805e-01
-4.072835401577865055e-01
1.531104559760070039e-01
-4.513685979919542790e-01
-8.698716577685455809e-02
-1.000000000000000000e+00
-5.760195896041939712e-01
-1.000000000000000000e+00
9.349817726811179841e-02
1.000000000000000000e+00
-2.782294274253588884e-01
4.488810746404809371e-01
3.743021192127620189e-01
1.000000000000000000e+00
2.806792426534829854e-01
-7.726663878907163996e-01
-2.283374127905085649e-01
2.007508815023925086e-01
1.000000000000000000e+00
-9.180260202189567675e-02
-1.000000000000000000e+00
-1.000000000000000000e+00
-5.642968929744136553e-01
-1.000000000000000000e+00
-1.000000000000000000e+00
8.113301025324164417e-01
1.000000000000000000e+00
1.000000000000000000e+00
8.917921733605369550e-01
8.188019243816517800e-01
5.008444485592564721e-01
1.000000000000000000e+00
7.828478468542796609e-01
1.000000000000000000e+00
3.427014323329604650e-01
5.123055654686625715e-01
2.953656685124047554e-01
8.808541061881355327e-01
-1.000000000000000000e+00
7.079842595605088107e-01
5.009908074997501126e-01
-5.455034181589391018e-01
2.346018809548438555e-01
-1.000000000000000000e+00
-2.800735604417544100e-01
1.000000000000000000e+00
1.515596768119142901e-01
1.000000000000000000e+00
-3.607581973628452010e-01
-1.000000000000000000e+00
1.000000000000000000e+00
4.725770304743285299e-01
-9.215447353842471934e-01
6.933591115668813476e-01
1.000000000000000000e+00
9.677256183931454148e-01
2.200633101779602696e-01
1.000000000000000000e+00
4.362324834920161543e-01
-1.000000000000000000e+00
6.159710949044694406e-01
-1.876811135565282784e-01
-1.000000000000000000e+00
8.725862819888539068e-01
3.505339933328622259e-01
-1.000000000000000000e+00
-3.740067891710503467e-01
-1.000000000000000000e+00
-3.507546748465349973e-01
-1.000000000000000000e+00
-1.000000000000000000e+00
6.524811320375845103e-02
-6.764009089079874304e-01
1.000000000000000000e+00
3.223318201204394828e-02
-7.051067528562068309e-01
1.000000000000000000e+00
8.735395136505182956e-01
-1.000000000000000000e+00
-1.000000000000000000e+00
7.843334103153879466e-01
-3.628254317151046182e-01
3.724916825771704132e-01
1.555330529655939986e-01
8.759834931660714918e-02
-1.000000000000000000e+00
-1.000000000000000000e+00
6.443855105255889004e-01
1.000000000000000000e+00
5.459527992734877211e-01
-1.000000000000000000e+00
1.000000000000000000e+00
2.333133589741234748e-02
-1.000000000000000000e+00
-3.090478958554653821e-01
1.000000000000000000e+00
5.193590602488895591e-01
1.000000000000000000e+00
3.097859926283413889e-01
9.687666831138899148e-01
-7.486663834779592186e-01
3.326283174656526342e-01
-4.476623309011140694e-01
1.049227098395655866e-01
4.998933170852833952e-01
-5.799375776903848978e-01
1.056205104837284470e-01
1.000000000000000000e+00
1.000000000000000000e+00
-7.401960413339389033e-01
-6.064809947365641385e-01
5.931914465625715005e-03
-9.698064444385368077e-02
-1.000000000000000000e+00
-8.239149434042015718e-01
1.000000000000000000e+00
3.183503738992186083e-01
1.000000000000000000e+00
-8.955002264200848661e-01
-4.428324656445918328e-01
-1.000000000000000000e+00
-1.000000000000000000e+00
-1.000000000000000000e+00
-1.628193656028916192e-01
-1.000000000000000000e+00
-7.990972276030083865e-01
4.752798426083787442e-01
3.598513431446117572e-01
1.896528441423526723e-01
-2.576247415233159366e-01
8.997009286866702871e-01
-7.792533968458992266e-01
7.231444901625105892e-02
1.000000000000000000e+00
-5.848047764349985078e-01
-6.943353706379304935e-01
-1.000000000000000000e+00
9.896443970397977852e-01
7.453762362035101230e-01
-1.000000000000000000e+00
-1.000000000000000000e+00
-1.941469307779052078e-01
-1.342593167452625913e-01
-7.435907993550169293e-01
-2.663459994206215375e-01
9.088805661983022643e-01
1.649943783882890092e-01
1.291007503455749994e-01
-4.371395773419902708e-01
-7.649800446992682801e-02
-4.938277755597715313e-01
-6.838505785590714980e-01
1.000000000000000000e+00
-2.179480060773728578e-01
-9.643977900547059390e-01
9.328402548510613679e-01
1.000000000000000000e+00
-7.512730808046852449e-01
-1.000000000000000000e+00
-1.000000000000000000e+00
-4.768666619418814312e-01
1.000000000000000000e+00
1.000000000000000000e+00
-1.000000000000000000e+00
-2.903944470347018525e-01
3.783029808019635065e-01
-8.489393835974096136e-01
-3.272815205664031390e-01
1.000000000000000000e+00
-1.000000000000000000e+00
3.216440830895203606e-01
7.287054034486939447e-02
6.396760661016795968e-01
5.495428883052744240e-01
2.943642168318312269e-01
1.000000000000000000e+00
1.000000000000000000e+00
-2.426725635674977788e-01
-6.165917030296576007e-01
-1.000000000000000000e+00
7.266850989832625007e-01
1.941246883753459940e-01
-1.000000000000000000e+00
-9.174253612719328599e-01
-3.034435135628286151e-01
8.053670739427079006e-01
1.000000000000000000e+00
-6.545306873028314820e-01
-2.163038522006577313e-01
1.000000000000000000e+00
1.000000000000000000e+00
-1.000000000000000000e+00
-1.000000000000000000e+00
-1.975753523089386066e-01
-6.287413941428189323e-01
-5.524159350656762113e-01
5.751421862857587497e-01
1.000000000000000000e+00
1.000000000000000000e+00
1.000000000000000000e+00
1.000000000000000000e+00
-1.000000000000000000e+00
5.877629966549453577e-01
-4.958622704853249408e-01
-1.000000000000000000e+00
2.797180059104296124e-01
-1.000000000000000000e+00
-1.000000000000000000e+00
1.029697761512383680e-01
-3.994354916242739417e-01
4.701165827305531231e-02
-2.217473586189822043e-02
2.547738824702687754e-01
9.113696216559246110e-01
1.000000000000000000e+00
1.000000000000000000e+00
-1.000000000000000000e+00
-7.425836136498545903e-01
-7.056190274240634608e-01
1.000000000000000000e+00
-1.000000000000000000e+00
1.000000000000000000e+00
-2.921409202136485139e-02
-9.232407482451588931e-01
-2.606399992384386688e-02
1.000000000000000000e+00
1.000000000000000000e+00
1.000000000000000000e+00
-1.000000000000000000e+00
-1.000000000000000000e+00
1.000000000000000000e+00
7.638830653613370991e-02
-3.750248512155726077e-01
3.359158274437183400e-01
-5.756902364368993164e-01
1.000000000000000000e+00
5.356131518436961780e-01
-1.000000000000000000e+00
3.118674297819982733e-01
8.790089285155014975e-01
-2.473018607352168718e-01
-1.000000000000000000e+00
1.000000000000000000e+00
-1.000000000000000000e+00
-4.561772550529523684e-01
1.977460061378700784e-01
-9.499097567611581860e-01
-1.000000000000000000e+00
4.697841373953013377e-01
9.594195242461671658e-01
-1.000000000000000000e+00
-1.000000000000000000e+00
5.981403716327142739e-01
6.074779017087537092e-01
-1.000000000000000000e+00
-4.837626102855774324e-01
1.000000000000000000e+00
1.000000000000000000e+00
-4.620163008807822713e-01
-9.025256851672757152e-01
1.618595343483972826e-01
6.839364471008781976e-01
2.671032529676837242e-01
-8.169967432689817510e-01
-3.824311858827778021e-01
