-5.662975417628803021e-02
-6.379055879124385930e-03
2.851141648376799842e-01
-3.138171893224891429e-01
-1.613221931907383444e-01
-2.311684871732949328e-02
7.118503820603158672e-02
3.425482710807359887e-01
1.581639208912628269e-01
-2.530243114350662625e-01
-3.189948119968448736e-01
8.396424610050993997e-02
-1.352745616616198021e-01
-4.453755581177595152e-02
1.583965446685074163e-01
-2.804592089419087886e-01
-1.305826201260421870e-01
-3.530274858246112979e-01
1.166609369652267525e-01
3.810419949881909546e-02
-2.244613635475628532e-02
-6.373417519662152309e-01
2.885279501196276741e-01
-6.824200646867824294e-02
-1.795290383703901649e-01
2.342293807537652872e-01
1.284850360453851370e-01
-2.264872378749595572e-01
1.667490743207806769e-01
-4.326448217335998603e-02
-6.677786934563603727e-02
7.174508255784586841e-02
1.335736752159661853e-02
-5.597814261475227149e-02
4.917847907676930509e-03
-2.463814918009004165e-02
-4.837677122961838161e-01
-8.015594466853986910e-02
-1.571605984360127314e-02
-1.717944930532430969e-01
-1.016811644206276760e-01
-9.036263060768728872e-02
-1.443465604587930162e-01
2.137282505342965461e-02
7.743324863280924564e-02
-4.714766168764535914e-01
1.129196792240576286e-01
-3.014082629283957315e-01
1.442402234435959940e-01
5.617652388549304598e-02
2.114032574168918377e-01
3.549105914739119072e-01
-1.322061099629442786e-02
-1.527127468590738224e-01
-2.218783807033930799e-01
1.549834774003834292e-01
6.112143076681579579e-02
-2.194189373712819857e-01
-1.486262683544530838e-01
1.429858951610072926e-01
1.191005873459435316e-01
-1.571526293180871281e-01
-2.753271688036877315e-02
1.600258358844866835e-01
4.514744590839994687e-01
-1.369964848611334406e-02
-6.520169632954490868e-02
-1.171417814688808720e-02
1.331604143763726045e-01
3.092133621914786024e-01
3.956080533723199677e-02
2.502810978872771486e-01
-1.140796418885051122e-01
4.527861069252299142e-01
1.819612365157002309e-01
-1.405791190822448244e-01
3.597027405717926896e-01
1.165876621918871398e-01
3.508694474984365430e-02
8.587213599909410133e-03
4.051404300514371282e-01
2.289805593848331100e-01
3.099403982982747996e-01
2.297096572899624545e-01
-5.108611471079508443e-02
-1.555200449431212717e-01
-4.626542055518235719e-01
1.867845748340099254e-01
1.904150269960857844e-01
6.230940143291392036e-02
1.427126456046984848e-01
-1.562690920309416642e-01
1.078024311217478347e-02
1.148710034545814412e-01
-1.650512898176772492e-01
-1.612013894732868546e-01
-1.242570451824793337e-01
1.355619034482087315e-01
-3.081236310740049222e-01
-6.139445750456983680e-02
-2.303542570145306057e-02
1.180415129412983738e-01
-2.355740615004156546e-01
6.743520212416857784e-02
1.726025033984485979e-01
-3.417123499946613241e-01
-4.867224149830878810e-02
1.142493606938830425e-02
-7.103224728728323167e-02
3.394941983410145747e-01
8.022601802683109948e-03
9.571850022477167499e-03
-2.797116096676685038e-01
-8.712516740048226183e-02
-5.100052832656804674e-02
1.670463445845857264e-01
7.238898022005126054e-02
1.430013531016808247e-02
-5.948921769107980845e-02
-3.872741557403546614e-02
7.334882297399759887e-02
1.018297095171699918e-01
2.504631373886509471e-01
3.337955253486237783e-01
-5.412935416273283451e-01
3.120232424305189878e-01
2.776332678561561906e-02
7.774135367314206901e-02
3.673508993987547044e-01
4.579825697280653918e-02
-8.451754484962062386e-02
-1.909229063507536170e-02
3.305240578151111275e-02
-2.861013946692806398e-01
-3.630163461364781241e-02
8.452117292178464025e-02
-2.929101098740462539e-01
6.047933156812253935e-02
3.806721764454985002e-01
-1.343194342753782078e-01
-2.180523492370908811e-01
1.480116395483614955e-01
1.105954264734049751e-02
3.747433555302074476e-02
1.231467391758938853e-03
2.241097603022935147e-01
2.076247481111214155e-01
-3.698276966096036844e-01
1.888445793192475575e-01
-2.447365804134782608e-01
-1.817376212725415052e-01
-1.217519324764646249e-01
2.583842255660104281e-01
-1.421000273210696885e-01
1.123256808638283533e-01
-3.141489460876817907e-01
-1.539980547812223877e-01
7.144571715362601355e-03
-2.850524586230660656e-02
1.856252569395080709e-01
-3.711417782104557972e-01
1.036835185701545786e-01
-2.405672233880606081e-01
1.124637676391463878e-02
8.348993897047332635e-02
-1.947766009793359954e-01
1.405514006871213251e-01
-2.162704017013608593e-01
-1.443007739977355264e-01
3.900867541866875204e-02
4.632460291294909771e-01
9.935116218599714111e-02
-1.943655990353728921e-02
-6.396009909701435951e-03
-6.005993243742314969e-02
-2.974065741307764243e-01
5.883588805451345910e-02
2.488170826450223846e-02
2.537017357510058524e-01
-2.633511219172958162e-01
6.446994400253469853e-04
-6.030011942759452154e-02
-3.550648286465270254e-02
2.826067895572743072e-01
1.841332331860882632e-01
-5.460498586499697993e-01
-1.268733326197186428e-01
5.708553374869140828e-01
-1.877205062470329866e-01
-7.487301836017834500e-02
3.079566068584578264e-01
2.292749903498800257e-01
-1.982296688951581121e-01
-1.900142177910391916e-01
-8.584939136145385008e-02
-2.069736371555490340e-01
-7.754941672637785666e-02
1.298918121211385945e-01
1.546115318368894986e-01
-3.898828420795130700e-01
6.208383946084593957e-02
-1.287157578079652920e-01
-2.451775209190009963e-01
-1.300518460360494503e-02
4.068319494325327995e-02
-1.885569349198607081e-05
2.002062955518873200e-01
-4.869530425821549241e-02
-2.501051275738961355e-01
-1.664257896873082010e-01
8.778753003446845837e-02
-2.449353436047631838e-01
1.962190472866173763e-01
3.124449564050830186e-01
-1.278221811336566760e-01
1.806428823037903864e-01
-1.334979480622733861e-01
-2.307998292655850658e-01
5.989990452659095521e-02
2.893323580289428737e-02
6.217331794970526460e-02
-1.704380412902796738e-01
-3.843718638990198389e-02
-2.251232595722862662e-01
1.056625215849015843e-02
-1.007392852744324052e-01
6.360352337019472557e-01
-7.934056948543635746e-02
6.206478180776702630e-02
-1.318139389768406278e-01
1.972196743130792407e-01
-7.320504694115606559e-02
1.664391964936344226e-01
1.270369970339332577e-01
-1.401483985430856428e-02
2.147455103191014958e-01
-2.856805606030281622e-02
-2.664538161708925879e-01
1.522427658665542194e-01
-1.043247909034438342e-01
-8.258980010419404716e-02
-1.845563591294249184e-01
-3.557161059340676612e-01
4.740474572009217846e-01
1.559187432540758422e-01
2.566175030115437974e-02
8.423023405915379402e-02
-3.357191688938032659e-01
-2.278909719138158818e-01
-1.379953500448911630e-01
-3.274280406458927178e-02
3.953718856486602706e-01
-6.508572988762467704e-02
-1.318996782684868918e-01
-1.664263727163453332e-01
-1.545602121252496741e-01
-1.167075935953833521e-01
3.560441994352608330e-01
-2.014462427276700052e-01
-2.973942125608144277e-02
-1.132297698030192978e-01
1.087472651669688234e-01
2.514581437680442066e-01
3.344266821146165691e-01
2.066304610772927430e-01
-4.275353633221527089e-02
-2.679745806220573123e-01
-3.800602347489513977e-01
-4.201721197422231269e-01
2.248425254388156380e-01
-3.595962522919825960e-02
1.314273793330494045e-01
1.967040481686119502e-01
6.164119111477842639e-01
-3.534613241021765662e-01
-2.001682964568717027e-01
-3.335343738559888305e-01
-1.347881149202904139e-01
-1.609506375783577858e-01
-1.158336331169228378e-01
-1.503387347650611550e-01
-5.901628396696461287e-05
1.539563647229223453e-01
-1.871191071176684095e-01
-1.673946871959510196e-01
-2.388204124483103430e-01
9.840534845289300447e-02
3.639350865693332104e-01
8.021505428929007198e-02
-4.734605099464149203e-01
8.695111131825007666e-02
7.420679175713895681e-02
1.348087071346762145e-01
-3.299308449838412871e-01
-6.638745652071216530e-02
-3.603790633757887885e-01
1.585361188634556735e-03
-9.313507294539988268e-02
-2.258835132550525704e-01
-2.725583932403309873e-01
-7.411287720553706021e-03
-3.225306611054271078e-01
1.639486063046126374e-01
3.322689573930098783e-02
9.072253680909324325e-02
4.030459416620647828e-02
2.590895092375362641e-01
-3.090683379674673548e-01
1.656237034204954828e-01
-1.313632154631755658e-02
-5.229185867301085894e-02
3.571494661463211345e-02
2.477316919167984188e-01
-1.183522516528170282e-01
4.841466197746905342e-01
2.194592554186759401e-02
2.929026348351882469e-01
-3.254376271283011546e-01
2.246507430966406538e-01
-6.718467110040236834e-02
-2.103426238307582602e-02
-1.038548634461439191e-01
-1.544436651343283548e-02
-6.586771629827922400e-03
1.962009211686773988e-02
7.593342481277355616e-02
1.023868488096001256e-01
-3.108085400253630115e-01
1.923704425263372819e-01
-2.288149752409059379e-01
4.005802354984032143e-01
1.562526984951364828e-01
1.985703176279380588e-01
4.720496970397020792e-02
1.070380614341529674e-01
1.520616061775689840e-03
-9.973699152469825413e-02
-1.975249561768779583e-01
-5.787424882356961842e-02
-5.500989833874152524e-01
-9.067782602066286335e-02
-3.902948854121108813e-01
1.008356537217336979e-01
1.667913841481619697e-01
-8.525907776847370390e-02
3.096617130595246126e-01
1.308783498769807707e-01
1.777365875792346825e-02
5.495067086545235568e-02
1.409393957485295390e-01
-3.724014902583732689e-01
-9.588748340235485335e-02
3.006847422443833517e-01
3.144309308561934468e-01
-2.182796594634323906e-01
-2.339591384803388074e-01
3.223069057040897634e-01
2.344578720752460987e-01
-1.884472439763712481e-01
-3.481561941876532007e-01
-1.109141338237103619e-01
6.698037009728520508e-02
-9.771292798526205747e-02
-1.873845355974525506e-01
-6.435774932751055222e-02
5.195170865702134488e-01
-9.026739802768783683e-02
2.646373083973831142e-02
-3.006571711142077552e-01
-1.076609537725215920e-01
-2.101705835898266539e-01
1.392986376416709415e-01
6.956183699035491108e-02
1.891438317900712707e-01
3.290023330621137387e-01
1.697914526242088051e-01
2.866259177119600751e-02
-5.886503973839518622e-02
7.771379773558266535e-02
1.755664336931681002e-02
-5.919510887634845536e-02
-1.520508339082119187e-01
-4.224839213615766420e-01
5.068484910387987402e-02
-8.466014107154221091e-02
-2.226429713276952341e-02
3.503530906741978979e-01
3.171524935109859555e-01
1.926696601667891307e-01
-4.644814625304758554e-02
2.836286283058080393e-01
-2.517510942016727982e-01
1.557424047233542386e-01
1.168660010712856273e-01
-1.360799217964247208e-02
6.388558658343372609e-02
-3.658549083749204622e-01
2.050782250234747459e-02
-7.912582450121352640e-02
-1.182102052656323066e-01
-5.310224562466883680e-02
-1.777366218827702293e-01
2.724177967317117366e-01
5.116358428563586719e-02
4.916615424128851358e-02
-4.078371418142089783e-02
2.172095246676895575e-01
2.021374074454222181e-01
-7.024047411815004249e-02
-2.200027686234540128e-04
-3.921898048768535650e-01
-6.818135076704728847e-02
-2.330167858993109076e-01
3.410914138093169568e-01
1.666642384117453246e-01
3.009409208109000700e-01
3.930425735515875596e-01
-1.683482933284533023e-01
-1.254843805091588882e-01
5.579065140012513975e-03
-1.690939796505348258e-01
3.157121105878415435e-01
7.770478663241880968e-02
6.949591968824136989e-03
-2.192005499736733032e-01
1.972823488542145010e-01
2.376821566250399698e-01
3.446903055043166741e-01
4.130961563718019147e-02
-1.613961343611290955e-01
8.549127512168958054e-02
3.166563616577295903e-01
8.910927597092091479e-02
-2.846065134537876240e-01
5.968417994587282144e-02
-3.503871164056998611e-02
7.706129449944008891e-02
-3.304996883391373430e-01
-1.644081365046053955e-01
2.680847084431362687e-02
2.200311138411007728e-01
1.032898837778775253e-01
-1.522730200047426041e-01
-1.613871766102314281e-02
-6.632982315659891048e-02
-4.614421582504485420e-02
-3.011376947938174120e-01
-1.408602146475848860e-01
-1.700761812599531630e-01
1.779612287063838533e-02
-1.692873768343911289e-01
6.711308738439710452e-03
5.230026968744879712e-01
-2.156791646969649090e-01
3.679454390648739109e-02
6.782708347942219274e-02
2.672477016840485442e-01
2.957784148356352727e-01
-5.525817318327243960e-02
-1.000151452930308008e-02
5.949165944701252651e-02
-1.001517924502136033e-03
-1.452670970723567156e-01
-3.357928072060931690e-01
-2.972736860502962486e-01
-1.686784178862331673e-01
1.893595426350515032e-01
1.019419880818117768e-01
3.749828616975827821e-03
-4.762548095218716721e-02
-1.505270475907904137e-01
1.902038552872251931e-01
7.728883189652259456e-02
9.632751569294466243e-02
1.171139090406657091e-01
3.879750401773353619e-01
-4.716491775890740284e-02
2.466253218926567070e-01
2.394019988908293317e-01
-2.427499222230938836e-01
1.515780264936703592e-01
1.771339258288611718e-01
-7.209548314137154135e-02
1.901463688022323184e-01
1.864595725615271204e-01
-1.107714165035887377e-01
1.900134169460550027e-01
2.451207343325157439e-01
-5.942572765473577712e-02
1.567889644939901017e-01
-1.887343620183977999e-01
2.834555114858349767e-01
3.140237500465341003e-01
3.192458005961599232e-01
4.126781384936311498e-02
9.617603715904131378e-02
-9.236066195447048544e-02
-1.155541011020155412e-01
3.625996469253194715e-02
-2.299581160109632760e-01
7.886836603883873309e-02
6.755003584591942611e-02
-1.871398767215445152e-02
-4.374940138071397588e-01
-1.384037792488608254e-01
2.300271502958863568e-01
3.888534448873962046e-01
3.926458246650255633e-03
1.209255811998245639e-01
7.170936126591259674e-02
-1.618113518530289729e-01
6.161877811212913836e-02
-4.936305782790887525e-02
2.895004072376236581e-01
6.347753535222767918e-02
-3.866837502425219952e-01
-1.923120286523163636e-01
-2.054560302628157809e-01
-5.721000660348394273e-01
1.198387249241035374e-01
1.031986662927551895e-01
9.663335398846532517e-03
-2.656954323317230471e-01
-1.576986122762698839e-01
4.219430248797449712e-02
-6.147230352557353505e-02
-1.454881857366849274e-01
-8.842568303402831287e-02
2.923906526633718306e-01
-1.540083955141497707e-01
1.784447989164781589e-01
-5.466400134378891773e-02
1.425653441958886769e-01
-3.653693294796835911e-01
-1.508230666807553744e-01
3.192954270548745144e-02
3.124442083253723412e-01
-1.660854008354693545e-01
2.916842351468684202e-01
9.249434764352500171e-02
3.581087937020842049e-01
-3.957447560041190138e-01
1.036082437881212931e-01
1.772744644621111199e-01
1.732548757630936881e-02
-1.877819599287465224e-01
1.382384223981339144e-01
1.434525401494580743e-01
-2.122039178499173229e-01
-1.427289688265833134e-01
-3.813415543866379154e-01
2.301100798137840631e-01
1.651133690316793079e-01
1.986711128820713504e-02
3.148619147404987939e-01
-1.502103322955072040e-01
-1.550655306255368793e-01
-6.666015504526624780e-02
-1.826494706314830130e-01
-7.996281157764192904e-02
-9.862532615138476857e-03
-1.991846250948868524e-01
1.558373021697993521e-01
-1.568593600646077946e-01
8.928023519994648938e-02
1.498195703348060293e-01
-5.604385600710681120e-02
-2.041289929076078868e-02
-3.267724135807385522e-01
6.925239729141299816e-02
-2.378128380395723995e-01
-1.640812828684516389e-01
-6.987471332135808399e-02
-1.968840570132564805e-01
4.293895217286303190e-02
-2.532646462823173183e-01
2.020133431839378768e-01
3.522115931877249362e-01
-7.549665831560378737e-02
7.270207816747925600e-02
-2.922325420806208829e-01
-2.871797668775324386e-01
-4.020684349063801538e-02
-4.854703276802615486e-01
1.392996571048794319e-01
-1.504344712397609474e-01
3.363544902032734873e-02
3.838214818565411149e-03
-3.607403316976097729e-01
1.965199816411124234e-01
3.942707226742505483e-02
-6.526327111436919237e-02
-1.551544645985286353e-01
-1.371609326176814470e-01
1.072624651012931418e-01
-1.152926587044223045e-01
-1.647639363269455814e-01
-2.422186562439922752e-01
6.545003667073771847e-02
-8.256786738426720451e-02
1.052042576257648798e-01
4.863878569830833165e-02
-1.594427627640965794e-01
2.114506867373672216e-01
-1.596762968445065434e-01
1.024166891348760738e-01
-2.969383954575318674e-01
5.725925524136455530e-02
4.651583579591775375e-01
3.715939802231005840e-01
1.482655080868228170e-01
-3.406317016770282757e-01
5.124657043058355316e-02
-3.301704658208397536e-01
7.113738134109226507e-02
-2.350686571934154645e-01
3.670553779728420035e-02
-3.781561698134421334e-01
6.302198315631990511e-02
1.759578583180236577e-01
8.992279323296423210e-02
2.061900055994283776e-01
-5.038621055440664284e-03
1.004657245004226263e-01
-1.751645588066619019e-01
-1.740395932608219953e-01
1.097807412506341257e-01
1.957215012105646967e-01
-4.344997519472991281e-03
1.488209257824733567e-01
2.827140400785342622e-02
1.874726754870366940e-01
-1.210451668920287105e-01
4.317227117484107035e-02
5.239694528447493005e-02
-4.134961076768448041e-02
-2.970685819696594065e-01
1.839463061770712782e-01
-3.273340753003880499e-01
1.917659077004893811e-02
-2.056411354139669745e-01
5.093240513597197677e-02
-6.456901493613402543e-02
-1.670813623641460022e-01
-3.180120874153856414e-02
3.841735974403422960e-01
7.628550485421714544e-03
3.673440729373846358e-01
-3.588724905788646669e-01
2.441778844064887086e-02
-1.827607030989114936e-02
2.647984969597012850e-02
3.017568087189837975e-02
9.925448591414877397e-02
-4.287707046819552031e-02
-4.652458367823462254e-02
-1.559766642908638201e-01
-3.099591528839822918e-01
-9.012809761122463070e-02
1.729772638891614589e-01
-3.276410873269889334e-01
8.530922794298958015e-03
-1.119359478576086031e-01
2.043549969659939347e-01
7.828635957683291458e-02
4.890911762900270604e-02
7.019876383584003343e-02
-1.603194974284680857e-02
4.292420757756003069e-01
-2.006425177897041418e-02
3.036641092647353046e-01
-1.899921364820805758e-01
1.406547461175725738e-02
-1.565230996449850087e-01
-3.882973697378477862e-01
1.216433530822388781e-01
-1.933866685930437854e-02
1.786190430777156351e-03
3.795918049792922078e-02
7.010334440587825955e-02
-2.804942518891690405e-03
-6.615937749106533261e-02
3.017765379570532813e-01
1.311446235730759358e-01
2.342958588679502907e-01
-2.087477848735700553e-02
1.147342016368316509e-01
2.370935088277080841e-02
-1.989161354188386244e-01
-5.351293796846158246e-01
-2.520818262461688719e-01
-2.975989191686808158e-02
-2.239580002341169940e-01
1.103168535864210934e-03
8.424048982478163361e-02
2.554525717567911469e-01
2.126397956863040895e-01
-1.383703690840988321e-01
-1.551454124342661056e-01
1.291862311962692356e-01
-1.216644733457933891e-01
-1.759985442192816829e-01
-1.828997036130320941e-01
1.828185945732324902e-01
-5.226950806527849158e-01
-7.339024026682498814e-02
3.098058069287567065e-02
-2.098834790399208838e-01
-1.153879620878255907e-01
-1.412783479039747270e-01
-1.995738077325954207e-01
1.049278744002432873e-01
2.016865795998487587e-01
1.892010371284549297e-01
3.635980082996323470e-01
-1.357844973454039594e-01
7.876647770593318831e-02
1.800108075940480001e-01
-1.698404051978836538e-01
-2.715571260089430852e-02
-3.069264444703022621e-01
-1.763125456720200934e-01
-5.690081390682823897e-02
1.710267408618593998e-01
-2.953948487519591493e-01
-3.516905369419556227e-01
3.539932283493900100e-01
-1.230921116335019078e-01
2.857092566680620727e-01
-3.161756198079735403e-01
-2.783994341874962974e-01
2.541848461888454244e-02
3.623129852297367615e-01
3.491255738382172819e-02
2.020040368461633595e-01
-4.700450008417055708e-02
2.205525859366449237e-01
-3.762066812214661660e-01
-2.429828869815510439e-01
1.689807968436363161e-01
-2.351468178928913522e-01
-3.013196852114274904e-01
-1.573522870393825879e-01
5.714434379675020076e-02
1.692109291637890894e-02
1.009706290851555971e-01
9.082365416609657072e-02
-2.595409213624721989e-01
-2.176065721768506156e-01
2.430053648560762392e-01
6.343579383207204048e-02
-3.372528698064726493e-02
6.093490402684645368e-02
1.172764461275862952e-01
-6.634434161435527333e-01
-1.504762814318965636e-01
2.426946078740042645e-01
-2.228248124935258978e-01
1.844256495118220818e-01
-2.402191828923680439e-01
6.089170048343665875e-02
-1.574767140370116406e-02
2.553271620345085036e-01
2.954642006971101506e-02
-2.387269928636328309e-01
-2.866876585527895482e-01
-1.279807729425030127e-01
-2.331288512577671390e-01
3.756951475056192757e-01
7.333944506251095785e-02
3.120011034550206896e-01
-3.938529595769241221e-02
-1.005292440029722199e-02
5.746080806061737434e-02
1.969791976287455226e-01
-2.016706354887036201e-01
1.030985297003601392e-01
-9.891218708176457985e-02
-2.390068429583276921e-01
4.900497976966380204e-02
5.889784498596113693e-02
-4.854974030208714098e-02
2.353474319561446593e-01
3.817597654048854316e-01
5.790875095017607999e-01
-2.383824447394922857e-02
2.840107554619468178e-01
-1.689450640648571256e-01
-2.437645520180142245e-01
-5.646733466517127598e-01
-3.502615148447585369e-01
9.430022956110979682e-02
-4.100066908950524280e-01
6.681453984048736985e-03
3.752976557837272020e-01
2.844577038016041573e-02
-9.987671065048635277e-02
-1.940334388803431342e-01
7.913571431580386506e-02
-1.946990669984387246e-01
2.307753552836068131e-02
-2.444987858944702025e-02
1.084403464485670793e-01
-1.626220171645003376e-01
6.135329877914880159e-01
-1.642403528516414579e-01
-3.202542551735134135e-01
-6.290799289853380438e-01
2.311610436376492217e-01
-1.477938355443240287e-02
-3.258859349375534120e-01
3.543986876224758387e-02
2.423356535059245365e-01
9.368611476743196609e-02
1.419356472667286477e-02
-3.299289002830413375e-03
1.868570185006837858e-01
1.861995586051886642e-01
-2.902769037495651072e-01
2.112760286001574006e-01
-3.433641101437078652e-02
-1.210954233158719785e-02
-2.620065136863373167e-01
2.953031221880880186e-01
4.986450730716447330e-03
4.295596630806064464e-02
-2.963979406607218370e-01
4.435926878045662325e-01
-3.737138141923130319e-01
-5.811391405234982155e-02
-1.569618827771131209e-01
2.280424474138630919e-01
-1.069698465251535946e-01
-2.701599248194931913e-01
2.696343913086710620e-01
2.610992967875584991e-01
-3.424171041883860012e-01
2.159219799199973283e-02
3.561341997498794487e-02
2.460592741321458166e-01
9.735543964973353281e-02
8.078418801832355778e-02
-2.061885290562147366e-01
1.592452433798089984e-01
1.218977747374993537e-01
-6.377677824348631890e-03
3.799293708544345116e-01
-2.020763992148401356e-01
-1.165436393824032107e-01
4.585226538846401412e-02
3.589893647183438341e-02
2.590970806405725260e-02
-2.777864855689602189e-02
3.769388437229722472e-02
1.609021892135299170e-01
-2.597228381423781832e-02
-1.019281512863415701e-01
-1.127141220542394323e-01
1.535993690218906416e-01
-2.673869225392706550e-01
4.544404211859832260e-02
-7.425272900513454899e-02
-1.606067109957224903e-01
9.277914055068128829e-02
2.380759231857505209e-01
4.421732372519611431e-02
-1.579285506342687495e-01
-7.451195228795916281e-02
-1.253083236365978015e-01
-2.997477662430951192e-02
-8.971462738709151674e-02
2.437628336538804896e-01
-2.913290888635115539e-01
1.800250782777199077e-01
8.730342765780721437e-02
-1.931713033201750210e-02
-2.403639291196218442e-01
1.212471332147690845e-01
1.750183882640810040e-01
-1.497079584965276544e-01
-5.979990916861870759e-02
-1.942303811040897461e-03
-1.954752069652217761e-01
3.788911083379547032e-03
-1.665720928877237883e-01
3.914043472162302417e-01
-4.831565600472002564e-01
2.241949759120925173e-02
3.353722139282383496e-02
1.504581063681297015e-01
-3.433651845856380835e-01
-1.938371142968907945e-01
5.932196309143835528e-02
1.642323664126388028e-01
-2.026236090996921466e-02
-3.661739113409752666e-01
1.584750297248254530e-02
-1.389424309483850151e-01
2.009742057607286775e-02
1.027652012780099489e-01
-6.603302373247281754e-01
2.404101674169238090e-01
1.046122799299978590e-01
-8.930130923408728660e-02
6.807786881870480852e-03
-3.022616932338740292e-01
2.616246777104556664e-01
5.541336230022488041e-02
-1.423311583941230529e-01
4.736371421546800575e-02
2.545850948375167899e-01
1.482150857321614945e-01
2.208290491975910541e-01
-3.050030026696467500e-01
4.501521736457465405e-04
-1.675364468729387268e-01
1.040180348677641059e-01
-2.443098015351852226e-02
-8.346237774152667765e-02
5.047919608552028231e-02
2.336118922230429398e-02
2.295394850927252872e-01
-1.070912427423616614e-01
1.619741886502838388e-02
1.059574950994374570e-01
-2.919321882216988073e-01
2.031544068342340525e-01
-2.746395205072760595e-02
-1.616265507034242987e-01
9.660302847175378238e-02
-7.429438505727534170e-02
-1.597929885998511101e-01
-5.078085541884074655e-02
1.867968278307544083e-01
-6.571931346693297982e-02
-1.064658131035837035e-01
3.684960317410404529e-02
-2.122118673442519032e-01
2.370494731655482801e-01
4.289225173253121692e-01
2.722705651112953262e-01
-1.942363365409015830e-01
1.080427282580098160e-02
1.779482780462177394e-01
5.951932022606044870e-02
2.271663350033132356e-01
2.452354679743380395e-01
-1.130066077308050365e-01
-3.046191845362625217e-01
-1.405586023942792251e-01
-3.137977896994359472e-02
3.733678293075309296e-01
-9.294259458530462759e-03
8.077689793481004910e-02
-1.472246835975011547e-01
2.319958270306231307e-01
-1.470379490538095968e-01
-3.616711347597516973e-02
-8.599221339188632685e-02
-3.758234792450309558e-01
-3.327633036251047977e-02
-2.485680174730108827e-01
-1.345566554741386145e-01
2.261301336437827880e-02
-2.029473510490105437e-01
-3.462386238969578089e-02
5.370958208543534507e-02
-1.847810118171878402e-01
1.082019528453777441e-01
2.179892163224735890e-01
3.459760200085887361e-01
1.410806923218592412e-01
-2.607079670418807060e-01
-3.546924064303092483e-01
7.875684442549923947e-02
1.516143225306100517e-01
-1.160216353493732783e-01
-2.701054661759277331e-01
-2.236697343310321828e-01
-1.329411967289161611e-01
-4.114879631723397657e-01
-1.775748434449628821e-01
1.580126790230327316e-01
1.492821058223733899e-01
2.356709678635314498e-01
1.016595567452176219e-01
-1.872079094001536659e-01
7.380428166352560881e-02
1.670801098939853346e-01
-9.347022711697634823e-02
-3.041070289245156322e-01
1.032270998742299273e-01
-3.022687481420847228e-02
-4.358809380762633523e-02
-1.491563100185587798e-01
1.182550515216012899e-01
-2.234387468548366673e-01
-1.222493606233373414e-01
-1.067083537559980755e-01
8.449496235441061875e-02
-1.016473884006838108e-01
-2.464506020038965683e-01
1.982265259682529368e-01
-2.154213756618293327e-02
-1.867898704401226850e-01
2.250673347819534820e-01
-1.087650062607968954e-01
7.728570605289163120e-02
1.861108014889603299e-02
1.807226729695786682e-01
2.250472591189530969e-01
1.140995301687976367e-02
2.358391561919132018e-01
7.558446133195124983e-02
-8.696088236399873717e-02
-6.831456789585328704e-02
-1.200803152518350597e-01
3.095087508056476033e-01
2.344998108138626747e-01
-1.131461544396820534e-01
-5.204191386849804646e-01
1.969875006249635074e-01
1.586496451870237842e-02
1.561757629199616859e-01
-1.089652858910370309e-01
-1.112236652747821131e-01
1.369558811108270158e-01
2.710380039367297766e-01
-2.496818740301941786e-01
1.384460135352372778e-01
-7.566782377506736657e-02
-3.360404289142289724e-01
1.972063111189883144e-01
2.904984251584247223e-01
-1.638317007346669352e-01
-2.991960754414292878e-01
-2.292848791051651722e-02
2.042078367918826742e-01
3.546722340495568893e-01
1.527710808993651137e-01
1.086722047306689226e-01
4.322266040316238844e-01
2.246554988307778167e-01
2.522933843937151810e-01
2.757790497503608343e-02
-1.969007693946822346e-01
1.639164021680818151e-01
-2.760817690412827874e-01
-2.385564245542344530e-01
-1.724561130414871066e-02
-1.342561055947312232e-01
1.375649244460856735e-01
-3.139567428586629294e-01
1.318981885086123636e-02
-6.958890671048637011e-02
1.256901694294860761e-01
-1.819117014756939030e-03
-1.184650334765973735e-02
5.275355273277052004e-02
1.367306946931883815e-01
-3.387098620064889903e-02
-7.152106851688218303e-02
1.281442089340673329e-01
1.693549170905618018e-01
-4.820663567708716180e-02
4.122852824966558721e-02
1.586934640074078862e-01
3.077976858655949791e-02
-3.204896675144953133e-01
-1.377396503651092396e-01
1.937566825128713144e-01
5.600411742288950029e-02
2.137973505991398043e-02
-5.581375151224488712e-02
4.462177240457639027e-02
-7.830059077431353320e-02
-2.562522368626654612e-01
8.478536332564939881e-02
1.789597262766681462e-01
1.354919788670381764e-01
1.691323378801700139e-01
-2.395566031586798816e-01
-7.716479318795646525e-02
3.328140512751241453e-01
8.837202175280797767e-02
7.034864276864781496e-02
3.356873744972967422e-01
-7.484156681383660747e-02
1.122729432564453372e-01
4.483155053563236264e-02
2.420091225824629322e-01
-4.577858178499779468e-02
9.797346050264101047e-02
-6.280605435244344947e-02
9.077746878149661747e-02
-1.716100819064221572e-01
-1.672919540080681222e-01
-2.931883022832189600e-01
4.039643208775084773e-03
-7.567751664087918329e-02
-3.035510246206283846e-01
2.330085408755707410e-01
2.130646808013286764e-01
-3.033301076743254998e-01
-2.847021308029118458e-01
-5.122659680976304752e-02
2.357151471232699358e-01
-3.386687137381388935e-02
-9.048839143830714193e-03
-1.994841966908912356e-01
-1.681904495139641409e-01
-2.157644545913698364e-01
-1.531469632643685796e-01
5.517179365552498521e-03
9.905959324150889755e-02
4.147137353643796237e-02
-1.316253882946777087e-01
4.802535402344010329e-01
1.251447771468706394e-01
-2.619846469668786204e-01
2.356844337260044497e-01
-9.640826121558211670e-02
-5.469338107193444376e-02
1.754540493767949849e-01
1.466585357122310584e-01
-8.852193621260064094e-02
9.474634925395121476e-02
5.279590074460114441e-02
-1.817685779938456869e-01
1.880962154562356922e-02
5.502654524151273652e-03
-6.826060050712451366e-02
-2.093584742582836611e-01
-1.035181410562178161e-01
2.752143072011235120e-02
-8.269948851233796527e-02
-2.911022064164641154e-01
-3.203616376217615497e-02
-1.645583881309006513e-01
-6.482623902025774765e-01
4.787729002601037037e-02
4.747949282994453485e-02
-9.845865898989016041e-02
1.749174614874574318e-01
-3.942886900907332376e-02
3.296255119890029173e-02
-3.902292694691692487e-01
2.146810643570945254e-01
-9.706271393505602751e-02
9.640334441236024510e-02
2.662200217478158035e-02
2.451020970744642036e-01
5.523878922964506333e-02
-2.528971745970151064e-01
2.685078552029337429e-01
-1.081858484449202823e-01
-5.007475449672318391e-01
-2.479348376716120073e-02
2.450432572837768219e-01
2.817782788283786435e-02
-3.783290269775057418e-02
1.367472893414914958e-01
-2.156166794315450275e-01
-3.742637093417176819e-02
-9.503619081752855136e-02
-1.706393705402350636e-01
-2.258496935328035971e-01
-2.322128826973570981e-01
5.209479561503335687e-02
-5.243415315056297425e-03
-3.130730010361968546e-02
-2.083162994038954829e-01
-4.157838762563107471e-01
-3.102819356992031485e-01
-3.222052086046807151e-01
1.161805351777911617e-02
1.274595447010690163e-01
-3.847605495547314347e-01
2.534624827664951341e-01
1.707649763907086726e-01
-2.331445866245449861e-01
-2.308191017762256311e-02
-2.764051946078895441e-02
1.567984563691313116e-01
4.404438870799180783e-02
7.336682104123661008e-02
3.647916066374931043e-01
4.663942053420964268e-02
-3.135014733814303067e-01
-9.517743365152189772e-02
3.012745043164695713e-01
-9.504803483496987448e-02
-2.690495091055341015e-01
-8.567537667004673785e-02
2.372676920594241068e-02
-3.402474022604300152e-02
1.666538954899446645e-01
5.782512420228722583e-01
-4.142253975974925784e-02
1.198104354784203934e-01
3.150636018331064853e-02
-2.126163659051241994e-01
-1.065017660124174120e-01
-2.626757937957595046e-01
-3.535596540595121184e-01
-1.016245625232881436e-02
2.123477559884862781e-02
2.383001215372591575e-01
-1.589315839672893194e-01
8.044891092049220871e-02
-1.805484154356457871e-01
1.492143435381006189e-01
-2.119180354137893407e-01
6.731588438072336374e-03
1.221582586225898326e-01
4.137894933273285336e-02
9.027027046548272149e-02
2.410911988845133580e-01
-1.688061057955025090e-01
-1.330672818069821017e-01
-2.517577145873209910e-01
5.825112315590930123e-02
1.673419198091272431e-01
1.990872175538715150e-01
3.092606521801235728e-02
1.315962422627154071e-01
-1.167210631802054893e-01
-7.019900554994636110e-02
2.367139946789281746e-01
4.510738973613907105e-02
-6.559431325017005265e-02
6.456393811975218167e-02
-2.310438018568930219e-01
-3.265905683018314742e-01
-1.480513333270446763e-01
-7.274862003191860833e-03
-1.618469727454148743e-01
2.264358207014477709e-01
-2.829957812446301513e-01
5.785126731364815394e-02
1.211894533814539959e-02
2.389227902932523351e-01
-1.668764400006268467e-01
1.880626122563664182e-01
-5.466428542103764915e-02
1.405700367739415590e-01
6.207543778747735136e-02
-1.057218426130482752e-01
2.449607019934557373e-01
7.867384526532304745e-02
2.045665894447768196e-01
1.018506093308047256e-01
-4.962794127384952958e-01
-6.658173264983122119e-02
4.033297582349902877e-01
2.006014294864894298e-01
-1.122709084834888488e-01
1.203036207540318647e-01
-1.960551875335315719e-01
3.317264650199659021e-02
3.284109920617065415e-01
-1.078955487551488124e-01
-7.951395274103410099e-03
9.098846190715466700e-03
-1.582239564309720903e-01
-2.367411296813570450e-04
-2.215688439298570123e-01
-1.323903652299338561e-02
-2.465736247174653561e-01
-2.388154628078242858e-01
-2.380752193291383323e-01
2.198299641934215176e-01
4.639846728393483555e-01
-1.721253848758494964e-01
-1.781188469323861934e-02
-2.977675152192345576e-01
-2.239373066324814032e-01
1.819143323471753837e-01
2.697610148664328356e-01
9.376267798996616677e-04
2.759157797416468272e-01
8.387812853143879199e-02
-4.746100315511466404e-03
1.373514614643319420e-01
9.388525244455840982e-03
1.514213144570191738e-01
-5.298719389663465035e-02
7.450790128096732023e-02
-1.480642092483205052e-01
-4.634265059255072150e-01
4.415583712570858577e-02
-2.996711225139538914e-01
4.692231065176205584e-02
7.280101678040734603e-02
2.573777014747862246e-01
-1.192243774421883895e-01
-6.362856774549080496e-01
-2.059952866146478809e-02
1.346033748164798260e-01
1.083619282614445567e-01
-8.214233562660189225e-02
-9.726060542088622862e-02
-8.096387507033241115e-02
-1.796004595606447429e-01
-1.579341684376853877e-02
1.975035553882060757e-01
-9.372372590331547182e-02
-3.584578236452822808e-01
1.515246957233445657e-01
-3.179804210059184594e-02
3.736714694535977488e-01
3.300608031202245662e-02
7.389837156708786714e-02
-8.716012103793781274e-02
3.558051909440745342e-01
4.424226440078096734e-02
5.933940232758676547e-01
-1.092005577375962100e-01
-1.992408681644985136e-01
-2.218383079540205485e-02
-1.138146852316358343e-01
4.728915944670027960e-01
6.017262895213308649e-02
4.580581831406663890e-02
1.621458463040538200e-01
-8.743251296603436751e-02
4.522137765018740055e-03
2.859774912914917477e-01
4.106527640335286278e-02
2.901437706676273098e-01
-2.245159598392555342e-02
4.549141131883833317e-02
-1.781262035668988719e-01
-6.180660859571802772e-03
3.494996078593625155e-01
-1.727822568569025441e-01
-1.898968909576685959e-01
-7.290245803063596930e-02
-3.545224902809878120e-01
-2.990223642294468354e-01
-2.335007853366447006e-01
1.066513986343050127e-02
-2.211361504227737917e-01
2.089459426634681163e-02
1.113779738951447412e-01
-8.627301630155546908e-02
-2.016505546284670380e-01
1.719643478788971114e-01
9.427558611896866281e-02
1.735180087704235874e-01
2.256902592155994314e-01
1.425622821651272194e-02
-1.503452433956345424e-01
-1.660987036461424593e-01
9.075613717617092568e-02
-3.776028841306725004e-02
4.668102343904061841e-02
1.057673187869645620e-01
1.014415166116120204e-01
-2.327420745212160080e-01
-1.540741534315896999e-01
-1.066624391502803276e-01
-1.654437620121172042e-02
-2.404308612136559220e-01
1.153539171618355036e-01
1.636447570319042866e-01
-1.311349294384372144e-01
-1.063420457658840676e-02
3.956125440228663304e-01
-3.073798714092371709e-01
2.797713766715932415e-01
2.684838211969344246e-01
2.123906467923600550e-01
2.118596904940467096e-01
-2.539609908596399124e-01
-1.620911880848500131e-01
-2.688878072646702470e-03
2.556692545600007249e-01
-4.509917286271710735e-01
2.356423679124928505e-01
-7.533633365944766846e-02
-2.490074228749148411e-01
3.013221870098974076e-02
2.177940536332607369e-01
2.380810071771696790e-01
-1.284834374311105698e-01
4.923332711700845708e-03
7.982854456739986448e-02
5.247124736428723790e-02
-2.258033399763609284e-01
-3.563007031017522558e-02
-1.402017968527302649e-01
-9.339011005327621517e-02
-4.755130803603962453e-01
1.088614110122538697e-01
1.114164753268985231e-01
1.463909909412068784e-02
4.290716064164447063e-01
8.063388354805660352e-02
-1.059837690568203594e-01
2.958222392295000724e-01
2.099561903381764461e-01
-5.417521020557941602e-02
1.695677370817171292e-01
-1.011337800512292495e-01
-1.787627407903742971e-01
-1.261290677379491021e-01
2.195452813974201611e-01
-2.455618756402931646e-01
2.186310366492315305e-01
-9.356765103393674399e-02
2.322210269115063952e-01
-1.388217598149422694e-01
1.984187248388538660e-01
3.422421228404964183e-02
1.704146072120149291e-01
5.526990793229172305e-02
-5.029965193524547212e-02
4.982676714677216068e-01
9.845692826012665891e-03
-3.531502001382357814e-01
1.944643097075169844e-02
-5.068263500179030767e-02
-4.704497731395014815e-01
6.409065985724463066e-02
9.439541003022766663e-02
1.787483076856666298e-01
-2.310745499088217095e-02
-8.661291888703417929e-02
-4.188889999043652473e-02
-4.763804288860919861e-02
-1.696998929638845188e-01
-1.854215388829813516e-01
4.132699643458770389e-01
-8.239397808133744339e-02
-8.650713569583180773e-02
-2.638523946885946714e-01
1.102699112520011820e-01
2.434885495941779485e-02
2.552103521273939024e-01
-2.511620065235707355e-01
-2.898902194267172217e-01
1.287001945890353938e-01
-7.622103700132880355e-02
-5.428232285428102183e-02
1.443238216568516197e-01
1.297640495023784923e-01
-2.856980332305534276e-01
-9.211776550472762504e-02
-1.043797741613870372e-01
1.852472495144895370e-01
1.788275418581941334e-01
2.649920357344898170e-01
5.700621163311981460e-02
-1.983597537664915089e-01
-2.732709361446986410e-02
1.627451563381290267e-01
1.140311928987899903e-01
2.305566378805893601e-01
2.366323273743362043e-02
6.742036055320402288e-02
1.505584333618641656e-02
1.159633334087223216e-01
2.375396943724928933e-01
1.746195702700885366e-01
-1.185292368720147343e-01
-1.438380960246902207e-01
-3.364447737442148867e-01
-6.777745650349224771e-02
-1.457641471112808632e-02
-5.908848727678175927e-02
5.446329019972881436e-02
3.087274731293789681e-02
-6.005133315478383173e-03
3.000389798708448796e-01
-3.910262115834510499e-02
-2.200664319460269025e-01
-1.593077011240064955e-01
3.351872694908205608e-01
-6.367479193555689032e-02
-9.424265197296771701e-02
-7.389343883553496639e-02
2.106512655996529981e-01
-1.773606264675424704e-01
-3.006898380295768280e-01
-5.124252179873037272e-02
-7.613703760421261513e-02
1.150703800996654390e-02
-1.225880175911525233e-01
2.061801082615876413e-01
-5.264673620065153381e-01
2.157904138588220833e-01
2.030983020098713621e-01
2.095127677188782234e-01
-3.314317854765397309e-01
3.020777428390395980e-01
-2.500227045230880574e-01
4.656560836890542149e-02
-2.301828347256964363e-02
-2.087655217284456743e-01
7.420583856521459354e-03
2.270875984526570801e-01
-4.825297571329307256e-01
-2.776312489640292980e-01
8.647224912918759221e-02
-6.007059125700114910e-02
-2.728612796255194262e-01
-2.476482629727242424e-01
-3.109427666666350620e-01
3.101961633259215922e-01
-1.269457141736808972e-02
-1.386332682424772367e-01
1.878471470808560084e-01
2.092322125166792279e-01
3.952140982340122677e-01
-2.607076417509364696e-01
2.560437031401947006e-01
-1.656474218883646488e-01
1.436886277378020445e-02
-3.880023695385095839e-02
2.883782334347109177e-01
-1.787196200690611969e-01
-3.578761560238775119e-01
1.630753216552284501e-01
1.674480005670655469e-01
3.368577392081984478e-01
-1.279143937131448916e-01
2.399104696543804616e-04
5.294605047628284100e-02
-1.956135020659969526e-01
-4.462402442745117687e-02
2.469641746900269053e-01
1.269201092674258624e-01
2.479135213937951054e-02
2.040064085663567672e-01
1.834199527718955447e-01
-2.330499739128221171e-01
1.670398554468983110e-01
-2.512828008026224413e-01
2.234084760049639129e-01
-1.848144078014173353e-01
1.319349509187315028e-01
-1.104790116402352002e-01
-4.271771983043282650e-01
6.320217136030638339e-02
6.846436274407927125e-02
-2.416674365769436172e-02
1.196933653380385064e-02
-1.661880197662939096e-01
-3.109757897240278401e-01
4.572201499323048091e-01
-2.619209085611546306e-01
-1.618528186767745347e-01
-1.224646486465041234e-01
2.643777495280999479e-01
1.354679887454851017e-01
1.652793563568014379e-01
1.752236512901139964e-01
1.527608354629518828e-01
1.663562863464989605e-01
7.082333102706277195e-02
1.541297306618238938e-01
6.049108443325273282e-02
9.679038285982702328e-02
5.852470531403264342e-01
-2.522185647100664771e-02
1.715236899544094265e-02
4.180118146494779530e-01
1.685998892913403713e-01
-3.755383723342208685e-02
1.128820801651360395e-01
2.848453038420004080e-01
-5.928173789585694520e-02
1.891680306959786229e-01
7.784890803903633805e-02
3.181928303487186471e-01
-3.027383616227891094e-01
-2.204748090818770268e-01
2.758742324393899121e-03
-2.648140284436348302e-02
-1.467991373625500418e-01
1.268914918914311740e-01
-4.015844988790646664e-01
-1.318742881150987700e-01
1.374585935060134989e-01
-1.906917632568602694e-01
2.974761833015444196e-03
-9.284649560498241250e-02
2.690757223602229797e-01
4.111116082590880461e-01
-2.542620920393092732e-01
-8.641034088584152728e-02
2.537234317279017382e-01
-5.974559033199657726e-02
2.876363778215859646e-01
2.065544521463650585e-01
1.713977163722563146e-01
-1.141200898836265132e-01
-4.172843914296369139e-01
-5.642705229635745345e-04
-2.408036781571561979e-01
-2.035324737040440646e-01
-2.140675311568339123e-01
-9.689347565798515916e-02
5.240604607977377566e-02
1.888655485270223922e-01
-4.316322947547487354e-01
1.029773182294197592e-01
-8.142696486360580244e-02
-1.830496694456264783e-01
3.939759058492365851e-01
-7.481717628082754090e-02
-7.803715448834407098e-02
5.562573576028372740e-02
3.728689739708963835e-02
-3.320195698163517783e-01
-9.117459503944448651e-02
2.825266432564483288e-01
4.212004542943786345e-01
3.366814880047880321e-01
1.465615168394524513e-02
2.436898694392469478e-01
6.787088658861023527e-02
-3.433181298758474775e-01
1.128784386497288655e-01
4.896600432904873318e-02
-2.833229124177041314e-01
-3.233274492095722930e-01
-5.553688364408763123e-01
-3.151555914218964749e-01
-1.619705770026422242e-01
-8.180009476922535383e-02
-1.436601794790406950e-01
-3.989684698473962010e-01
2.557016895888865604e-01
2.214067428479732282e-03
3.778660336190795555e-01
1.977659853567574344e-01
-3.081802782349641473e-02
5.857759982596179027e-01
1.794899325999122219e-01
1.304261314681949002e-01
-1.944832665908179381e-01
-2.528232703522612090e-01
7.888796137014368604e-02
3.686857252906681759e-01
-1.661966194008061282e-01
-4.769643409867679873e-02
4.610026697868831874e-02
-5.892123040144564561e-02
-3.763321386584914108e-02
-7.172173353932827233e-02
1.222688764705871928e-01
-1.863553602822542732e-01
-1.630792283029855461e-01
-3.768939002786628190e-01
2.357306664270415464e-01
1.357388967768925758e-01
-3.770698303803233370e-02
-2.926472468743534505e-01
-3.384931558064940282e-01
1.752508800223920860e-01
1.456352343281648032e-01
-2.240341252393540095e-01
2.115444396494054469e-01
6.108082061925620282e-02
2.699033505614613082e-01
-3.118197095776999161e-02
5.307756844934212737e-01
3.133946761737573250e-01
3.313376875063682725e-01
2.123952413559471522e-02
4.778962532640108063e-01
3.633583742678779815e-01
1.540511038958229384e-01
-1.539563009180809454e-02
2.905752969530472907e-01
-1.371203436675761944e-01
-1.545076332104098893e-01
2.682658811376261165e-01
-3.562298486924457830e-01
4.362525806512834031e-02
1.279827196204982032e-01
-3.224500285845398051e-01
-4.956947185949117651e-01
2.150693254932873819e-02
-3.739460237306770161e-03
-3.581775005961732039e-02
7.306071236645150790e-02
-1.278182568745486469e-01
3.909133557093449202e-02
-3.371087839842447087e-01
2.778016458405584421e-01
8.472729248080476672e-02
-3.340994631378645108e-02
-2.324804422905683756e-03
2.902374953042727856e-01
-2.155071700393084433e-01
3.102661235447665145e-01
-5.683015567966210463e-02
-1.786760934578935645e-01
2.732625642407334257e-02
3.573763637075232369e-01
-2.103015205007684185e-01
4.169113869674677397e-02
1.009472199494601818e-01
6.895326419326584799e-02
-5.656647151432286913e-02
-4.245667316694993754e-01
1.093615815733247343e-01
-1.375924621335590514e-01
-4.872305118282068553e-02
-1.228524364255325074e-01
3.694603468089424081e-01
6.091565093087219357e-02
3.401199092495894583e-01
-1.280712669092315958e-01
8.291787283843160550e-02
2.084790543103861027e-01
1.759897998787377524e-03
2.274109461193861703e-01
1.151525052376526081e-01
-2.695998648625834715e-01
3.344472907494112218e-02
-4.595562741911005666e-01
1.753947965157199793e-02
-5.548553649068129756e-01
5.433868227301373588e-02
2.648658786122511932e-01
1.495888205210408606e-01
1.275842806416360165e-01
1.148400225743841374e-01
6.892099335254155135e-02
-5.507995178376524914e-02
5.736740237832130967e-02
1.477798469624392978e-02
-1.789470796529953611e-01
-1.556547063640330297e-01
-1.104589442164528174e-01
2.257766807472874893e-01
-4.808480058310563715e-02
-3.498080186934461877e-01
-3.417266407347825941e-01
-4.022259374106890162e-01
-2.771501734644788578e-02
1.971916330655619498e-01
1.820411934905013032e-02
-1.425580164406714534e-01
7.121518744039097293e-02
7.053040570128633890e-02
-1.560398570221520342e-01
-1.407121723277509895e-01
2.613244764281826837e-01
1.129703627372577041e-01
-1.879066287415333270e-01
-2.869033676983016035e-01
4.523547801025037951e-02
-3.764366018901889599e-01
-1.974620471045861747e-01
-1.972754738313001743e-01
-3.320202679617446084e-01
-3.904333006879162626e-01
5.003946395550965542e-01
5.856371019947872320e-02
-5.824508622822646142e-01
-1.750948968059517774e-01
-1.552053297133359211e-01
-1.854045426184359746e-01
-4.491370060110676243e-02
-7.202963147863256088e-02
-2.295209831807698553e-02
-6.238323822789160200e-02
2.084677990246988633e-01
2.372983844370825813e-03
-1.319705715508452948e-01
1.363894711362664304e-02
3.574403859678126905e-01
6.107533695404759183e-02
-1.373959882808765409e-01
-1.152098293710776683e-01
7.709509954084765859e-02
3.483006734387186776e-01
1.350234474660225448e-01
1.434463143795075002e-01
4.875790253369587934e-01
-2.706538930919346470e-02
-6.000180314592251651e-02
-1.580251766855172990e-01
1.069472712056630248e-01
3.811773453307915616e-01
1.889589099449686393e-01
5.702820016975915229e-02
2.395487806587842106e-01
1.448426364618530249e-01
-1.152337469330654354e-02
1.141004557690814859e-02
2.318164768399991194e-02
-1.786254048062429489e-01
-4.009472643448768192e-01
1.165478328200459934e-01
-5.223491802932862804e-02
-3.135319958148516939e-01
-7.288742047097869492e-02
-1.048333013873449654e-01
1.462623502203530546e-01
-1.204415057955800089e-01
2.462389285918978876e-01
3.611464628490661521e-01
7.631177005262025637e-02
-6.922464268005021348e-02
-2.935212419542259088e-01
-4.396668669176047595e-01
2.782122070077393955e-02
-9.624947230455076219e-02
7.714232886723787486e-02
-2.049624643040270575e-02
2.854859681094683022e-01
-1.918013544279325577e-01
-1.226278323259767135e-02
4.657090682484157362e-01
-1.205948569857587666e-01
-1.554606129877076082e-01
-1.934924888858588488e-01
3.796030365111369709e-01
2.166271869811185746e-01
1.110705891924611971e-01
5.578107921266478586e-02
-6.671275195262219015e-02
-7.179079230126741984e-02
5.018569152200260675e-01
-1.818860524027723358e-01
-5.198945750996551984e-01
4.733926430552439640e-02
6.738600262319986711e-02
-4.816416597390108661e-02
-2.797116718937973645e-01
-2.249220421774910383e-01
-1.509630116651899667e-01
-1.872601760262902759e-02
-4.011655536153193036e-01
-1.564878782900818999e-01
5.919064297954716031e-02
-2.986241569948861474e-01
-2.615779371271995113e-01
-1.597311644549702647e-01
3.351875023566988632e-01
1.506170499851215427e-01
-1.790774210940029032e-01
-9.924167647963498540e-02
7.786716452463568472e-02
2.798886918547112759e-02
-9.208782274173760163e-02
7.110255803208799519e-02
3.798020930788348903e-01
-3.483065685323921690e-01
7.282134714371850392e-02
6.481745938361843651e-02
-5.330936730229799414e-01
-3.585432311592844368e-01
-9.972418568032748176e-02
1.373542645653370309e-01
-1.195823657834401699e-01
-2.960401079844585670e-01
-1.436105417152702124e-01
1.504335977580268657e-01
1.728166628354949053e-02
3.961041531445687325e-02
-2.612706603774025971e-02
1.042432691214772583e-01
1.126997539872050084e-02
5.343277839527951767e-02
4.028823402540480103e-01
-3.913674442587513069e-01
-1.216158738050710647e-01
-1.797319860749370043e-02
5.436030855614040064e-02
-2.971362923978733139e-01
1.128877163148882951e-02
8.089920811119663546e-02
1.093007402910587123e-01
-3.021847450457563200e-01
-1.228317056189729140e-01
-2.413637197615723859e-02
8.689944416558171431e-03
-7.093818131721005282e-02
-2.802183633923814310e-01
-1.545781855581762343e-01
-2.689167594603438793e-01
-3.651068256742278414e-03
-3.406278797359587052e-01
-5.067076313458405284e-02
2.950304979112569624e-07
3.169499475901165209e-01
-4.485931706465410285e-01
1.457097336488122064e-01
-6.741038336515765839e-02
1.805815022842340578e-01
9.754898142917312054e-02
-1.262664369885745652e-01
1.342756913202830804e-01
-1.944630090181297677e-01
-1.173190542923592955e-01
-9.203708108499820961e-02
-1.827738271457511610e-01
4.564710032062129219e-01
5.436544376793162742e-02
-1.604959906285540958e-02
2.200173843025252651e-01
-2.248712994421006584e-02
3.868318253137479484e-02
6.966811659280112978e-02
2.513048191245091934e-01
5.164458322816104507e-01
1.809304481527918840e-01
-9.385277424015851799e-02
-2.607819581571537704e-01
-2.398783553450130612e-01
-9.015173519555526316e-02
7.428944256605571339e-02
1.603183244629760029e-01
1.964160337071852447e-01
1.797366579026062616e-01
1.313533619031794497e-01
-9.114211624702121817e-02
1.024660084708822923e-02
1.674314170807078561e-01
2.508273446235211868e-01
3.373611757548196088e-01
-1.490929464262598925e-01
2.735061546019387779e-01
2.756441184215387974e-01
1.125519975205269002e-01
6.347433059055161350e-03
-2.022739428038337617e-01
1.414454213974455365e-01
-5.109542697130198263e-02
-2.532828012059508693e-01
-2.847107330732021602e-01
4.853646304951426960e-02
-2.718883427364407121e-02
3.249684728805224965e-01
-1.550721544252668949e-01
-4.174405062966655144e-01
2.871275190014369386e-02
1.243897962044114430e-01
-3.435802750740140632e-01
-1.862417511094247857e-01
2.315789903957513884e-01
-1.104658111141323951e-01
1.169877243880216161e-01
-1.448181239241119189e-01
-3.022781567929925250e-01
1.761552730190572569e-01
-2.679178495020201889e-01
1.173129649339782477e-02
-1.267383147715629016e-02
1.185886412832999753e-01
4.892609188634440276e-01
-4.387542437688527475e-01
8.652094532657854387e-03
-2.636851623469844141e-01
-1.098239698253315189e-01
3.675726467009345910e-01
-1.860127157216234228e-01
-3.112075869118915428e-01
-2.981738545932483553e-01
-2.375624082336886267e-01
-8.865147354463120966e-02
-7.269390880657429499e-02
7.909423771401362380e-02
-3.968238184467704488e-01
-1.086052564711550567e-01
-4.071266598338067477e-01
-4.444633680721192803e-01
-2.070023863444212242e-01
1.433712380182686763e-01
-1.788115021743418298e-01
-8.136768796497975686e-02
2.496251811879899307e-01
7.872307620103667636e-02
-2.045372989765270322e-01
1.422279792076983629e-01
-2.956449018144881591e-01
-2.941908540919303539e-01
-7.016683091396577754e-02
-1.502238909995046168e-01
-1.315582919269855933e-01
9.467407598061300389e-02
-1.682474470062947647e-01
8.048552091344013393e-02
2.267025546102329481e-01
-2.999555957207865053e-01
-5.580538080371554716e-02
2.460456180223731873e-02
4.700882881627826276e-02
-2.245516820414810433e-01
3.862585010053678491e-01
-7.120994221789322953e-02
-2.097178328518478074e-01
-7.833298293376876609e-02
-2.400397422269378578e-01
3.262592442526363601e-01
-1.657211979216903774e-01
-7.149611444338470345e-02
-6.179846604563525858e-01
4.044677787384556300e-01
1.212064238448897630e-01
-1.264701573695521108e-01
6.252173159808961656e-02
2.851222792603308465e-01
-2.696651397221992708e-02
-3.628565501376206925e-01
-2.591603065441943632e-01
1.118014610358207678e-01
-2.117836640645168467e-01
2.778661138742604675e-01
-2.429531382681257567e-02
1.881220992964962591e-01
-1.187683895093412656e-01
-3.721262020063888232e-02
1.553158590869395672e-01
-5.119522747092306036e-02
4.149818726643976496e-02
2.114237752191825900e-02
1.347926518268057761e-01
2.247830628735296432e-01
-3.275928496899362385e-01
2.949316086924986813e-01
-2.248071471179142675e-02
3.303220476376584475e-02
3.733853458064951419e-02
-3.492115089720679855e-01
-1.263413817032971453e-01
1.077905870181875836e-01
-8.079097275818400425e-02
-1.767142303992498831e-01
3.990651848183575656e-01
-2.708820441751496055e-01
1.959806222688803834e-01
-4.207067198210868719e-01
-8.342015939021824034e-02
1.039704524629852384e-02
-9.288885776602910649e-02
3.024030278829392127e-01
3.396494645355431219e-01
-4.368391440485628469e-02
-1.754562361867697540e-01
-8.586263068595717529e-02
-7.080768655533024869e-02
-4.711487540526524895e-03
-1.222667047387747397e-01
2.058518726594063541e-01
-2.105638349282183130e-01
-2.392548484973908707e-01
-1.911400085526994419e-01
-1.219793145889499220e-01
7.343874386588660624e-03
-6.483174577575161190e-02
-3.135307469189044932e-02
1.660852535282131559e-01
-2.789366330565591356e-01
-2.326847191656928049e-01
-4.694158383814550084e-01
-1.451144600152942943e-01
-4.979939976352833197e-02
-2.578794145079422173e-01
-1.951453467482728299e-01
3.566462749366125506e-01
-6.475241502338709987e-01
2.855768900641125208e-01
-2.121467335599191706e-01
-3.426762728792367291e-02
-2.925653145413455863e-02
-3.106120303039254793e-01
-1.350467963050340503e-01
2.949124297346539941e-02
-1.335579192746836341e-01
-2.047520576332597653e-01
2.130748537748103910e-01
6.152448116424680258e-02
6.559841580753156265e-02
-3.152501292390896132e-02
-1.004368820758795855e-01
2.207059357854284920e-01
1.097043787950051086e-01
-2.908161698295567144e-01
-4.811023491842000843e-02
-4.232617626462935323e-02
2.774705740002025856e-01
1.409282549908271731e-01
1.411740263722843780e-01
-3.113350935603714231e-01
2.140864689472057603e-01
-3.065086500018405213e-01
-3.549785779868174784e-01
2.217997141486176549e-01
1.011227224247364803e-01
7.158216495393303347e-02
-2.459288261097435091e-01
6.076318273154199257e-02
-1.051662272820263061e-01
-1.040352217306256682e-01
1.059792744720326613e-01
1.921377818338283194e-01
-1.191586903626098426e-01
-6.591663393251390168e-02
1.508609083996289568e-01
2.356517440101337235e-01
-6.926655473670058349e-02
8.841330989692607056e-02
3.129767981294900858e-01
1.424072880202429947e-01
1.077555402669294060e-01
-5.001246838695744962e-02
-1.014065921108677215e-01
3.021508702744294950e-01
1.901058425278862873e-01
-2.736619392667936634e-01
9.487404845838380563e-02
-4.752169184299430693e-01
1.639861099734293004e-01
-8.578103593724990816e-02
4.487697560643172934e-01
-2.805744472022926317e-01
4.030987748305564500e-01
-1.004917303320072425e-01
2.339496403539048364e-01
2.481726161769621519e-01
-6.558170785828654203e-01
3.896583288776441778e-01
3.723284284587069504e-02
-3.521575358018240731e-01
4.954165737408277453e-02
1.834862558984026171e-01
-8.323563973004712013e-02
-1.601727519342793227e-01
-2.785204879099982805e-03
2.271717753459525854e-02
4.253196544503518584e-01
4.409829548452927628e-01
5.485150775429946390e-02
1.959474904644874921e-02
3.203082304288609738e-01
3.668407181796388972e-02
2.294033018728051931e-01
-9.770069157196407950e-03
-1.028214125961065262e-01
-1.716325676725408145e-01
5.922278948788269742e-02
-1.800313733615055978e-01
5.059415561136075372e-03
-1.919771446021329708e-01
-1.500455817792274160e-01
6.148152093494543835e-02
-8.437993927208460587e-03
-2.583280530652481977e-01
-1.228985636491993459e-02
-5.841220977058024788e-01
1.692261569276124755e-01
3.916875451244716810e-01
1.452145669897109970e-01
1.947678672397642752e-01
4.212778862411546976e-01
1.994977042130903766e-01
-1.501050152474957267e-01
3.094886593827423926e-01
-6.143544743954981735e-02
3.256123848140928256e-01
1.816089004767390269e-01
4.074856972420636686e-02
6.462065924217645640e-02
1.190313064866070081e-01
1.007672660492574673e-01
-4.630770018624280615e-01
-1.302670466080901035e-01
7.483231600080473070e-03
-8.462288116339767782e-03
-8.615989632576622273e-03
-7.128830639027569638e-02
5.093260673977358793e-02
1.574328595212119708e-02
1.610486392999526117e-01
-1.740542633255062199e-01
-3.395506592393381373e-01
9.603293774706088415e-02
-1.650012999200911601e-01
-2.257602319403375496e-02
-1.489520160215622446e-01
-2.169470564945058244e-01
1.613509703734836709e-01
-7.795709456655003367e-02
1.208657713322297822e-01
-2.655969789982855489e-01
-1.455384150478013575e-02
-9.290627425774904136e-02
3.092139012595874759e-01
1.024491023071673196e-01
1.298372323013962659e-01
2.364092815250563862e-01
-3.553385297509102925e-01
-1.570429754729645855e-01
1.721522478625095789e-02
-2.519736029276441469e-01
-3.717650306983501518e-01
-1.969797704118987636e-01
-3.003388857911973298e-01
8.806760482930031664e-02
-6.570915991796008604e-02
-8.505931153136675471e-02
-3.512958501245690424e-01
-2.188548764837359162e-01
-4.767310855667936803e-02
-1.987988721359127686e-01
-2.780885287047689114e-01
2.339455866163173692e-01
3.255604289788306405e-01
2.253016722727303744e-01
4.893008991569161581e-01
-2.975537941766419059e-01
2.058659485519837712e-02
-1.459526264156612782e-02
-1.320053248952640645e-01
-7.638235927830452909e-02
7.957424541626674508e-02
1.041356674900636298e-01
5.533368773316594408e-02
-1.767487157354224181e-01
1.344838737639637155e-02
-3.232320134306431725e-01
-1.202452357623966378e-01
-2.210594540228144889e-01
-2.743081570152269277e-01
-3.497904854001211705e-02
-3.316227222229223282e-01
-4.613464680714968180e-02
1.540696568966118674e-01
-2.412760069861480672e-01
6.053502398707862747e-02
1.396272628908828972e-01
9.183428022861059303e-02
-3.667720897714787376e-01
-4.578269353508335193e-01
-2.330581014624657499e-01
-3.854603209965313249e-01
-1.788196004713361875e-01
3.368407136663872370e-01
-2.546482804241960787e-02
2.861146913559000082e-01
-2.790199019940912684e-01
7.762661508871411542e-02
2.296495543751999879e-01
1.640227785981521885e-02
-5.078495985520077582e-02
-1.782381127231182361e-01
-2.681824398905713891e-01
-6.328885221575904219e-02
9.970852640179508897e-02
-9.627560432666985857e-02
-9.514612253422487231e-02
-4.294271836724396912e-03
-1.062345537073281915e-01
-4.260753982329098383e-02
4.196760175926668723e-01
-7.842685387602049696e-02
2.160069790794784117e-01
2.397661101328628711e-02
-8.092629561083217182e-02
4.132035078934063188e-01
1.368010781528819775e-01
2.339478269346551356e-02
-2.284597469765064226e-01
-3.888538285608398870e-01
3.318285544561082046e-01
2.925312722578467528e-01
-1.987180101828126266e-01
1.109262570046982976e-02
-2.030135208555028936e-01
1.614320628812713210e-01
-1.586328196760447215e-02
-7.002598017913276573e-02
-1.762076333230606084e-01
1.986779020615184466e-01
-1.281864647044548278e-01
1.288002880683092877e-01
1.240868619154420205e-01
-5.043467546653643968e-02
-4.195836287163713929e-01
2.841014128415558226e-01
1.325542530918192297e-01
-8.548926981537089548e-03
-4.820430518045847323e-01
2.003379760366903392e-02
-1.925384893794434837e-01
1.033793171540133421e-01
-7.835348206081065026e-02
-1.275913217949876943e-01
-1.108428323091201623e-01
-4.473981225860533539e-02
-4.218181644126897667e-01
-3.627640283630874651e-01
1.189290377770748225e-01
-5.512006096960252871e-02
1.206015796717304217e-01
-1.213330047050427823e-01
2.940772725869578719e-01
-8.003156723300675068e-02
-1.610362250638916470e-01
1.061592965128069915e-01
-3.668139153566253308e-01
2.263309678515323664e-01
4.317086088869857008e-01
-5.071094059543895111e-02
-3.802682831201987246e-01
9.550691369985253587e-02
4.009661365251809828e-02
2.988305280305714184e-02
-2.191254374388299786e-01
-1.054450639794994732e-01
7.324057916264281598e-02
1.343552507903255644e-01
2.298577665691521332e-01
1.814456676401622615e-01
1.404103276325120442e-01
1.895590443527620308e-02
1.967507061499489396e-01
-7.174508542348928541e-02
1.916971904432581142e-01
-1.119827962416626854e-01
-2.383611622886407100e-01
3.756412660026389044e-02
1.523669761828338326e-02
-4.706014736085968597e-02
-3.330006089729323909e-02
-9.291420035167020919e-02
-4.026109435121321550e-02
2.871217825939863522e-01
-1.902200721400115757e-01
-1.898388352915314214e-01
6.010189467889548443e-02
1.972798377273125292e-01
-4.082882740036707786e-02
8.187583691579278788e-01
1.115847004181314273e-01
9.102424829261335226e-02
1.903622254491809662e-01
9.529803808640924245e-02
3.601422705072838265e-02
8.015210663472184527e-02
2.019594603789283682e-01
-2.437536027119275583e-01
-1.798711330755165816e-01
-3.437993814527824377e-01
-3.312778031381272831e-02
5.891057146252055843e-02
-4.536612202058425969e-01
-2.744794080072933684e-01
1.499829427441707053e-01
1.489485895752230560e-01
1.493370836624147435e-01
-4.193902105449166529e-01
1.016541329049070741e-01
8.899022517264465471e-02
1.532562335306814072e-01
-2.119193093556182295e-01
1.783304751893141082e-01
-1.384142841315744721e-01
-3.202391067695402604e-01
6.715126396260072406e-02
1.752031518619810990e-01
4.915463426053870433e-01
1.987004359500086081e-01
1.276949655289028873e-01
1.211179650783392042e-01
-4.516264161281265954e-01
-1.522946603670272958e-01
1.183499217273295823e-01
3.931281228322500154e-02
1.096045353931679456e-02
1.468847581636897881e-01
1.714728709411179886e-02
-2.259426957251900459e-01
-1.579910551431880084e-01
-4.925582431636302272e-02
1.750304422239701008e-01
1.138412064860761241e-01
-9.246720742196182230e-02
-4.234769073183422550e-02
6.411195859115109696e-01
2.750322158722932064e-01
-2.725256211719438437e-01
-4.741945044825404687e-01
-1.760624839783229978e-01
-3.397769010044569132e-02
-2.409920666918095519e-02
5.212132950279631249e-02
-8.732557039088188755e-02
-2.310180208296152005e-01
6.001692757106743409e-02
-8.979459384045036796e-02
1.741714339764409425e-01
9.557390795597991984e-02
-1.122216143406375433e-01
2.235925700474099276e-01
1.619468010322116791e-01
-7.310376853112894591e-02
2.422983030720364528e-02
-2.057335403197305818e-03
5.346629363384277495e-02
3.941244688315562184e-01
-2.131161482251639483e-02
3.847957460765939058e-02
-2.744111142724377506e-01
9.122784069838105192e-02
3.066860994048495881e-01
1.625683345104320110e-01
-2.112337699056637541e-01
-1.810801932239448214e-02
-7.095227757763479526e-02
-1.289059684364225397e-02
-2.702884263622010730e-01
6.144208005500174652e-01
-3.317124724991953322e-01
3.234006075999207863e-01
1.204322080772519954e-01
-3.041519680112499957e-01
-3.115734183642737687e-02
-1.126178180496031772e-01
-1.425861667710630887e-01
-3.155862105509700255e-01
-1.868950165454862644e-01
6.742387075235371785e-02
-2.116079712958993803e-02
-1.032594038780308282e-01
-6.210261133080225981e-01
9.887260722849380845e-02
-3.304337443150636711e-01
9.202000748829924914e-02
2.017231053036519228e-01
-2.794071459646780275e-01
-1.877034268307190557e-01
-3.048351255050719688e-01
-2.530170238475510369e-01
-4.344966999744263036e-01
-1.288097153439813902e-01
2.099116622353941128e-02
3.395200158145458835e-01
3.068189247635599304e-01
-1.187116482400807083e-01
3.578589519808466068e-01
2.140199680447761321e-01
-3.859053046281358396e-02
1.491490977568535325e-01
2.071119272329100536e-01
2.483035829954240437e-01
8.404501054284095607e-02
1.448724953009106753e-01
-3.879787588694653955e-02
-5.457097606385689220e-02
-1.226681480499784184e-02
-1.071916535366927020e-01
-1.154232447959782810e-02
-2.523663897930563671e-01
-3.033687462109609378e-01
5.496443702264621756e-01
3.304540054064106919e-02
-9.120083267274232963e-02
2.114105713725955293e-01
5.034185959733161742e-02
6.445547948397098437e-02
3.275921268244991746e-01
4.588087257309741464e-03
6.764160513583178380e-02
-5.657970395023104865e-02
1.959146624458719399e-01
-1.096325825856264979e-01
-6.458611144156833905e-02
-4.110173521176331835e-01
1.490481676324126592e-01
2.944037476529348663e-01
-5.392121407956839557e-02
1.930408560231278714e-01
5.893380369965709464e-01
2.917351681581714651e-01
9.799334437593752722e-02
-2.252696278723613499e-01
-6.881204376966605640e-02
3.346926194567462765e-01
1.468753009734325432e-01
4.668621278346009318e-02
-5.988305355704261201e-02
3.999161805493669508e-01
7.662761973565543339e-02
-2.158677687356854724e-01
-3.948824442268743518e-01
-7.312254517638470952e-02
-2.092702496673481405e-01
-2.822412680743252023e-01
2.801782950912600767e-01
7.445914334675443613e-02
1.704286567583247758e-01
-5.047732341851676741e-02
1.810433314965148033e-01
-1.400328870772441225e-01
1.381198366870031446e-01
1.180787005293903492e-02
-2.951379299380573751e-01
2.079895203572667550e-01
9.510548120378110870e-02
-2.177842879800597486e-01
1.278587458259600879e-02
-1.967612858665082343e-01
2.195386125688745249e-01
3.544532715554428726e-01
-6.966077647721034827e-02
1.393442556081968958e-02
-8.714318285246268336e-02
-1.880330002175445714e-01
2.854269471589931939e-01
1.408413234740009679e-01
-6.431932113779181837e-02
6.759584713581401338e-02
2.157320163396090063e-01
2.362004468561937631e-01
2.085184387580938381e-01
2.332899931552611106e-01
9.186541251396782015e-02
1.395146565670255523e-01
-7.107226334873997797e-02
1.411044979284079848e-01
1.381365892650246452e-01
1.834056590235079442e-02
-8.420017051216717452e-02
-2.424134650899024690e-01
1.065964319243937058e-01
2.068740090916993679e-01
-9.771121966901885614e-02
-4.400197845788635376e-01
-1.077891023683600347e-01
-4.326368612071095771e-03
1.123347282062692881e-01
7.234508550628804442e-03
-1.717044872318957138e-01
-2.603389222837543954e-02
1.139495793846596605e-01
-2.866516294015619137e-01
2.134794912423130797e-01
6.988851847189746225e-02
-2.359900149990958595e-01
1.919299240741003942e-01
-3.745811576968181150e-02
2.294390761571011572e-01
-1.963088045593323894e-01
-1.316671270290938611e-01
-3.012661331577581314e-01
9.073890645690506351e-02
4.630857495399570006e-02
-3.353833518510000444e-01
2.889704177082997871e-01
-1.471432845438425119e-01
-4.524983188232049591e-01
1.957016153654455026e-01
4.177712480155836849e-01
-1.169668925580661101e-01
6.941063132047695095e-02
4.698047052456528344e-02
2.615960603182478916e-01
5.959420391727608679e-03
9.683489206983154907e-02
1.379857717793336325e-01
-1.526776028667994334e-01
-1.588181254888760274e-01
-3.059349208637048845e-01
-1.113374785774075837e-01
-1.789501997865208527e-01
-2.060286780656225281e-01
-9.728308057330196934e-02
-1.999379977604411329e-01
-9.369611329668743605e-02
2.355029709178112496e-01
-9.782592620931519767e-02
-2.920827799898146337e-01
-2.374973067941636984e-01
-8.027732051198242791e-03
-2.447430378817454580e-02
-2.011056521116350027e-01
-3.417105350434113675e-01
8.630507288472094238e-03
4.568858980631985700e-01
-2.527806079935835948e-01
-7.362009118470665137e-02
1.188648673102181419e-01
-1.156346767492186789e-01
3.159427092589536801e-01
1.140742322301953743e-01
5.815531018168037906e-03
-1.005447887408726371e-01
-3.139990581630023869e-01
-1.200373094796469281e-01
2.808792023237840496e-01
-1.108320666276559757e-01
-6.825954194353987814e-02
-1.041207021110440445e-01
2.225595208309747719e-01
-1.993168071973876465e-01
-1.087536861026284010e-02
-2.565085471786850979e-01
-4.054956230996639016e-02
3.055835020792196932e-02
-7.423880954047638869e-02
-1.538175960320864108e-02
6.262044106894036621e-02
-4.994414788535717076e-02
1.834974466489418532e-01
1.970158138360576794e-01
3.636932866181700752e-01
4.473055275433698158e-02
-5.426302457625407916e-02
1.189885062181397363e-01
1.376512178877812298e-01
-2.242456254798081416e-01
-3.648380391158575486e-01
6.196040298922271365e-03
1.303935690269146346e-02
-3.428458003357469086e-01
1.173752464695669052e-02
-1.493610183220677456e-01
-9.529051277635862405e-02
1.374684957396244134e-01
-1.272847678878870070e-01
-2.083669178911356223e-01
5.264550136799205082e-02
-1.442198970119219492e-01
-1.591531753742055078e-01
1.162691562969210141e-01
2.292733025662562207e-01
-3.419214944871721285e-01
-7.135381956986183716e-02
-6.111557089137520382e-01
2.037455637264943276e-01
-4.327890582912866102e-02
4.164087573965516986e-01
-1.210352014110868402e-01
5.854518703770312388e-03
-6.391063018202657042e-02
-1.508062212612374109e-01
1.358340258642875276e-01
-4.115546838794486018e-01
2.125237139325583113e-01
2.829896601598047012e-01
-6.060335087722928255e-02
-1.393284533675423660e-02
1.862457012508058618e-01
-5.048979637150719652e-02
-2.364673195903395087e-01
1.983802836375597456e-01
8.538063478811433460e-02
3.411358325577261152e-01
-9.041059691584832358e-02
2.951533156077483077e-03
1.205678619033160176e-01
1.285113813524391690e-01
1.478133841103666801e-01
5.455120571809718433e-01
1.113596125665726050e-01
1.416167938947151539e-01
2.319707130903295444e-01
-6.027648256745811173e-01
4.086668695360748393e-01
2.044242213028026750e-02
-2.615089319448701266e-01
-1.014297305501869924e-02
6.072926397684026006e-02
-1.268433536051483124e-01
1.908890245222154974e-02
-1.152984001438150941e-01
2.821755511147666096e-01
1.583780611158609186e-01
1.005390295198992368e-01
-3.030309664725925334e-01
-1.078250430288709705e-01
-1.309808576072457043e-01
-2.327267252233368097e-02
1.678894555147797674e-01
1.023420207266724918e-01
-1.525933801072169305e-01
1.286895984062168263e-01
7.565936951457387372e-02
-2.093116299589541096e-02
-1.085875399984276984e-01
3.303967553512187627e-01
-4.298729329474593880e-02
6.711788097616153137e-02
2.461683281945941937e-01
1.299729925272501141e-01
-3.379386711738319171e-01
-6.770321757482372117e-03
5.214193873974213300e-01
-1.990612425071662181e-02
-7.013081191275172266e-02
-3.114316222760123432e-01
-3.624405645432459133e-01
9.103674825249322144e-02
2.060469688329711058e-01
7.887707106801865320e-02
-4.320035279141827278e-01
3.262207559991387451e-01
9.775841010197640346e-02
1.858440295798985120e-01
1.632271785794943142e-01
3.047560510930856781e-01
-6.358029681484409119e-03
-9.764149082379434963e-02
-6.857526941531061522e-03
-1.737839199986067618e-01
4.582495115729686153e-01
-2.113551360291533177e-01
9.047009117300511272e-02
-3.058088961234760594e-01
1.470323260716291103e-01
-1.532953875245665620e-01
-3.037287457014219982e-01
-1.832401898951161179e-01
5.112040036166261986e-02
3.260991452185222905e-01
-2.928874309009588117e-01
-1.733286202150232935e-01
8.827523816786705946e-02
-8.060320740869353004e-03
-3.425211237239134676e-01
2.570002612975600953e-01
-4.502518135909021335e-02
-5.066835448692547095e-03
-2.134836505251444250e-01
5.595269739384741564e-02
-1.483367830742061688e-01
1.742227332593201256e-02
-1.266018298231089134e-02
-4.658648658721378233e-01
-2.498175295956569508e-01
3.317902842313216749e-02
-4.138349066903760920e-01
1.599590774817485073e-01
-2.105506037951889176e-01
-5.391727824762884529e-03
-3.283320350315223068e-01
-3.286906779342209095e-01
3.438290125300448308e-01
-4.583057327668429992e-02
9.118381767786801206e-02
1.283697766289903786e-01
2.730332733620327024e-01
-3.291858947866205254e-01
4.034884560044497692e-01
-4.884257397446246096e-01
-1.417263966604142833e-01
4.744572319210991207e-01
-1.976813129758029364e-01
-4.118147252290219051e-02
-6.851516238243647583e-02
-1.074237572401662288e-01
-6.225350186039960154e-02
1.260769997846483415e-01
-3.376363425134907281e-01
-2.235777707457109742e-01
2.691200501335791473e-01
2.034813924138911823e-01
-2.932582480436209810e-02
-2.025725910222460069e-01
-1.332318637891845015e-01
-2.198557105977123893e-01
-3.061007707677229628e-01
3.499445117306775876e-01
9.536837167360633083e-02
-4.756299088598533314e-03
-1.569857350806330839e-03
-8.274750787807642893e-02
-6.445460807788050417e-02
-2.425861727483250296e-01
-1.357176545220573419e-02
-1.026357952883856332e-02
9.717021305900797046e-02
-4.802383972227817349e-02
-2.350938442365569092e-01
1.285712503913600813e-01
1.810652708281959566e-01
-5.886769326308562839e-02
3.048796431009570540e-01
4.649905273796618721e-02
-1.179062597504910576e-01
-7.847029192074431170e-02
6.066182151747783607e-02
-2.195236629981932655e-02
1.224391691590049659e-02
-2.497898674589386359e-01
1.073924269056041915e-02
-2.869678659652920016e-01
-1.878141562604636050e-01
-3.744384888497538366e-01
2.558962505668919696e-01
-2.092309478840306269e-01
9.994774542667171635e-02
-7.049986159022246165e-03
-2.042766952844866923e-02
6.556834496944705104e-02
-6.828390505812284572e-02
1.501655317258157873e-01
-1.081706096130561900e-01
2.045992461169851284e-01
-1.091826899162502348e-02
-3.036449770635379908e-01
2.589697544427728426e-02
-1.396748472763808535e-01
-1.327224766808563772e-01
7.697811407164997788e-02
-1.287495071900282284e-01
1.353853359147401403e-01
3.062747735136435445e-02
1.576051396132163024e-02
1.016570329221029578e-01
-4.949452896182451322e-01
-2.089950907420187465e-01
3.911023401411622968e-02
2.683823741366874738e-01
-7.171816353366697316e-02
2.851863171834810862e-01
1.163267522714740571e-01
-4.634722365163284480e-02
-1.460291014539603638e-01
-6.831766717796285138e-02
3.151299521774493795e-01
-1.358023169179441714e-01
2.468804546813997136e-01
-2.681370621011770067e-02
-6.942200987527241685e-02
6.207071323324874212e-01
-8.539482428384236046e-02
-2.234133809177795138e-01
1.050174360488144443e-02
-5.832337933182118322e-02
2.109095708120771184e-01
-3.314113891622871150e-02
1.000527489003923964e-01
-3.964467593494530040e-01
-1.573282817999138716e-02
8.665031094505466769e-02
4.405454270298648223e-01
8.174815911941166191e-02
1.603068040145450013e-01
-1.466748513736607362e-01
2.115114395264887370e-01
-4.737454979573178099e-02
1.247889119839101918e-01
-1.223637729923905508e-02
-1.069433232847000204e-03
1.363511335255155471e-02
-6.699436970440356132e-02
-3.330712421911105059e-01
2.648132531242725074e-01
-2.694483048065810515e-01
9.260805324522504434e-02
-2.679719360608411732e-02
-4.596829698795325964e-02
-4.188687504185928390e-02
1.020210598858675294e-01
-1.333824483826115681e-01
2.087676996939792362e-01
-1.859380243977832858e-01
-1.421683121936278826e-01
-2.724207876832002162e-02
-3.539678718366322530e-01
7.717653894951679305e-01
2.861553730896825853e-01
2.152631801201044387e-02
-2.385640345010296148e-01
-1.695509857048150826e-01
2.851566520837212765e-02
2.037892856383247131e-01
-2.501237150073509774e-01
3.138105872221471637e-01
9.129731809536606457e-02
2.273344896031463946e-01
-1.863994492961762173e-01
1.137749155257615219e-01
-1.557157011846735106e-01
2.817407814017514611e-01
-6.644567817381834274e-02
-1.021733190389023486e-02
-1.829274772305022889e-01
1.771685276928140207e-01
2.351836278129010305e-01
-1.205388756497962621e-01
1.201397977961695535e-01
3.477481118791436732e-01
-1.529213677682984274e-01
3.495495636389353011e-01
-1.183005341392454057e-02
-3.183693020932295004e-01
8.310360464611571407e-02
-9.850677281000441710e-02
1.444343118346789190e-01
-3.371032432228780046e-02
3.200490271629755079e-01
2.980702511112022501e-02
-1.702700995943882134e-01
1.653924004791805860e-02
8.164301430079172472e-02
8.474020082366563733e-02
-2.207932405217969407e-01
-3.514512834394070695e-02
3.038110063857975968e-02
2.242223771112374364e-01
-5.592437462803387382e-02
3.867490095823715168e-01
4.455033241673228561e-01
4.387461713360869542e-01
-6.165109339023072677e-02
-4.408491254412785776e-02
-2.665191955045437822e-01
-2.959283055571240370e-02
-1.154645206188064377e-01
-9.601757986354753777e-03
7.126050819521975721e-02
2.418753286984742790e-01
3.606149951406837917e-01
2.462389654092213831e-01
2.035883480509463050e-01
4.317277654771581874e-01
1.287376104726210557e-01
2.206103647094278253e-01
1.851087259515206696e-01
-1.376788257199406673e-01
1.388529075033829441e-01
-1.007858211523698748e-02
8.885125463321967565e-02
3.183254457507667112e-01
-6.590381169523948923e-01
7.702322555547748417e-02
-1.796212648272723089e-01
3.082864063579470945e-02
1.725899693641679555e-01
1.051642127261862431e-01
-2.110325104531360074e-01
2.687254629009945828e-01
1.687139377736904533e-01
-2.752812442043284583e-02
-2.502266116675660665e-02
-1.799271976782780280e-01
1.419713133529023896e-01
-4.974084099074683185e-01
-1.461750657988158120e-01
-1.948887770058063962e-01
8.969757550657912748e-02
1.493294976110033367e-01
4.150731992272761461e-01
-9.562046244945769657e-02
1.940657150718401724e-01
-1.417173753993087038e-01
-2.831544897839923317e-02
3.881018336434626237e-01
-1.493781582458010744e-02
1.080285869797921183e-01
2.809990000775193231e-01
1.963426389677412065e-01
-1.243273507992090909e-01
1.977225365947219912e-02
-1.438768209438257006e-01
-5.433782862689592874e-02
2.713992231416286968e-02
-2.258500182340824336e-01
-3.707106550899113423e-02
-2.203991101970137131e-02
2.183545205100694692e-02
-1.349909892922004639e-01
3.855349618637331222e-02
7.836981297170478311e-02
4.518317736832989095e-01
-1.694591475350687992e-01
2.328586483315299438e-02
-4.677888841891026384e-01
1.398748052339763570e-01
9.459605689319813826e-02
-9.575263310345419332e-02
-1.452438290758370221e-01
-3.672731316825069148e-01
2.891834152347344533e-01
1.718641178998026320e-01
-3.236008117458067379e-01
-6.730977690886243148e-02
1.499176331174919066e-02
8.874576207454258625e-02
7.148718531621060801e-02
-5.009529598809890627e-02
4.636733894676760975e-02
1.119623627950857431e-02
2.277653753248507773e-01
-1.309095228268327971e-01
2.386741337549209974e-01
-3.000571718807911736e-01
8.049967232633675751e-02
-2.896676957693713333e-02
1.511323539360756307e-01
4.507923833381821677e-02
-4.837266798412018232e-01
4.343151351455222242e-01
8.854566251993430115e-02
-2.330701280335834361e-02
4.914121899050361703e-02
9.371658117710919556e-02
2.028280994773682192e-02
-1.935273681007924629e-01
1.435119560215591603e-02
-1.336003203575950871e-01
5.890481793161947421e-02
3.070927165751213828e-01
-3.220386443125857201e-01
2.254855466173695810e-01
-2.141516746778299451e-01
-1.515349016774675261e-01
-3.446499001055340350e-01
1.754767060145331070e-01
-2.205917223760876511e-01
2.980658982943691290e-02
7.287544606416962445e-02
3.231640008518131268e-01
2.390175878653337249e-01
1.094443822136523109e-01
2.457973936040683816e-01
-1.089073415640758324e-01
1.510299353382697218e-01
2.363151460859691522e-01
1.661379635413506584e-01
-5.028520997178280716e-01
-1.200731213902068301e-01
-2.135926913738604438e-01
1.995462775104164532e-01
7.211281742148216434e-02
9.629854921685741809e-02
-5.788144682438359223e-02
-1.750691336968690781e-01
-9.504902272037972846e-03
9.779301500031048477e-02
-2.374556270146142567e-01
-1.567440798022362303e-01
-7.457113154887984319e-02
-1.680369422292835868e-01
5.101425828211918478e-01
-5.139550500002899175e-02
-1.898157316954762475e-01
-2.802488180595558709e-01
2.004213099602411841e-01
6.605070488646611060e-02
1.139155583501638980e-01
1.744574704220488992e-01
6.502027378343407105e-02
1.750772618761766430e-01
7.002442069591499618e-02
3.301062736847511919e-02
-8.263506793115206646e-04
1.783757398550900874e-01
2.562909504167366626e-01
-2.058712168882665949e-01
1.757639045764745334e-01
-2.554961136890977480e-01
-5.104939685535538063e-02
4.248364176962384220e-01
-1.093355512430792820e-01
-1.932512922799911881e-01
-1.814546774786124916e-01
1.673516577739638800e-01
1.560464075381057768e-02
-1.751111155986956880e-01
5.474377970004024041e-02
-2.575563044027841947e-02
1.131111684419600916e-01
1.573726962607795155e-01
-4.599155283084479379e-02
-1.996817220679703297e-01
-8.314388832021370190e-02
-2.490867930624161841e-02
-1.222914549389122196e-01
1.557655742175457873e-02
1.605673503722022666e-01
-6.675821530163740525e-02
4.990683012583625039e-02
5.756105209724032834e-02
-3.162722798938656654e-02
4.172547842805682805e-01
2.650830601400391145e-02
-1.860256855406744458e-01
-2.580355119595064695e-01
1.080618453480034630e-01
-4.968305741446146229e-01
1.210016025877341667e-01
1.056537476101837986e-01
-1.215165760729466221e-02
4.584505794432138792e-01
-1.944992827878903527e-02
3.793384405316604369e-01
-4.554265213311917693e-01
1.858821885523076756e-01
-2.797111186318491094e-01
8.994385867951340541e-02
1.469238849035219615e-03
-2.723368544583398276e-01
3.398242919434239784e-02
4.136338462264684823e-01
-1.752546388302467784e-01
2.079032125685091326e-01
-3.672086244655364123e-02
9.888143661068694856e-02
6.611212254824652690e-02
-5.520415302696771165e-02
2.606862791534097015e-02
-1.458810157950019004e-01
-4.469536882328756788e-01
-2.778794375911043391e-01
-1.435241694634838694e-01
-3.581976997986181521e-01
-1.182549500475916782e-01
-2.787499035205979192e-01
-1.446874378332884195e-02
4.962839697868796224e-02
-3.781857869962620966e-01
4.259409313648307438e-02
2.716435216097015104e-01
2.364492094200040806e-01
4.059627523747458278e-01
4.017164692151083960e-01
-5.102226950908873571e-01
-4.318220049329367649e-01
-3.976240231880228126e-01
-5.721781362685637307e-01
1.010554642986163099e-01
-1.987948675820180311e-01
-4.567561699135506692e-01
2.717088562467496748e-01
2.358204884926258516e-01
9.950228604996572135e-03
-2.019148420344340222e-01
-3.789180399450121084e-01
-2.293866672575755050e-01
1.641583710580795386e-01
-2.798644074760279765e-01
-4.067843597566081493e-01
-6.286478617373437994e-02
2.779879251702757070e-01
-2.233395515315298591e-02
1.310372096291639865e-01
-7.458198757996602202e-02
-3.245529003242304811e-02
-2.526143039422896752e-01
-1.046594725062029024e-01
4.640808897005292699e-02
3.566345245882516363e-02
3.154741959567851084e-01
-6.155728047047272222e-02
-4.025914029563985863e-02
1.460597788596330604e-01
-8.459045605653522926e-02
1.103359131823818534e-01
-3.107531613576776652e-01
-1.276785635010267705e-01
-2.061970116567088951e-01
2.564427318650626120e-01
-2.985788735098566377e-02
4.224598216450574650e-01
-2.515208080099227694e-01
-4.693416896999505483e-01
5.795260100874157771e-01
2.003887758973762478e-01
-1.132611233457437999e-01
-1.268598851023117757e-01
1.461719498344269119e-01
-7.901057054797555601e-02
-1.316846484803557982e-01
8.917366323709953468e-02
-1.235680228437567307e-01
4.604600951398605813e-01
-1.498704294424832162e-01
-3.758539864854376633e-01
3.795061747837379373e-01
-8.185546558898178227e-02
5.804358773916455660e-02
8.339322094183152737e-05
1.602817619481380906e-01
7.351799893988658630e-02
3.314874952025841925e-01
-8.208968683362510843e-02
-6.607776471966285165e-04
-3.751123737490304477e-01
-9.002970457486787759e-02
6.024168067474783240e-04
2.538615949086565071e-01
2.154267262716422215e-02
-3.004550332458515993e-01
-2.951030540022428830e-02
-1.431983969025749370e-01
-7.841646034173878343e-02
-2.971851260385289240e-01
-4.506939133360753080e-02
5.610524351826874367e-01
-9.900755880652485630e-02
3.600693664385815973e-04
-4.585692967547869703e-01
-3.078383873194173183e-04
-1.005998740506871963e-01
-1.611918426431911688e-02
9.710641624600438448e-02
-5.102080289483915815e-02
1.812194674904586689e-01
1.054767787654961736e-01
3.396561800557268678e-03
1.139031639081509312e-01
1.268790070438270134e-01
3.920977560508375620e-02
-1.405257134402748409e-01
-7.587331776485839452e-02
-2.630090256796064740e-03
9.645479807529096228e-02
-4.078734728226530992e-02
-5.610997837108193387e-02
1.303291893967206683e-01
-5.953023483290336565e-02
2.067107237343309978e-01
-1.623719633096840642e-01
-8.311205333471971546e-02
1.869212626949993683e-01
1.428953891863170012e-01
7.467325292364707101e-02
-1.286958368324908064e-01
-1.168233103422191554e-01
1.824044210013819611e-01
-8.978846883756973207e-02
-5.683079792974341515e-01
3.072826739076105207e-02
1.708484312634236668e-01
-2.798137041296736016e-01
-3.745670499286954391e-01
-1.570689591841390453e-01
2.118164318611038266e-01
1.680489527659177473e-01
-1.327664517788439691e-01
1.215288191100133280e-01
-8.895363637922883149e-02
-1.280253163548642492e-01
-1.895442881229253140e-01
-3.189346050583813375e-01
2.530284428853435963e-01
-2.839564423794055936e-01
2.618206456569209806e-01
1.252451911685249220e-01
1.843600078288498145e-01
2.496084852393593845e-01
4.267886207275563004e-01
-1.553618462752454632e-01
-1.785819354497234640e-02
-5.863462361777973392e-02
1.984195688171018768e-01
-2.259554353550569106e-01
-1.635432012321388906e-01
7.071651782328550184e-02
8.824779637441455826e-02
-4.654571778042149721e-01
3.847892779058111057e-02
-2.305113009513037603e-01
1.339889236713351361e-01
2.389604837521494898e-02
-1.761682993519588514e-01
-3.470471192276365635e-02
1.591477036761868580e-01
1.083728833995701961e-02
1.108400719545550583e-02
-1.702782528875597112e-01
-2.467983094257153454e-01
2.178937793022859004e-01
2.376656957520829894e-01
1.392220554498085350e-01
1.689867988006256150e-01
-3.384985487085725997e-02
2.048149003609148200e-01
2.096692611995796401e-02
3.718043542828450287e-02
1.901805378485208475e-01
1.077684700821964353e-01
-1.895338430157779697e-01
2.945131763015244042e-01
9.116136923474557618e-02
-1.302528697985932682e-01
2.865292904260440809e-01
-3.114496459554580085e-02
2.381350906025158642e-01
-2.970727933525293615e-02
2.250230111570924452e-01
1.989711221450458645e-01
-2.256417421355093877e-01
-9.912028944721291979e-02
1.042481641416303506e-01
-2.368274854609860591e-01
1.152329610535530492e-02
3.076675231334041194e-01
-3.395448512207111663e-02
-8.821464818787305706e-02
2.417011528215330107e-01
3.343830261357599865e-01
1.653297174159306521e-02
2.163411377511928191e-01
9.514007094751711358e-02
9.261538571993736813e-02
-2.027429805084138004e-01
3.955459933126764110e-02
1.778318034708066264e-01
-8.548983458209605257e-02
2.976339592068539264e-01
-1.070302339527393898e-01
4.620909670465923880e-02
1.615595563434960025e-01
-1.306835685181070676e-02
2.256046982931071143e-01
1.639613905470231059e-01
-3.352177652461426627e-01
-2.800085298927277103e-02
2.387856770796942252e-01
-1.806855099743103210e-01
2.228009062193081827e-02
1.273002381466470101e-01
2.157050396056283126e-01
1.348579849147734933e-01
2.353729807106316740e-02
1.844406919981136095e-01
1.290399516122582232e-02
9.400470381278303034e-02
-2.520063873836931312e-01
4.069982056547155613e-02
