1.741396125175921905e-01
-1.000000000000000000e+00
1.000000000000000000e+00
1.000000000000000000e+00
-1.000000000000000000e+00
1.000000000000000000e+00
4.772159273746152675e-01
1.224712816369131485e-01
1.000000000000000000e+00
-2.010601656402335458e-01
-2.803612719426463729e-01
-1.000000000000000000e+00
-1.000000000000000000e+00
-5.539018901753109958e-01
-8.803586200032367248e-01
-1.000000000000000000e+00
9.191147139863611315e-01
-7.370951306207009779e-01
-2.755165634585818868e-01
-6.946790976881438429e-01
7.908388352676520849e-01
-6.733450795149853452e-01
-1.333309390506921543e-01
5.588840123365430568e-01
-3.057987329309740376e-01
2.029256572819202464e-01
-9.618470795717758426e-01
1.000000000000000000e+00
6.671929586490766839e-01
-4.088754524887873720e-01
2.620459523994552731e-01
2.889196174448305232e-01
-7.196283960821471259e-01
5.330497218305335627e-01
2.035781548059718005e-01
4.060733876042170731e-01
-1.000000000000000000e+00
1.000000000000000000e+00
1.000000000000000000e+00
1.000000000000000000e+00
-7.565849052443867073e-01
-1.000000000000000000e+00
1.000000000000000000e+00
1.000000000000000000e+00
-7.500218957990164581e-01
-1.000000000000000000e+00
-1.000000000000000000e+00
-6.006069900649603222e-01
-3.772512773044547352e-01
7.953218078708245153e-01
-4.414388262065275237e-01
-1.000000000000000000e+00
6.190118918395414171e-01
1.000000000000000000e+00
-3.040591185447449329e-01
-3.774492810690199818e-01
1.000000000000000000e+00
2.990397426078914567e-01
-1.000000000000000000e+00
1.000000000000000000e+00
1.000000000000000000e+00
3.898321618261043064e-01
-1.000000000000000000e+00
1.199194943539701741e-01
1.000000000000000000e+00
-1.000000000000000000e+00
-1.000000000000000000e+00
3.813575069898411662e-02
-4.874206827310603174e-01
-1.000000000000000000e+00
-3.981355881147518039e-01
-1.000000000000000000e+00
1.000000000000000000e+00
-5.942698917788304946e-01
-2.299925852410353300e-02
6.068257035120446785e-01
-1.058864771277763794e-01
1.000000000000000000e+00
1.000000000000000000e+00
-1.000000000000000000e+00
-2.256474883428842837e-01
2.328054516453984535e-01
5.141139038248201398e-01
-4.965981912711533441e-01
8.685321436060382538e-01
1.000000000000000000e+00
2.322448966102065859e-01
-1.000000000000000000e+00
1.000000000000000000e+00
-1.000000000000000000e+00
1.000000000000000000e+00
-1.000000000000000000e+00
5.355707210278393138e-01
1.000000000000000000e+00
1.000000000000000000e+00
1.297808206072460502e-01
1.000000000000000000e+00
-1.000000000000000000e+00
-9.698911364401655577e-01
-1.000000000000000000e+00
1.000000000000000000e+00
-1.000000000000000000e+00
-1.000000000000000000e+00
4.662660028032725168e-01
-5.138683831571209115e-01
1.027821235756078977e-01
5.206684066655605791e-01
1.000000000000000000e+00
1.000000000000000000e+00
-6.696334818605580441e-01
-2.408665042873550100e-01
1.000000000000000000e+00
3.725437945949093277e-01
5.758576319919577191e-01
-1.000000000000000000e+00
3.693617514064079788e-01
-4.113995475480400899e-01
-5.463269199684366306e-01
-6.184068847626651433e-01
-1.000000000000000000e+00
1.000000000000000000e+00
3.260029164681275127e-01
9.763839309871362726e-01
-5.777102301930078232e-01
-5.040037048030323596e-01
-1.166820263991543705e-01
3.204321095401466701e-01
-1.000000000000000000e+00
1.000000000000000000e+00
-1.911418876100377529e-01
-1.000000000000000000e+00
-1.000000000000000000e+00
7.152428706077048615e-01
2.943902702827749795e-02
1.000000000000000000e+00
-1.000000000000000000e+00
-1.000000000000000000e+00
2.097456500882020070e-01
-7.139130107428299787e-01
4.213864240528861771e-01
-4.221542103222779563e-01
5.766259570617110475e-01
-5.396587673511800132e-01
1.000000000000000000e+00
1.000000000000000000e+00
1.000000000000000000e+00
-1.000000000000000000e+00
-2.767105298358071841e-01
5.181337834138288745e-01
-4.010544327404503839e-01
9.485747903161534378e-01
-1.000000000000000000e+00
-1.000000000000000000e+00
3.820456971102565991e-01
-1.007457923736569672e-01
2.218360597751054542e-01
1.383347148400220217e-01
1.000000000000000000e+00
1.000000000000000000e+00
-1.000000000000000000e+00
8.011806652328410383e-01
1.000000000000000000e+00
6.382153343549157309e-01
-6.684344792479255393e-01
6.258961640203655197e-01
1.000000000000000000e+00
8.419111045369699342e-01
1.000000000000000000e+00
4.784495480696438485e-01
4.681851615823703905e-01
-4.286981164011727796e-01
9.956908189945878895e-03
5.704028526835817070e-01
-1.000000000000000000e+00
-1.000000000000000000e+00
1.000000000000000000e+00
-8.062021131154049058e-01
4.065100286850662492e-01
-9.840419768027472980e-01
-3.094739514899925159e-01
1.000000000000000000e+00
1.000000000000000000e+00
-1.000000000000000000e+00
1.000000000000000000e+00
5.769095327737259193e-01
-8.260126048173522806e-01
-7.962329703583734819e-01
-4.154534032432470880e-01
-6.946627546225809802e-01
-4.167120698704046555e-01
-1.000000000000000000e+00
4.962005870800045848e-02
6.976947049319464078e-01
-1.000000000000000000e+00
1.000000000000000000e+00
1.000000000000000000e+00
-6.998835336052159350e-01
1.000000000000000000e+00
8.794335689619665608e-01
-1.000000000000000000e+00
1.000000000000000000e+00
1.000000000000000000e+00
1.000000000000000000e+00
-1.244493424632509004e-03
9.411714840335564380e-01
1.000000000000000000e+00
-2.517913922327079668e-01
-1.000000000000000000e+00
9.300962704315146601e-01
-3.901825305726203119e-01
1.501494043652994437e-01
-1.000000000000000000e+00
-1.000000000000000000e+00
-1.000000000000000000e+00
-1.000000000000000000e+00
1.000000000000000000e+00
5.114200843168426047e-02
3.912810393060288661e-01
-9.044377972740821336e-01
-9.990203891515389012e-01
5.038197090728601113e-01
-7.214947386516535888e-01
2.083219468949530362e-01
9.349623773110917746e-01
-1.000000000000000000e+00
-1.000000000000000000e+00
-1.233038616251822539e-01
-1.000000000000000000e+00
-1.514236153640155513e-01
1.833842311032987116e-01
3.605967111887509180e-01
-4.117360577221094164e-01
-1.000000000000000000e+00
-1.000000000000000000e+00
6.872563924264962765e-01
1.000000000000000000e+00
-6.476019847796636864e-01
6.369733116455529309e-01
-1.000000000000000000e+00
-2.531728756350318243e-01
5.694840244729496570e-01
2.838407517275201020e-01
1.000000000000000000e+00
5.703763349737321908e-01
-6.370222087035495306e-01
2.028748434516380872e-01
-1.000000000000000000e+00
4.866716768905108292e-01
-9.802228913291043400e-01
-1.774520426803143924e-01
-7.681809016198010154e-01
7.076549722490487193e-01
1.000000000000000000e+00
7.119054611010033895e-01
-2.195888720399364891e-01
-1.000000000000000000e+00
-4.347958940987598497e-01
1.948604965602290795e-02
1.000000000000000000e+00
6.565996537989815529e-01
9.987655277109874774e-03
6.229503067228325808e-02
-4.762109601220439470e-01
1.267734901081602472e-01
1.000000000000000000e+00
1.000000000000000000e+00
1.000000000000000000e+00
-1.000000000000000000e+00
-1.000000000000000000e+00
-1.000000000000000000e+00
7.893367351869975401e-01
3.560508446993222442e-01
1.000000000000000000e+00
6.843131034576224181e-01
-1.000000000000000000e+00
-3.620991826040022010e-01
1.000000000000000000e+00
-1.000000000000000000e+00
-1.000000000000000000e+00
5.879412827982144485e-02
4.782281983827381122e-01
-9.636706940736066151e-01
1.000000000000000000e+00
1.000000000000000000e+00
1.000000000000000000e+00
3.398271417625468027e-01
-5.200164711390391492e-01
7.153436911126463960e-01
1.000000000000000000e+00
-3.149090012089250656e-01
-1.538014659945405316e-02
-8.168732913556741027e-01
7.984357105856052517e-01
1.000000000000000000e+00
-1.000000000000000000e+00
6.303850635539053338e-01
-1.000000000000000000e+00
-1.000000000000000000e+00
-6.593415441560652734e-01
6.532256723032372481e-01
-5.420248164408008051e-01
1.000000000000000000e+00
4.660148100930741055e-01
9.004490240715465887e-01
-4.214009293071114270e-01
6.626983318070859275e-01
-7.727746334674980844e-01
-1.000000000000000000e+00
-9.744464063542123133e-01
1.000000000000000000e+00
-1.000000000000000000e+00
-1.000000000000000000e+00
1.000000000000000000e+00
1.923276576396985016e-01
1.000000000000000000e+00
1.607828143907910068e-01
-1.000000000000000000e+00
-6.687488226457434237e-01
-1.000000000000000000e+00
5.657939806873377719e-01
1.000000000000000000e+00
1.000000000000000000e+00
-5.189926005631508854e-01
7.934380264127287585e-01
-1.000000000000000000e+00
2.122716138829553456e-01
1.000000000000000000e+00
3.133046067452879280e-01
-8.129864751194108008e-01
1.000000000000000000e+00
-1.000000000000000000e+00
-1.000000000000000000e+00
-1.000000000000000000e+00
-8.441866116286675936e-01
-1.000000000000000000e+00
-1.000000000000000000e+00
5.980998953705066734e-01
-4.675856468352486139e-01
1.672637190143720920e-01
1.000000000000000000e+00
-1.000000000000000000e+00
-1.000000000000000000e+00
-6.783234701564928582e-01
1.000000000000000000e+00
1.000000000000000000e+00
6.623144895994259596e-02
7.937965214155791038e-01
1.000000000000000000e+00
8.310467890625562459e-01
1.000000000000000000e+00
-6.269344444511266712e-01
1.000000000000000000e+00
-7.453164128850400250e-01
2.379694745660594912e-01
1.000000000000000000e+00
-9.848259384611343092e-01
-6.615544840002570703e-01
-3.669460819804981622e-01
-1.000000000000000000e+00
1.750411744148862025e-01
-1.314581031127662336e-01
-1.000000000000000000e+00
1.000000000000000000e+00
-1.000000000000000000e+00
-7.848428621615735068e-01
-5.076282589642806542e-01
-8.879318073618476248e-01
6.133441124243255160e-02
1.000000000000000000e+00
-9.898892541745916152e-01
-4.784636395932828634e-02
-1.172440865635488993e-01
-7.408670450924156325e-01
6.031323386173081946e-01
8.292930196698296008e-01
-1.000000000000000000e+00
-7.403201741624829690e-01
5.109844031629832140e-01
-1.598295851253986044e-01
4.833257822740011367e-01
-4.663145424271673556e-01
-1.000000000000000000e+00
1.000000000000000000e+00
-4.409568258095148963e-01
1.000000000000000000e+00
2.378740675923063375e-01
1.000000000000000000e+00
-1.000000000000000000e+00
-1.000000000000000000e+00
8.647711819895187446e-01
1.000000000000000000e+00
1.000000000000000000e+00
1.000000000000000000e+00
-1.000000000000000000e+00
-9.329740736989815542e-01
9.320674574345507724e-01
1.000000000000000000e+00
1.000000000000000000e+00
-1.000000000000000000e+00
-3.142414948866322222e-01
-1.000000000000000000e+00
-1.000000000000000000e+00
1.000000000000000000e+00
-1.000000000000000000e+00
1.494085773681188556e-01
3.357897188123687426e-01
7.210715753650275284e-01
-4.157417319020515478e-01
-1.000000000000000000e+00
9.818531580230555056e-02
-1.000000000000000000e+00
-1.000000000000000000e+00
-2.388906206221408091e-01
2.657113046676126134e-01
1.000000000000000000e+00
-1.000000000000000000e+00
-6.829660443889087329e-01
1.000000000000000000e+00
1.000000000000000000e+00
2.905240516750371427e-01
6.568887330066268682e-01
1.000000000000000000e+00
-3.692884817588100166e-01
-1.338129031250410161e-01
4.071153003465766140e-02
9.584903581100912007e-01
-1.000000000000000000e+00
5.358425535560878972e-01
-1.000000000000000000e+00
-6.769815510685535109e-01
5.826267495387512652e-01
-5.870832037301099149e-02
-1.000000000000000000e+00
-8.787470135550998762e-01
6.476102687812552716e-01
-9.536589212239913183e-01
-4.834862229351419849e-01
-2.984412705755191686e-01
1.000000000000000000e+00
9.575544816060546638e-02
4.745304775608811254e-01
1.729232751449718553e-01
1.958000371326718003e-02
-8.468564833352152377e-01
-1.000000000000000000e+00
-4.188691449233238329e-01
8.352173567024958611e-01
4.066593178493391747e-01
-6.020238552912782204e-02
1.440227480051152753e-01
-1.818526149062179575e-01
-4.313378747658327406e-01
3.066465749017503462e-01
-1.245928510585720961e-01
1.000000000000000000e+00
1.000000000000000000e+00
-1.000000000000000000e+00
1.000000000000000000e+00
5.585285474453868249e-01
-1.000000000000000000e+00
8.756836486070315728e-02
-1.931222108356767109e-02
1.000000000000000000e+00
-4.341279394253627633e-01
5.093538115555631407e-01
-1.000000000000000000e+00
-3.244169387897683499e-01
-1.000000000000000000e+00
1.000000000000000000e+00
1.000000000000000000e+00
-1.527731256011366501e-02
1.000000000000000000e+00
1.000000000000000000e+00
6.641662546022957248e-01
-1.000000000000000000e+00
-1.000000000000000000e+00
-1.000000000000000000e+00
6.564919271292053438e-01
1.000000000000000000e+00
-6.449015658403781659e-01
7.492011888826484167e-01
7.764557739091570987e-01
3.394305970022541974e-01
9.791864761539805784e-01
-9.243846780396495211e-01
-7.982440702820648992e-01
6.495396657865869505e-01
4.596153957791200284e-01
1.000000000000000000e+00
-9.766454462558705751e-01
1.000000000000000000e+00
1.000000000000000000e+00
-2.336619383945620632e-01
-2.217949223693204130e-01
-4.320110792400733146e-01
4.367122077152020831e-01
-1.000000000000000000e+00
1.000000000000000000e+00
1.000000000000000000e+00
1.000000000000000000e+00
6.498300727007931821e-01
-9.227238784068036992e-02
-7.621471378540227715e-01
-6.325705919506985353e-01
2.826151174739378602e-01
1.000000000000000000e+00
1.000000000000000000e+00
-3.063326399785287757e-01
-1.000000000000000000e+00
-1.000000000000000000e+00
1.000000000000000000e+00
8.049805689359141869e-01
-1.000000000000000000e+00
1.222917282724345078e-02
-8.839590698229110588e-01
-5.050601289997491694e-02
1.000000000000000000e+00
-1.000000000000000000e+00
8.735872463679841271e-01
-8.085502502620003362e-01
-1.000000000000000000e+00
-3.880792463866797881e-01
9.516811368953864703e-01
1.000000000000000000e+00
1.000000000000000000e+00
-1.000000000000000000e+00
-1.000000000000000000e+00
-1.000000000000000000e+00
-1.178678558776043994e-01
5.446114684107463688e-01
-1.366300972402325620e-01
-6.869018251629490646e-01
1.000000000000000000e+00
-1.000000000000000000e+00
2.542836022873330437e-01
3.006304053244610586e-01
-2.178799890552933771e-01
-5.519362572140384948e-02
-1.000000000000000000e+00
-1.000000000000000000e+00
8.087484129058029048e-01
1.000000000000000000e+00
-6.647983940166597439e-01
-1.000000000000000000e+00
-5.965697656401566240e-01
7.740914668971791146e-01
-1.000000000000000000e+00
7.197960795942124346e-01
-1.000000000000000000e+00
5.524182334818585893e-01
-1.000000000000000000e+00
6.682006146681787051e-01
1.000000000000000000e+00
-3.222334891614051511e-01
1.000000000000000000e+00
-3.526603876345502098e-01
1.000000000000000000e+00
8.623837792543801450e-01
-2.627068500662625983e-01
-1.000000000000000000e+00
-1.000000000000000000e+00
7.236820824859517831e-01
-9.058363136228190227e-01
5.238365753992956231e-01
-1.000000000000000000e+00
-2.851882962540469579e-02
-9.180803351044992677e-01
1.000000000000000000e+00
2.071296591500393358e-01
1.431250390358540514e-01
-1.000000000000000000e+00
5.835911680529630718e-01
6.263942309919137141e-01
1.000000000000000000e+00
-1.000000000000000000e+00
9.860217260463534084e-01
9.880914940746420294e-01
1.485649207501951730e-01
-9.550484476711054160e-01
-1.896887177450788942e-01
-8.755232382887881970e-01
6.730818613137896644e-01
1.000000000000000000e+00
5.849738558719823622e-01
1.000000000000000000e+00
2.385887616412918355e-02
6.761882411184076958e-01
7.871906091630394009e-01
-1.000000000000000000e+00
-2.686300994156149979e-01
4.811135613561934310e-01
1.000000000000000000e+00
3.127117846655036448e-03
1.000000000000000000e+00
-1.000000000000000000e+00
3.919331748277061767e-01
1.000000000000000000e+00
1.000000000000000000e+00
1.536089479555513559e-01
-7.327076342351508398e-01
5.062655945552796410e-01
-9.180832146837361041e-01
-4.403650296403622821e-01
1.000000000000000000e+00
-1.000000000000000000e+00
-2.141617473069887811e-01
-1.586098096102706023e-02
-6.670957999597193488e-01
-5.812677869408557907e-01
-1.000000000000000000e+00
1.000000000000000000e+00
-1.000000000000000000e+00
5.085427860672694367e-01
-3.561141524350802667e-01
4.205165104101182272e-01
1.000000000000000000e+00
4.254414025267970745e-01
-6.289112558831184696e-01
-1.000000000000000000e+00
1.000000000000000000e+00
-1.000000000000000000e+00
2.670628112594053416e-02
-2.389941239710777210e-01
1.000000000000000000e+00
-7.986963973646066250e-03
1.000000000000000000e+00
-7.369424033425906462e-01
-1.000000000000000000e+00
1.000000000000000000e+00
-1.000000000000000000e+00
7.735779444362920199e-01
7.882564829531650830e-01
8.860697325897519683e-01
-1.835155093951770233e-01
-3.761648815270597357e-01
1.000000000000000000e+00
9.760494296938186931e-01
1.000000000000000000e+00
-1.000000000000000000e+00
-1.000000000000000000e+00
-1.000000000000000000e+00
9.123074100428013589e-01
-8.805169930758011132e-01
8.378311633544109904e-01
-8.586430946961832733e-01
1.000000000000000000e+00
6.592604284965450923e-01
-1.000000000000000000e+00
3.663131664681111843e-01
-6.670264641559823238e-01
-1.000000000000000000e+00
-2.666497623377889203e-02
1.000000000000000000e+00
1.000000000000000000e+00
4.578207784536991731e-03
-1.000000000000000000e+00
1.000000000000000000e+00
1.281837439664923473e-03
-5.525056265251557797e-01
-9.640786542754686828e-02
9.226314438005023266e-02
-1.000000000000000000e+00
4.089962351894396164e-01
-9.595482345423692605e-01
4.311980723694566198e-01
1.553711654687821020e-01
6.179907096640412378e-01
-1.000000000000000000e+00
-7.278124836535793118e-01
-3.185412576143614727e-01
4.097479728027667578e-01
-1.000000000000000000e+00
1.000000000000000000e+00
1.000000000000000000e+00
7.403336008338993190e-01
1.000000000000000000e+00
-1.000000000000000000e+00
-3.794117058208265059e-01
5.809123044264110636e-01
5.085972698173331086e-01
2.971461370659255197e-01
-1.832827731901029988e-01
6.579968948546532914e-01
1.000000000000000000e+00
1.000000000000000000e+00
-1.682103657334159119e-01
-9.027347630548988588e-01
-1.000000000000000000e+00
-1.000000000000000000e+00
-7.870439780464620894e-01
1.000000000000000000e+00
1.000000000000000000e+00
-1.000000000000000000e+00
4.512741678182525806e-01
-4.825223267090300583e-01
1.000000000000000000e+00
-1.000000000000000000e+00
1.000000000000000000e+00
1.000000000000000000e+00
-1.000000000000000000e+00
4.201334194160147306e-01
1.000000000000000000e+00
-1.000000000000000000e+00
-1.000000000000000000e+00
-1.000000000000000000e+00
1.000000000000000000e+00
-1.379887938830766103e-01
-4.280969188220233312e-01
-1.000000000000000000e+00
-3.989978966422794704e-01
1.000000000000000000e+00
-1.000000000000000000e+00
1.000000000000000000e+00
-1.000000000000000000e+00
8.112684881313558805e-03
-1.000000000000000000e+00
6.389027165293468258e-01
-6.741547692147076276e-01
-2.829721869797733325e-01
5.719002210147920984e-01
-2.030675238666707072e-01
1.000000000000000000e+00
2.378838971397623514e-01
7.869918206044239639e-01
6.587441615239351123e-01
1.000000000000000000e+00
-1.000000000000000000e+00
-1.000000000000000000e+00
1.000000000000000000e+00
1.000000000000000000e+00
-1.000000000000000000e+00
1.000000000000000000e+00
-7.144098353164042292e-01
-5.988136794806635521e-01
2.950975995637916682e-01
-1.000000000000000000e+00
1.000000000000000000e+00
1.000000000000000000e+00
-8.064660560820025026e-01
2.113617963882242767e-01
-7.433564307869440224e-01
5.354604863926467617e-01
-1.000000000000000000e+00
-1.000000000000000000e+00
5.128817870414655866e-01
4.019765494764855340e-01
-1.000000000000000000e+00
1.000000000000000000e+00
-6.332051803823959268e-01
-1.000000000000000000e+00
-1.000000000000000000e+00
-4.664806474653933333e-02
1.000000000000000000e+00
-1.000000000000000000e+00
-5.338414347720568109e-01
1.000000000000000000e+00
1.000000000000000000e+00
-1.000000000000000000e+00
2.450318389707217825e-03
6.256435680093896945e-01
-8.122664643182362365e-01
-1.000000000000000000e+00
-1.000000000000000000e+00
6.336633514787780586e-01
-5.008866086378434002e-01
-1.000000000000000000e+00
-5.900195383477266908e-01
1.000000000000000000e+00
-4.642890874288312375e-01
1.000000000000000000e+00
3.187226477461315710e-01
7.151232817200920966e-01
-7.141639826968129157e-01
2.598959078226409369e-01
7.899560512693895031e-01
1.000000000000000000e+00
-1.000000000000000000e+00
-4.804332427159441199e-01
-1.000000000000000000e+00
1.000000000000000000e+00
5.508007077712834265e-01
1.000000000000000000e+00
-8.510899594113763289e-01
5.108667023769261073e-01
1.000000000000000000e+00
1.000000000000000000e+00
-1.887212809529967839e-01
1.000000000000000000e+00
1.000000000000000000e+00
-1.000000000000000000e+00
1.000000000000000000e+00
-1.000000000000000000e+00
-1.000000000000000000e+00
-1.000000000000000000e+00
-1.257527563453564312e-02
6.631851624963492897e-01
-1.908047599064651711e-01
-1.000000000000000000e+00
1.150394090683466430e-01
2.053294799113034586e-01
1.205015889128060597e-01
7.540628238292994556e-01
-7.656204039379658211e-01
9.343521050989245236e-02
-2.128417530142625580e-01
1.000000000000000000e+00
-1.000000000000000000e+00
-1.390791869343670495e-01
-8.055851640510316436e-01
-4.259294425095864201e-01
1.000000000000000000e+00
1.000000000000000000e+00
7.567111663851219250e-01
-1.366083681819680873e-01
-1.000000000000000000e+00
1.000000000000000000e+00
1.000000000000000000e+00
4.403350615358118114e-01
6.235924383082681599e-01
1.000000000000000000e+00
-1.000000000000000000e+00
5.708533308412350182e-01
4.275881187390844218e-01
-6.534858513724329798e-01
-9.451768321380772386e-01
9.543359740776844458e-01
-1.000000000000000000e+00
1.000000000000000000e+00
1.000000000000000000e+00
4.406749480471409131e-01
-3.240387158614219665e-01
1.000000000000000000e+00
7.904383650919277748e-02
-1.000000000000000000e+00
1.334542867668908062e-01
3.379032291404692190e-01
1.000000000000000000e+00
-1.000000000000000000e+00
-3.065056914980783809e-01
-9.430509655360607146e-01
6.703541975461082547e-01
-1.000000000000000000e+00
-8.752167011822789000e-01
5.090193641002123126e-01
3.978316643353236870e-01
1.000000000000000000e+00
-4.933516537734334295e-01
7.801767683038596246e-02
-5.206770709253798479e-01
1.000000000000000000e+00
1.301453504157765173e-01
-1.000000000000000000e+00
-7.668993675154878176e-01
1.689739863108529194e-01
-1.000000000000000000e+00
4.686410151305624439e-01
-5.584114777117662465e-01
-8.234112076226902666e-01
5.731494753578835200e-01
4.330791603188410832e-02
-1.000000000000000000e+00
1.000000000000000000e+00
-5.095876143474362685e-01
5.771943938886683334e-01
-6.780858269304266273e-01
5.474511330275948495e-01
-8.706196014271684325e-01
1.000000000000000000e+00
1.000000000000000000e+00
7.755041988647138895e-01
8.402466606932743609e-01
-7.262357834028285719e-01
9.413353199627689794e-01
-1.000000000000000000e+00
-5.107813444387174773e-01
-9.955816524449445648e-01
6.188071200262349469e-01
-9.384162855468379805e-01
1.000000000000000000e+00
2.033564927236433117e-01
8.753793996308618652e-01
-1.000000000000000000e+00
-3.846751032286613858e-01
1.000000000000000000e+00
7.409000421548865845e-01
1.000000000000000000e+00
1.000000000000000000e+00
-1.395863244232913303e-01
-1.000000000000000000e+00
1.619313352485012292e-01
-1.000000000000000000e+00
1.000000000000000000e+00
1.781782054687913730e-01
-1.000000000000000000e+00
1.000000000000000000e+00
-2.795624595175040805e-01
-1.000000000000000000e+00
-4.588951550328288498e-01
1.290339405159880437e-01
3.447737607603262866e-01
1.468097433494101045e-01
-1.000000000000000000e+00
-1.116289571877082665e-02
5.809026619000083880e-01
-4.450522436018183869e-01
1.000000000000000000e+00
1.559354275667268475e-02
1.000000000000000000e+00
-9.581692247589057576e-02
-1.000000000000000000e+00
7.367587148553446097e-01
6.020666558779486088e-01
1.000000000000000000e+00
4.505172510337560055e-01
1.000000000000000000e+00
-3.102219337237189789e-01
-1.000000000000000000e+00
-5.329381349437585236e-01
-2.616746118405038901e-02
1.000000000000000000e+00
-1.000000000000000000e+00
1.000000000000000000e+00
-9.517544695204173122e-01
-1.000000000000000000e+00
-1.000000000000000000e+00
1.000000000000000000e+00
-5.374074595253651720e-01
7.413076287851156909e-01
1.000000000000000000e+00
-1.000000000000000000e+00
1.000000000000000000e+00
-3.250368087782781190e-01
-1.000000000000000000e+00
6.216863678554578332e-01
-5.906263827894331353e-02
3.112293911027113058e-01
1.000000000000000000e+00
1.000000000000000000e+00
-3.099825637910698095e-01
1.000000000000000000e+00
-3.259358441289471608e-01
1.000000000000000000e+00
8.025279777838029149e-01
8.679766900537535523e-01
1.000000000000000000e+00
-1.000000000000000000e+00
1.000000000000000000e+00
-1.000000000000000000e+00
8.281986813817272530e-01
1.236875614997331452e-01
4.911672650998333278e-02
-2.416632192273859836e-01
-1.000000000000000000e+00
5.412940066210651935e-01
9.163523968363825878e-01
-4.918074270550800708e-01
1.000000000000000000e+00
-1.000000000000000000e+00
-8.092538250042669024e-02
6.570227445570008262e-01
1.000000000000000000e+00
1.000000000000000000e+00
5.505876872248881559e-01
-1.000000000000000000e+00
-1.000000000000000000e+00
-5.132382204472870635e-01
-8.585056744386543315e-01
-8.015961174597578953e-01
1.000000000000000000e+00
-1.000000000000000000e+00
-1.000000000000000000e+00
1.000000000000000000e+00
-5.637465683681872619e-01
-1.000000000000000000e+00
1.000000000000000000e+00
1.000000000000000000e+00
6.932253632273083221e-01
4.967063390601496042e-01
9.301955549464576700e-01
1.000000000000000000e+00
-8.886781071864464643e-01
1.000000000000000000e+00
-9.401510886627806318e-01
1.000000000000000000e+00
3.792183912000740009e-01
-7.513921682434090421e-01
-1.409745794571430899e-01
-5.934698413498429304e-01
1.000000000000000000e+00
-8.056069492493079798e-01
8.496405103054529562e-01
-1.000000000000000000e+00
1.000000000000000000e+00
3.601800666894596770e-01
4.223760427609353219e-01
1.000000000000000000e+00
1.000000000000000000e+00
1.000000000000000000e+00
-2.512288171367178524e-01
1.000000000000000000e+00
1.000000000000000000e+00
8.846814685092778685e-01
1.000000000000000000e+00
-1.000000000000000000e+00
1.000000000000000000e+00
1.000000000000000000e+00
-1.000000000000000000e+00
-1.000000000000000000e+00
-4.183844735807157322e-01
1.000000000000000000e+00
1.000000000000000000e+00
-1.000000000000000000e+00
1.371302366860372990e-01
6.415603580384969806e-01
1.000000000000000000e+00
1.000000000000000000e+00
-1.000000000000000000e+00
1.000000000000000000e+00
-8.591725234004182754e-01
1.000000000000000000e+00
1.000000000000000000e+00
4.737508491762890128e-01
-8.378944681910397430e-01
1.000000000000000000e+00
5.611480989717484436e-01
3.894682957531674372e-01
1.000000000000000000e+00
-4.171436684370969372e-01
5.106875197176097281e-02
1.000000000000000000e+00
1.000000000000000000e+00
1.000000000000000000e+00
1.000000000000000000e+00
8.130841513087276873e-01
1.000000000000000000e+00
1.000000000000000000e+00
6.959456637546157509e-03
1.043683223161829821e-01
-6.617059060686534266e-01
1.000000000000000000e+00
1.000000000000000000e+00
5.753978383402520436e-01
6.693158697010410663e-01
7.184675865943628281e-01
-1.000000000000000000e+00
1.000000000000000000e+00
1.000000000000000000e+00
-2.587968237656625980e-01
-3.436467997804845131e-01
-1.000000000000000000e+00
-3.782829639389258536e-01
1.000000000000000000e+00
3.736939354883144215e-01
7.428139364209043194e-01
1.000000000000000000e+00
-1.000000000000000000e+00
-3.207383476312997139e-01
-8.703802534784358391e-01
-2.377311598352634947e-01
1.000000000000000000e+00
-1.000000000000000000e+00
-3.228340169354770861e-02
6.853411813501886218e-02
4.382873695670845282e-01
-1.000000000000000000e+00
-1.000000000000000000e+00
1.014020371903102402e-01
-1.225101882393666575e-01
4.353606103399741412e-01
1.000000000000000000e+00
-2.975272790579007176e-01
-5.572956564979842931e-01
7.940784038687132007e-01
4.342897308210458274e-02
-1.000000000000000000e+00
1.000000000000000000e+00
-1.000000000000000000e+00
1.000000000000000000e+00
1.000000000000000000e+00
1.000000000000000000e+00
1.000000000000000000e+00
1.000000000000000000e+00
5.669866129151053258e-01
9.726645188578786350e-02
-1.000000000000000000e+00
1.702191553626982712e-01
1.000000000000000000e+00
-1.000000000000000000e+00
-3.498790892396837493e-01
9.264539444457866590e-01
1.000000000000000000e+00
-1.954910432448097590e-01
-5.140309952598076659e-01
1.000000000000000000e+00
8.544471704184759542e-01
1.000000000000000000e+00
-1.000000000000000000e+00
-1.000000000000000000e+00
1.000000000000000000e+00
1.350472415200194565e-01
9.976301126001867470e-01
3.159550812147622345e-01
-1.000000000000000000e+00
3.966223951005857229e-01
2.947668500970892502e-01
6.762250641304088372e-01
5.213494811132289852e-01
6.074292259522340309e-01
-1.000000000000000000e+00
1.000000000000000000e+00
8.600386791272139897e-01
-1.000000000000000000e+00
1.000000000000000000e+00
1.000000000000000000e+00
-4.561512272551111469e-01
3.927321372497137864e-01
-1.000000000000000000e+00
3.726412957044716312e-01
-1.000000000000000000e+00
-4.154508075476557316e-01
1.000000000000000000e+00
-7.007695336537668185e-01
-1.000000000000000000e+00
7.621615110782113955e-01
-6.517064214258193600e-01
-8.932902520190011408e-02
1.170254304609472662e-01
2.839421799445525085e-01
-1.075583458945258974e-01
-1.000000000000000000e+00
9.942953634430933274e-01
1.000000000000000000e+00
7.063624514225560480e-01
-1.000000000000000000e+00
-1.000000000000000000e+00
-6.321864043660617716e-01
-1.000000000000000000e+00
-3.567359497659147727e-01
-1.000000000000000000e+00
1.000000000000000000e+00
-1.000000000000000000e+00
-3.743047905078257243e-01
-1.000000000000000000e+00
-1.000000000000000000e+00
-7.176482641088254288e-01
-1.000000000000000000e+00
-1.000000000000000000e+00
-1.000000000000000000e+00
-8.353386220366060266e-01
1.374308907642156630e-01
-1.558455093524929724e-01
-5.369421167804755424e-02
1.444299042418439871e-03
-7.641038783978103544e-01
1.000000000000000000e+00
-9.973962746054134687e-01
5.388281022660795783e-02
-2.982467260383199203e-01
1.000000000000000000e+00
-1.000000000000000000e+00
-6.057039019457362006e-01
3.482411979678134983e-03
3.243385042587392242e-01
-1.000000000000000000e+00
9.237416266780367202e-01
3.914091099683304487e-01
3.288725576782919324e-01
7.923039656795038965e-02
1.000000000000000000e+00
-1.000000000000000000e+00
-8.256018362062640392e-01
-3.729184852190328137e-01
-1.000000000000000000e+00
-1.659150421782442653e-01
5.244204184967955484e-01
1.136593325351392125e-01
4.770448024688269673e-01
-1.000000000000000000e+00
-8.443371167783579878e-01
7.768909730898375665e-01
-1.000000000000000000e+00
1.000000000000000000e+00
-4.803274227588660850e-01
-2.978758965396812730e-01
-5.412098579090920403e-01
4.771573256319729950e-01
1.627152415183820144e-01
-4.172404991859345325e-01
-4.903044371881608576e-01
-1.000000000000000000e+00
1.092854653770457540e-01
-1.000000000000000000e+00
-9.172285115784627463e-01
1.000000000000000000e+00
-1.000000000000000000e+00
1.000000000000000000e+00
-3.293196451185785856e-01
6.533153638242263916e-01
4.760892810099592865e-02
4.558153387911082488e-01
1.000000000000000000e+00
-3.871115668857922909e-01
-1.000000000000000000e+00
1.000000000000000000e+00
-6.858356494944106707e-02
2.782200204605813632e-01
6.692302265432696906e-01
7.760186488276932248e-02
9.167841309218122126e-01
-5.500134031655166122e-01
1.000000000000000000e+00
2.295438241410956426e-01
1.610839410131267302e-01
9.749715953332405149e-02
-1.000000000000000000e+00
-1.923390474689173901e-02
1.911923907985962345e-01
-8.593757157810721914e-01
-1.000000000000000000e+00
1.000000000000000000e+00
-2.806820640455703897e-01
-2.432359796224355386e-01
1.000000000000000000e+00
-1.000000000000000000e+00
-8.150961227711168711e-01
9.373580877681920720e-01
-1.000000000000000000e+00
-1.000000000000000000e+00
8.835728163045097894e-02
-7.314573761224629767e-01
-1.480020611295290722e-01
-1.259369865824214174e-01
-6.816637603391811906e-02
-4.002494328096345422e-01
1.944954204760878658e-01
-4.841997192781110626e-01
-9.793393785497150894e-02
-1.163344236550161725e-01
-1.000000000000000000e+00
-1.000000000000000000e+00
1.000000000000000000e+00
5.475691305334864367e-01
-3.566740567244125470e-01
1.000000000000000000e+00
2.607986270682381980e-01
-1.000000000000000000e+00
-9.171749632477410596e-01
1.000000000000000000e+00
2.423675780418520498e-01
-1.000000000000000000e+00
1.000000000000000000e+00
1.000000000000000000e+00
1.000000000000000000e+00
-2.750543751638137580e-02
-3.975670186412939566e-01
3.107453179705319535e-01
-1.000000000000000000e+00
-4.861100432959608586e-02
4.292058135562744070e-01
1.000000000000000000e+00
-4.020862590747470433e-01
-1.864644395530357934e-01
4.035726203454844674e-01
1.256903438895827785e-01
4.756168106144610386e-01
-1.000000000000000000e+00
-1.000000000000000000e+00
-3.281538290732609608e-01
-1.000000000000000000e+00
-2.048841717846250354e-01
7.140891513982660088e-01
-7.695051220610014120e-01
5.565797415381391611e-01
8.530106577915603783e-01
-1.000000000000000000e+00
-3.672322167848535157e-02
-1.000000000000000000e+00
-1.000000000000000000e+00
-7.806627900715509272e-01
-1.000000000000000000e+00
1.000000000000000000e+00
-1.000000000000000000e+00
-5.306329950425550113e-01
-1.000000000000000000e+00
-1.000000000000000000e+00
-1.000000000000000000e+00
-7.329519911613856520e-01
1.000000000000000000e+00
1.000000000000000000e+00
-2.955257229666554686e-01
-1.000000000000000000e+00
1.000000000000000000e+00
-1.000000000000000000e+00
-7.949248097125403145e-01
4.716723764338766056e-01
-1.000000000000000000e+00
1.000000000000000000e+00
-1.926494677667702771e-01
-1.000000000000000000e+00
-5.684687466849098758e-01
4.131088701718564904e-01
-2.898670845758811732e-01
-7.669450048281635235e-01
1.000000000000000000e+00
1.000000000000000000e+00
1.000000000000000000e+00
1.000000000000000000e+00
1.000000000000000000e+00
-1.000000000000000000e+00
1.000000000000000000e+00
5.574516747751784296e-01
-1.000000000000000000e+00
-1.599062375160593130e-01
8.212311606393407626e-01
-1.000000000000000000e+00
7.621889688191439971e-01
-7.990045229111993885e-01
-1.422934089721819007e-01
-1.000000000000000000e+00
6.948898804050890332e-01
-1.000000000000000000e+00
-3.946690801110964708e-01
-1.834030575596368173e-01
-1.000000000000000000e+00
1.000000000000000000e+00
2.583908258913568123e-01
1.000000000000000000e+00
-1.000000000000000000e+00
2.009750400094792444e-01
-1.000000000000000000e+00
1.483393133855132051e-01
-1.000000000000000000e+00
3.308656849322362259e-01
1.000000000000000000e+00
1.000000000000000000e+00
1.000000000000000000e+00
-1.000000000000000000e+00
-8.249557892059380393e-01
1.000000000000000000e+00
1.000000000000000000e+00
-5.738813224868448692e-01
6.488118216863236754e-02
1.000000000000000000e+00
3.757188140441178881e-01
4.698899885141747390e-01
-1.000000000000000000e+00
6.650917574200860827e-01
-1.000000000000000000e+00
9.721578913707591418e-01
-8.837810788665552142e-01
1.000000000000000000e+00
2.818206217212071429e-01
3.395755270604311482e-01
2.755495455401995031e-01
-4.274698030550030253e-02
-9.175655031048466359e-01
5.770627328127303501e-01
2.159104376025209326e-01
-8.604988885688291678e-01
8.167730364252958619e-01
1.000000000000000000e+00
2.091576878775347481e-02
-1.000000000000000000e+00
-7.967721527596808295e-01
-1.000000000000000000e+00
1.000000000000000000e+00
-1.000000000000000000e+00
-1.000000000000000000e+00
-1.000000000000000000e+00
-1.000000000000000000e+00
4.652388849538470761e-01
1.000000000000000000e+00
1.000000000000000000e+00
-1.528028535178194147e-04
4.262316238331981255e-01
-2.488403696480150917e-01
-1.000000000000000000e+00
-5.251790657992414513e-01
-1.000000000000000000e+00
-2.284330612575008468e-01
-6.811937159289217503e-01
1.000000000000000000e+00
1.080881650644609504e-01
-1.907310952977997465e-01
4.259268739399532100e-01
-1.000000000000000000e+00
-6.816956820865898159e-01
7.039552613219411947e-01
-6.409397088383951280e-01
-1.307622686166139969e-01
-9.232127701107967210e-02
1.000000000000000000e+00
8.304377019058077902e-01
-6.352954031467983320e-01
-8.560549941559667531e-01
-9.299980606636973901e-01
-2.477820827968113537e-02
-1.000000000000000000e+00
1.000000000000000000e+00
9.361346780020737279e-01
-2.736270086686110603e-01
1.000000000000000000e+00
-7.113807115321870711e-01
1.000000000000000000e+00
-7.602899155107709639e-01
9.398969901963942775e-01
9.065208854745380185e-01
-1.000000000000000000e+00
-1.000000000000000000e+00
2.592385739001273892e-01
1.000000000000000000e+00
-1.000000000000000000e+00
1.000000000000000000e+00
-7.291536091430440569e-01
-3.865643744315305774e-01
7.839684338515098272e-01
-2.664215001985936748e-02
-1.000000000000000000e+00
-3.527038879134968274e-01
3.033147726895464302e-01
1.000000000000000000e+00
1.000000000000000000e+00
-1.000000000000000000e+00
2.468783039604748319e-01
3.423757243223106705e-01
5.445603131768439464e-01
-1.000000000000000000e+00
-5.704985445037461522e-01
6.254854444284576598e-01
1.000000000000000000e+00
7.027711198241374246e-01
1.000000000000000000e+00
1.000000000000000000e+00
1.000000000000000000e+00
-3.543319426550827211e-01
-2.846567626220473657e-01
3.155281772140229313e-01
6.810614529306491249e-01
-1.000000000000000000e+00
4.945945569117078389e-01
-3.029355250139320610e-01
-2.096689504900462186e-01
-3.178255314479115912e-01
1.000000000000000000e+00
1.000000000000000000e+00
1.000000000000000000e+00
-4.457642583571961303e-01
-1.000000000000000000e+00
8.320970324540819529e-01
-1.000000000000000000e+00
1.000000000000000000e+00
9.413068272890500188e-01
-7.986659516474001741e-01
-1.000000000000000000e+00
-5.070833575352611255e-01
1.000000000000000000e+00
1.000000000000000000e+00
-1.000000000000000000e+00
1.000000000000000000e+00
-3.432082228001661628e-01
7.427114553321263468e-01
-2.138491842181593494e-01
-1.000000000000000000e+00
1.000000000000000000e+00
-1.000000000000000000e+00
9.000887499437779660e-01
-1.000000000000000000e+00
-1.000000000000000000e+00
-1.000000000000000000e+00
2.845036876166278095e-01
1.000000000000000000e+00
-9.176097357724122272e-03
-8.979506249262679818e-01
1.000000000000000000e+00
9.046226846547231748e-01
6.841949836829185339e-01
-1.000000000000000000e+00
-1.000000000000000000e+00
1.000000000000000000e+00
-6.852786242544839368e-01
1.000000000000000000e+00
6.719920922956802434e-01
-8.790357775436506982e-01
1.000000000000000000e+00
-6.236193074570748340e-01
1.000000000000000000e+00
1.000000000000000000e+00
3.696832206157794065e-01
1.000000000000000000e+00
-3.904617137959940365e-01
8.881159334350694490e-01
6.281306387636731436e-01
7.333118368055000502e-01
9.277998846072647021e-01
9.370713350462690494e-01
-1.000000000000000000e+00
-4.064093999440988592e-01
-6.233680176373715964e-01
8.160463027450524098e-01
-1.000000000000000000e+00
-8.950901566041450375e-01
-1.000000000000000000e+00
-5.392323031968866420e-01
6.440209682895194909e-01
-2.483534281746680727e-01
3.468649567597867911e-01
-7.945956892405794392e-01
-6.472079283890745938e-01
1.000000000000000000e+00
1.000000000000000000e+00
1.000000000000000000e+00
1.000000000000000000e+00
3.677382080754733606e-01
-3.318717126782746440e-01
-1.000000000000000000e+00
6.018764393148277048e-01
7.974385159700893011e-01
-1.000000000000000000e+00
6.157915779901040887e-02
-9.104271312173696229e-01
-1.000000000000000000e+00
1.420674950489032584e-01
1.000000000000000000e+00
1.000000000000000000e+00
1.879776173801703809e-01
-1.640581339116129467e-01
-1.000000000000000000e+00
-9.990817439647208253e-01
-1.000000000000000000e+00
-1.000000000000000000e+00
-1.000000000000000000e+00
-1.000000000000000000e+00
-2.908979645243839895e-01
-1.783957532128979118e-01
-6.495108123484636398e-01
-9.051728458625478702e-01
1.000000000000000000e+00
-9.818611722781930284e-01
7.307518308953675490e-02
-1.000000000000000000e+00
-4.517190901030332384e-02
-1.000000000000000000e+00
5.773665179515499180e-01
1.000000000000000000e+00
1.000000000000000000e+00
1.425293500703721516e-01
-7.408994816237621794e-01
-1.000000000000000000e+00
-1.000000000000000000e+00
9.006901226219360401e-01
-2.790768974174546724e-01
-1.000000000000000000e+00
7.746683534369716018e-01
1.000000000000000000e+00
-3.486899685943088967e-01
-3.365193601612719299e-01
3.482050168252665001e-02
-9.815896538962035622e-01
1.000000000000000000e+00
-1.000000000000000000e+00
-1.000000000000000000e+00
-1.000000000000000000e+00
1.000000000000000000e+00
-4.546317530224125436e-01
-1.313620534811078544e-01
-4.444180347317119306e-01
-7.604427480827128383e-01
1.000000000000000000e+00
-1.000000000000000000e+00
-7.799585014871746047e-02
5.553683646458436041e-01
1.000000000000000000e+00
1.000000000000000000e+00
3.436296453347341684e-01
-1.000000000000000000e+00
-7.420437364144067960e-01
-1.000000000000000000e+00
-1.000000000000000000e+00
-8.930094902256742462e-02
1.000000000000000000e+00
-8.958788449433174872e-01
9.403928880176989358e-01
-8.753153600267942203e-01
-8.925096089564195090e-01
-1.790604985486599077e-01
1.000000000000000000e+00
-1.000000000000000000e+00
-2.506590823226755305e-01
-1.311902990299765315e-01
1.000000000000000000e+00
1.000000000000000000e+00
-9.664023321812230671e-01
5.327159603068820637e-01
-1.000000000000000000e+00
1.830169335266177422e-01
1.000000000000000000e+00
1.000000000000000000e+00
1.000000000000000000e+00
2.391526657823472291e-01
-1.000000000000000000e+00
1.000000000000000000e+00
-7.212763790313985179e-01
-6.760223810191769989e-01
1.000000000000000000e+00
-2.130243150675864561e-02
-9.305282541976035438e-01
4.057041750572956684e-01
1.000000000000000000e+00
-2.290075578136381296e-01
-1.000000000000000000e+00
-5.673658908228871312e-01
-1.086512835681195943e-01
5.612118771087530877e-01
1.000000000000000000e+00
1.000000000000000000e+00
-3.356094379182041898e-01
-1.000000000000000000e+00
5.740729659227525872e-01
1.000000000000000000e+00
1.000000000000000000e+00
1.843546305256025253e-01
1.000000000000000000e+00
-2.180802511061551430e-01
-1.000000000000000000e+00
-1.000000000000000000e+00
1.000000000000000000e+00
-7.976897076898483707e-01
8.400413864172738831e-01
-1.000000000000000000e+00
-5.250075879444168203e-01
-4.731692898485025944e-01
-1.000000000000000000e+00
1.000000000000000000e+00
7.706575357791040082e-01
8.919690595503432240e-01
1.000000000000000000e+00
1.000000000000000000e+00
1.000000000000000000e+00
-1.000000000000000000e+00
-2.416380427401421116e-02
2.371179572984160877e-01
-9.393501227071262560e-01
3.250984871439832613e-01
1.972864161377368142e-01
-7.028900491935328176e-01
1.000000000000000000e+00
8.105583127793714038e-01
9.246293240221258314e-01
-3.975330134863804821e-01
1.000000000000000000e+00
-1.000000000000000000e+00
1.000000000000000000e+00
3.695970042155027890e-01
-1.000000000000000000e+00
-4.908780688368220013e-01
-1.000000000000000000e+00
-2.543461428993507023e-01
1.000000000000000000e+00
-6.500033656680559435e-02
-8.676550442760634363e-01
-3.029169518140552020e-01
1.000000000000000000e+00
8.710914333548258615e-01
-1.000000000000000000e+00
-1.000000000000000000e+00
-2.449814695878831383e-01
1.000000000000000000e+00
2.945658565379867255e-01
-7.080966742643123313e-01
2.855405356016452179e-01
1.000000000000000000e+00
-1.000000000000000000e+00
1.000000000000000000e+00
-8.330215327068124509e-05
-1.211657748770856857e-01
-8.826279837176789211e-01
-1.000000000000000000e+00
1.172493131987539794e-02
7.169194308513907599e-01
1.000000000000000000e+00
-1.000000000000000000e+00
-1.000000000000000000e+00
1.338438258309604389e-01
-1.000000000000000000e+00
6.441470484889508241e-02
-1.000000000000000000e+00
1.000000000000000000e+00
1.000000000000000000e+00
-7.646580525597519440e-01
1.000000000000000000e+00
-1.000000000000000000e+00
-4.587067697767283070e-01
-1.000000000000000000e+00
-7.786209058934240312e-01
9.406097646820643643e-01
-1.000000000000000000e+00
3.359695818305125092e-02
-1.394296402333425888e-01
7.221541464177657632e-01
8.798400414275576731e-01
-5.498127021535346159e-01
-8.082690696561002364e-01
3.743839134854378692e-01
-1.000000000000000000e+00
-1.000000000000000000e+00
1.000000000000000000e+00
-3.133179723829940810e-01
5.217250528319872238e-02
-2.252571392499033154e-01
-4.354925176731175851e-01
-6.938861933681162997e-01
-1.000000000000000000e+00
-5.521504558242229521e-01
1.632731849781351441e-01
5.077601181220181559e-02
1.000000000000000000e+00
1.000000000000000000e+00
1.000000000000000000e+00
3.164941409423405183e-02
-1.000000000000000000e+00
-1.000000000000000000e+00
1.000000000000000000e+00
-1.000000000000000000e+00
1.000000000000000000e+00
5.542083457232307442e-01
1.000000000000000000e+00
4.698871048118845595e-01
1.813872455916339943e-01
-5.333765798096091748e-01
-4.787425326835443307e-01
-5.122107684689201079e-01
9.912117328289999918e-01
8.498727927075472310e-01
-1.000000000000000000e+00
1.000000000000000000e+00
-5.571620265889076773e-01
-2.766973035316470098e-01
1.000000000000000000e+00
-6.293000526675278650e-01
2.503378494659719289e-01
1.000000000000000000e+00
6.036600465082238021e-01
1.000000000000000000e+00
-9.691872004924605433e-01
-9.447419822365147324e-01
1.000000000000000000e+00
1.000000000000000000e+00
1.000000000000000000e+00
3.043556748911653842e-01
3.919055146334773365e-01
6.315719158935856337e-01
1.895592229321206856e-01
8.808407462476235406e-01
1.000000000000000000e+00
-1.000000000000000000e+00
1.000000000000000000e+00
-7.327088762561768664e-01
-7.203526658955019535e-01
1.941879936030402876e-01
-1.000000000000000000e+00
-1.000000000000000000e+00
1.000000000000000000e+00
8.134336886666815314e-01
-1.000000000000000000e+00
-6.395435831066591525e-01
1.000000000000000000e+00
4.848114087510971837e-01
9.641276671068614856e-01
-6.012717354562929772e-01
1.000000000000000000e+00
6.117636138961236592e-01
-1.000000000000000000e+00
-1.000000000000000000e+00
-1.618753418117457599e-01
1.000000000000000000e+00
-4.779041552708542806e-01
3.620734905771942902e-01
-1.000000000000000000e+00
1.000000000000000000e+00
-2.672822022988367574e-01
1.000000000000000000e+00
-1.000000000000000000e+00
-1.000000000000000000e+00
1.000000000000000000e+00
-1.000000000000000000e+00
7.362603312997724192e-01
-6.075083563705330203e-01
-1.000000000000000000e+00
-8.954025108825952595e-01
-9.689884841770000090e-01
5.903327257504562553e-01
-1.000000000000000000e+00
-1.000000000000000000e+00
-1.411951049197680552e-01
2.817494895612999706e-01
1.000000000000000000e+00
-1.000000000000000000e+00
3.396412976505585046e-01
-9.591195699918000361e-01
6.194443303431766967e-01
8.426842966090419829e-01
8.455568490506518708e-01
6.770762769812588289e-01
1.000000000000000000e+00
1.000000000000000000e+00
3.715330133033787896e-01
-5.816461689177515604e-01
1.000000000000000000e+00
2.515488473629801103e-01
-9.967527825811756115e-01
4.236153339979438215e-01
-6.175648401810148735e-01
-5.682708369392924785e-01
4.843336670075465422e-01
-7.950578023434895503e-01
-1.000000000000000000e+00
-1.000000000000000000e+00
1.000000000000000000e+00
-6.251364320770422811e-01
1.000000000000000000e+00
1.000000000000000000e+00
9.179971958009289779e-01
-6.926813788851309273e-01
-3.473043206038761710e-01
3.157653033287637356e-01
9.782983379762576481e-01
4.231704995920425594e-01
-6.464818603747315429e-01
6.860248875205339214e-01
1.000000000000000000e+00
-9.552451045804192242e-01
-1.000000000000000000e+00
-9.264360854499416043e-01
-1.000000000000000000e+00
-1.000000000000000000e+00
3.391327054629175164e-01
9.748545685928924343e-01
6.331265891489359365e-01
1.000000000000000000e+00
-1.000000000000000000e+00
-1.000000000000000000e+00
9.130038919636579431e-01
-3.550095799120338569e-01
-1.000000000000000000e+00
-5.502901604269536673e-01
1.000000000000000000e+00
-1.046894248898851965e-01
5.302439717965299337e-01
-1.000000000000000000e+00
1.000000000000000000e+00
2.835755845987377732e-01
1.000000000000000000e+00
-1.000000000000000000e+00
-3.469182700457620339e-01
1.000000000000000000e+00
-7.300686704415146888e-01
4.980228720526288511e-01
-1.261619972124702338e-01
-1.000000000000000000e+00
-1.000000000000000000e+00
1.000000000000000000e+00
9.331807110402196015e-01
-3.457405193879359295e-01
8.694669404297559190e-01
4.950995198756067417e-01
2.185140845940360954e-01
1.000000000000000000e+00
5.080697956556108341e-01
1.000000000000000000e+00
1.000000000000000000e+00
1.000000000000000000e+00
-1.000000000000000000e+00
3.392500451914249315e-01
1.000000000000000000e+00
-7.759739245894953230e-01
1.000000000000000000e+00
-4.388095982300725950e-01
-2.722775423881484969e-02
-6.703549385975360320e-01
4.565221227124865999e-01
-1.000000000000000000e+00
-1.000000000000000000e+00
-1.000000000000000000e+00
-1.000000000000000000e+00
6.849255968707282927e-01
-7.822121125518277651e-01
1.227911671139463312e-01
-9.399213211685615299e-01
-7.338048000213529543e-01
6.567690726574155757e-01
-1.000000000000000000e+00
-3.344034008246969947e-01
6.152573901067595052e-01
1.000000000000000000e+00
1.000000000000000000e+00
-1.000000000000000000e+00
-6.746067866281739711e-01
-1.729666469398642992e-01
-4.127476892599792335e-01
-7.432151792680306013e-01
6.513298185235372184e-01
-1.000000000000000000e+00
-1.109093509682459455e-01
1.000000000000000000e+00
9.386518033241003645e-01
-1.000000000000000000e+00
-1.150048529766641847e-01
-1.223960502943856610e-01
8.120780126441595748e-01
1.836623367524086170e-01
-7.269024112216955213e-01
8.214370087276454679e-01
6.260244366858191967e-01
8.034846108953710431e-01
9.519457329707793347e-01
1.000000000000000000e+00
9.572445410510515007e-01
1.000000000000000000e+00
-4.859209638431527534e-02
-8.097726686744520785e-01
-1.000000000000000000e+00
2.220922381642151944e-01
1.000000000000000000e+00
7.854899159343496917e-01
-2.204643223568106825e-01
7.836979682258368718e-02
-4.645323354413544159e-02
9.190293226590392495e-01
1.000000000000000000e+00
-9.132968927084508248e-01
-8.739362022641090633e-01
-5.138363209933063391e-01
-8.527253015774021172e-01
-4.381291948750898335e-02
1.678997313527783586e-01
-1.000000000000000000e+00
1.000000000000000000e+00
-1.000000000000000000e+00
-8.304829993488885842e-01
1.000000000000000000e+00
6.857708442793284398e-01
-8.687107953040766883e-01
-1.000000000000000000e+00
-5.376335420332167825e-01
-3.893497331584180321e-01
1.533617875132112229e-01
1.000000000000000000e+00
9.909479348484566685e-01
-6.966835971276924555e-01
8.516648915380792273e-01
7.793197852018285410e-02
-9.142966513863688416e-01
1.000000000000000000e+00
-1.000000000000000000e+00
-4.386495553062685904e-02
8.884311046744534091e-01
2.057341559716785451e-01
1.000000000000000000e+00
-7.923389734754683333e-01
1.000000000000000000e+00
-6.389270737342525042e-01
-5.047008316236607506e-01
-4.779495560848082691e-01
8.837715017442744347e-01
-1.000000000000000000e+00
-8.781725227686150159e-01
1.000000000000000000e+00
6.697464275062058325e-01
-1.000000000000000000e+00
4.543793625984527962e-01
1.651627425902464086e-01
-7.309564847144645050e-02
1.000000000000000000e+00
5.494723300029593638e-01
-7.650762358138276653e-01
1.000000000000000000e+00
1.000000000000000000e+00
5.987275879990541227e-01
1.000000000000000000e+00
1.000000000000000000e+00
-1.000000000000000000e+00
1.000000000000000000e+00
1.000000000000000000e+00
-1.000000000000000000e+00
-6.630772707067660310e-01
1.000000000000000000e+00
1.271074143998810468e-01
1.000000000000000000e+00
-1.000000000000000000e+00
1.000000000000000000e+00
-1.027607887262318165e-01
1.000000000000000000e+00
-1.000000000000000000e+00
4.461527364468952372e-01
-1.000000000000000000e+00
9.820051394576896353e-01
-1.000000000000000000e+00
-1.000000000000000000e+00
-1.000000000000000000e+00
9.319801079025191726e-01
-8.669224088580030907e-01
-1.000000000000000000e+00
-5.516184935675721990e-01
-1.634364666058679694e-01
-2.065449375051816583e-01
-9.840667194908903070e-01
-1.000000000000000000e+00
-9.795939990079596260e-01
-1.000000000000000000e+00
1.000000000000000000e+00
7.342765899500891535e-01
3.924488301984887517e-01
1.000000000000000000e+00
7.193309745690434909e-01
1.000000000000000000e+00
-1.000000000000000000e+00
6.322951150475828452e-01
8.950426794838033384e-01
8.738595034157266017e-01
-1.000000000000000000e+00
-1.000000000000000000e+00
-1.000000000000000000e+00
-9.637711168435022513e-01
3.933437493025475074e-01
-4.032224847987949667e-01
-7.194421364745473557e-02
1.000000000000000000e+00
3.209505301536778044e-01
6.372462756431904740e-01
8.502992654230855374e-01
-7.723962444834404639e-01
-5.927263596966799719e-01
-4.289767744239789127e-02
8.920809475315549797e-02
-2.093758764202660050e-01
9.820249908111448045e-01
-9.173117551424222471e-01
-1.000000000000000000e+00
8.196644621337483283e-01
-1.615870406529811842e-01
-4.607097348468056630e-01
3.242629407743524705e-01
-1.000000000000000000e+00
-2.430241772506589459e-01
8.088532787622329523e-02
-8.403034840027713281e-01
1.000000000000000000e+00
-1.000000000000000000e+00
-3.092992231141582504e-01
1.000000000000000000e+00
8.641280641659214723e-01
1.000000000000000000e+00
-4.559429130518115603e-01
1.000000000000000000e+00
-2.455290858109822616e-01
8.284285010270875382e-02
-1.000000000000000000e+00
7.007075504153301715e-01
-1.000000000000000000e+00
-4.415418135068771566e-01
-9.117557637424418271e-01
-6.940622572122461253e-01
-7.725052482958512101e-01
-6.331044320341178144e-01
-3.604927798684002260e-01
-9.185262983021313943e-01
1.529281237825713680e-01
-1.000000000000000000e+00
5.339685508508652534e-01
1.000000000000000000e+00
-2.555049822647108559e-01
1.000000000000000000e+00
-1.000000000000000000e+00
1.000000000000000000e+00
-1.000000000000000000e+00
-8.257217009962110055e-01
4.997215438068340898e-01
-5.084699220040661549e-01
8.718278460165524990e-01
1.000000000000000000e+00
2.483814674189248617e-01
-8.336328269779326172e-01
-5.491974447957148620e-01
1.000000000000000000e+00
-1.000000000000000000e+00
8.761455488857206042e-01
4.077133780483357395e-01
1.948343122218645362e-01
-3.070381165910168741e-02
-8.841612173748597536e-02
4.411925333214290479e-01
-1.000000000000000000e+00
-1.000000000000000000e+00
5.112875326400816434e-01
1.000000000000000000e+00
-3.014454790179813548e-01
3.058902978940525319e-01
1.000000000000000000e+00
-8.245151612718278900e-01
1.000000000000000000e+00
2.256894573979412177e-01
-7.521485640208811496e-01
-1.000000000000000000e+00
8.836224028160983845e-01
-2.469747606617256341e-01
-1.000000000000000000e+00
-6.780015295368281292e-01
-9.510018031828237906e-02
1.535104441861725455e-01
-1.000000000000000000e+00
1.000000000000000000e+00
-1.000000000000000000e+00
7.399204846753273390e-01
-1.000000000000000000e+00
1.000000000000000000e+00
-2.593275358149799148e-01
4.879325106362819020e-01
-5.913951264243983985e-01
-4.130086633240994676e-01
-8.926297340725862783e-01
-2.580417730871330528e-01
1.000000000000000000e+00
-7.481256458122230724e-01
-5.078160972600772594e-01
1.000000000000000000e+00
8.107274650748154121e-01
8.391778400897762502e-01
4.762512118484455437e-01
-1.000000000000000000e+00
5.136863518671713758e-01
-1.000000000000000000e+00
-4.306974166386718927e-01
-5.467119121438779317e-02
-6.066045001337968534e-01
1.819138649684196585e-01
-9.184906119107449918e-01
-1.000000000000000000e+00
2.266069931563368112e-01
5.751208105682906746e-01
1.498782777082344753e-01
-2.193641274567414978e-01
-4.601811548721980172e-01
1.000000000000000000e+00
-9.931268651945313053e-01
-7.806375027870526839e-01
-9.249746279306729768e-01
1.498474906782670812e-01
9.452869120888407473e-02
9.767129293845577820e-01
-1.000000000000000000e+00
-1.000000000000000000e+00
-3.864329372330317369e-01
-1.000000000000000000e+00
1.645574896165850065e-01
-1.000000000000000000e+00
-1.000000000000000000e+00
-1.000000000000000000e+00
8.963749448670962350e-01
9.184420263799647488e-01
6.335071781256697010e-01
8.763868376992534071e-02
1.000000000000000000e+00
-6.949846939380545097e-01
-1.000000000000000000e+00
1.000000000000000000e+00
-1.000000000000000000e+00
-5.795133455898181518e-01
-3.791573371523256908e-01
2.003269714532738555e-01
1.000000000000000000e+00
-1.000000000000000000e+00
-4.573555552866353513e-01
-1.000000000000000000e+00
-9.589593614844588165e-01
-1.000000000000000000e+00
6.539050972890307900e-01
-7.513659300028743271e-01
1.000000000000000000e+00
-5.928807432394493926e-01
7.498578967207858437e-02
-9.007906905935844089e-01
1.000000000000000000e+00
5.537820681501062214e-01
3.122475154526662133e-01
1.841136930635104418e-01
-5.819449986516059825e-01
8.995871791953244934e-01
1.000000000000000000e+00
1.000000000000000000e+00
-1.000000000000000000e+00
-7.857056185462416575e-01
-4.545816969976488320e-01
1.000000000000000000e+00
1.000000000000000000e+00
1.000000000000000000e+00
-2.442635802006761225e-01
1.000000000000000000e+00
-1.144403197744782164e-01
-1.000000000000000000e+00
1.000000000000000000e+00
-1.000000000000000000e+00
-3.340408512747059522e-01
-1.000000000000000000e+00
-1.000000000000000000e+00
1.000000000000000000e+00
5.350890673663941666e-01
7.320429038741744776e-01
1.000000000000000000e+00
-1.000000000000000000e+00
6.007194261085105902e-01
-1.000000000000000000e+00
2.619668522187211801e-01
-2.330848542488710706e-01
-1.000000000000000000e+00
9.061689860579147382e-01
-8.051915852408436658e-02
1.000000000000000000e+00
-8.930370494331751896e-01
8.337689258013991633e-02
-1.000000000000000000e+00
-1.000000000000000000e+00
1.000000000000000000e+00
1.000000000000000000e+00
4.928485173254995022e-01
7.408364204019040056e-01
2.022993135748594185e-01
5.020702434609609632e-01
3.993279649737668802e-01
-5.377051727680602911e-01
-8.786284053116839576e-01
4.044518824517272515e-01
1.000000000000000000e+00
-7.992947789524607050e-02
9.349027220739145605e-01
1.000000000000000000e+00
1.000000000000000000e+00
5.561806033850760222e-01
-4.966867591555452210e-01
4.199143652984529407e-01
2.764817636904894904e-01
1.000000000000000000e+00
-5.516576935677308668e-03
-2.770906440886178324e-01
9.241197025007596988e-01
-1.000000000000000000e+00
-4.619135353853772719e-01
-1.000000000000000000e+00
1.000000000000000000e+00
9.265476823796097161e-01
1.905560232784756503e-01
-1.000000000000000000e+00
1.000000000000000000e+00
-1.000000000000000000e+00
-3.564705148745088703e-01
-1.000000000000000000e+00
-1.000000000000000000e+00
5.060251251945329098e-01
1.698849295292736983e-03
-1.000000000000000000e+00
9.296401992497292932e-01
5.828061493452514341e-01
-1.000000000000000000e+00
7.467827723395210615e-01
-9.926027849726438701e-01
-4.067823340683590638e-02
1.962766354484191123e-02
-1.000000000000000000e+00
-1.000000000000000000e+00
1.000000000000000000e+00
1.000000000000000000e+00
-2.047926430342289494e-01
-6.319600637274547239e-01
-1.000000000000000000e+00
2.458919258005174413e-01
1.000000000000000000e+00
3.336944377098526315e-01
8.089946301675348117e-01
-1.000000000000000000e+00
1.399027296324197867e-01
-5.419604713061295653e-01
1.091151404906720579e-01
4.677331677696960344e-01
7.590956472685150835e-02
9.435477581462584640e-01
-1.000000000000000000e+00
-7.682990911955859259e-01
7.237969460989207571e-01
6.437528019004774560e-01
1.000000000000000000e+00
5.727417226367759184e-01
-7.068727188070202949e-01
8.305687876249385759e-01
-4.332910451356680737e-01
-1.000000000000000000e+00
-7.857579075526081036e-01
-7.391169960796770688e-01
1.000000000000000000e+00
1.000000000000000000e+00
1.000000000000000000e+00
1.006741861760234169e-01
-4.394369792918692008e-01
-3.084812058273760371e-01
-2.054063362870979237e-01
6.393299413798256836e-01
-1.000000000000000000e+00
2.335625568785491823e-01
-1.153836032894479668e-01
-4.043807309642637460e-01
7.973983014863099683e-01
1.431672563013000332e-01
-3.405488643544130611e-01
-1.540076031324811301e-01
-1.000000000000000000e+00
-1.006384128724006066e-01
3.408177605817382938e-01
1.000000000000000000e+00
-6.080223825384249992e-01
1.000000000000000000e+00
6.691372350655986345e-01
-2.673771350821707582e-01
-4.100127660359647042e-01
-1.000000000000000000e+00
3.464758817086367459e-01
-1.000000000000000000e+00
1.000000000000000000e+00
1.000000000000000000e+00
1.000000000000000000e+00
-1.000000000000000000e+00
4.349768112095202532e-01
1.000000000000000000e+00
-9.841853728854789152e-01
1.000000000000000000e+00
6.666588790021433786e-01
9.737886664397288339e-02
3.725021374697457532e-01
1.000000000000000000e+00
-5.841938259178098836e-01
-3.941983184698946152e-01
1.000000000000000000e+00
-8.842111133968926229e-01
-1.000000000000000000e+00
-3.310334676857328295e-01
8.332467629265334352e-01
9.746104608144989800e-01
-1.000000000000000000e+00
1.000000000000000000e+00
-2.167783583627370114e-01
-7.054171930251149636e-01
6.861954494610952859e-02
1.000000000000000000e+00
-1.000000000000000000e+00
-6.639162624006571534e-01
-5.628033644076215758e-01
-1.000000000000000000e+00
-1.000000000000000000e+00
-1.000000000000000000e+00
-3.588791178646499880e-02
-4.386459605984679433e-01
-1.000000000000000000e+00
-2.652303196099059512e-01
-1.000000000000000000e+00
-3.510713331216802624e-02
-1.000000000000000000e+00
-1.000000000000000000e+00
-1.000000000000000000e+00
1.000000000000000000e+00
1.000000000000000000e+00
1.992598941099912591e-01
1.000000000000000000e+00
7.329124701853417800e-01
1.000000000000000000e+00
-1.000000000000000000e+00
1.000000000000000000e+00
2.462930297447423200e-01
-3.649940832027898097e-01
1.647920332667298093e-01
1.946621975714143415e-01
1.000000000000000000e+00
9.886459064650525708e-01
1.000000000000000000e+00
-7.489573749217198761e-01
-4.226121283484725044e-01
-2.106745569314497635e-01
-7.008871609869400388e-01
2.240309407537963704e-01
-3.247405635112139977e-01
-4.957897689923589368e-01
-5.289782351787697401e-01
-1.302944454012933129e-01
8.146533008195721015e-01
6.720436822240356545e-01
1.000000000000000000e+00
3.179921034361468668e-01
-2.447612326587377263e-01
-1.000000000000000000e+00
-1.000000000000000000e+00
-6.642120652528098468e-01
-1.000000000000000000e+00
1.000000000000000000e+00
-1.000000000000000000e+00
7.433834440086096729e-01
1.000000000000000000e+00
1.000000000000000000e+00
1.000000000000000000e+00
2.364620928685549350e-01
-1.000000000000000000e+00
8.513886723510915022e-01
1.315224501905474241e-01
-1.000000000000000000e+00
7.137535781942923041e-01
8.501699240239000144e-01
-8.859206679406835816e-01
-6.416604209551950433e-01
-3.325653322764221542e-02
-1.000000000000000000e+00
-4.334033921777903364e-01
1.000000000000000000e+00
1.002611080818872347e-01
1.000000000000000000e+00
1.000000000000000000e+00
1.000000000000000000e+00
1.000000000000000000e+00
-9.245796079907550036e-01
-1.000000000000000000e+00
-8.154495817753462106e-01
7.759987453574819227e-01
2.281998426499276533e-02
-1.000000000000000000e+00
1.000000000000000000e+00
1.000000000000000000e+00
-1.000000000000000000e+00
9.351622505623575776e-01
1.000000000000000000e+00
3.150092337416091626e-01
1.000000000000000000e+00
1.000000000000000000e+00
3.231922423853172965e-02
1.000000000000000000e+00
-1.000000000000000000e+00
7.757804511072041720e-02
1.000000000000000000e+00
-1.000000000000000000e+00
-6.454478906686520467e-01
8.775802108199108886e-01
1.000000000000000000e+00
4.793942557614530586e-01
-4.491394919713023182e-01
-1.000000000000000000e+00
-2.171252520931362673e-01
4.173845767932614637e-01
-8.846340941283714621e-01
-5.263588712582054630e-01
8.087026746952614698e-01
-3.453508173448995300e-01
-3.033712413397219310e-01
1.000000000000000000e+00
-7.583199094612471658e-01
5.278537708969794906e-01
-6.969788432769943309e-01
-7.625302594063959605e-01
1.937131575864438071e-01
-9.880903918000804032e-01
-9.324085636033436764e-01
5.932631204603279196e-01
1.000000000000000000e+00
9.407153603604827552e-01
-1.000000000000000000e+00
1.782752453036537954e-01
2.930636144264717746e-01
-5.104030546939970492e-01
-1.000000000000000000e+00
8.385627496788828905e-01
4.175568037133070565e-01
-1.000000000000000000e+00
4.487025052989852547e-01
-3.776423595159407731e-01
2.743068867085157736e-02
4.211538561589827090e-01
4.501024771387892587e-01
-6.494849621021018260e-01
-1.000000000000000000e+00
1.000000000000000000e+00
9.663656337415198472e-01
-1.000000000000000000e+00
-4.469906109246786219e-01
1.000000000000000000e+00
1.000000000000000000e+00
-1.000000000000000000e+00
-2.642769424890879515e-01
1.486374833988454158e-01
-1.000000000000000000e+00
8.760575751399815037e-01
3.062812836047950071e-01
3.297754113348705385e-01
1.445603700753801402e-01
1.000000000000000000e+00
1.000000000000000000e+00
9.609589127091600069e-02
1.000000000000000000e+00
-8.264045176532229808e-01
1.000000000000000000e+00
6.513845283497946004e-02
1.000000000000000000e+00
-1.000000000000000000e+00
-1.000000000000000000e+00
2.054025382659388499e-01
-9.434028361593286283e-01
-7.166905643508878487e-01
9.441386583962941836e-01
7.239242425276841697e-01
-3.725779094585193740e-01
-1.000000000000000000e+00
-1.000000000000000000e+00
1.000000000000000000e+00
-1.000000000000000000e+00
-7.210658635421123286e-01
1.000000000000000000e+00
-4.793536494070894660e-01
-8.416619456602846272e-01
-2.248647362444400333e-02
-1.000000000000000000e+00
2.309631923417563293e-01
-4.965193713298758915e-01
1.000000000000000000e+00
5.971466489752002005e-01
1.000000000000000000e+00
2.251596821194633002e-01
-1.000000000000000000e+00
1.000000000000000000e+00
1.000000000000000000e+00
1.000000000000000000e+00
-9.291704844370891614e-01
-1.618722427461500857e-01
-5.775690072331578495e-01
6.369073719893826313e-01
-1.000000000000000000e+00
-8.300606648774293550e-01
-1.000000000000000000e+00
-1.000000000000000000e+00
-1.000000000000000000e+00
-1.000000000000000000e+00
-1.000000000000000000e+00
-1.000000000000000000e+00
1.000000000000000000e+00
-1.185495514197062450e-01
-1.000000000000000000e+00
-1.197089825351146386e-01
1.000000000000000000e+00
-4.755617351955601091e-01
2.926024851311482822e-01
-1.000000000000000000e+00
-1.000000000000000000e+00
-5.995186803406915566e-02
-8.183019555233383979e-02
-9.465783291971449076e-01
1.000000000000000000e+00
9.204656672967347353e-01
-6.868993420539470929e-02
1.000000000000000000e+00
1.000000000000000000e+00
-1.000000000000000000e+00
-1.000000000000000000e+00
-1.000000000000000000e+00
-1.000000000000000000e+00
1.000000000000000000e+00
-1.000000000000000000e+00
1.837773741302919234e-02
-1.000000000000000000e+00
-2.663411600916484323e-01
9.485320124616333781e-02
1.000000000000000000e+00
-5.305159365000798877e-01
-1.000000000000000000e+00
-1.000000000000000000e+00
-3.186854969730986697e-01
-1.000000000000000000e+00
-1.000000000000000000e+00
-1.364902400890958267e-01
-5.775496794273459189e-01
1.000000000000000000e+00
-1.000000000000000000e+00
3.861302782317430626e-01
-5.831162800964089232e-01
1.000000000000000000e+00
-9.305109652155328648e-03
-4.888959438570777971e-01
8.941127487135844820e-01
9.874249553602035823e-01
1.000000000000000000e+00
9.579722957192038368e-01
-2.160631553299506846e-01
-6.809871170125150197e-01
1.000000000000000000e+00
1.000000000000000000e+00
8.661668618741286130e-01
1.000000000000000000e+00
-6.894268785782475817e-01
-1.000000000000000000e+00
-5.223769011292683784e-01
1.000000000000000000e+00
1.000000000000000000e+00
3.138066130056405001e-02
-1.000000000000000000e+00
2.365172263220889359e-01
5.639476662281518449e-01
-1.000000000000000000e+00
1.000000000000000000e+00
-1.874378565588592505e-01
-3.744086661445580333e-01
8.550007182046724941e-01
-2.059507944699010551e-01
1.000000000000000000e+00
1.000000000000000000e+00
1.000000000000000000e+00
-6.650381892138447215e-01
-2.866999811806190124e-01
5.530342808711845581e-01
-5.248172892019080660e-01
-5.719918721342979184e-01
-1.000000000000000000e+00
-1.000000000000000000e+00
1.000000000000000000e+00
1.000000000000000000e+00
-1.000000000000000000e+00
-1.000000000000000000e+00
-1.000000000000000000e+00
1.000000000000000000e+00
1.000000000000000000e+00
3.790842296450848137e-01
-3.231047352422713459e-01
-4.484595090210162782e-01
1.852752309451751733e-01
-1.000000000000000000e+00
1.000000000000000000e+00
1.921691974294417737e-02
-4.931991832113015173e-01
1.011916721496850524e-01
-7.753584511172952887e-01
-6.484215781634413700e-01
3.962220798756044271e-02
-1.000000000000000000e+00
-7.456070881748078083e-02
1.000000000000000000e+00
-1.127473276117673118e-01
1.000000000000000000e+00
1.000000000000000000e+00
-6.570202517237371254e-01
1.000000000000000000e+00
1.000000000000000000e+00
-1.000000000000000000e+00
1.000000000000000000e+00
1.000000000000000000e+00
4.553930639433246830e-01
-4.648319059840403389e-01
-5.718050529759621803e-01
-2.402945987824999241e-01
-5.916360170197856316e-01
-7.487699398063200062e-01
4.350865181101113421e-01
-4.520467489034222797e-01
1.000000000000000000e+00
-5.214128433071576474e-01
-1.996044435751728185e-01
-1.119733249393669583e-01
-1.332259801739137939e-01
-1.000000000000000000e+00
4.763134893413287774e-01
-1.000000000000000000e+00
1.816332651685421684e-01
8.536670461500439622e-01
-5.922326990707322825e-01
7.986178026284818099e-01
5.035577612893576971e-01
-5.890397738915933434e-01
-7.569304278763210325e-01
-1.000000000000000000e+00
1.000000000000000000e+00
-1.000000000000000000e+00
1.000000000000000000e+00
1.635839843401477589e-01
-1.000000000000000000e+00
-2.195306301906839730e-01
-1.000000000000000000e+00
7.863187316820922090e-01
-3.772934352424451854e-01
1.000000000000000000e+00
-1.000000000000000000e+00
-4.282277831284786451e-02
-2.898974425729800575e-01
-5.689170338654193637e-01
1.000000000000000000e+00
2.834897058360369426e-01
-1.000000000000000000e+00
-1.000000000000000000e+00
-1.000000000000000000e+00
4.686049261364954033e-01
-3.161833281363571335e-01
9.651828683752489146e-01
-9.738116495863425870e-01
1.000000000000000000e+00
-8.621440364335187789e-01
3.381988027367827110e-01
1.000000000000000000e+00
3.009204981216863084e-01
2.337672515567859044e-01
-4.794138251798175099e-01
1.000000000000000000e+00
1.000000000000000000e+00
-7.315344913886723255e-02
-6.907948653315755250e-01
1.000000000000000000e+00
1.000000000000000000e+00
-1.000000000000000000e+00
4.210187216978633629e-01
3.257154052135496913e-01
-1.000000000000000000e+00
1.000000000000000000e+00
-4.144733933064919107e-01
-7.860293816886467777e-01
-1.000000000000000000e+00
1.000000000000000000e+00
7.988579457085638325e-01
-1.000000000000000000e+00
-1.000000000000000000e+00
-1.000000000000000000e+00
-1.000000000000000000e+00
1.000000000000000000e+00
1.000000000000000000e+00
9.878240583236436168e-02
1.000000000000000000e+00
1.000000000000000000e+00
-1.000000000000000000e+00
-5.320233111113459312e-01
7.069806698734066863e-01
1.000000000000000000e+00
7.031865495192562987e-02
1.000000000000000000e+00
1.000000000000000000e+00
-5.018576478422498433e-02
-6.343744317518549281e-01
-1.000000000000000000e+00
-7.942217922270911057e-01
1.000000000000000000e+00
1.542287774377469889e-01
-7.827971420241076617e-01
1.774047231551373338e-01
-3.448133447598087931e-01
-1.061601398356911141e-01
1.000000000000000000e+00
-1.000000000000000000e+00
2.868088252837236451e-01
-4.362444892702989352e-02
3.135808458516422537e-01
-5.206943355165188914e-02
1.000000000000000000e+00
-5.185443278038668335e-01
1.000000000000000000e+00
-2.073080811481912145e-01
1.000000000000000000e+00
-2.333529564983962690e-01
5.648010420612167293e-01
1.000000000000000000e+00
-1.000000000000000000e+00
9.487103968529433384e-01
-1.000000000000000000e+00
-8.215926389286797304e-01
1.000000000000000000e+00
1.000000000000000000e+00
-4.334218014162125598e-01
-8.079767999535748535e-01
1.000000000000000000e+00
-1.000000000000000000e+00
-3.311174030380237276e-01
3.976908791664618970e-01
4.151354866121974574e-01
-1.000000000000000000e+00
-1.000000000000000000e+00
-1.000000000000000000e+00
-6.276935866502791894e-01
-2.469770513781258114e-02
1.000000000000000000e+00
1.000000000000000000e+00
2.375984140541764766e-01
1.000000000000000000e+00
1.000000000000000000e+00
7.390173016558226893e-01
9.137765924578593602e-01
-1.000000000000000000e+00
-4.889163920300809707e-04
1.000000000000000000e+00
1.000000000000000000e+00
-7.258900867642577026e-01
-1.386146931785575687e-01
-2.284435410757735818e-01
-1.000000000000000000e+00
-8.506349375101238675e-01
-1.000000000000000000e+00
1.000000000000000000e+00
-1.000000000000000000e+00
1.000000000000000000e+00
1.000000000000000000e+00
4.155867464086951957e-01
3.125454623687149436e-01
1.000000000000000000e+00
7.408018049003888272e-01
-6.291494351661002238e-01
7.967720780503007028e-02
6.157634397551291494e-01
-1.000000000000000000e+00
1.000000000000000000e+00
-3.917942801910174744e-01
-1.000000000000000000e+00
5.976864174177569655e-01
-7.683811149090498116e-01
-1.323266226584723926e-01
1.812446395505663554e-01
1.982057346771182171e-01
1.000000000000000000e+00
-1.000000000000000000e+00
-5.917014601337211577e-01
4.494280898544364966e-01
1.000000000000000000e+00
6.443031053191827784e-01
-5.688945251747561382e-01
-5.701230753077940472e-01
4.855247001554263697e-03
3.810943379795238561e-01
-1.266403423242201676e-02
8.151761901298515411e-01
-4.633922212945120189e-01
-1.000000000000000000e+00
-6.190319794022578481e-01
-1.000000000000000000e+00
1.234752289232939892e-01
-9.659691845874210925e-01
-1.000000000000000000e+00
-4.864304644879174910e-01
-7.882358410467189547e-01
1.000000000000000000e+00
-1.000000000000000000e+00
1.000000000000000000e+00
-1.422116725097670176e-01
-1.000000000000000000e+00
-5.848158721999945353e-01
-4.942911653545752904e-01
1.000000000000000000e+00
1.000000000000000000e+00
-7.600146986286882012e-01
-1.000000000000000000e+00
9.196214257992345598e-01
-1.000000000000000000e+00
5.369356324725609309e-01
6.539482336964446141e-01
-9.359197782234796037e-01
7.836724325877172381e-01
1.000000000000000000e+00
-1.000000000000000000e+00
-1.000000000000000000e+00
-1.000000000000000000e+00
1.000000000000000000e+00
-9.707682141960992661e-01
-7.947429345936934952e-02
-9.253367635102405231e-01
1.000000000000000000e+00
-1.714579058768579412e-01
9.241496065783075808e-01
-1.000000000000000000e+00
1.267997129677911339e-01
1.000000000000000000e+00
-5.768769041409480547e-01
-1.461690196549788601e-01
1.000000000000000000e+00
1.000000000000000000e+00
-9.249062593197763249e-01
-5.380417597377616934e-01
-1.000000000000000000e+00
5.217214600151003356e-01
5.795529796754341767e-01
2.641472496544436943e-01
-8.502118202345905207e-01
-1.000000000000000000e+00
-1.000000000000000000e+00
1.924136665133968638e-01
6.164687571153630863e-01
-8.381642531955589837e-01
3.705655334973496640e-01
-4.228944598099201313e-01
1.000000000000000000e+00
3.380947635220803438e-01
-7.340352314348048690e-01
1.000000000000000000e+00
-1.303910769352585319e-01
-4.669941643177399904e-01
2.655712470541174430e-02
2.924757700791908999e-01
1.000000000000000000e+00
-5.106178031622692348e-01
-1.000000000000000000e+00
3.327126858751677796e-01
1.000000000000000000e+00
-9.994262872921174656e-01
7.605143861662166938e-02
-1.975386570015440491e-01
2.510627406828761510e-01
1.000000000000000000e+00
-1.000000000000000000e+00
1.000000000000000000e+00
7.795439608825738276e-02
-2.105488654745782950e-01
-1.000000000000000000e+00
3.658453254305027436e-01
1.000000000000000000e+00
-5.175004363407029739e-01
-1.000000000000000000e+00
-1.000000000000000000e+00
-1.473689161835596839e-01
1.000000000000000000e+00
1.000000000000000000e+00
-5.446196504883970002e-01
9.330207634135897488e-01
-1.000000000000000000e+00
-2.577007458693854614e-01
-4.016894992262136643e-01
5.802937706969510945e-01
7.486538430888085571e-01
-7.136644945525569828e-01
1.000000000000000000e+00
1.000000000000000000e+00
-1.000000000000000000e+00
-4.394450390417851682e-01
1.000000000000000000e+00
1.000000000000000000e+00
1.000000000000000000e+00
-7.675377467038586587e-01
1.000000000000000000e+00
-1.000000000000000000e+00
-2.402434110278124091e-01
-5.929278370959899513e-01
5.741324186774786620e-01
9.374381670736940952e-01
1.000000000000000000e+00
4.860149892670651006e-01
1.000000000000000000e+00
4.765472771391185969e-01
-1.000000000000000000e+00
1.000000000000000000e+00
-6.585571316619587279e-01
-1.000000000000000000e+00
-1.000000000000000000e+00
-1.000000000000000000e+00
-1.000000000000000000e+00
3.464617304007044929e-02
3.687714260656449472e-03
-7.648426616179762050e-01
-1.000000000000000000e+00
-7.275051015530353826e-01
-1.000000000000000000e+00
-5.550668675499264015e-01
-6.272658368340557900e-01
1.000000000000000000e+00
5.225850453052880429e-01
9.081187583840644173e-01
5.696389348665527042e-01
-3.722705333755447210e-01
-6.130164432524729534e-01
8.496027178608658303e-01
1.186473323518209000e-01
1.000000000000000000e+00
-6.179958272909688022e-01
1.000000000000000000e+00
9.375553918144330368e-01
2.724507434113296878e-01
-1.000000000000000000e+00
-1.000000000000000000e+00
1.000000000000000000e+00
-7.301334184540003713e-01
1.470849672313056800e-01
-9.594151396310517388e-01
-1.000000000000000000e+00
-1.000000000000000000e+00
1.000000000000000000e+00
1.000000000000000000e+00
1.000000000000000000e+00
1.000000000000000000e+00
-6.808577617354421019e-01
1.000000000000000000e+00
2.313537368960377760e-01
-6.782398187559229852e-01
-8.697702435260834530e-02
1.000000000000000000e+00
-8.011824457636200769e-01
3.237627751071061599e-01
-1.000000000000000000e+00
-4.693709409975782010e-01
6.120642331382855073e-01
1.000000000000000000e+00
1.000000000000000000e+00
8.069446881411183048e-01
1.000000000000000000e+00
3.101240893263517151e-01
-1.807762052657982677e-01
1.000000000000000000e+00
1.000000000000000000e+00
1.216686504224939736e-02
-1.000000000000000000e+00
1.000000000000000000e+00
-6.566778060183778853e-01
1.000000000000000000e+00
5.872204696022744752e-01
-5.943659984035951638e-01
1.000000000000000000e+00
1.000000000000000000e+00
-3.827922884786193469e-01
-5.447191944630821459e-01
-1.000000000000000000e+00
1.000000000000000000e+00
-4.205451782354985291e-02
5.477654554537353393e-02
1.000000000000000000e+00
-6.042072632143229427e-01
5.514146458979625187e-01
6.864477441754518461e-01
-1.000000000000000000e+00
6.585213668368254947e-01
-1.200017257257157133e-01
7.624708480987754666e-02
1.000000000000000000e+00
1.000000000000000000e+00
-7.197746470992194556e-01
1.000000000000000000e+00
-1.000000000000000000e+00
-1.000000000000000000e+00
6.559245527777909368e-01
4.065359884038244331e-02
-3.252951545349103135e-02
-4.876084211267823210e-01
3.227043962381426212e-02
-1.000000000000000000e+00
-1.000000000000000000e+00
1.000000000000000000e+00
2.417867453517662524e-01
-1.000000000000000000e+00
-1.000000000000000000e+00
1.000000000000000000e+00
-3.294753058361547526e-01
1.000000000000000000e+00
7.113767938787645129e-01
-4.327476356004393843e-01
-5.396668396764813247e-01
3.222805938720380015e-01
-1.000000000000000000e+00
1.000000000000000000e+00
-1.000000000000000000e+00
2.601500895595889595e-01
-7.353356185187932548e-01
7.464668040466356791e-01
-4.964700457472508432e-01
-6.500843119633223921e-01
2.638500758641875166e-01
-5.236665241272846494e-01
-3.456574808586042602e-01
-1.249387975844422627e-01
-1.670286460805764372e-01
-7.358069994360774135e-01
-1.000000000000000000e+00
1.970085372362796183e-01
-1.000000000000000000e+00
-1.000000000000000000e+00
4.995464626485485171e-02
5.910671896947233828e-01
1.000000000000000000e+00
1.000000000000000000e+00
-1.606029706552603020e-01
-4.609643906284669468e-01
9.140741388283202262e-02
1.000000000000000000e+00
4.458091397018797419e-01
-1.000000000000000000e+00
-1.000000000000000000e+00
-5.788646389060341235e-01
7.800809064186475794e-01
2.939559816872241438e-01
3.239909832540255330e-01
-9.975263632727464636e-01
1.000000000000000000e+00
-4.708091053108729440e-01
8.152561621401610559e-02
1.000000000000000000e+00
9.147122532236944270e-01
6.235930361564021585e-01
-7.042274177761115306e-01
1.000000000000000000e+00
-1.000000000000000000e+00
-5.147003797957303561e-01
1.000000000000000000e+00
5.416451623700658802e-01
3.455648159074722336e-01
6.464255995218265438e-01
5.412870507448122037e-01
-1.000000000000000000e+00
1.000000000000000000e+00
-3.378343366500523581e-01
1.000000000000000000e+00
1.000000000000000000e+00
-6.195568224783475353e-01
4.908364031020635565e-01
-1.000000000000000000e+00
7.754695663969290997e-02
-6.951934814098814641e-01
-6.895845751025894144e-01
-3.482049165585094919e-01
1.000000000000000000e+00
1.000000000000000000e+00
1.000000000000000000e+00
-7.261532644325903174e-01
-1.000000000000000000e+00
6.872319155717644401e-01
-5.762669327428792121e-01
-1.000000000000000000e+00
1.000000000000000000e+00
-1.000000000000000000e+00
-8.847645696810524374e-01
1.000000000000000000e+00
-1.000000000000000000e+00
-1.000000000000000000e+00
7.903832758511587508e-01
5.459615763075855721e-01
-1.552810049340229703e-01
-4.276314570592382180e-03
2.001348839393906065e-01
-2.327534163741642459e-01
-2.275151679499447521e-01
-1.000000000000000000e+00
-1.000000000000000000e+00
2.991767820641524356e-01
1.000000000000000000e+00
-6.008680748008101702e-01
-1.000000000000000000e+00
1.000000000000000000e+00
1.000000000000000000e+00
8.816476519009327495e-01
5.871207475854772762e-01
-1.000000000000000000e+00
-8.497039430398611870e-01
1.499220184338452833e-01
2.460376435063913458e-01
1.000000000000000000e+00
-9.506233081981491084e-01
1.000000000000000000e+00
1.000000000000000000e+00
1.000000000000000000e+00
2.290351758165292129e-01
-1.000000000000000000e+00
-1.000000000000000000e+00
3.770450099662162047e-01
-9.609693174952889105e-01
-1.000000000000000000e+00
7.642062889056732145e-01
-1.000000000000000000e+00
8.040043789031602328e-01
1.000000000000000000e+00
8.406095984983295022e-01
-3.678850267932818330e-01
-1.000000000000000000e+00
-1.000000000000000000e+00
-9.580636828778466008e-03
4.025653697402700182e-01
-4.400407837750375251e-01
1.000000000000000000e+00
-6.986112767914415267e-02
9.267924359508368237e-01
5.423339726425497886e-01
1.000000000000000000e+00
4.672481673617601139e-02
-1.000000000000000000e+00
-3.640059387443250749e-02
-3.819477267794966213e-01
1.000000000000000000e+00
-1.000000000000000000e+00
1.000000000000000000e+00
-1.000000000000000000e+00
1.000000000000000000e+00
-8.814715373838266643e-03
1.000000000000000000e+00
-1.000000000000000000e+00
1.000000000000000000e+00
-6.738725416216566622e-01
-1.000000000000000000e+00
1.775576171686261695e-01
-7.029023180174931440e-01
1.000000000000000000e+00
-6.248636097395368072e-01
-3.258899864206880048e-01
-9.920632847634747176e-01
-1.000000000000000000e+00
-1.000000000000000000e+00
-1.000000000000000000e+00
6.682881945618390773e-02
-1.000000000000000000e+00
-1.000000000000000000e+00
1.000000000000000000e+00
-1.000000000000000000e+00
1.999671994551299736e-01
5.956017979203969137e-01
8.023709895237145506e-01
6.778585714051665878e-01
8.858190418949967171e-01
-2.076958983502227296e-01
1.000000000000000000e+00
7.991968022930190374e-01
-5.943803000446286067e-01
-1.000000000000000000e+00
-1.993825343925926807e-01
-4.739063548873872489e-01
-9.967766193312976863e-02
-1.000000000000000000e+00
2.939193670547338710e-01
-1.000000000000000000e+00
-8.921317047705311643e-01
5.177418796753010533e-01
-1.000000000000000000e+00
-1.000000000000000000e+00
-1.000000000000000000e+00
6.318485738561078202e-01
-1.000000000000000000e+00
5.592859340745088836e-01
-9.085699476791174733e-01
1.000000000000000000e+00
-1.000000000000000000e+00
-1.000000000000000000e+00
1.246821838085618861e-01
3.054693878174469246e-01
1.000000000000000000e+00
-9.514921902730536507e-01
8.298788988138245948e-01
-7.892624054941059786e-01
-3.447101614255754232e-01
-3.465825722759335870e-01
9.669826215069533548e-01
-2.594836024418440967e-01
1.000000000000000000e+00
1.000000000000000000e+00
1.000000000000000000e+00
3.930757071074169051e-01
-4.135793323454675097e-01
-1.587109392980950440e-01
-1.867465610014940047e-03
-8.038608909131098046e-02
1.000000000000000000e+00
1.748393377857615505e-01
-1.000000000000000000e+00
-1.000000000000000000e+00
-3.589360919687770712e-01
-4.992052970081273244e-01
-7.659971563678980022e-01
7.041718717436186159e-01
-4.436136511678654415e-01
4.605674214408119749e-01
-1.000000000000000000e+00
6.192496842005550395e-01
-1.000000000000000000e+00
1.000000000000000000e+00
-3.227536185216267617e-01
1.000000000000000000e+00
1.000000000000000000e+00
1.000000000000000000e+00
1.270040895504014333e-01
1.000000000000000000e+00
7.075018955734717618e-01
1.000000000000000000e+00
4.476193543821869181e-01
-2.934538150092502740e-02
-1.000000000000000000e+00
4.518657306115982375e-01
1.000000000000000000e+00
1.000000000000000000e+00
1.000000000000000000e+00
4.306680849013521661e-01
6.706463331767831271e-02
2.701429547487644300e-01
4.115920999636587529e-01
8.782649532832074168e-01
1.000000000000000000e+00
-1.000000000000000000e+00
-2.543863710960660995e-01
8.895681215509029238e-01
-1.000000000000000000e+00
7.610973973097190370e-01
-1.000000000000000000e+00
1.000000000000000000e+00
-1.000000000000000000e+00
-1.000000000000000000e+00
-9.634240212447843232e-01
-5.302798210675643276e-01
2.756776862776444403e-01
1.000000000000000000e+00
1.000000000000000000e+00
6.396202636408991893e-01
1.000000000000000000e+00
1.000000000000000000e+00
-1.000000000000000000e+00
1.000000000000000000e+00
-2.413615080536231083e-01
1.000000000000000000e+00
-1.000000000000000000e+00
7.767312331407605352e-01
2.394748967856319410e-01
-1.000000000000000000e+00
5.163435999715770830e-01
-3.274717464433661851e-01
-7.168703817753521168e-01
-1.000000000000000000e+00
1.000000000000000000e+00
8.292255552142459019e-01
5.983200795151807361e-01
1.371732597279872179e-01
-1.000000000000000000e+00
4.414984184071821249e-01
-1.000000000000000000e+00
1.000000000000000000e+00
-1.000000000000000000e+00
1.000000000000000000e+00
9.323374521500853440e-01
-7.606926216635886417e-01
-1.000000000000000000e+00
-1.000000000000000000e+00
1.000000000000000000e+00
1.000000000000000000e+00
-1.000000000000000000e+00
-1.000000000000000000e+00
4.058315967396604051e-01
-1.000000000000000000e+00
-1.000000000000000000e+00
