1.990524301741185553e-01
-1.000000000000000000e+00
7.831884406416153022e-01
-1.000000000000000000e+00
-6.093524089729308174e-02
6.837562788064645014e-01
-1.132261618524145197e-01
6.134315423211371687e-01
-3.287331126513226565e-01
-7.215688482491535716e-01
-7.945715436530802478e-01
-2.779612631377885168e-01
4.815513199412833067e-01
1.366258840063589441e-01
-2.200850599123495288e-01
-1.000000000000000000e+00
-5.597166789620511285e-01
-1.000000000000000000e+00
8.094402797216978529e-01
3.476694530806143102e-02
-4.863065264591146519e-01
1.133986941009253457e-01
-8.167889369447711712e-02
6.730869510507508924e-01
1.000000000000000000e+00
1.000000000000000000e+00
-9.941023768304255714e-01
2.403977190450546364e-01
-5.665749178924652796e-01
5.315084881124930716e-01
-2.980375984728440564e-01
1.773219984822965722e-01
-6.026440532601381461e-01
3.323603111057541470e-01
-2.600244887439722707e-01
-3.862497966358010570e-01
-3.280605002934864345e-01
5.861894376096176140e-01
9.065170483539535251e-01
1.000000000000000000e+00
-1.212827026863804170e-01
1.000000000000000000e+00
-8.743938947705909293e-01
1.000000000000000000e+00
6.792988675354877381e-01
-1.000000000000000000e+00
-3.632585723157923940e-01
-6.137372655111390518e-01
6.236281742307622222e-01
7.684556548791484643e-01
7.853228533510424603e-01
-1.000000000000000000e+00
9.165296065380436064e-01
-6.573168987681584641e-01
1.602339085015951903e-01
-1.000000000000000000e+00
-1.000000000000000000e+00
-5.097683071455989534e-01
3.208026766363008542e-01
1.000000000000000000e+00
8.745720792903862728e-01
-7.454749658350833252e-01
5.897381934242825752e-01
-4.772750236849231387e-01
1.000000000000000000e+00
-9.952603923595683133e-01
-2.004958449732911485e-01
1.030089697953187611e-02
-6.777485212622358368e-01
-3.288260593975736445e-02
1.000000000000000000e+00
-1.000000000000000000e+00
-4.567571141751913810e-02
1.000000000000000000e+00
-7.587359011901572137e-01
1.000000000000000000e+00
-1.000000000000000000e+00
1.000000000000000000e+00
-1.000000000000000000e+00
-1.000000000000000000e+00
8.224044930176832580e-01
-3.784964559212491420e-01
2.711387660737318295e-01
-6.055160738611923277e-01
-5.101745980350930881e-02
1.000000000000000000e+00
-3.411754929694208460e-01
-8.637247485039736272e-01
7.595368573445057669e-02
-1.000000000000000000e+00
-3.525260920274739251e-02
3.622155717794030005e-01
-5.285771321883855345e-01
3.882029324916033142e-01
9.104595870571107197e-01
-1.000000000000000000e+00
1.000000000000000000e+00
1.000000000000000000e+00
9.036668752926672044e-01
2.796667684106429741e-01
1.385649520130719514e-01
-1.000000000000000000e+00
-1.000000000000000000e+00
1.000000000000000000e+00
1.000000000000000000e+00
8.757077068344213400e-01
-1.000000000000000000e+00
2.303432421585412393e-01
-5.022079685441637187e-01
-3.909854356930518859e-01
2.310285643520749999e-01
9.793750462320263139e-01
-1.000000000000000000e+00
1.000000000000000000e+00
-1.000000000000000000e+00
-3.599602902419858919e-01
1.000000000000000000e+00
9.947466063068940434e-01
4.233800479258009175e-01
-3.637539169737296074e-01
2.793062966207284781e-01
-2.733158822369561869e-01
7.401915634541715860e-01
-9.355821067510098343e-01
-5.078542809654690293e-01
-5.866818079848227230e-01
-8.759026803446311460e-01
7.820099025546941585e-01
1.510173837813104103e-01
-1.000000000000000000e+00
1.000000000000000000e+00
-5.683379097219397602e-01
8.552357553310949712e-01
-1.000000000000000000e+00
-1.000000000000000000e+00
-9.825113795281292806e-01
7.996205821683045611e-01
1.000000000000000000e+00
7.551652922165561499e-01
-1.000000000000000000e+00
3.641363685400565986e-01
-1.000000000000000000e+00
4.476659893479866259e-01
-3.199496169544736868e-02
1.000000000000000000e+00
4.116140165213529878e-01
1.737057264408934376e-01
6.406455662671227680e-01
-1.000000000000000000e+00
-2.000499487207298421e-01
-3.530872365401634960e-01
-1.000000000000000000e+00
-6.917153179781451722e-02
-4.792454448155840097e-01
-1.173886353089985402e-01
-1.000000000000000000e+00
2.417138166872892513e-01
-9.629731480447784042e-02
-1.000000000000000000e+00
-1.077984877365087690e-01
1.000000000000000000e+00
5.220903139282420113e-01
-1.835641715368122873e-01
3.619627641316890410e-01
-3.838091860392533472e-01
5.720715170274626171e-01
-1.000000000000000000e+00
-1.000000000000000000e+00
5.697591827802872544e-01
4.169092082486235973e-01
1.737589774121235942e-01
8.491755549392726587e-02
1.000000000000000000e+00
7.175167580226692321e-01
-1.208407836259486751e-01
1.000000000000000000e+00
6.980359734824488349e-01
-4.238216768299982729e-01
1.000000000000000000e+00
2.939163558225767470e-01
-3.364854180927890903e-01
1.997537222919337219e-01
-1.000000000000000000e+00
-1.000000000000000000e+00
-1.000000000000000000e+00
-1.276925574673344610e-01
-1.000000000000000000e+00
3.887005909920526747e-01
1.000000000000000000e+00
1.000000000000000000e+00
-4.282993894833616449e-02
-8.178947082827356940e-01
-1.000000000000000000e+00
-7.401470393184688135e-01
-1.000000000000000000e+00
9.334110196422851224e-01
-1.000000000000000000e+00
1.000000000000000000e+00
-1.098256832477375045e-01
1.000000000000000000e+00
5.180845705519414590e-01
-1.000000000000000000e+00
-4.499255052252730258e-01
1.000000000000000000e+00
-5.077850477172530796e-01
-1.000000000000000000e+00
-8.876256972032484649e-01
3.570902872846201115e-01
5.996210732669542409e-01
-1.000000000000000000e+00
-5.213434874292683929e-01
1.000000000000000000e+00
-1.000000000000000000e+00
-1.544723972003236301e-01
9.059126350434827391e-01
-7.834238211261022045e-01
-6.168546020277173580e-01
-1.798088104022959599e-01
1.583106659616587975e-01
-1.000000000000000000e+00
1.790126487421111467e-01
4.826435612136371622e-01
1.000000000000000000e+00
1.551580866414409635e-02
-2.701620477711258461e-02
-9.355527506018503914e-01
1.000000000000000000e+00
-1.000000000000000000e+00
5.588753021458882086e-01
1.000000000000000000e+00
1.000000000000000000e+00
-1.000000000000000000e+00
1.000000000000000000e+00
-4.561016222904781814e-02
-1.863524053093242594e-01
-1.000000000000000000e+00
5.045623123432170232e-01
4.785923294590893051e-01
4.823702921271239563e-01
-2.819259910343643871e-01
-8.747888318362585514e-01
1.000000000000000000e+00
-1.078755610310435653e-01
9.319895096673858070e-02
-5.731360369721507642e-01
-8.813423212998584555e-01
-1.000000000000000000e+00
8.191284115493521201e-01
6.326784248648474884e-01
-3.205892688454518025e-01
-8.207753033324229897e-01
5.735965743983757470e-01
-1.425553358089773348e-01
1.000000000000000000e+00
-4.185220009402349506e-01
9.121349410321202278e-01
-2.954095979889581614e-01
5.597126541373980135e-01
4.588243449412038322e-02
9.716699311778481674e-02
-1.742492392523261047e-01
-3.943920405798720386e-01
9.664497616220796283e-01
9.453588365004874650e-01
7.586841807798041515e-01
1.000000000000000000e+00
-9.799312167564203091e-02
-3.316763296851850118e-01
1.000000000000000000e+00
1.000000000000000000e+00
2.296315291631356170e-01
-1.000000000000000000e+00
7.038846919584074158e-01
1.000000000000000000e+00
-1.000000000000000000e+00
-2.797858519087912388e-01
1.000000000000000000e+00
7.033866197502398609e-01
-1.000000000000000000e+00
1.000000000000000000e+00
-1.000000000000000000e+00
9.653891813426215274e-01
1.000000000000000000e+00
-5.445923225636621900e-01
1.000000000000000000e+00
1.000000000000000000e+00
-1.000000000000000000e+00
1.000000000000000000e+00
-1.000000000000000000e+00
-5.562803327414500565e-01
-1.820260313278131981e-01
-8.932859496066347660e-01
-2.458851572479914260e-01
-5.292293757491399742e-01
5.438082863948874301e-01
-3.039586555527168388e-01
-1.000000000000000000e+00
-1.000000000000000000e+00
-7.015164320861663194e-01
-1.000000000000000000e+00
7.745247234532097458e-02
-2.448453969989305978e-02
9.901749317167964914e-01
1.000000000000000000e+00
-2.382327613450329618e-01
7.903853940653815524e-01
-4.093549134684998370e-02
-1.000000000000000000e+00
-2.469475215167494242e-01
7.491544234458062945e-01
1.000000000000000000e+00
-1.000000000000000000e+00
-7.280675556144596827e-01
1.000000000000000000e+00
-7.964333875404852048e-01
-4.515351558571835677e-01
-3.030927279089836723e-01
8.475756222362809678e-03
-4.367430655974002124e-02
-1.418400885231178576e-01
-6.803105452238139561e-02
4.677425809005119617e-01
8.392254048012310896e-01
2.326551077106942811e-01
3.027357562325754259e-01
4.927270877419180906e-01
-3.086742446351125047e-01
1.000000000000000000e+00
-6.427550860246632469e-01
7.143816911265847835e-01
7.948582766287867196e-01
6.346319462372833620e-01
-3.932949267157306306e-01
-8.390463538619148676e-02
6.807286031526658121e-01
1.000000000000000000e+00
-1.000000000000000000e+00
-2.867131822851802792e-01
-1.000000000000000000e+00
7.397112776563739833e-02
1.000000000000000000e+00
3.706479288297546693e-01
1.000000000000000000e+00
3.999557749954853469e-01
6.152500410075023574e-02
-7.356042413341702391e-01
5.668191614610877671e-02
1.000000000000000000e+00
-2.436149597379505538e-01
-5.692356142423318222e-01
-1.000000000000000000e+00
8.784206125173822377e-01
1.000000000000000000e+00
-6.446750373948911816e-01
1.000000000000000000e+00
4.474321215884853320e-01
9.749587194963479364e-01
1.000000000000000000e+00
-4.632221178298898123e-01
7.349615505970604756e-01
5.803406157199093585e-01
1.000000000000000000e+00
-7.907551474862795082e-02
-4.851371309044499314e-01
-1.317563015331370824e-01
8.085683206038731807e-01
1.000000000000000000e+00
-8.614422980458480428e-01
5.972879518239826435e-01
5.606780725722320113e-01
1.000000000000000000e+00
-7.067485657863721293e-01
-1.853309568258978135e-01
-6.537234092152008347e-02
5.276112847585805454e-01
-2.090233971685372949e-01
1.000000000000000000e+00
1.000000000000000000e+00
-2.675382582315810609e-01
-8.234218126308840979e-01
1.000000000000000000e+00
-6.368083265271917703e-01
-6.080922605238211487e-01
-1.000000000000000000e+00
9.721177344519821295e-01
-3.908317328804716828e-01
6.486399029281745277e-01
-2.417111832733062904e-01
1.000000000000000000e+00
-9.129879257143395099e-01
-1.000000000000000000e+00
3.480282917280542176e-01
-1.000000000000000000e+00
-9.198189119486569476e-01
-7.209950950752400667e-01
-1.000000000000000000e+00
1.000000000000000000e+00
-6.460433152418131320e-01
2.431665139196431402e-01
3.366418065067539045e-02
-1.000000000000000000e+00
1.605340531773808699e-01
-1.000000000000000000e+00
-3.054130017697109789e-01
-3.897140704814455736e-01
1.000000000000000000e+00
-1.000000000000000000e+00
4.584951954205980784e-01
-8.852868298465157992e-02
-6.233166408077120968e-01
-7.729108028191136182e-01
-1.000000000000000000e+00
5.897750788328270932e-01
8.885258606165497008e-01
-3.700453456811172992e-01
-1.000000000000000000e+00
1.000000000000000000e+00
-3.554673966402153162e-01
8.089037335245841120e-01
-1.000000000000000000e+00
1.000000000000000000e+00
1.000000000000000000e+00
-4.311767433015890605e-01
-2.180639819445950589e-01
-9.849410720620729309e-01
-5.809393880115447661e-01
1.000000000000000000e+00
-1.094128611246551197e-01
-8.995232969589476157e-01
-1.000000000000000000e+00
1.000000000000000000e+00
3.389111106812019436e-01
4.782940524291182660e-01
-3.402041112153740277e-01
-1.325754079316123213e-01
-4.902582939576081156e-01
1.000000000000000000e+00
-8.821957884604816336e-01
6.203076845638171299e-01
1.000000000000000000e+00
3.683088234264689231e-02
1.000000000000000000e+00
-1.000000000000000000e+00
-3.081202559846619726e-01
3.235899224165776911e-01
6.471802036221276921e-01
8.015217203866279450e-01
-2.909732390122959922e-01
-1.000000000000000000e+00
7.087960334200256174e-01
9.108806165292704371e-01
-1.000000000000000000e+00
-2.509562640619424911e-01
1.000000000000000000e+00
-1.000000000000000000e+00
8.392465190609000869e-01
1.000000000000000000e+00
8.025304540180527857e-02
-1.000000000000000000e+00
-1.000000000000000000e+00
5.206154019956276136e-01
7.858264600397530941e-01
-1.000000000000000000e+00
-1.000000000000000000e+00
7.911929279656717551e-01
-6.818162776525564794e-01
1.000000000000000000e+00
-7.979922275118463970e-01
1.000000000000000000e+00
-1.522257992637958690e-01
2.182850557785184775e-01
-8.251389774215351913e-01
7.227397053483143319e-01
1.000000000000000000e+00
7.619190581586943178e-01
5.366552160858727438e-01
-6.303976072677219822e-01
-4.346787372030920249e-01
-6.288166043429400665e-01
1.000000000000000000e+00
1.000000000000000000e+00
-5.548641241599370222e-01
-4.870751752453952310e-01
-6.220370292304611137e-01
-3.623533716405872296e-01
9.172510197952479238e-01
-3.095426804786348685e-01
1.837768322144967548e-01
-5.360184962492745009e-02
-3.177544546971854955e-01
2.363168373441121572e-01
9.767148518279176184e-01
1.000000000000000000e+00
-2.362950936592898565e-01
1.000000000000000000e+00
5.448827030995269383e-02
1.000000000000000000e+00
7.974156725918514210e-01
1.000000000000000000e+00
1.000000000000000000e+00
6.909673952674907360e-01
-5.102245100477078577e-01
1.000000000000000000e+00
7.393713406157036427e-01
8.691579956270301111e-02
1.000000000000000000e+00
3.038894654916579618e-01
4.726832130940527565e-01
-1.173728573504674300e-01
2.367541711243271452e-01
-8.059030434338640969e-01
6.682115683243724513e-01
-7.161648411937142633e-01
-2.371849615122232080e-01
8.561841712386967229e-01
-1.000000000000000000e+00
8.986221023211600212e-01
-3.373487661860154474e-01
1.769925006487260699e-02
3.265735636750699000e-01
5.295959958116445154e-01
1.000000000000000000e+00
-1.000000000000000000e+00
-1.000000000000000000e+00
-1.000000000000000000e+00
-9.580681603547556158e-01
-1.000000000000000000e+00
3.171875791373802156e-01
7.971183982711143035e-01
2.116088516733237723e-01
-1.000000000000000000e+00
-2.414830112851914512e-01
-1.000000000000000000e+00
-2.997243769655174028e-01
1.000000000000000000e+00
-7.469671543094348332e-01
1.000000000000000000e+00
1.091372373202633278e-01
1.000000000000000000e+00
8.204368947589310013e-01
5.706654747161111763e-01
-1.000000000000000000e+00
3.758219371868815051e-02
1.000000000000000000e+00
1.869305324455479700e-01
3.321159441926202494e-01
-4.225674441587228269e-01
-2.596473639425970203e-01
-1.000000000000000000e+00
5.569372179201861339e-01
3.851040410456788576e-01
-5.386567754404735231e-01
-6.656508671638873276e-01
-1.000000000000000000e+00
1.000000000000000000e+00
7.330383502632397130e-01
-9.965014209025595537e-01
-6.572334927862202303e-01
-5.518961819696295290e-01
-5.232345231201830371e-01
-1.000000000000000000e+00
-9.477850200359516641e-05
-1.000000000000000000e+00
-7.345028686824923714e-01
4.480630894517042551e-01
2.556043213012058057e-01
1.000000000000000000e+00
-8.058644536825927407e-01
9.707336962778916334e-01
-7.336405341311968975e-01
-2.040875683431811471e-01
-2.743225868028351666e-01
-1.000000000000000000e+00
-5.825763015253099253e-01
7.849752706769612676e-01
-1.000000000000000000e+00
1.000000000000000000e+00
-6.908210897999320088e-02
1.000000000000000000e+00
-6.172908101052608787e-01
5.067643207877272626e-01
2.378329789205778644e-01
1.000000000000000000e+00
-1.753642249363279448e-01
5.425369262630799772e-02
-1.981306768383331862e-01
-4.746197763515861423e-01
-5.753254428785571362e-01
6.198897212344373076e-01
1.000000000000000000e+00
9.287408441938332926e-01
-1.000000000000000000e+00
3.517847453349061682e-01
-1.000000000000000000e+00
1.000000000000000000e+00
-5.908610030086125509e-01
2.047562336972026387e-01
1.000000000000000000e+00
-1.803409806594030718e-02
3.507149214634917578e-01
-1.000000000000000000e+00
1.000000000000000000e+00
1.047837322287391015e-01
3.121581603726442666e-01
-1.000000000000000000e+00
1.000000000000000000e+00
4.282140890864942206e-01
4.054640464111947118e-01
-5.230798014617097369e-01
3.667015360189869178e-01
-1.896254090880081233e-01
-3.210529271406060148e-01
-3.632139888831234509e-02
3.086640151211837435e-01
3.533526683096563925e-01
-9.296895039360371094e-01
1.000000000000000000e+00
-1.000000000000000000e+00
5.327861854679051268e-01
8.036164550187587796e-01
-7.755131040322468250e-01
-7.728418170185979985e-01
-8.706141453758532434e-01
1.000000000000000000e+00
1.183924154900786452e-01
9.421972745900593083e-01
-1.673888251512786474e-01
1.000000000000000000e+00
-1.000000000000000000e+00
4.716741501382276103e-01
-7.389389523854569264e-01
9.818955577813658353e-01
-6.087358350009762775e-01
-7.225654129778771306e-01
1.000000000000000000e+00
-4.037208192299294729e-01
1.000000000000000000e+00
8.431853077112243522e-01
-8.389315419966343335e-01
-1.000000000000000000e+00
1.000000000000000000e+00
9.249909963193272411e-01
-8.488270158733800530e-01
-1.000000000000000000e+00
-4.532358202954567816e-01
2.657914033726553882e-01
-2.747944483167716334e-02
1.472966419624703316e-01
1.000000000000000000e+00
4.645041578709027119e-01
7.050801656614109625e-01
1.000000000000000000e+00
-1.000000000000000000e+00
-1.000000000000000000e+00
-2.549713833020514353e-01
-5.744607000654433637e-01
-4.561661151953840809e-01
-1.000000000000000000e+00
-8.784778527208639831e-01
1.000000000000000000e+00
-1.000000000000000000e+00
1.000000000000000000e+00
1.000000000000000000e+00
1.000000000000000000e+00
-1.000000000000000000e+00
1.684270422049251592e-01
6.844679672172203633e-01
-1.000000000000000000e+00
-2.536329902930898328e-01
-1.000000000000000000e+00
-3.462991205851086995e-01
-7.689560525715117834e-01
-5.041558209500689447e-01
6.531926422594609427e-01
-2.399723030681565894e-01
9.458949608218998328e-01
-4.924235717478236407e-01
-7.634900082487557915e-01
-8.366967431356912843e-02
-4.480101733575357625e-02
-6.359727943611576118e-02
-1.769173504495332172e-01
-3.373430277334386607e-01
2.827669208133035683e-01
-8.560542804953258367e-01
-1.472662371424471872e-01
-8.295425392297450795e-01
-1.000000000000000000e+00
-1.000000000000000000e+00
-1.569840414550555119e-01
5.205640010724177369e-02
-1.996220487855910608e-01
1.000000000000000000e+00
-3.374775653840588752e-01
-1.000000000000000000e+00
7.645330120005344732e-01
1.000000000000000000e+00
1.000000000000000000e+00
1.000000000000000000e+00
-2.463753322167971938e-02
1.000000000000000000e+00
-5.571611214954803604e-01
-1.822010473986467594e-01
-1.923452994832122731e-01
-4.268722949298902614e-01
-1.000000000000000000e+00
7.755755139860037728e-01
4.443032009042481301e-01
-1.000000000000000000e+00
7.667123391331525095e-01
4.613582971300420610e-01
2.776022888953172396e-01
1.000000000000000000e+00
-6.324122579848792114e-01
-1.218681785231153364e-01
1.000000000000000000e+00
-9.044193187797322508e-01
1.652820989891335413e-01
-1.000000000000000000e+00
-7.638186148555778932e-01
1.562217391912343878e-01
1.589798160193575116e-01
-1.000000000000000000e+00
3.277215164449709950e-01
7.661956944566512551e-01
8.241615400652553269e-01
-8.609838777450224967e-01
1.000000000000000000e+00
-8.257969814309484846e-01
1.000000000000000000e+00
-1.000000000000000000e+00
-8.202307790844515223e-01
1.889648619781150729e-02
2.537797415199640749e-01
-7.100430811061516634e-01
-4.335931153242770231e-01
1.828924479814473258e-01
9.008046623257068841e-01
-8.459034106737784997e-01
-1.000000000000000000e+00
-8.941628996565558207e-01
1.527187385162273869e-01
-7.806969904179572595e-01
-7.722339945312955978e-01
6.155374473106413058e-01
1.984144416362118579e-01
-5.684347735972800075e-01
-9.105456488834773321e-01
4.241687075218948388e-01
-1.000000000000000000e+00
1.000000000000000000e+00
9.944823351328292427e-01
1.000000000000000000e+00
4.023292230386262824e-01
-7.721831311967214395e-01
2.128740449418724534e-01
-1.000000000000000000e+00
-7.774613321937109411e-01
-5.465293282447014622e-01
-2.315354915555698501e-01
-3.004551276489763056e-01
-2.175305419012974750e-01
-4.698759764569395703e-01
-1.882763349276557474e-01
-1.057920296830224816e-01
5.755128970613656580e-01
1.000000000000000000e+00
-3.428740191660771819e-01
-1.000000000000000000e+00
-1.000000000000000000e+00
-1.000000000000000000e+00
1.000000000000000000e+00
3.850916568347780844e-01
-6.420718681306040176e-01
-4.458544026126981530e-01
2.235347931729372295e-01
-4.751264717391531778e-01
4.206181057017579494e-01
3.575825675909649615e-01
4.728689225965255760e-01
-6.752817169472004055e-01
-7.864057508406459007e-01
1.656353705548672950e-01
-1.000000000000000000e+00
8.761245739258169962e-01
5.200106123735516173e-01
1.000000000000000000e+00
9.607760653649022320e-01
1.000000000000000000e+00
3.801622359221308312e-01
-4.467895170020126927e-01
3.528880794500424134e-01
-7.413570416697615739e-01
-3.187886425145203262e-01
5.812775703197755606e-01
-1.000000000000000000e+00
5.267694544355929764e-01
5.903597703675167452e-01
8.786023641710213328e-01
-7.861170129456135358e-01
5.211624481627424865e-01
6.873964242692625071e-01
1.188912395087561580e-01
8.287040732723189862e-01
5.013428161975768127e-01
-2.476649083160233633e-01
-3.887961155643541167e-01
2.433651491735905892e-01
9.440558926124553718e-02
5.404809774630521257e-01
-6.111479671287747273e-01
1.000000000000000000e+00
9.788549909751804723e-01
-6.535117173090836395e-01
4.319672983610828298e-02
-2.574208079975572327e-01
-1.000000000000000000e+00
-1.000000000000000000e+00
6.660901067219706650e-01
2.671824237651302947e-01
3.437986221789093300e-01
-5.755426074724148133e-01
6.584856211091998368e-01
-8.731617313360673371e-01
-1.000000000000000000e+00
-1.000000000000000000e+00
1.521288219390886653e-01
-2.289065284509968490e-01
7.487652320748146295e-02
5.930260581762626382e-01
-5.794775687013776766e-01
6.138563441040705282e-01
3.171081745704136812e-01
-1.000000000000000000e+00
1.000000000000000000e+00
1.908989163637397901e-01
9.031140147173398469e-02
-1.000000000000000000e+00
2.547877502081230539e-01
1.000000000000000000e+00
-3.111100859312656564e-01
5.776669849256886868e-01
-1.000000000000000000e+00
1.000000000000000000e+00
1.000000000000000000e+00
-2.566583226049070077e-01
-1.170772744680829702e-01
1.000000000000000000e+00
-7.059583727172874523e-01
2.390770383762869100e-02
-1.000000000000000000e+00
-4.588277286506527997e-01
-8.447251204853867268e-01
1.000000000000000000e+00
1.000000000000000000e+00
-5.774881923295172026e-01
1.000000000000000000e+00
1.000000000000000000e+00
-1.781046096512556021e-01
2.193718819249332042e-01
2.012943269722655137e-01
-5.564104113648469380e-03
1.000000000000000000e+00
1.000000000000000000e+00
-5.234196124408836415e-01
1.918186326366890793e-01
3.147082278840637737e-01
-1.000000000000000000e+00
1.000000000000000000e+00
-1.000000000000000000e+00
1.000000000000000000e+00
-1.000000000000000000e+00
3.360625341156267543e-02
-7.819266673202620588e-01
1.167372638919935285e-01
-1.000000000000000000e+00
1.000000000000000000e+00
4.949703591073769671e-01
-2.326297025439953425e-01
5.131085624220487196e-01
1.138741726560376505e-02
-2.176543400110098336e-01
9.868531939640300399e-01
3.185341781220779600e-02
-2.208198007679739727e-01
-1.000000000000000000e+00
1.000000000000000000e+00
-6.404637295976128852e-01
-1.000000000000000000e+00
-1.000000000000000000e+00
-4.455703603997149820e-01
1.463796006072387024e-01
4.985266455745150649e-02
1.000000000000000000e+00
-6.718557338779602706e-01
7.232211405198334386e-01
1.000000000000000000e+00
1.000000000000000000e+00
-7.417703217078303046e-01
4.538691110617042446e-01
-5.571548018976898442e-01
-9.547998106595950718e-02
8.912355106927632997e-01
-9.738982989195817952e-01
-1.000000000000000000e+00
-1.000000000000000000e+00
5.982145752306785580e-01
1.000000000000000000e+00
1.500419384166870040e-01
-1.000000000000000000e+00
-1.000000000000000000e+00
-1.000000000000000000e+00
4.997360496099600979e-01
-9.409137149009219048e-01
1.000000000000000000e+00
8.427814386034337968e-01
3.310320352603167149e-01
-5.114405888892669116e-01
1.000000000000000000e+00
-1.473648659502055369e-01
-9.923779591142638523e-01
1.000000000000000000e+00
-9.011491155795131602e-01
1.937833676637136238e-01
-9.669436924196601613e-01
-1.269960365820038128e-01
-9.570145610014448856e-01
-5.580501057704185808e-01
-6.390447238715524225e-01
1.000000000000000000e+00
4.259387460633623501e-01
9.854542061879736914e-02
-3.918545652126564915e-01
-2.160968655333884714e-01
-6.827987531836490209e-01
-1.000000000000000000e+00
1.000000000000000000e+00
2.683752622598444271e-01
-2.564450650988987501e-01
3.831210707827386597e-01
-1.000000000000000000e+00
-1.000000000000000000e+00
1.000000000000000000e+00
1.000000000000000000e+00
6.438036281063500565e-01
-1.000000000000000000e+00
-5.883295870203599787e-01
5.383889363397229566e-01
-4.134527703755733197e-02
8.437300013824517997e-01
3.360340775710676242e-01
-4.026556598295029654e-01
1.000000000000000000e+00
7.111781076064488394e-02
-1.000000000000000000e+00
-9.788268672974558271e-01
8.516112591606027626e-01
-3.862149631216812984e-01
-1.000000000000000000e+00
-7.001126411644847947e-01
-1.000000000000000000e+00
1.828010142807745542e-01
-1.000000000000000000e+00
1.083284334798028797e-01
-1.702253179977088748e-01
1.000000000000000000e+00
7.962661104595811778e-01
-4.301258474098667017e-01
-5.044323228663592784e-02
1.000000000000000000e+00
1.000000000000000000e+00
1.000000000000000000e+00
5.746411255243283334e-01
4.547391014790282959e-01
1.000000000000000000e+00
1.000000000000000000e+00
-9.610916844060052311e-02
4.810192095602109363e-01
-8.475125596467357747e-01
-6.650692779866296256e-03
-1.000000000000000000e+00
1.000000000000000000e+00
-2.114037582880942678e-02
-1.000000000000000000e+00
1.000000000000000000e+00
1.052315508459011340e-01
1.000000000000000000e+00
-3.637928332019625399e-01
7.963663323006424655e-01
5.637011076983106106e-02
-8.919813993018392839e-01
-9.176494415678866368e-01
-1.000000000000000000e+00
1.049676575309759913e-01
5.282460492601166735e-02
-1.000000000000000000e+00
7.925861468849595415e-01
5.116329289407118841e-01
8.297700502913775145e-01
-3.342590513227261528e-01
5.508488591316866856e-01
7.719588178754517305e-01
-1.910867426875384745e-01
-1.000000000000000000e+00
1.121017630005878840e-01
1.000000000000000000e+00
1.352003127020492412e-01
1.502073325976189810e-01
-7.219879593102896953e-01
3.099348755842261660e-01
-6.875491926887624672e-01
-1.000000000000000000e+00
9.004442038182967067e-01
1.439013515492204576e-01
4.114594095653796857e-01
6.070949678464303556e-01
1.000000000000000000e+00
4.544835492458627058e-01
-5.566508864683094027e-01
-5.061208471522168351e-01
-1.000000000000000000e+00
-1.000000000000000000e+00
-1.313429782531094214e-01
-7.652304422220792546e-01
1.000000000000000000e+00
-4.208299573534751009e-02
1.000000000000000000e+00
8.797146483277541451e-01
1.000000000000000000e+00
-1.000000000000000000e+00
-1.000000000000000000e+00
1.000000000000000000e+00
-1.000000000000000000e+00
-2.811631135983667651e-01
-4.090885744752244535e-01
4.645507874110505475e-01
-1.000000000000000000e+00
1.000000000000000000e+00
-1.000000000000000000e+00
-8.716078999221592571e-01
-5.264219970535854998e-01
-4.304965957583686831e-01
1.000000000000000000e+00
-1.000000000000000000e+00
-3.201565098289929634e-01
9.224096875158154241e-01
9.611703485507697708e-01
-4.016678691396441958e-01
1.639282144625614501e-02
3.372347156390320677e-02
-9.415660067794219268e-01
6.045761577337920301e-01
1.790446205404475633e-01
7.894247332064008305e-01
-1.000000000000000000e+00
1.086915543703267373e-01
-5.589564252903602704e-01
2.476718875374419870e-01
1.000000000000000000e+00
-1.000000000000000000e+00
-6.881316735328275591e-01
-2.277430568881446404e-01
4.936322764159826737e-01
-4.253900036085894176e-01
-4.242933558026741880e-01
-7.358110601783163229e-01
-2.743009981290853716e-01
4.981782183605737435e-01
-2.664784678143608532e-01
-6.029524745651119177e-01
-9.562208924752049199e-01
-1.000000000000000000e+00
1.000000000000000000e+00
-1.799281758860679370e-01
1.000000000000000000e+00
1.000000000000000000e+00
-2.038980372136486863e-01
1.338267404097857050e-01
3.294074260937978060e-01
3.561867024048806507e-01
-4.215336968215525060e-01
-1.000000000000000000e+00
2.349169172661614013e-01
6.103041996224577437e-01
4.206788773385971014e-01
6.861272665594101428e-01
4.265762619481754947e-01
-1.797919914566924460e-01
1.000000000000000000e+00
1.059026449811729942e-01
-3.194768251622996935e-01
-7.652141891493596804e-01
-4.220913250372428926e-01
6.949765510199512608e-01
8.849820572527069551e-01
-9.589641920293510147e-01
2.857813972533593816e-01
8.973258219139224057e-02
-1.557979408617206074e-01
-8.937065512551494173e-01
6.262493005415550873e-02
1.000000000000000000e+00
9.406024345108818241e-02
5.429247014955473905e-01
-4.014089244433574621e-01
9.011233490201051022e-02
-1.000000000000000000e+00
-4.214708815840328970e-01
-1.000000000000000000e+00
-1.000000000000000000e+00
-5.115364299169480877e-02
-8.556427668255047747e-01
5.592207363510808271e-01
-2.937608767414268129e-01
-5.996548409833435400e-01
2.171358050369569595e-02
-1.000000000000000000e+00
1.000000000000000000e+00
4.126203245889462634e-01
-3.133712697576233608e-01
5.053160015493081414e-02
-5.695511381700021358e-01
2.943286835622622999e-02
1.185625179508437710e-01
4.865655425763300568e-01
3.327404002361804003e-01
6.269556204397583876e-01
1.000000000000000000e+00
1.598703449304547941e-01
2.423614209723652935e-01
7.396210174819136673e-01
4.378223212848325607e-01
-1.000000000000000000e+00
8.624845565075365261e-01
6.094743003996083708e-01
-1.976512965096977603e-01
-1.000000000000000000e+00
7.350334302600975978e-01
4.227014678709356543e-01
1.000000000000000000e+00
6.869497924983800630e-01
1.000000000000000000e+00
1.000000000000000000e+00
-3.616215860720110586e-01
-1.000000000000000000e+00
-3.264331318307199803e-01
-9.310448825843159470e-01
1.741496990215522511e-01
5.796481948835194853e-01
-7.837468388876962511e-01
-8.160673011399974808e-01
-9.100585459821857182e-01
1.000000000000000000e+00
8.504187321276271971e-01
1.000000000000000000e+00
-1.533309015919912532e-01
2.490620713761888538e-01
-9.019543053453125125e-01
-3.712937225009429465e-01
-1.000000000000000000e+00
-5.656727804148378169e-01
-4.043604072535847971e-01
-9.106261379580993243e-01
-1.000000000000000000e+00
-3.500873471094853029e-01
5.427719890708658790e-01
5.781525603903665544e-01
3.173900150349343585e-01
1.320817837252210858e-01
1.000000000000000000e+00
-7.202182206127172304e-02
-5.339493843115790117e-01
3.364387209001734602e-01
6.558054225817443461e-01
1.000000000000000000e+00
-9.951004278174292450e-01
1.000000000000000000e+00
8.760679488658452696e-01
3.165566917736488683e-01
-1.635295997064770690e-01
3.617156957662289729e-01
-4.238600634610864559e-01
2.137109414866569801e-01
-1.000000000000000000e+00
-9.539035818645213993e-01
1.000000000000000000e+00
7.901659770087396950e-01
-5.514845323871246929e-01
-7.539184734268095101e-01
-1.000000000000000000e+00
-1.000000000000000000e+00
-9.562633355889156306e-01
1.000000000000000000e+00
1.000000000000000000e+00
1.258198821990512972e-01
-1.000000000000000000e+00
9.223029373999995784e-01
-8.615830328467808386e-01
-1.000000000000000000e+00
1.000000000000000000e+00
4.761518520962362278e-01
1.000000000000000000e+00
1.000000000000000000e+00
-5.398179673865809436e-01
-1.000000000000000000e+00
-4.248340628536231289e-01
-1.000000000000000000e+00
-1.000000000000000000e+00
5.776440785044785198e-01
9.706096998032499590e-01
4.140080207043076443e-01
-4.314141960935685693e-03
9.727856300889368146e-01
-2.419390604340080908e-01
4.985966334453109106e-01
-1.000000000000000000e+00
6.028161647536541823e-01
8.337193180259505620e-01
1.000000000000000000e+00
7.262826382228857458e-01
8.052654876054596844e-01
-1.000000000000000000e+00
-1.000000000000000000e+00
-1.000000000000000000e+00
-1.000000000000000000e+00
-1.000000000000000000e+00
1.000000000000000000e+00
5.848545868553938626e-02
-6.958733230307625472e-01
1.000000000000000000e+00
3.417471280074129703e-01
-2.878931720946847350e-01
7.754283155066660216e-01
1.000000000000000000e+00
4.685896109563444378e-01
4.834938590606857600e-02
-5.046707209679766049e-01
5.913304117635449497e-01
-1.822278753392507222e-01
1.000000000000000000e+00
6.703366580201729208e-02
-1.000000000000000000e+00
9.896113421064447468e-01
1.000000000000000000e+00
-1.000000000000000000e+00
5.131069363807982953e-01
-1.829192879242014513e-01
-1.000000000000000000e+00
1.000000000000000000e+00
6.613164939479625470e-01
-2.626549110428262335e-01
-1.481985477790044858e-01
-1.200195179945603985e-01
1.000000000000000000e+00
1.000000000000000000e+00
-2.051812400221944555e-01
-4.711062329337184496e-01
2.993238979125620869e-01
1.000000000000000000e+00
7.896293480711946700e-02
1.080364142655210191e-01
4.979240005323326557e-02
-6.857237784769473765e-02
2.027892776263089114e-01
-1.000000000000000000e+00
4.219004360230499961e-01
1.000000000000000000e+00
-1.000000000000000000e+00
-1.000000000000000000e+00
-8.254840278226972528e-01
-1.673101381843931645e-01
1.000000000000000000e+00
-4.721771883897786237e-01
-3.699180170381881627e-01
5.447170039532929220e-01
8.282949194167130713e-01
-1.474663063562052234e-01
-1.000000000000000000e+00
7.719419295482075061e-01
-1.000000000000000000e+00
-1.000000000000000000e+00
-8.545445416681676787e-02
2.562898697646149859e-01
-1.000000000000000000e+00
6.869563363029975722e-01
1.000000000000000000e+00
7.467810071928844273e-01
-8.475280226778073023e-02
1.000000000000000000e+00
4.616657526360230523e-01
4.630001035328640269e-01
4.867830411440979832e-01
-7.808345721448601839e-01
-2.351860470675021242e-02
1.000000000000000000e+00
1.268212161451162390e-01
-7.647696465402531452e-02
-7.617863986319775016e-01
-8.855925850872372607e-01
-8.197654896139102698e-01
-3.186806760803249650e-01
2.918924101795474790e-01
-4.296361528681887920e-01
3.480048515767662776e-02
-1.000000000000000000e+00
-2.462145843776304133e-01
7.789430536752544043e-01
-1.000000000000000000e+00
1.762862735215646459e-01
-2.375459014461761553e-01
1.000000000000000000e+00
1.000000000000000000e+00
-6.507102901905695846e-01
3.083675378861882588e-01
-1.000000000000000000e+00
2.755450258364423866e-02
6.534370790223616998e-01
5.780690227693745520e-01
1.000000000000000000e+00
4.973573524193087292e-01
8.678420591657790562e-01
-3.263575731917030542e-01
-1.000000000000000000e+00
-5.849157901908303980e-01
-1.000000000000000000e+00
-3.424701535315048950e-01
4.131230844003380698e-03
-1.000000000000000000e+00
-9.488837533516163436e-01
2.227468181861999019e-01
9.759934972763456562e-02
3.867872600500640856e-01
-1.219542082356057378e-01
-8.078993130734271055e-01
-1.000000000000000000e+00
1.000000000000000000e+00
-1.000000000000000000e+00
6.952382098884023476e-01
1.000000000000000000e+00
-1.000000000000000000e+00
1.000000000000000000e+00
-1.000000000000000000e+00
1.000000000000000000e+00
1.000000000000000000e+00
-3.123335134400438418e-01
-3.330720507293122301e-01
-1.514869157429130087e-02
-1.000000000000000000e+00
-1.000000000000000000e+00
-9.474188912643565219e-01
-1.002809829681790277e-01
1.000000000000000000e+00
5.829342057550410683e-01
-5.542724036624833150e-01
-1.000000000000000000e+00
1.000000000000000000e+00
-1.000000000000000000e+00
9.324108086666398343e-01
-1.000000000000000000e+00
-2.264656630379117408e-01
8.366147667798412568e-01
-3.340873682587004456e-01
-1.000000000000000000e+00
5.911387568266225356e-01
-1.000000000000000000e+00
-1.167645972801252818e-01
1.000000000000000000e+00
-8.352159492075458824e-02
1.000000000000000000e+00
1.000000000000000000e+00
-5.708358213316284679e-01
-6.892430772608461043e-01
1.554620418699038109e-01
7.026424037260391442e-01
-4.898802841956213516e-01
-1.000000000000000000e+00
-3.452226081293794380e-01
1.000000000000000000e+00
5.766398364041831481e-01
-5.914135262635301649e-01
-1.566979401804657890e-01
-2.715587871612542559e-01
-1.000000000000000000e+00
-1.344254340049504393e-01
-3.378589771279978948e-01
7.455096080181931040e-01
-9.824567171012904554e-01
9.356015806091892983e-01
-9.898788586326600081e-01
-2.906677039129587636e-01
-2.458306422522638091e-02
-3.112830364686959284e-01
-3.908664908645570479e-01
1.000000000000000000e+00
1.000000000000000000e+00
4.560420825275998680e-01
-1.000000000000000000e+00
-1.000000000000000000e+00
7.128873131446280542e-01
1.000000000000000000e+00
1.000000000000000000e+00
1.000000000000000000e+00
1.000000000000000000e+00
-1.311902112463313730e-01
-7.960069703349319514e-01
1.000000000000000000e+00
-1.000000000000000000e+00
2.145620726450255256e-01
-1.000000000000000000e+00
-4.999995872720395806e-01
1.000000000000000000e+00
-1.590166753498533370e-01
-1.708205698339080869e-01
7.132948051220496799e-01
-1.106588994032278034e-01
-1.000000000000000000e+00
2.664451228100024327e-01
8.406502511003502986e-01
-2.866622073579183638e-01
-1.000000000000000000e+00
3.389349124891222753e-01
9.355027214969962035e-01
-6.284464039075721153e-01
-2.717292958130831937e-01
1.000000000000000000e+00
4.447435562044891877e-01
1.000000000000000000e+00
-8.957187931456331853e-01
1.000000000000000000e+00
2.199249426512566163e-01
8.286380648639878332e-01
-5.484059894407783409e-01
7.278700425045129263e-01
-5.237992875708119556e-01
-6.142156051556988405e-01
-1.176878733491870666e-02
1.424459511379264076e-02
-2.546888386955371009e-01
4.856187732870865803e-01
-1.000000000000000000e+00
1.000000000000000000e+00
-5.268702699837428671e-01
1.000000000000000000e+00
-3.104879535601213769e-01
1.000000000000000000e+00
-7.591709562890236462e-01
9.483398232735681388e-01
-5.105563842385723028e-01
-2.989251133670888794e-01
4.863937102862634920e-01
2.622713917074616097e-01
9.289270294666018835e-01
9.920573895689249744e-01
-7.934249553237486818e-01
8.903989106937661990e-01
-1.000000000000000000e+00
-9.677704814680554435e-03
-5.546385965870052059e-01
-8.600797211779597218e-01
7.421770958044284772e-01
1.000000000000000000e+00
-1.000000000000000000e+00
-9.414118356793422793e-01
2.135643588722281327e-01
1.000000000000000000e+00
-8.619409204732209062e-02
6.275474463136059278e-01
6.063156345543967429e-01
1.000000000000000000e+00
7.511978190270609534e-01
3.468102795827033846e-01
-7.010173144039771875e-02
8.180803244319204692e-01
-1.000000000000000000e+00
-5.262912109936100924e-01
-5.059590483995640708e-01
7.064208612843634327e-01
-8.838255359661448818e-01
-4.863242224084081688e-01
6.188452560164743321e-01
-1.000000000000000000e+00
-4.930593285583231844e-02
5.413596721680633550e-01
1.000000000000000000e+00
-1.000000000000000000e+00
1.000000000000000000e+00
1.000000000000000000e+00
5.372250964349841729e-01
5.146431983503030327e-01
3.222147228745215752e-01
1.238624601011840271e-01
1.000000000000000000e+00
-5.091094638873955303e-01
-1.000000000000000000e+00
8.362772991917610810e-02
-7.545619740026254796e-01
9.973532897894421545e-01
1.000000000000000000e+00
-1.000000000000000000e+00
2.979921776000220013e-01
6.481470515307837799e-01
5.215285003519976037e-03
2.350184432694366610e-01
1.000000000000000000e+00
6.635446044089410300e-01
-6.522237612719821165e-01
-3.340574948743175732e-01
7.713391787529109145e-01
1.000000000000000000e+00
-3.750289053821295737e-01
-1.000000000000000000e+00
3.466025906862257311e-01
1.000000000000000000e+00
-6.722574253037604253e-01
-1.912125628028227831e-01
-8.082121453218454876e-01
-7.260222498152766324e-01
3.196704610713220762e-01
-1.000000000000000000e+00
-7.364468307643033951e-01
6.246760786702161283e-01
1.000000000000000000e+00
-5.081485879603533373e-01
7.546020623871482202e-01
7.521432714359554961e-01
-1.000000000000000000e+00
-3.327502450830353009e-01
-1.000000000000000000e+00
8.104422906556575379e-01
-7.442253128862028611e-01
1.000000000000000000e+00
8.566711372646789169e-01
4.453335766817360097e-01
1.311938574897284215e-01
7.137575928710154782e-01
7.307976007204638469e-01
1.628917952625650589e-01
1.000000000000000000e+00
1.849348183700754433e-01
7.239762601333417091e-01
9.556202766276415961e-01
1.000000000000000000e+00
9.620880792519983515e-01
1.000000000000000000e+00
1.000000000000000000e+00
5.129006937083980810e-01
7.155619635881916851e-01
6.421893581413340435e-02
3.221753146260095124e-01
-6.524978384722958380e-02
1.000000000000000000e+00
-1.000000000000000000e+00
-3.589998115088924857e-01
1.000000000000000000e+00
-5.381024057758032608e-03
4.001943879685498223e-02
-6.446569049566691634e-01
-1.000000000000000000e+00
3.022705690527816569e-01
4.186006570902300883e-01
-6.887877883360867814e-01
-1.000000000000000000e+00
1.629916458778994104e-01
7.935740759405797151e-01
-5.982345948269082170e-01
4.188857306777863942e-01
1.260449535206123461e-02
2.381445124023771065e-01
-8.967262219284759528e-01
1.561025725781233775e-01
-3.855843105042976449e-01
4.709478102098332286e-01
-2.528292904767132088e-01
4.581325043111906248e-01
2.175028288667330834e-01
-6.634518043947739141e-01
-6.167358215350164929e-01
8.896670398162753735e-01
-5.104508500421270356e-02
-7.481742463586253944e-01
1.000000000000000000e+00
-1.833376889174123670e-02
9.374411494999584926e-02
-1.833137194509217860e-01
2.600768335951473276e-01
-9.368085036249764741e-01
-1.000000000000000000e+00
-9.668583046615049081e-01
-1.000000000000000000e+00
-7.437494859198803265e-01
3.369049836558078992e-01
1.000000000000000000e+00
-2.841967767754706164e-01
-1.000000000000000000e+00
-6.106017516419132152e-01
-1.000000000000000000e+00
-1.000000000000000000e+00
9.495352150097482458e-01
6.863858532196448481e-01
6.161571617038700266e-01
-7.191564011318700711e-01
2.644724610794413344e-01
-6.337641567281927513e-01
1.000000000000000000e+00
-5.669386186527534122e-01
-1.000000000000000000e+00
1.000000000000000000e+00
-7.302069977988209781e-02
-2.984756826276646624e-01
4.459877596155907842e-01
3.286144190697194989e-01
2.759495593922431378e-01
-1.000000000000000000e+00
-1.448443110704518699e-01
-9.460979727138902895e-01
-2.583168666438062089e-01
-6.481568886901561966e-01
-1.000000000000000000e+00
1.000000000000000000e+00
1.000000000000000000e+00
3.753775350965980473e-01
-2.680251182187287640e-01
-6.537458648966296693e-01
1.000000000000000000e+00
7.435900836251788659e-01
-1.000000000000000000e+00
1.000000000000000000e+00
-3.073950456354435090e-01
1.000000000000000000e+00
-2.608768097712211298e-01
-1.000000000000000000e+00
1.000000000000000000e+00
-1.000000000000000000e+00
-9.942759184502771019e-02
3.864305234901276309e-01
4.010058441070506463e-01
-6.627587755784936085e-01
1.000000000000000000e+00
-6.160008139455414033e-02
7.715817135539659866e-02
1.000000000000000000e+00
-1.462176014963314508e-01
-6.216501678290796695e-01
8.676980873330917277e-01
-7.213765104855363042e-02
1.422697657361056689e-01
3.401407151905613269e-01
-6.228454152005580280e-01
-6.142963309741410471e-01
1.000000000000000000e+00
-4.205537290152155938e-01
7.436175427117323045e-01
-6.358339952773730541e-01
4.367793511629805558e-01
-7.377896013816888088e-01
1.000000000000000000e+00
1.000000000000000000e+00
-7.626504148034801700e-02
2.709478979804331167e-01
-7.190111188994091629e-01
-2.075002615452475052e-01
9.373191020458978562e-01
-1.048889882622783820e-01
-1.000000000000000000e+00
-1.000000000000000000e+00
5.561783250681593405e-01
-8.905531832726525376e-01
1.000000000000000000e+00
-1.000000000000000000e+00
-1.000000000000000000e+00
-2.847365420316870788e-01
-4.834379552525209234e-01
-2.746904328649386606e-01
-9.966599341007090218e-02
4.058166723381443353e-01
6.873267062845589415e-01
3.763821612133926298e-01
2.816198026515626118e-01
5.390021192610010559e-01
6.792186529792522132e-01
-1.000000000000000000e+00
1.000000000000000000e+00
1.000000000000000000e+00
8.641461075230087996e-01
1.000000000000000000e+00
1.000000000000000000e+00
-7.916672502499090269e-01
4.275973153651270176e-01
-1.000000000000000000e+00
9.235072403215781600e-01
1.000000000000000000e+00
-6.631633964795311531e-01
1.000000000000000000e+00
4.334106283394549841e-01
-4.351502420931825377e-01
5.985357595091740368e-01
3.152887820008193898e-01
4.262983221536403855e-01
1.000000000000000000e+00
-1.313639882438445428e-01
-9.006435485009547381e-01
1.000000000000000000e+00
-8.902361910299413372e-01
6.617518484696268688e-01
-1.000000000000000000e+00
-6.595714450388149297e-01
-5.734892542499252233e-02
-1.000000000000000000e+00
1.000000000000000000e+00
-1.000000000000000000e+00
-1.000000000000000000e+00
-5.518739261290370735e-01
3.738611011387265037e-01
-6.627982455408836238e-01
-3.743004288889281717e-01
1.000000000000000000e+00
1.000000000000000000e+00
-6.928995230326868704e-01
-4.026804505804292833e-01
1.000000000000000000e+00
1.000000000000000000e+00
6.782363877146706521e-01
3.925861991652728200e-01
1.000000000000000000e+00
-1.000000000000000000e+00
-3.888771520771739931e-01
-8.263699075550263728e-01
-1.000000000000000000e+00
-2.352700294501618439e-01
1.000000000000000000e+00
-7.210954701879285222e-01
-6.006884249513645413e-01
1.000000000000000000e+00
9.341716361021763504e-01
-7.848769437770422019e-01
1.920949336932037399e-01
-3.870205136475474150e-02
1.000000000000000000e+00
-7.545798442137428008e-01
-1.128994858599074586e-01
-2.766693775239059683e-01
-1.025323134418961724e-01
2.684975603118062160e-01
9.343650487905588164e-01
1.000000000000000000e+00
8.877220008379785865e-01
1.000000000000000000e+00
5.928907767201500034e-01
5.569968501748727707e-01
-1.000000000000000000e+00
4.419715409379936233e-01
4.914489193763156849e-01
3.138674812707731299e-01
1.000000000000000000e+00
5.876605375508963114e-01
4.596056785947916223e-01
-2.423049585557861263e-01
-5.052221832806096380e-01
3.697192427955112715e-01
1.000000000000000000e+00
5.379449559258482338e-01
5.739762718700914812e-01
1.000000000000000000e+00
2.473984973434439627e-01
9.044785636213024116e-01
-1.000000000000000000e+00
-3.751379619131847143e-01
-2.374471857500327909e-02
1.000000000000000000e+00
-4.785935931002963106e-01
5.734743854623256532e-01
7.335132790130526326e-01
-7.301027107098048696e-02
-8.694545835383102883e-01
-1.000000000000000000e+00
-2.070051098375848553e-01
4.303908899012935940e-01
2.201235898654758938e-02
4.559480033706895252e-01
-1.000000000000000000e+00
2.265206388895213419e-01
-8.910555132697000058e-01
1.000000000000000000e+00
3.177898193294599882e-01
4.306997249001082717e-01
-1.904858281671052977e-01
-9.246088090632265111e-01
8.000540177281307841e-01
-8.101642617068293140e-01
1.000000000000000000e+00
1.378261654474920439e-01
1.000000000000000000e+00
-8.389310573973891572e-01
-1.000000000000000000e+00
8.930295937281770291e-01
4.108765946859808671e-01
-1.000000000000000000e+00
7.160234005569130478e-01
-1.124079825075285782e-01
-3.879457317779283487e-01
1.272651563770976768e-01
-6.958732764696061723e-01
-2.036967280770002331e-02
3.246200463676367498e-01
4.179992802390530282e-01
-4.815853543617006904e-01
1.000000000000000000e+00
1.000000000000000000e+00
3.044561686625023578e-01
1.000000000000000000e+00
-1.000000000000000000e+00
7.235231697142840979e-01
1.755971086431414030e-01
-9.958629780230399131e-02
-2.363822454061925149e-01
9.847439182365298471e-01
-3.794355966023966187e-01
-1.532593104257630734e-01
6.331073821885452313e-01
-5.033605397258249514e-01
8.466431119030997099e-01
1.000000000000000000e+00
4.018802435495673064e-01
9.436043407293779328e-01
-1.000000000000000000e+00
1.952348059476460562e-01
-2.936957004207005895e-01
-1.000000000000000000e+00
-1.000000000000000000e+00
-3.845778540368162135e-01
-1.000000000000000000e+00
1.000000000000000000e+00
-1.000000000000000000e+00
-1.000000000000000000e+00
-6.136286846509081405e-02
-1.000000000000000000e+00
-1.407083435933630389e-01
-3.943175616804031058e-01
4.577037032894942237e-01
5.221106391798997493e-01
-1.000000000000000000e+00
-1.000000000000000000e+00
2.779197614418914553e-01
-9.905795905886151109e-01
1.000000000000000000e+00
-1.000000000000000000e+00
1.000000000000000000e+00
4.246096125958497280e-01
7.618908881219635387e-02
-3.849018729810205208e-02
-4.412417324782644812e-01
1.000000000000000000e+00
7.062320015713046129e-01
-2.490162073406212151e-01
6.993749623537394156e-01
-5.629512263775242609e-01
-8.367117485022346202e-01
1.000000000000000000e+00
1.000000000000000000e+00
-2.976216311515218482e-01
1.000000000000000000e+00
-5.302491324640058457e-01
-8.282456342566523189e-01
7.373739811955006829e-01
2.625196248598762327e-01
-3.532478481397830494e-01
2.476654477564064483e-01
1.000000000000000000e+00
9.124256213888265465e-01
8.248118286759766882e-01
-1.000000000000000000e+00
-2.825655672789377237e-01
-1.000000000000000000e+00
-4.298406379000915267e-01
1.000000000000000000e+00
-1.000000000000000000e+00
4.631021784478126513e-01
2.104842605054776106e-01
-1.000000000000000000e+00
7.446803377176706151e-01
-3.675184618972917594e-01
9.644690114736886866e-01
-6.159349322431825202e-01
-1.731037334792784044e-01
9.567376203771998933e-01
-5.430978781521977883e-01
1.000000000000000000e+00
-1.000000000000000000e+00
-2.855062720389388575e-01
-1.000000000000000000e+00
-1.922876859397092963e-01
1.000000000000000000e+00
1.000000000000000000e+00
-1.287661316781624210e-02
1.000000000000000000e+00
-6.309974476920848785e-01
5.629245024364224470e-01
-7.855937556689159829e-01
1.000000000000000000e+00
4.190174041843489072e-01
3.327207436358655124e-01
2.195147801100019724e-02
-6.656242521699534676e-01
9.692405821009142386e-01
-5.209602088559848188e-01
-1.000000000000000000e+00
-1.000000000000000000e+00
4.487158147929447560e-01
1.000000000000000000e+00
-2.909976977194970171e-01
-9.131466080428258802e-01
8.875029667811495937e-01
1.000000000000000000e+00
-1.000000000000000000e+00
-9.163894246035636515e-01
1.000000000000000000e+00
-1.000000000000000000e+00
1.000000000000000000e+00
8.256841622412881554e-01
-1.471437458972949253e-01
7.406784419940788400e-01
8.086143693842691160e-01
-5.038092770093535178e-01
7.496913343279332231e-02
6.356088308119081098e-01
-2.432291807716787102e-01
7.455185016101213424e-01
-1.000000000000000000e+00
1.000000000000000000e+00
1.000000000000000000e+00
3.798309952459434924e-01
1.000000000000000000e+00
5.756086549422188003e-01
-2.570782336914331223e-01
-1.000000000000000000e+00
-8.290417574796860034e-02
-3.878664458487997013e-01
2.833852476400769427e-02
-5.885838946865331600e-01
-8.277460154816158600e-01
1.000000000000000000e+00
-1.000000000000000000e+00
-3.828195228906741687e-01
1.000000000000000000e+00
-6.889961396577752584e-02
-6.114068654263876690e-01
1.000000000000000000e+00
-4.451151052907545980e-01
-3.095008405252004380e-01
-1.000000000000000000e+00
-2.690342129695628692e-01
1.000000000000000000e+00
-5.081649404212438270e-01
-9.775344873131550649e-01
-1.000000000000000000e+00
-5.275870874311954228e-01
1.000000000000000000e+00
2.864854397978588429e-01
9.995145236813052225e-01
-1.000000000000000000e+00
-9.612131395697788294e-01
-7.034331287395623189e-02
3.777898132820424193e-01
-6.672303149826321889e-01
-6.947701498241410922e-01
7.871334389964491640e-01
-4.718726998088061397e-01
-5.262949116604375144e-01
7.180585433810972029e-01
6.300877084245445348e-01
-1.000000000000000000e+00
-2.247152449335743096e-02
-9.269747838921813532e-01
1.000000000000000000e+00
-4.228528008681067263e-01
-1.000000000000000000e+00
-1.518054286411966158e-01
-1.000000000000000000e+00
1.000000000000000000e+00
-1.000000000000000000e+00
-6.626876130490818584e-01
-5.720915072130746681e-01
-1.000000000000000000e+00
1.000000000000000000e+00
-8.469420252298213159e-01
-4.528108422414068301e-01
-1.000000000000000000e+00
1.000000000000000000e+00
-1.000000000000000000e+00
-1.318679191967139230e-01
-9.368755714808446600e-01
7.722248302698495603e-01
4.081428523420989607e-01
-1.000000000000000000e+00
-3.896426310721766151e-01
3.174131723447135567e-01
-8.337477122042756816e-01
9.736352505053403883e-01
-6.105083102154481578e-01
-1.000000000000000000e+00
-8.611496265941871453e-01
1.000000000000000000e+00
2.423902464807421442e-01
4.956620420889554790e-01
3.179881942668567052e-01
1.000000000000000000e+00
-1.326558286136360898e-01
-6.942382843029692996e-01
-1.000000000000000000e+00
-8.334791103237313425e-01
8.429493129216409919e-01
1.000000000000000000e+00
-1.000000000000000000e+00
-8.842865247037287046e-01
-1.000000000000000000e+00
-6.320864226676217168e-01
-4.191544091577120712e-01
1.000000000000000000e+00
6.891494722226518821e-01
7.224074533700923784e-01
1.000000000000000000e+00
-1.618441048278451977e-01
-9.780359678959532621e-01
3.871483062462824920e-01
-8.867170434189969308e-01
-1.000000000000000000e+00
-5.720682629954454423e-01
-9.314783203137361189e-01
5.294505395386259194e-02
-3.397613956978440264e-01
-7.993841094904043931e-01
-1.000000000000000000e+00
-4.937564407289626867e-01
1.000000000000000000e+00
7.978931533745806659e-01
-4.994085086000463192e-01
-1.461707565266057718e-01
1.000000000000000000e+00
1.000000000000000000e+00
8.857261242388706490e-01
-4.707694393657568810e-01
-1.437464385322372307e-01
5.659813166574201304e-01
7.787277820511114002e-02
-6.154230125768580528e-01
-1.853175096836465752e-01
-1.000000000000000000e+00
1.463588595429950456e-01
-9.287282762000079739e-01
1.069148367556681523e-01
-1.000000000000000000e+00
-7.369089041498910753e-01
-5.794431125567391927e-01
5.613294906600885259e-02
1.000000000000000000e+00
-6.022711232012759597e-01
6.826851739964749921e-01
5.461251405282063764e-01
5.802110414228127677e-01
1.000000000000000000e+00
7.060771814419717352e-01
1.000000000000000000e+00
-1.000000000000000000e+00
1.000000000000000000e+00
6.398711229410285473e-01
-1.000000000000000000e+00
7.346381428602205554e-02
-1.000000000000000000e+00
-2.760842151097415154e-01
-8.972468397000611384e-01
-1.000000000000000000e+00
5.000830790012313898e-01
9.013097292731780952e-03
-9.288453665925058278e-01
-5.950137990133322896e-01
-9.504526563686286345e-01
-8.424937902922292610e-01
-8.905624037479649147e-01
5.246892207033024835e-01
-8.047466585584008014e-02
1.028364249387734575e-01
-9.559665749556146563e-01
-9.184243403275380579e-01
1.833997917277908063e-01
-6.274875739136425157e-01
2.298703003669946288e-01
-8.380496704259924323e-01
-1.000000000000000000e+00
-8.594865418034802751e-01
-8.089274453473900284e-01
-1.000000000000000000e+00
1.000000000000000000e+00
1.000000000000000000e+00
4.281141652789328678e-01
2.408130869882370018e-01
-4.549240145388113721e-01
-8.842993182997185286e-01
-4.066780384518721148e-01
6.427101941828472498e-01
1.000000000000000000e+00
-1.000000000000000000e+00
9.434460638659156739e-01
-1.000000000000000000e+00
-3.937862479036502439e-02
1.000000000000000000e+00
1.000000000000000000e+00
-4.261816971293813650e-02
3.654913396896194988e-01
9.626926068826036076e-01
1.000000000000000000e+00
8.415772832909870216e-01
-1.961925423989412942e-01
-6.236946417558402178e-01
5.406814851470045369e-01
1.000000000000000000e+00
-3.039158821911389086e-01
-1.000000000000000000e+00
3.356419143334360422e-01
-7.106745106382842403e-01
1.000000000000000000e+00
6.891663430327595874e-01
1.230173230004421858e-01
-1.000000000000000000e+00
-1.000000000000000000e+00
-9.713462122211516947e-01
-1.308337116959659430e-01
5.774033107433851342e-01
-1.000000000000000000e+00
-1.546429627010016128e-01
1.624387555176119990e-01
5.339524916760352014e-01
8.160266921680216223e-02
-1.000000000000000000e+00
-2.653429392229811890e-01
-1.000000000000000000e+00
-6.986066060102942288e-01
2.546233098592019517e-01
-9.412049606890955378e-01
-1.000000000000000000e+00
1.000000000000000000e+00
-1.000000000000000000e+00
7.182161722176867436e-01
-2.388161601571692771e-01
4.202225739308815267e-01
-4.611224328073515455e-01
-1.000000000000000000e+00
7.670848280295822219e-01
6.414200080375180857e-01
1.151397540542329068e-01
7.461915290127074663e-01
2.541663947587566308e-02
-4.435493716132290487e-01
6.344450536730101842e-01
1.000000000000000000e+00
-2.142454781690851517e-01
-5.918591785223943358e-01
4.618485590621352888e-01
-7.128668910200637310e-01
1.000000000000000000e+00
7.662436804091860010e-01
-1.000000000000000000e+00
1.000000000000000000e+00
-1.000000000000000000e+00
-1.000000000000000000e+00
6.765927133675624372e-01
1.000000000000000000e+00
-7.245168084219107962e-01
-1.498328746189582783e-01
1.748670484101522704e-01
1.000000000000000000e+00
-1.000000000000000000e+00
-2.332896810460534931e-01
5.533969573754713434e-01
-3.215038106148863095e-01
9.971150518942295538e-01
-1.162029979114346245e-01
3.425429196734376958e-01
-7.434004151595512422e-01
8.906151617486424144e-01
2.613929653758191307e-01
-4.673428168707621788e-01
-7.000700223235765129e-01
1.000000000000000000e+00
1.000000000000000000e+00
-1.000000000000000000e+00
-8.640675987973844840e-01
3.624448973036149546e-01
-1.000000000000000000e+00
1.000000000000000000e+00
-1.000000000000000000e+00
-8.730020500673618677e-01
7.174628092253940159e-02
1.000000000000000000e+00
8.447221583370089215e-01
3.444052921943505097e-01
1.000000000000000000e+00
6.786915130787662953e-01
1.092660793799446750e-01
2.280689162199389941e-01
-1.000000000000000000e+00
-5.262101653414148483e-01
-1.000000000000000000e+00
1.000000000000000000e+00
-1.000000000000000000e+00
4.121764711159735528e-01
8.974952491207914829e-01
2.609450378398109893e-01
-1.000000000000000000e+00
1.884653102711656980e-01
-1.000000000000000000e+00
-9.580469140139878659e-02
-1.328304807506623386e-01
1.000000000000000000e+00
4.185008542392647524e-01
-3.138509679085081383e-01
-1.000000000000000000e+00
-1.000000000000000000e+00
-3.246047575350235470e-01
-4.339894211176988925e-01
1.000000000000000000e+00
-7.329794920836510408e-02
3.044351330453053950e-01
1.000000000000000000e+00
7.636396283555235698e-02
3.813365712647547312e-01
-1.697840252289903040e-01
-7.557707960625807964e-01
7.595316391297921021e-02
3.327391719027076311e-01
-1.000000000000000000e+00
6.785304302436981905e-01
-1.000000000000000000e+00
5.081020514981569036e-01
-1.000000000000000000e+00
-2.198179448589168694e-02
3.076434664960371324e-01
1.000000000000000000e+00
5.843719886511706818e-01
-5.892616033857533270e-02
-1.000000000000000000e+00
-8.824709808289549207e-02
-8.414377082724942003e-01
-7.876619965731244122e-01
-5.586753634198233787e-01
-1.000000000000000000e+00
-1.000000000000000000e+00
1.898084178226343843e-01
-6.281236170408607267e-01
3.902343090509076129e-01
-2.069281938288787259e-01
-1.000000000000000000e+00
1.000000000000000000e+00
1.399510250323665606e-01
-1.340907274193907373e-01
-4.205800215709838419e-01
-1.000000000000000000e+00
-5.347583963280517771e-01
7.631434870080959776e-01
-3.451990502250842918e-01
1.000000000000000000e+00
6.104696471590695950e-01
4.542412230657923988e-01
-9.584390402415474686e-01
6.107846849889662089e-01
6.381457783117608917e-01
-3.826639067988193421e-01
1.754356386548753810e-01
1.438091046899355463e-01
-8.292867999131690038e-01
3.078783187632383456e-01
1.000000000000000000e+00
-2.063704474553569590e-01
-3.555678820260398387e-01
1.000000000000000000e+00
1.000000000000000000e+00
1.000000000000000000e+00
-7.747328614088393461e-01
1.790167698182434375e-01
4.016581038202747256e-01
-1.000000000000000000e+00
1.000000000000000000e+00
-1.000000000000000000e+00
4.736531228997062359e-01
-2.052896003817620274e-01
-7.293078060289042153e-01
-5.778875806065262299e-01
2.570199863700496357e-01
5.723564502992268821e-01
-5.176546794357830272e-01
-7.902086445678828674e-01
5.591955472004684902e-01
6.846579140564120758e-01
-5.523902327720644490e-01
7.087477018456471711e-01
9.301099804500220225e-01
9.986114149006533047e-01
4.540670904780119699e-01
4.493152652641151379e-01
2.736329973081105260e-01
-5.244229414049077498e-01
-1.247291182004467702e-01
8.408296574900013809e-01
-9.238014680009102308e-01
9.691192434299233938e-01
1.753468362834866290e-01
-8.290192415899962919e-01
-4.856887104156920598e-01
-2.338701490278980999e-01
-9.863432352938219516e-01
1.000000000000000000e+00
1.000000000000000000e+00
-3.087390197527846158e-01
-9.341674805964258477e-01
1.000000000000000000e+00
-1.000000000000000000e+00
9.422122365575187342e-01
-7.122142486076248336e-01
1.456304253933261572e-01
1.000000000000000000e+00
-1.000000000000000000e+00
2.118783070950477909e-01
-1.928293655458355738e-01
-1.000000000000000000e+00
-4.746668491688089686e-01
-3.398928378255635513e-02
1.000000000000000000e+00
-5.724187579941835136e-01
4.619165336162232016e-01
3.210458786137917464e-01
-4.766105227052608306e-01
7.021220574355443445e-01
-1.000000000000000000e+00
-5.784256662193237863e-01
-1.667434254371558122e-02
1.000000000000000000e+00
2.835434703984111016e-01
-1.000000000000000000e+00
5.160201485711279901e-03
1.000000000000000000e+00
7.048840631297842441e-01
7.603275458172586987e-01
1.000000000000000000e+00
-7.656673658840400243e-02
1.000000000000000000e+00
-1.000000000000000000e+00
-1.000000000000000000e+00
-1.000000000000000000e+00
1.322568770430017082e-01
-1.000000000000000000e+00
-4.311067246522981011e-01
1.000000000000000000e+00
1.000000000000000000e+00
1.000000000000000000e+00
1.000000000000000000e+00
-1.000000000000000000e+00
-7.012127455669264764e-01
-1.000000000000000000e+00
1.000000000000000000e+00
-3.191375397242846024e-01
-2.386096607612511189e-01
-9.815661271503633989e-01
-1.719285653773140188e-01
1.000000000000000000e+00
-3.909208841783450850e-01
1.000000000000000000e+00
1.000000000000000000e+00
-6.231410931711742762e-01
-3.688826242756682028e-01
4.619585536048900765e-01
-6.735060138939016339e-01
4.814839407356502621e-02
-7.776990241032304407e-01
7.378535193626443167e-01
-1.000000000000000000e+00
5.640911695453809660e-02
-1.000000000000000000e+00
5.714575298604251952e-03
-1.000000000000000000e+00
-2.464640360480966075e-01
-5.193552786406838151e-02
-3.749976982172360529e-01
-7.231790435503583359e-01
1.000000000000000000e+00
3.297044937868982006e-01
-1.000000000000000000e+00
-8.960083744460107802e-01
-1.000000000000000000e+00
1.000000000000000000e+00
9.396681023889699169e-01
1.000000000000000000e+00
9.190647128434717428e-02
-7.939055465463489281e-01
-1.000000000000000000e+00
6.925966621945287560e-01
-3.006656861855782070e-01
-1.007762241549866461e-01
-2.516202560760448237e-01
6.968186992965876847e-01
9.797304809261997427e-01
-2.668576312761327674e-01
-4.073452769465387702e-01
4.550600084794065858e-01
-1.145649100034495937e-02
-6.110393236629165781e-01
1.000000000000000000e+00
-7.969762033234409349e-02
-9.457188160433502855e-01
8.607109313267512496e-01
-7.734516065447862854e-01
1.000000000000000000e+00
1.000000000000000000e+00
-1.985354556877373389e-01
1.000000000000000000e+00
1.000000000000000000e+00
2.943555843393512728e-01
8.222778520977634953e-01
-1.000000000000000000e+00
-6.552985999020632946e-02
5.071365201408989387e-01
-3.345814632705296221e-01
-1.000000000000000000e+00
-2.472949598781227776e-01
-4.481453061178594655e-02
-3.543051922009813337e-01
-1.000000000000000000e+00
-1.000000000000000000e+00
2.714146320989710981e-01
-8.069158924754972484e-02
-1.000000000000000000e+00
-1.000000000000000000e+00
-4.775163963270702694e-01
-1.000000000000000000e+00
1.754923382532612985e-01
-3.855183634453634989e-02
1.492502181964678321e-01
5.435637000354849313e-01
-2.402936695643770326e-01
-4.398086095118358130e-01
1.060958379672858609e-01
-3.349600933267557479e-01
6.915691622466156874e-01
-8.376481952256190078e-02
3.903837474062888946e-01
3.360313241518122496e-01
-6.190733568913985713e-03
1.904757336607128815e-01
1.000000000000000000e+00
-1.000000000000000000e+00
8.309443900612071277e-01
1.000000000000000000e+00
1.000000000000000000e+00
1.000000000000000000e+00
-3.296996715573256576e-01
9.449208952594244648e-01
1.068995836749903061e-01
1.000000000000000000e+00
1.000000000000000000e+00
-8.724516672036312093e-01
5.073833380153149886e-01
2.006454352074265868e-01
-1.000000000000000000e+00
-1.000000000000000000e+00
1.000000000000000000e+00
-9.131241837370686065e-01
-5.833292351995174041e-01
3.605675492245798419e-01
-8.299418891900511852e-01
8.287800095412585222e-01
-1.000000000000000000e+00
1.000000000000000000e+00
1.000000000000000000e+00
-8.053825147080139191e-01
-1.000000000000000000e+00
9.374846947780304252e-01
1.000000000000000000e+00
8.434511192886706699e-01
1.000000000000000000e+00
1.000000000000000000e+00
6.581766428112215683e-01
5.231494865854506848e-01
1.090757280211434033e-01
1.000000000000000000e+00
9.541012584484654946e-01
4.406306154121618635e-01
-3.346806051389532577e-01
1.217666363482401565e-01
-1.995399183117044228e-02
1.000000000000000000e+00
-1.000000000000000000e+00
-2.226286543413733554e-01
1.000000000000000000e+00
6.506535385608286370e-01
-5.040141501272924485e-01
-7.460022558783218072e-01
-1.000000000000000000e+00
9.562207936663346119e-01
3.975042578201504750e-01
2.431138244332893550e-01
3.694032132431498971e-02
-1.000000000000000000e+00
-1.000000000000000000e+00
-1.000000000000000000e+00
-5.514613184932295464e-01
-1.000000000000000000e+00
3.051594233996658412e-01
-5.086429812848071164e-01
1.000000000000000000e+00
6.819184852148210130e-01
1.000000000000000000e+00
4.068000840642190252e-01
-1.000000000000000000e+00
1.000000000000000000e+00
5.148881376598787307e-01
6.770860754214705901e-01
7.742994626597119456e-01
7.193970003267092794e-01
-1.000000000000000000e+00
4.414742123787150918e-01
1.000000000000000000e+00
8.597448932796847298e-03
3.416080360495797330e-01
-5.801068946741734511e-02
-7.875136012891023052e-01
1.000000000000000000e+00
-4.637107288998298937e-02
3.220800430657847491e-01
-2.623917733756471193e-01
-3.875659019694332463e-01
-5.178398744038530399e-01
1.000000000000000000e+00
1.000000000000000000e+00
-7.318487622632101619e-01
1.000000000000000000e+00
8.834454632755518455e-01
-1.736279682131338098e-01
8.069459765087966252e-03
1.000000000000000000e+00
-3.536452940209986462e-01
2.554740468191907810e-01
1.000000000000000000e+00
-5.159090347571205770e-01
-1.000000000000000000e+00
-6.732015147400658428e-01
1.000000000000000000e+00
-6.019374002693436143e-01
1.000000000000000000e+00
-1.000000000000000000e+00
-9.910731898226610159e-01
1.000000000000000000e+00
-1.000000000000000000e+00
2.393554151255802842e-01
3.480469843622745474e-01
4.207209371293664235e-01
-9.150574416107699616e-01
2.979184744364674620e-01
4.176289607913587498e-01
-2.471361616097247360e-01
-9.667614178705377093e-01
-1.000000000000000000e+00
-3.669512423123338363e-01
-6.166485167734458983e-02
-1.000000000000000000e+00
-1.000000000000000000e+00
-1.949903803971266003e-01
7.704643077880433122e-01
-1.000000000000000000e+00
-2.109520811950006680e-01
5.724859478064101559e-01
-3.497856307789722896e-01
-4.953623952537896669e-01
6.951246847975816046e-01
1.000000000000000000e+00
7.422897611125632844e-01
-9.498045550416513993e-01
1.177675260198454282e-01
-7.588042817721154520e-01
1.000000000000000000e+00
7.845946027498332809e-01
1.766486117012477930e-01
-1.000000000000000000e+00
5.888413423760888721e-01
4.247860066717814576e-01
-3.394104380500110874e-01
-1.000000000000000000e+00
-1.000000000000000000e+00
6.876666849500169265e-01
6.977723551282611902e-01
-7.848537316640744610e-01
-4.361213768163174631e-01
-2.587133336337830158e-01
9.081781531395572982e-01
-7.987121856354368887e-01
-3.635358919507603037e-01
-1.689860321448864999e-01
-1.000000000000000000e+00
6.365622495579594808e-01
1.000000000000000000e+00
1.000000000000000000e+00
-1.000000000000000000e+00
3.774709590979953844e-01
-3.711739923794671325e-03
-1.000000000000000000e+00
-4.057761689197513788e-01
-1.000000000000000000e+00
1.496850442296673855e-01
2.091690576866871432e-01
2.947233705872177589e-01
-1.526524137455105012e-01
8.819936680178550037e-02
-1.000000000000000000e+00
-7.529292615204656869e-01
2.577788287884413276e-01
-6.387212155413746206e-01
5.422634889984652151e-01
-3.981834044632531211e-01
1.000000000000000000e+00
8.509663222045764641e-01
9.355643478886102038e-01
2.379190301072165725e-01
-1.000000000000000000e+00
-1.000000000000000000e+00
-1.000000000000000000e+00
-1.000000000000000000e+00
4.486320278764921454e-01
3.778125642120824246e-01
-5.570538141407180843e-01
-5.151063953756269687e-01
6.700014021126461383e-01
1.000000000000000000e+00
-5.384709214789892284e-01
-1.397765221010110748e-01
1.637133281593272649e-02
1.000000000000000000e+00
1.388542724885980517e-01
1.000000000000000000e+00
-5.424193590530869136e-01
-5.232676690656823393e-01
-1.000000000000000000e+00
1.000000000000000000e+00
1.000000000000000000e+00
-1.000000000000000000e+00
7.758742648970257116e-02
-3.700243300529576507e-01
4.627921255197892103e-01
3.527904223827237340e-01
-1.000000000000000000e+00
3.886393500565883952e-01
-2.858243179910225362e-01
9.955620942642380289e-01
-1.000000000000000000e+00
-2.551798781145457884e-01
-1.269866353520879565e-01
-1.512814785824292407e-01
1.000000000000000000e+00
1.000000000000000000e+00
-1.000000000000000000e+00
-8.131227650222801195e-02
8.460663520952671490e-01
1.000000000000000000e+00
8.943964916675450905e-01
-3.057638084576681514e-01
1.000000000000000000e+00
-6.949348608999957877e-01
6.406168047141397315e-01
-1.000000000000000000e+00
1.239867994413430402e-01
-1.000000000000000000e+00
-4.144712953324024007e-01
2.954008468860236380e-03
3.606302098460721917e-01
-1.068724878886705837e-01
1.130503745214556099e-01
-2.096443770675664731e-01
7.081901200269677954e-01
1.000000000000000000e+00
-7.199032573320433004e-01
2.928372839686856355e-01
1.772726661884910793e-01
-6.558799356377426060e-01
2.720667308624197256e-01
6.934117446535449369e-01
-1.000000000000000000e+00
1.090159974986581459e-01
-5.016726513748933636e-01
-1.000000000000000000e+00
-5.701209336245250947e-01
-6.428772132824813745e-01
2.206902047521483723e-01
7.386194428783576793e-01
5.762702761624575176e-01
-1.000000000000000000e+00
1.000000000000000000e+00
7.186858465963190667e-01
1.000000000000000000e+00
3.263008777375732694e-01
1.000000000000000000e+00
1.601499472061462814e-01
-1.000000000000000000e+00
-8.295033424601740979e-01
4.623161381825369731e-01
-1.000000000000000000e+00
-4.485329667674228249e-01
-6.775916520303267854e-01
1.000000000000000000e+00
5.254781207661596287e-01
-1.000000000000000000e+00
9.148847653103647781e-01
-1.000000000000000000e+00
-6.031677509296000661e-01
1.000000000000000000e+00
-1.000000000000000000e+00
-1.000000000000000000e+00
1.000000000000000000e+00
1.000000000000000000e+00
-1.000000000000000000e+00
2.941797015188537534e-01
1.000000000000000000e+00
-9.165321312901373307e-01
-6.118080436047808046e-01
-7.679044553249090299e-01
-1.000000000000000000e+00
-1.424210579832862200e-01
-1.443069974159583158e-01
-8.946911951009938191e-01
-1.000000000000000000e+00
3.215677237932358934e-01
-1.505910903891437003e-01
-5.334354842070785363e-01
1.000000000000000000e+00
-1.225356281719814366e-01
1.000000000000000000e+00
1.000000000000000000e+00
-1.101435263777269524e-01
1.000000000000000000e+00
6.881537631720108239e-02
-9.991169470130698560e-01
1.726280363326341272e-01
1.524585111364477052e-01
1.000000000000000000e+00
8.337930487881981545e-01
1.000000000000000000e+00
-9.530685511900158779e-01
-4.279875493986473045e-01
-7.074809798894839963e-01
1.082812365780613517e-01
-4.315506223045884604e-01
-1.000000000000000000e+00
-5.467148273201520858e-01
-5.927132467325371135e-01
-5.944001674087712184e-01
8.091466528499875466e-01
-1.000000000000000000e+00
1.000000000000000000e+00
8.024920206182576399e-01
-7.204579759355006496e-01
-1.000000000000000000e+00
1.000000000000000000e+00
1.000000000000000000e+00
1.000000000000000000e+00
4.134671959992241019e-01
1.000000000000000000e+00
-1.461575206776676017e-01
1.000000000000000000e+00
-1.000000000000000000e+00
-5.786417486656211251e-01
-1.000000000000000000e+00
1.000000000000000000e+00
3.588990832185667279e-01
-1.000000000000000000e+00
1.000000000000000000e+00
-9.237117297430851304e-01
6.604983698232875788e-01
6.853236328928196119e-01
9.452920544985833340e-01
-7.370660227746661519e-01
-3.463599884244667471e-01
1.000000000000000000e+00
7.568696342623593143e-01
-8.932416379352471347e-01
-8.845857721464998047e-01
1.000000000000000000e+00
3.895096739520781948e-01
-8.244824947411901750e-01
-3.937280701018822660e-01
-2.370623175050779463e-01
8.531538326528986804e-01
1.982910210573750609e-01
2.557313697878285663e-01
1.000000000000000000e+00
6.041630595421705607e-02
1.504374010223488191e-02
1.000000000000000000e+00
5.891081031482588992e-01
-6.849809877118833157e-01
-1.000000000000000000e+00
-4.567072516562274420e-01
6.740345533961211721e-01
-8.616776506706819161e-01
-1.000000000000000000e+00
-7.485127871544371425e-01
-8.208541111219818109e-01
-1.000000000000000000e+00
-1.000000000000000000e+00
4.558257435481183895e-01
-1.000000000000000000e+00
1.194561580388202454e-01
-7.532590372061816197e-02
-1.000000000000000000e+00
-1.000000000000000000e+00
7.860374770301329361e-01
-1.418486818998490606e-01
-6.783913688050607904e-01
-3.768866672914636395e-02
-5.747718274671018701e-01
-5.676558333428936010e-01
8.053694875426609112e-02
-7.147530465340210526e-01
2.125897142193823031e-01
7.340834942836829136e-01
-1.000000000000000000e+00
3.634840994587728025e-01
-1.987182279316280775e-01
5.792548020440972945e-01
7.448826011398629321e-01
5.954127786663874211e-01
-7.870833140821817953e-01
1.000000000000000000e+00
-9.784527364654710402e-02
-7.828928681416670310e-01
6.809973482102087416e-01
-9.658791183704552585e-01
-2.166477464333934344e-01
3.898642260056024988e-01
3.187756454021601349e-01
1.000000000000000000e+00
-1.000000000000000000e+00
1.000000000000000000e+00
-4.263304665368624624e-01
-1.897378528356623850e-01
-1.000000000000000000e+00
-1.705845208034484084e-01
1.000000000000000000e+00
-1.479486429558233285e-01
3.530494860165641624e-01
-1.466010202720925693e-02
-1.000000000000000000e+00
1.000000000000000000e+00
9.631219006858083853e-01
-1.000000000000000000e+00
-5.542324390231346820e-01
-9.749026785485231938e-01
-3.713215435001645526e-01
4.409460368113452544e-01
-2.595401983470904117e-01
5.915101521097132498e-02
-1.000000000000000000e+00
-2.751767756866378978e-01
1.000000000000000000e+00
2.018398724230465180e-01
-8.200476246979727657e-01
7.109910401616565956e-01
-1.000000000000000000e+00
-4.007604603008228517e-01
-1.000000000000000000e+00
-1.000000000000000000e+00
1.000000000000000000e+00
-1.000000000000000000e+00
4.726882470181402729e-01
-1.000000000000000000e+00
-4.512464369543209841e-01
-7.053050809631655760e-01
-2.268820564587583910e-01
-8.163994219937824592e-01
-1.000000000000000000e+00
-1.424181292427328938e-02
-1.000000000000000000e+00
-4.060157925255493128e-01
1.000000000000000000e+00
-1.000000000000000000e+00
-8.067127813643075462e-02
7.065459857027769353e-01
2.021879074320754588e-01
-1.000000000000000000e+00
-1.000000000000000000e+00
4.762552133364439388e-01
1.000000000000000000e+00
-1.000000000000000000e+00
-1.000000000000000000e+00
2.942179114347784341e-01
-6.573030929837143654e-01
9.564309206259706819e-01
8.738395016388940395e-02
-1.000000000000000000e+00
-1.000000000000000000e+00
-6.975296191211192154e-01
1.000000000000000000e+00
1.000000000000000000e+00
-6.255687286684636916e-01
3.849936596663573463e-01
-1.000000000000000000e+00
4.028329518319117564e-01
-1.000000000000000000e+00
-6.252239920291710051e-01
-2.635603639457471115e-01
2.950182645201480103e-01
1.639451022006327696e-01
-1.000000000000000000e+00
1.158402197547031554e-01
-5.416229718713175822e-01
1.000000000000000000e+00
9.842871770682763977e-01
9.069030092109189312e-01
-5.730445646738924204e-01
-1.000000000000000000e+00
-7.700222382969229562e-01
-1.000000000000000000e+00
7.632103237784675365e-01
-9.205639360911888058e-01
8.148684508643762037e-01
7.216043461360740485e-01
-1.000000000000000000e+00
-8.238856582956649577e-02
4.535593083221132749e-01
-9.252783642928026353e-01
-2.296289261215569977e-01
-1.000000000000000000e+00
-5.118657447850207820e-01
-1.000000000000000000e+00
-2.973640088049637198e-01
-1.641623235169891726e-01
1.000000000000000000e+00
7.496220878577225522e-01
-4.240771022854681882e-01
-2.922123428690906466e-01
7.551300843318350386e-01
8.084335078448157130e-01
-5.092214131791330534e-01
1.000000000000000000e+00
1.000000000000000000e+00
6.209817237320580663e-01
8.418738035750449322e-01
1.000000000000000000e+00
-1.579910731770340915e-01
3.787309744749705609e-01
-9.924973278241699948e-02
1.732760193321807585e-01
9.280236601497594551e-01
-3.768409163447516974e-02
-1.000000000000000000e+00
8.899072930133673509e-01
-3.145922799336221543e-01
-6.374482819966675873e-01
-3.646548037721041025e-02
-8.148187430604587611e-01
-4.163371626647855983e-01
-8.233260217204096953e-01
2.652663610508278202e-02
7.549411568751858426e-02
7.924422462799404210e-01
5.844917506689513154e-01
-1.000000000000000000e+00
1.000000000000000000e+00
-7.144939406258213888e-01
4.416847983513952358e-01
1.000000000000000000e+00
-9.643513184309290276e-01
-6.969822968972285704e-01
-9.617560114610759214e-01
-2.604129354917803507e-01
-1.000000000000000000e+00
-5.892091580542951901e-01
4.272897382879719541e-01
8.544141821504123158e-01
-7.202477090677477101e-01
3.758245357704738387e-02
-1.000000000000000000e+00
9.837354608199633255e-01
6.607288701911910866e-01
-1.000000000000000000e+00
-1.000000000000000000e+00
1.000000000000000000e+00
-1.000000000000000000e+00
-8.635312443245513059e-01
1.000000000000000000e+00
3.849205630797999933e-01
1.000000000000000000e+00
6.992614096843464688e-01
1.000000000000000000e+00
1.193505025694423793e-01
-1.000000000000000000e+00
-6.125064149401358016e-01
9.897494002709819050e-01
-3.614971677921641202e-01
-1.000000000000000000e+00
3.814656464228267652e-01
1.000000000000000000e+00
5.813187961473006427e-01
-8.286145701043619027e-01
2.070401872859346792e-01
1.000000000000000000e+00
2.010556860261629719e-01
-9.454716508768303829e-01
3.776405951433002839e-01
1.000000000000000000e+00
1.000000000000000000e+00
-1.650209626841705191e-01
7.359564273089674868e-01
3.315454774854160735e-01
2.471253510771222461e-01
-1.656058321944212375e-01
5.154154324706653467e-01
-4.710981361645324439e-01
1.000000000000000000e+00
6.147796664972996483e-01
1.000000000000000000e+00
2.682603604461162305e-01
8.524487875201567366e-01
8.254593135437275908e-01
1.000000000000000000e+00
-4.190387083419472303e-01
4.398722169844596630e-01
6.961719886147083036e-02
1.000000000000000000e+00
-1.000000000000000000e+00
-4.543845948520087163e-01
1.000000000000000000e+00
9.518142246986271982e-02
6.960497320963070500e-01
-5.256658614553143538e-01
1.000000000000000000e+00
-1.269351057067224509e-01
-1.000000000000000000e+00
5.281221940825171490e-01
1.000000000000000000e+00
-4.448590535818062741e-01
1.000000000000000000e+00
-6.939700318011823299e-01
2.445542848535961766e-01
-2.518734237502173734e-01
-4.187909627204400992e-02
-1.000000000000000000e+00
5.268203401279653725e-02
-1.370714469146219194e-01
5.270575007446663685e-02
3.629268669284407833e-01
5.177424441665701149e-01
5.401710267651207431e-01
-5.041279198551414931e-01
1.048417284006361722e-01
-1.000000000000000000e+00
3.110541910810071808e-02
1.000000000000000000e+00
-9.452377086860414002e-01
-8.241347194359818218e-01
1.000000000000000000e+00
6.513462086797472406e-02
-5.327955321789855647e-01
-1.878216665450609946e-01
9.116140977118296629e-01
-1.884161596849420195e-01
2.868217666072189198e-01
-8.341027386101252938e-01
4.455062319563667939e-01
-2.410189600477502525e-01
-1.000000000000000000e+00
-8.152390046347096630e-01
-7.454225808401038211e-01
-3.676311267037911668e-01
5.321254054318242943e-01
-7.645769588100512215e-02
3.556271032664134468e-01
-1.000000000000000000e+00
5.334142079358961119e-02
1.000000000000000000e+00
-8.932954497314522513e-01
-1.000000000000000000e+00
1.000000000000000000e+00
-1.000000000000000000e+00
1.000000000000000000e+00
2.831813006757455398e-02
5.462716338302335828e-01
-1.000000000000000000e+00
-7.896985244393918135e-01
-1.000000000000000000e+00
5.165979413907210160e-01
4.444044775390168511e-01
5.897578564723078287e-01
-4.488118184090476026e-01
1.000000000000000000e+00
-1.000000000000000000e+00
-5.354522934903438447e-01
3.865826109622264584e-01
2.924707461759090688e-01
-1.000000000000000000e+00
-1.000000000000000000e+00
-1.812090195225568579e-02
4.382135502564636909e-01
-1.000000000000000000e+00
6.392922526574591480e-01
3.673794385860545408e-01
6.396183397904030565e-01
-7.068564509154697806e-01
8.515823733941501050e-01
1.086424082425207216e-01
8.984449224704414982e-01
1.000000000000000000e+00
1.000000000000000000e+00
8.471513222895481476e-01
-1.000000000000000000e+00
-7.008955680121495835e-01
-1.000000000000000000e+00
1.519475570788865471e-01
1.000000000000000000e+00
1.000000000000000000e+00
-1.000000000000000000e+00
-7.709973165187112842e-01
8.359097313308085919e-01
-6.201641409986410891e-02
-3.044850165591392877e-01
1.000000000000000000e+00
-1.000000000000000000e+00
-1.000000000000000000e+00
2.225009730317006051e-01
1.000000000000000000e+00
-1.000000000000000000e+00
-1.036730010637584021e-01
-1.000000000000000000e+00
-2.838428190411477758e-01
-5.620300487657438060e-01
-9.345203052801192012e-01
9.860365687212632180e-01
-1.000000000000000000e+00
-6.020127026744790388e-01
1.000000000000000000e+00
4.081339562081160999e-01
1.000000000000000000e+00
1.722816270863409549e-01
1.000000000000000000e+00
1.000000000000000000e+00
-7.978900991120216890e-01
-1.000000000000000000e+00
-5.491741794483361305e-01
1.000000000000000000e+00
-3.247073447603527341e-01
6.296272798760274569e-02
1.000000000000000000e+00
8.046461676094051052e-01
6.100565907401979127e-01
-5.381557764960188672e-01
-7.912918294543251907e-01
-1.102478733768549879e-01
-3.472010545459011666e-01
-4.038335684741417575e-01
-1.000000000000000000e+00
-1.111782301552503016e-01
3.498805059495153635e-01
4.317452420171672411e-01
-1.000000000000000000e+00
1.653799417357604273e-03
-2.810033564084832847e-01
-9.578899100726547822e-01
-1.562096195397975340e-01
1.000000000000000000e+00
-6.183542270290969256e-01
1.000000000000000000e+00
9.993584648390696490e-01
-6.123474473369875382e-01
-4.616764980348038172e-01
-1.000000000000000000e+00
4.178389385636617770e-01
-2.262131379027202682e-01
-1.694528368560543063e-01
6.035869916151492820e-02
6.917303332406463667e-01
3.529204491760858931e-01
4.172025609515655487e-01
-1.980998073257488057e-01
-1.000000000000000000e+00
-2.662948539403803827e-01
-4.850520978349599499e-01
2.093909575604970263e-01
1.000000000000000000e+00
3.999721224713643775e-01
7.791227443554847587e-02
4.052056106670631763e-02
-1.000000000000000000e+00
-1.000000000000000000e+00
-1.000000000000000000e+00
-4.340229381091161298e-01
1.000000000000000000e+00
-1.000000000000000000e+00
-7.953194804720268296e-01
1.000000000000000000e+00
-6.255566241621410284e-02
-1.000000000000000000e+00
1.000000000000000000e+00
4.417312584182002122e-01
1.000000000000000000e+00
1.000000000000000000e+00
1.000000000000000000e+00
9.541496389144079604e-01
-5.526906000499820504e-01
1.000000000000000000e+00
-3.050199539482695982e-02
-5.313458818365774938e-01
5.642954440117317061e-01
1.000000000000000000e+00
-6.040622059769480412e-01
3.022596871472351121e-01
-1.105195028293926018e-03
-8.748368674468830486e-01
-1.000000000000000000e+00
-6.919647586310481713e-02
-1.000000000000000000e+00
-3.636720692630263652e-01
-8.355765435123824192e-01
1.000000000000000000e+00
4.360630161609009292e-01
1.000000000000000000e+00
1.000000000000000000e+00
5.341032992486171027e-01
-1.000000000000000000e+00
-6.758900259765181495e-01
-8.831535536472034931e-01
1.000000000000000000e+00
-5.817082786331617683e-01
9.461628130800836534e-01
-1.000000000000000000e+00
-7.751033340261943572e-01
-1.000000000000000000e+00
-1.000000000000000000e+00
1.000000000000000000e+00
-8.301999548917470273e-01
-1.000000000000000000e+00
-9.587439954956442634e-01
3.052856569214580998e-02
3.126524246889283432e-01
8.674963783080469337e-01
1.000000000000000000e+00
-9.083567359577147116e-01
9.206776062907147118e-01
1.000000000000000000e+00
-6.424193152779776872e-01
-3.413847537873950788e-01
3.490668579936430371e-02
1.000000000000000000e+00
1.000000000000000000e+00
5.787917073974775395e-01
-7.222601030226487584e-01
-1.000000000000000000e+00
4.088074627445268949e-01
2.916041970878110456e-01
8.167009450536170112e-01
-3.874537854378450330e-01
-3.803687682583732910e-01
1.000000000000000000e+00
-5.670326869951825000e-02
2.238420770112783953e-01
-1.000000000000000000e+00
1.000000000000000000e+00
6.987287121069781781e-01
1.000000000000000000e+00
-1.000000000000000000e+00
6.442182530439196642e-01
-6.156298702345666118e-01
-6.697212455830520161e-03
-6.985195501807471841e-01
1.000000000000000000e+00
-1.378204969964682003e-01
-1.000000000000000000e+00
5.561559842753697191e-01
9.205578724059920726e-01
1.000000000000000000e+00
-1.000000000000000000e+00
5.297462446371717926e-01
-6.631894352026115880e-02
-3.348705617115300681e-01
-1.000000000000000000e+00
-1.000000000000000000e+00
6.313809662166157688e-01
3.249084928939943162e-01
6.940763271378864729e-01
-6.576275671619749019e-01
-7.841197313640555500e-01
-1.000000000000000000e+00
6.964248411154889684e-01
3.518160532479355229e-01
-7.538151003891406798e-01
-6.142500666136216925e-01
-4.007745509325869038e-02
-9.685860798530298021e-01
1.000000000000000000e+00
-8.532984531502930681e-01
1.000000000000000000e+00
-1.000000000000000000e+00
6.929123141351423154e-01
1.000000000000000000e+00
5.645932936764429533e-01
1.000000000000000000e+00
8.063599460475199265e-01
-5.135827764989724376e-01
-4.904753856610970519e-01
9.032210809435951004e-01
1.000000000000000000e+00
-1.000000000000000000e+00
-5.132788829035728195e-01
1.000000000000000000e+00
-9.248950061863749905e-01
-9.877283547805932873e-01
-5.477173313199771298e-01
2.190660114914111389e-01
2.573356821886311763e-01
-5.043356269931997815e-02
1.804645399582366083e-01
7.536773289135521026e-01
9.923197538882972957e-01
1.537160044821910820e-01
-1.000000000000000000e+00
2.582806402026595061e-01
-1.000000000000000000e+00
-1.000000000000000000e+00
-7.498304583195247730e-02
-2.330602841975669415e-01
-1.038476977449699218e-01
-1.000000000000000000e+00
-1.000000000000000000e+00
-6.431044212839202023e-01
1.000000000000000000e+00
1.000000000000000000e+00
2.948910225668531226e-01
5.823345830525717970e-01
1.000000000000000000e+00
7.801807283470126864e-01
