1.000000000000000000e+00
-6.715334391926139901e-01
-6.658225343679147201e-02
-9.096679818345478064e-02
1.000000000000000000e+00
1.000000000000000000e+00
-1.000000000000000000e+00
1.000000000000000000e+00
3.707144744203731968e-01
8.459803267419364614e-01
6.124614954587813687e-01
4.068433511352939624e-02
-2.394926632282856627e-01
-9.370977405685542161e-01
1.000000000000000000e+00
3.515422809217387812e-01
-1.805483547824484614e-01
6.694242425591009349e-01
-7.131488401840085922e-01
2.341940166679008783e-01
-1.000000000000000000e+00
1.000000000000000000e+00
-1.000000000000000000e+00
1.000000000000000000e+00
3.903115632222149411e-01
-1.000000000000000000e+00
4.184344137531590402e-01
5.506002896497054211e-01
-1.850517076351954060e-02
2.558005795952931205e-01
1.000000000000000000e+00
-2.537670339770490835e-01
-9.257748154621903147e-01
-7.583062707059258223e-01
1.000000000000000000e+00
6.819057460116261238e-01
-1.000000000000000000e+00
5.056203449646164971e-01
-1.000000000000000000e+00
7.310023322227776621e-02
5.200040691750442701e-01
1.000000000000000000e+00
-1.000000000000000000e+00
6.450786388803123605e-01
-4.773495818489731368e-01
4.339862620067702625e-01
-1.000000000000000000e+00
-6.883643592208327222e-01
4.733831250084171716e-01
6.380048828294742069e-01
-1.000000000000000000e+00
-9.274575289360540431e-01
8.046802454964538942e-01
6.673192871992701392e-01
1.000000000000000000e+00
1.000000000000000000e+00
6.494332575929402385e-01
-1.702560424403423145e-01
-1.000000000000000000e+00
8.169194616585666591e-01
7.793370942092204823e-01
-2.221163185784114646e-01
7.491569179452159943e-01
1.000000000000000000e+00
-1.000000000000000000e+00
-8.595204718594002813e-01
1.000000000000000000e+00
1.000000000000000000e+00
2.241128011215070270e-01
6.592361268352948667e-01
-1.000000000000000000e+00
1.000000000000000000e+00
-4.082313268772236881e-01
-8.073547234546484264e-01
1.000000000000000000e+00
-1.000000000000000000e+00
-1.000000000000000000e+00
1.000000000000000000e+00
1.989118905271987092e-01
3.547982656023153103e-01
1.000000000000000000e+00
-2.150736023095389457e-02
8.022005764414611440e-01
1.000000000000000000e+00
5.154401174450653489e-01
1.000000000000000000e+00
-1.000000000000000000e+00
-1.000000000000000000e+00
-1.000000000000000000e+00
-1.000000000000000000e+00
-4.720380097606665659e-01
1.824334444375220188e-01
3.418063839672273452e-01
8.058612811752317029e-01
4.431668546417005805e-01
1.762476712528859846e-01
-6.577277603961269037e-01
8.210752998672157243e-01
4.667941067005043632e-01
-4.851132398546964541e-01
-7.234447472170890681e-01
5.071494206336835120e-01
-1.000000000000000000e+00
-7.406052479900560037e-03
-1.000000000000000000e+00
-1.000000000000000000e+00
-1.000000000000000000e+00
9.449151084407767520e-01
3.042906019635538417e-01
1.989843376539877084e-01
-8.935462429112561722e-01
1.000000000000000000e+00
1.000000000000000000e+00
7.149358264827063714e-01
9.617064572574200998e-01
-1.000000000000000000e+00
8.458461933918990372e-01
-1.017326911690913382e-01
6.211018562934687015e-01
-6.610415274943707287e-01
1.000000000000000000e+00
-3.689712333489075236e-01
9.592690252447270971e-02
-1.000000000000000000e+00
8.216016365467797566e-01
-3.340638839952634331e-01
6.461278879948900711e-01
-1.000000000000000000e+00
-1.649613507380222333e-01
-1.000000000000000000e+00
9.217413072576842170e-01
1.000000000000000000e+00
-1.938806901479490918e-01
1.000000000000000000e+00
-1.000000000000000000e+00
1.000000000000000000e+00
6.650983194502280149e-01
-9.608628468415855717e-02
-1.105168273867964124e-01
3.274087755350930939e-02
1.000000000000000000e+00
-9.427821817247223901e-01
-1.077073332125625393e-01
-7.486396063733858908e-01
1.000000000000000000e+00
-3.228284479068081469e-01
1.957010102566539844e-01
-1.000000000000000000e+00
2.622685374436540817e-01
-1.000000000000000000e+00
1.000000000000000000e+00
-1.000000000000000000e+00
1.000000000000000000e+00
-4.280282536006996263e-02
-1.000000000000000000e+00
-4.405203071999573283e-01
1.000000000000000000e+00
-9.779763123465394781e-01
1.000000000000000000e+00
-1.000000000000000000e+00
1.000000000000000000e+00
-4.569450350985000409e-01
7.413472305318365985e-01
5.171728220120743735e-01
-4.657425890767930010e-01
-4.548232214613059377e-01
1.000000000000000000e+00
-7.719133727618485707e-01
-1.000000000000000000e+00
-1.000000000000000000e+00
1.000000000000000000e+00
-1.015957168479692252e-01
1.000000000000000000e+00
-1.000000000000000000e+00
-4.351541779028837986e-01
-1.000000000000000000e+00
6.701897278474495678e-01
-2.926289319525741117e-01
3.031650725853447526e-01
-1.000000000000000000e+00
1.000000000000000000e+00
-1.000000000000000000e+00
-1.000000000000000000e+00
-7.633071098199855076e-01
-2.430634712598703229e-03
-1.000000000000000000e+00
1.000000000000000000e+00
-5.073807905620133507e-01
-8.130057018270824276e-01
2.451821385905654793e-01
3.020004092756334302e-01
-1.000000000000000000e+00
1.000000000000000000e+00
9.488302147542627685e-01
1.000000000000000000e+00
-7.931147823115382023e-01
5.581685849327416848e-01
-6.321500165193608689e-01
-5.648022782019775923e-01
6.809689601094497391e-01
-1.000000000000000000e+00
-3.515529075524986835e-01
-3.385451875710515646e-03
-3.404751849583339540e-01
1.573171888920955885e-01
-1.000000000000000000e+00
1.000000000000000000e+00
8.665296946623041174e-01
-1.000000000000000000e+00
-9.414564518851453734e-02
1.000000000000000000e+00
1.726952403791559287e-01
2.188703934732430800e-01
4.660504044531056933e-01
1.000000000000000000e+00
-6.913716033588409582e-01
1.000000000000000000e+00
1.000000000000000000e+00
-1.000000000000000000e+00
-2.573223897775751556e-01
1.000000000000000000e+00
1.000000000000000000e+00
-1.000000000000000000e+00
-4.073636093526671331e-01
-8.709307897651288322e-01
-3.176702691195779082e-01
-6.931744718787246073e-01
4.608195123228931989e-01
-7.024690123595911384e-02
6.906142173539787654e-01
-2.689072137181757749e-01
1.000000000000000000e+00
1.149393417560361369e-01
1.000000000000000000e+00
8.261274387790238372e-01
1.000000000000000000e+00
1.000000000000000000e+00
1.000000000000000000e+00
-1.952689286962593085e-01
-1.000000000000000000e+00
2.760933772279435816e-01
1.000000000000000000e+00
-1.000000000000000000e+00
-1.000000000000000000e+00
-6.958535800367395829e-01
3.688158342776505227e-01
-1.000000000000000000e+00
-3.831345528115248644e-01
1.000000000000000000e+00
7.721455633952160058e-01
-2.296881674813291419e-01
-9.050045339411694201e-01
-8.981702733468168720e-01
-1.000000000000000000e+00
-1.000000000000000000e+00
1.000000000000000000e+00
-6.784550253861265645e-01
3.164100898970116926e-01
6.785737740888104774e-01
-7.716325006190323244e-01
3.310964223637665182e-01
1.522322918463319408e-01
6.874428527679845580e-01
-3.929964264560972254e-01
-9.331589602577493592e-01
-1.000000000000000000e+00
3.061941384880964012e-01
-1.242476463109798424e-02
1.000000000000000000e+00
-1.000000000000000000e+00
9.656834750944977008e-01
1.037041099849278503e-02
2.983312762974732468e-01
6.307427417763983302e-01
1.000000000000000000e+00
-1.000000000000000000e+00
-6.991447605021361422e-01
1.760469974029628126e-01
-1.000000000000000000e+00
1.000000000000000000e+00
1.000000000000000000e+00
-8.294004822105637276e-01
3.260787591835965782e-01
-3.747856919184753832e-01
-7.096959079926056235e-01
2.291108185946107989e-01
7.942054032500998062e-01
1.000000000000000000e+00
4.901338833709620868e-01
-4.827574663030715918e-01
6.213210252693492919e-01
5.173612607555863052e-01
4.411549237631265941e-01
2.979034120993174772e-01
1.000000000000000000e+00
6.299069802660489659e-02
-8.579553838434411661e-01
-1.000000000000000000e+00
-3.441706931705387218e-01
1.000000000000000000e+00
1.000000000000000000e+00
1.000000000000000000e+00
1.000000000000000000e+00
-7.078442789966518656e-02
-6.563716614240040492e-01
1.000000000000000000e+00
-8.301239409757349419e-01
7.553854558071150249e-01
4.271086420745668355e-01
1.000000000000000000e+00
7.236365593380174044e-01
2.218011101795782647e-01
1.000000000000000000e+00
-1.530223783600238585e-01
-1.000000000000000000e+00
-1.310748102160981532e-01
1.000000000000000000e+00
-1.000000000000000000e+00
1.000000000000000000e+00
-9.518218160439553266e-01
-9.612869744865114585e-01
-3.306617904851484324e-01
9.710608859077041188e-02
-1.863285285853545914e-01
-1.000000000000000000e+00
-8.256028780203626682e-02
1.000000000000000000e+00
1.000000000000000000e+00
-1.000000000000000000e+00
2.736455051576183739e-01
1.000000000000000000e+00
1.000000000000000000e+00
-3.187594908332495591e-01
1.957878459135964921e-01
1.000000000000000000e+00
4.178794404124526185e-01
3.469811805997143062e-02
-8.444612603719230393e-01
9.112532260776112780e-02
-5.784144624975234850e-01
4.151287361564353073e-01
-9.799340170211078005e-02
-1.000000000000000000e+00
2.735559360449797417e-01
-3.819345480299805584e-01
-6.787483115423935676e-01
-1.000000000000000000e+00
1.000000000000000000e+00
-4.424505796144956316e-01
7.648766847046690742e-01
-2.099846082783473067e-01
-6.272955978338088379e-01
-1.000000000000000000e+00
-6.513965725244788008e-01
3.068501478932923465e-01
-1.855703038556708040e-01
1.000000000000000000e+00
-1.000000000000000000e+00
6.929643640198154264e-01
1.000000000000000000e+00
1.545194385421271299e-01
5.878926112715150420e-01
3.289918188890206263e-02
1.000000000000000000e+00
3.764261835019404590e-01
-3.899091340580522758e-01
9.015612043759111405e-01
-1.689945485602799558e-01
1.637256750175984932e-01
2.445262075227596643e-01
-8.750936028402106492e-01
-2.168064813735448015e-01
-9.981825835259584556e-01
-8.813943499184039299e-01
5.850290776557343086e-02
1.000000000000000000e+00
-8.096876360017314367e-01
3.590423620955596196e-01
1.000000000000000000e+00
-1.000000000000000000e+00
-9.268083462446105036e-01
3.341921277818534763e-01
-2.199823441824871606e-01
-7.997259532414813243e-01
-6.799291709647437010e-01
-1.952019236633506793e-01
-5.998845593352329919e-01
-9.817064586805963611e-01
1.000000000000000000e+00
9.874610048865299916e-01
-1.000000000000000000e+00
4.764347388532457206e-01
7.389189607271837712e-01
-1.000000000000000000e+00
5.387716831817207508e-01
1.000000000000000000e+00
-1.927711204689270819e-01
-5.732654990524232996e-02
8.504131829720086300e-01
1.000000000000000000e+00
1.000000000000000000e+00
-1.000000000000000000e+00
-7.367937504141344185e-01
9.744091628821558437e-01
-6.204077232797868824e-01
2.203638376440644753e-01
4.004829309053914432e-01
-5.285131102810204651e-02
9.535066045078317842e-02
-5.475859603536581410e-02
-5.693636650235991414e-01
1.000000000000000000e+00
9.115716855919721029e-01
8.420517356940872000e-01
-1.000000000000000000e+00
1.000000000000000000e+00
1.000000000000000000e+00
5.391325338915988752e-01
1.000000000000000000e+00
1.598699614594226992e-01
1.000000000000000000e+00
1.000000000000000000e+00
1.000000000000000000e+00
-1.880681938448668655e-01
-1.784375242613281398e-01
6.910946662763383097e-01
-3.770599435749628636e-01
-8.313132139203517346e-01
1.000000000000000000e+00
6.456450509068708543e-01
8.139405504640978561e-01
3.753420639220604316e-01
-9.496184340602815688e-01
1.841363330056897674e-01
-1.017320619841055596e-03
-8.325311699650714825e-01
-7.218980122632627783e-01
3.228781914074259629e-01
1.000000000000000000e+00
-6.083993117113704052e-01
-2.492331483398806946e-01
-2.234350855608194242e-01
-2.155046548356266689e-01
-1.000000000000000000e+00
4.858636996956027243e-01
5.230022272768359848e-01
-7.322773519588363644e-01
6.343184370034189445e-01
-1.000000000000000000e+00
-1.640406808294213870e-01
4.696953295603620848e-01
-1.080822976752167236e-01
-7.328392795671843096e-01
9.509622471048992942e-01
3.573882129676383412e-01
-5.156082702621511693e-02
-1.097350415421951553e-01
-2.876647829554349056e-01
-1.000000000000000000e+00
1.281625447263117501e-01
-5.676367397650209368e-01
-1.916497283964568865e-01
-8.860467538428864476e-01
-8.246117135197365000e-01
1.000000000000000000e+00
-5.953436332843939915e-01
-2.317420933483299028e-01
-8.206639793899310753e-01
1.000000000000000000e+00
4.186628576240579158e-01
-1.000000000000000000e+00
-4.466882420281519384e-01
1.000000000000000000e+00
1.000000000000000000e+00
6.378305764836535996e-01
1.469160771174155000e-02
6.919343574798415553e-01
-1.000000000000000000e+00
4.393068202826495572e-01
1.417540370723707754e-01
-1.158864653581934689e-01
5.814687926276815855e-01
-1.716897640632505939e-01
-2.554582759407169612e-01
8.436304148862195929e-01
1.000000000000000000e+00
-3.417854732293684195e-01
-3.760026792667375273e-01
-1.000000000000000000e+00
-6.115312553014551344e-01
1.000000000000000000e+00
-7.038003764612981161e-01
4.446541066361112127e-01
-6.709678778116701103e-02
3.242358438467848325e-01
-5.295501800009385640e-01
-5.610830191934557121e-01
-1.249447721592054084e-01
7.186875708537990848e-01
5.639397042820704087e-02
1.000000000000000000e+00
-1.000000000000000000e+00
-1.000000000000000000e+00
-1.000000000000000000e+00
-7.828488214191200445e-01
4.636030117821587360e-01
-1.000000000000000000e+00
3.944465302883500279e-01
1.000000000000000000e+00
-4.847819905303450416e-01
6.780303004948348145e-01
1.000000000000000000e+00
-5.610636791438048387e-01
1.000000000000000000e+00
1.000000000000000000e+00
1.000000000000000000e+00
-1.431670819460559296e-01
1.000000000000000000e+00
1.000000000000000000e+00
1.000000000000000000e+00
1.000000000000000000e+00
9.660682938251790031e-01
7.428984606047017714e-02
1.884276418598896385e-01
-3.273634677172717611e-01
1.000000000000000000e+00
-1.000000000000000000e+00
8.748586576916672630e-01
3.293350803481160938e-01
8.101428078788348586e-01
1.000000000000000000e+00
1.000000000000000000e+00
9.852488393272416101e-01
6.293144561071988274e-01
-1.891311464198774939e-02
-1.000000000000000000e+00
1.000000000000000000e+00
2.152524778747976208e-01
-5.514976386704963929e-01
1.000000000000000000e+00
5.067456653429902591e-01
1.000000000000000000e+00
1.000000000000000000e+00
1.884701783553194288e-01
-1.000000000000000000e+00
1.000000000000000000e+00
1.000000000000000000e+00
-9.466723604607862885e-01
2.797837009877357506e-01
-6.976961324600753356e-01
8.318247649274048694e-01
-1.000000000000000000e+00
-2.616402395741610487e-01
1.254206541010300935e-01
-9.626547740082014304e-01
3.044210345769983173e-01
2.769970817774125571e-01
4.485207807782859990e-01
4.593593361573576894e-01
-7.466495621619608780e-01
-4.733628647483497098e-01
1.000000000000000000e+00
-7.164500802076092523e-01
-3.761535214983364184e-01
1.000000000000000000e+00
6.524429713255874841e-01
-7.872089580510797102e-01
4.829780814501730135e-01
-5.170727340896889013e-01
-1.000000000000000000e+00
-1.000000000000000000e+00
-5.594564656226574950e-01
-1.000000000000000000e+00
-4.833702604191120189e-02
-1.000000000000000000e+00
-9.659109614450485104e-01
-1.000000000000000000e+00
6.306684726224526250e-01
7.090439316669083780e-01
9.770037338091910328e-01
-5.397261106588837620e-01
1.000000000000000000e+00
2.173115911439865711e-01
9.110427753930104844e-01
4.317352972284609347e-01
-1.799071538168267592e-01
1.000000000000000000e+00
-5.823645273767582564e-01
-5.650478869501820434e-01
-1.000000000000000000e+00
4.343693818720962829e-01
9.060773943582491885e-01
-8.427162440556218437e-01
-1.000000000000000000e+00
1.678792269539760851e-01
-2.067571991119144803e-01
-1.377492975891396187e-01
-1.000000000000000000e+00
6.696296248986621791e-01
2.469155866333516691e-02
-3.152851233114117857e-01
-1.000000000000000000e+00
-1.000000000000000000e+00
3.920773144301833435e-01
6.739048629115974576e-01
-9.128435501520454354e-01
1.719612209745077225e-01
1.000000000000000000e+00
7.626671711801595865e-01
-1.000000000000000000e+00
-1.000000000000000000e+00
3.740238488776522624e-02
-1.000000000000000000e+00
4.849931959808850834e-01
-5.751351509166604536e-01
3.564309783318267422e-01
-8.018215591750116333e-01
-1.000000000000000000e+00
1.355763058198656834e-01
-3.536854283908157370e-01
1.000000000000000000e+00
1.000000000000000000e+00
8.354290187185624550e-01
-1.000000000000000000e+00
8.358339282643728607e-01
-8.623209429732869857e-01
1.000000000000000000e+00
-1.000000000000000000e+00
1.000000000000000000e+00
1.022461868021854459e-01
1.000000000000000000e+00
1.000000000000000000e+00
1.000000000000000000e+00
-5.819957248885724299e-01
1.000000000000000000e+00
-1.142650951776709167e-01
7.488510591987767029e-01
1.000000000000000000e+00
-1.000000000000000000e+00
1.000000000000000000e+00
8.428572719426565829e-01
3.928650268364868858e-01
3.734000630880920935e-01
-1.000000000000000000e+00
-1.000000000000000000e+00
4.974649001922409886e-01
4.558050433301292226e-01
3.013788967177158939e-01
6.810582254346961850e-01
-6.970009023371732670e-01
-1.427436933568372868e-01
-4.212860412801298082e-01
-1.000000000000000000e+00
3.677814250132444007e-02
-2.215813543233313421e-01
-1.754988273290618295e-01
-1.455697683573377588e-01
1.000000000000000000e+00
-6.584641117095481055e-01
-1.606335933042902786e-01
-8.670163008125835180e-01
-4.932193319069934079e-01
2.469051836981234205e-01
1.000000000000000000e+00
-3.963530687316885737e-01
1.000000000000000000e+00
1.000000000000000000e+00
-1.000000000000000000e+00
-4.966391538427051833e-01
-7.699517919831073698e-01
7.345099630829685644e-01
-1.000000000000000000e+00
1.000000000000000000e+00
1.000000000000000000e+00
1.667096814761128143e-01
7.998510629815223094e-01
-8.585681400171230049e-02
-3.949331004063235118e-01
-4.580302361363419172e-01
6.266137553211618971e-02
-1.000000000000000000e+00
-1.000000000000000000e+00
8.853613547101966130e-01
-9.132322820807231567e-01
1.000000000000000000e+00
2.319276456468858383e-01
-1.000000000000000000e+00
-9.525289653907091925e-01
-1.000000000000000000e+00
8.748011500216363867e-01
-1.000000000000000000e+00
5.117267654066504079e-01
1.687706024485184642e-01
-1.000000000000000000e+00
8.891577103130009485e-01
-4.146266376661864594e-01
1.000000000000000000e+00
5.932209525155165419e-01
3.872500280036819120e-01
-2.842840889510756530e-01
-5.707634231602267683e-01
-1.000000000000000000e+00
-1.000000000000000000e+00
-1.357450895055862250e-01
-8.084605641458523229e-01
-1.000000000000000000e+00
-1.000000000000000000e+00
4.737226526568111828e-01
-5.066743587663635751e-01
-3.210235456175693503e-01
-5.067844054511786434e-01
-2.964947026156410370e-01
1.000000000000000000e+00
-1.486271058108432630e-01
4.250332559351402417e-02
-1.000000000000000000e+00
-9.396344032768160215e-01
-6.462261686601897814e-01
-1.476901351151579389e-01
-1.000000000000000000e+00
-5.387237347099865792e-01
4.375847318651555073e-01
1.047787404145387735e-01
3.707404316079800921e-01
1.000000000000000000e+00
-1.000000000000000000e+00
-1.000000000000000000e+00
-3.900049149709072238e-01
1.000000000000000000e+00
-6.762779889408250256e-01
-6.624193001215239462e-02
6.473747308028614533e-01
2.025245482212225667e-01
-9.212263503459918734e-01
3.305971752187734092e-01
1.000000000000000000e+00
-1.000000000000000000e+00
-1.000000000000000000e+00
-1.000000000000000000e+00
1.987387184062211487e-01
6.861733893777177684e-01
-4.194076481042001703e-01
1.000000000000000000e+00
1.000000000000000000e+00
7.776715607612758596e-01
-1.000000000000000000e+00
8.866771748876790538e-01
1.357635808268718436e-01
-3.585886079739127735e-02
2.995556958341463183e-01
-7.026263179436457174e-01
-9.249671493641472564e-01
-5.236854053728601244e-01
7.440201575107285858e-01
2.590201684778115077e-01
5.112759850421683128e-01
-1.726307011659153900e-01
1.000000000000000000e+00
-1.000000000000000000e+00
-6.674724600324510870e-01
-1.000000000000000000e+00
-6.950885611956675314e-02
-1.000000000000000000e+00
1.000000000000000000e+00
3.614521514320244155e-01
1.000000000000000000e+00
8.037132238514532734e-01
-2.023180673890106196e-01
-1.000000000000000000e+00
9.279738613216872434e-01
-7.968920655419392540e-01
-1.000000000000000000e+00
-1.000000000000000000e+00
9.005983191422121115e-01
-4.959310028240696555e-01
1.000000000000000000e+00
9.636345692996369783e-01
-3.314451920028916310e-01
-1.000000000000000000e+00
-3.679123810015898499e-01
8.815218820694233071e-02
-5.296281849872018777e-01
-1.000000000000000000e+00
3.340238486931641493e-01
1.000000000000000000e+00
-1.325742428860557376e-01
-1.000000000000000000e+00
1.000000000000000000e+00
-5.215165116062784323e-01
-7.349950623473041622e-01
9.558699872176183998e-01
1.482756590366821892e-01
1.000000000000000000e+00
6.703808462390437040e-01
1.000000000000000000e+00
-4.063911186327619496e-01
-6.263548616966474469e-01
1.565582689541166195e-01
1.000000000000000000e+00
-1.000000000000000000e+00
8.931086802506489342e-01
-1.000000000000000000e+00
-6.983685561659424001e-01
-8.763876883759380565e-01
3.163650265435441478e-02
-1.000000000000000000e+00
8.302540508171756262e-01
-9.114021024697108730e-01
7.445501777249455833e-01
-6.078836790734539752e-01
8.021503425839462409e-01
1.000000000000000000e+00
1.000000000000000000e+00
-1.000000000000000000e+00
6.431131278596866618e-01
3.109105720874674184e-01
-1.000000000000000000e+00
9.096504196994152913e-01
-1.000000000000000000e+00
-2.674078405910685352e-01
-2.138245920772043340e-01
-1.000000000000000000e+00
-1.000000000000000000e+00
2.111466565511377347e-02
1.473989301940666907e-01
-1.620646318642942063e-01
5.571331624274478145e-02
-1.000000000000000000e+00
7.468027619577619625e-01
-1.392598317212873082e-01
-9.581677874301138820e-01
5.678504953040243164e-01
-9.203905826923681754e-01
5.337136060517595482e-01
-1.000000000000000000e+00
-1.000000000000000000e+00
3.017627132567474169e-01
1.000000000000000000e+00
1.000000000000000000e+00
8.590617945806063860e-01
9.001088177701687121e-01
-4.614088224665113813e-01
-1.000000000000000000e+00
-7.613282599814772400e-01
-2.235546954897100203e-01
-1.000000000000000000e+00
-1.000000000000000000e+00
7.076978145810806087e-01
1.359631160012216011e-02
3.245623610324001040e-01
1.000000000000000000e+00
-1.000000000000000000e+00
8.622233640684928702e-01
-1.000000000000000000e+00
3.298557225309063645e-02
7.513648281673809270e-01
9.840436205227073296e-01
-7.222898583038095399e-01
8.963687715156588576e-01
-4.748835826194681697e-01
9.843016978322571831e-03
1.000000000000000000e+00
1.000000000000000000e+00
1.000000000000000000e+00
8.654561753940903657e-02
-9.572860721157572250e-01
4.160778057607884550e-01
-1.000000000000000000e+00
-1.000000000000000000e+00
-7.519712542954126722e-01
1.000000000000000000e+00
1.000000000000000000e+00
7.189577072858709395e-01
-1.000000000000000000e+00
-6.684743012947380603e-01
4.529493539941582547e-01
1.000000000000000000e+00
9.927562309423498821e-01
1.000000000000000000e+00
5.061263832137692376e-01
1.000000000000000000e+00
-3.512611913440044642e-03
-1.000000000000000000e+00
-9.648705554284024988e-01
3.630641307951846808e-01
-1.000000000000000000e+00
1.000000000000000000e+00
-6.550566008375782179e-01
-4.749137553603642870e-01
5.747310575370908475e-02
8.770884553011940032e-02
-1.000000000000000000e+00
-9.461034689221837768e-01
-7.659604131386053005e-01
-6.626148120531473174e-01
5.817491121369872120e-02
5.507602625342888913e-01
6.468765537029946833e-01
-1.000000000000000000e+00
1.000000000000000000e+00
9.867571806597885686e-01
1.000000000000000000e+00
-6.269941174474789047e-01
-3.668409267445374433e-01
9.944956081468522280e-01
5.148848448104477171e-01
-1.000000000000000000e+00
4.526781538727047138e-01
7.302769537702993308e-01
8.376902217702045794e-01
1.092125457796629395e-01
-4.799513208143391663e-01
-4.389217318076230612e-01
2.594568425412583923e-01
-1.000000000000000000e+00
-1.239791520822399185e-01
-8.708285702542641893e-01
9.436198598868399401e-01
-2.159505623728368295e-01
-1.000000000000000000e+00
4.718241935592570879e-01
1.000000000000000000e+00
9.964681666975758745e-01
-1.000000000000000000e+00
8.634120899853882092e-01
-8.514591535220812357e-01
-4.367457650078511167e-01
-1.000000000000000000e+00
8.672210901796171267e-01
1.000000000000000000e+00
-1.000000000000000000e+00
-1.000000000000000000e+00
-1.000000000000000000e+00
9.112819303054261466e-01
-4.789219445515490725e-01
-1.000000000000000000e+00
-7.370663057503485938e-01
1.000000000000000000e+00
-6.353019491988572964e-01
-7.820368480809583023e-01
-3.648587574462786032e-01
8.477620569446346899e-01
-1.000000000000000000e+00
-3.672078400611681892e-01
1.000000000000000000e+00
1.166204333886114997e-01
1.000000000000000000e+00
-2.798618117999372990e-01
1.683491901336690577e-01
1.000000000000000000e+00
3.816671997620696422e-01
1.000000000000000000e+00
6.913483277264684812e-01
-1.000000000000000000e+00
-9.020580593863756214e-01
-1.000000000000000000e+00
-8.415282205892924416e-01
1.000000000000000000e+00
-1.000000000000000000e+00
-1.000000000000000000e+00
6.552845017873687450e-01
-9.154899867174869366e-01
-1.000000000000000000e+00
-1.000000000000000000e+00
6.080850372143001836e-01
-1.000000000000000000e+00
-8.521064379694313073e-01
-7.027979141014384368e-03
-1.000000000000000000e+00
4.384263366429701492e-01
1.000000000000000000e+00
4.450479107099101217e-01
2.972684759614643846e-01
-1.000000000000000000e+00
-1.000000000000000000e+00
1.000000000000000000e+00
1.000000000000000000e+00
-1.000000000000000000e+00
1.000000000000000000e+00
7.461166492009125850e-01
-3.368465138381427915e-01
-3.686946761470039080e-01
-9.972000236092368741e-01
1.000000000000000000e+00
-2.743919497783322559e-01
-1.288030128033591515e-01
8.909300868110971994e-01
-1.151843985910462609e-01
-1.000000000000000000e+00
-1.000000000000000000e+00
1.531204371190256208e-01
8.314840511843174520e-01
1.000000000000000000e+00
-3.565668617622308467e-02
-9.241868055679652860e-01
8.235553025190086585e-01
4.625821467033924828e-01
-7.685052448369487088e-01
5.063971522722168217e-01
1.000000000000000000e+00
-1.000000000000000000e+00
-5.768167978022711306e-01
-1.000000000000000000e+00
-5.899270105764781169e-01
6.402622859172256709e-01
-1.000000000000000000e+00
1.000000000000000000e+00
-1.000000000000000000e+00
-1.000000000000000000e+00
-4.347155604746677504e-02
-1.491040933071730024e-03
-1.709586677476164773e-01
6.796867088132314549e-01
-1.000000000000000000e+00
4.241357504323703953e-01
-1.000000000000000000e+00
7.369847279704804244e-01
4.993435710191911348e-01
3.176797099876970121e-01
-1.000000000000000000e+00
8.542260564083589136e-01
1.000000000000000000e+00
-5.970619918857523745e-01
-1.000000000000000000e+00
-1.000000000000000000e+00
5.526711872230747336e-01
-1.000000000000000000e+00
4.420400196628450074e-01
-9.091427051503683243e-01
-4.749545521338980336e-01
1.000000000000000000e+00
8.722429685259830423e-01
-8.249295169396079208e-01
1.000000000000000000e+00
-1.000000000000000000e+00
-1.000000000000000000e+00
-1.000000000000000000e+00
-8.722320507087027996e-01
-1.000000000000000000e+00
5.463723348632782972e-01
-1.000000000000000000e+00
-1.000000000000000000e+00
4.358234653993126040e-01
-1.000000000000000000e+00
1.000000000000000000e+00
8.967037779347470927e-01
-1.000000000000000000e+00
-8.434745317483931526e-01
5.302581461632147608e-01
1.000000000000000000e+00
-1.000000000000000000e+00
-1.000000000000000000e+00
-7.689684862501644513e-01
-1.000000000000000000e+00
-1.672677277849793365e-01
-1.000000000000000000e+00
1.000000000000000000e+00
-7.616119006343088360e-01
-1.000000000000000000e+00
-5.213587433290649553e-01
-1.000000000000000000e+00
7.256944224268624399e-02
-6.985619906759266140e-02
5.158438742814235312e-01
-1.000000000000000000e+00
3.162102787822057559e-01
5.587688035050455415e-01
6.747338535034116402e-01
1.000000000000000000e+00
4.508439867952573898e-03
-1.000000000000000000e+00
-1.000000000000000000e+00
1.000000000000000000e+00
-5.741201487541474080e-01
7.849329540929377291e-01
-7.578751056773216366e-01
1.000000000000000000e+00
1.000000000000000000e+00
8.938018863595496022e-01
1.000000000000000000e+00
-5.210137205765819068e-01
1.000000000000000000e+00
-1.862566821351330226e-01
-4.764199725511150674e-01
3.300637438822733305e-01
1.000000000000000000e+00
-5.424416156700997416e-01
1.650080228694080775e-01
-1.000000000000000000e+00
5.759159486542634321e-01
-3.642915404732274265e-01
1.000000000000000000e+00
-8.387883745249299361e-01
1.000000000000000000e+00
1.000000000000000000e+00
-1.000000000000000000e+00
1.000000000000000000e+00
-2.123373111941972979e-01
-1.000000000000000000e+00
-9.675627691676006448e-01
2.343529207715528417e-01
-1.000000000000000000e+00
6.492944488270233627e-01
-7.073684811008418283e-01
1.000000000000000000e+00
7.157089511472816135e-01
1.988010396699083637e-01
1.000000000000000000e+00
-8.188053512174772175e-01
9.314957277033221184e-01
-1.148730274522141159e-01
2.365369075108479657e-02
-7.985166867527109247e-01
9.837363436631798574e-01
-5.579816123783152282e-01
-3.852642692756683696e-01
1.000000000000000000e+00
-6.656366555450571321e-01
-2.134427112484257316e-01
5.071716678431053005e-01
-1.000000000000000000e+00
-2.572197138332518729e-02
-2.961182176578967540e-01
-8.192885684533691704e-01
4.762598377131714855e-01
1.000000000000000000e+00
-1.000000000000000000e+00
4.893618024816088763e-01
-2.337766052274725670e-01
-1.000000000000000000e+00
-1.000000000000000000e+00
2.081188838411283104e-01
-8.764893430595619428e-01
5.696254639221070004e-01
9.880868381239169551e-01
4.262309859985811133e-01
3.171427383889183771e-01
-1.000000000000000000e+00
-5.427608267296371025e-01
-8.117448931728925565e-01
1.192626803507114697e-01
-3.585298476450056171e-01
-5.909300017830187990e-01
1.000000000000000000e+00
1.000000000000000000e+00
-1.000000000000000000e+00
-6.869316542033438999e-01
-4.664858600427786994e-01
1.029348699199528205e-01
1.000000000000000000e+00
1.000000000000000000e+00
-1.000000000000000000e+00
7.074716634772324486e-01
-3.313263281254918979e-04
1.000000000000000000e+00
-7.612557474575741834e-01
1.000000000000000000e+00
-6.126487091222200254e-01
1.000000000000000000e+00
5.499556965926102325e-01
-1.000000000000000000e+00
-1.063129997675329452e-01
8.544985280252789250e-01
-9.554306104787138043e-01
-1.000000000000000000e+00
-9.444652929840477995e-01
-1.000000000000000000e+00
-3.559730875664846583e-01
1.000000000000000000e+00
6.000461868881681315e-01
-1.000000000000000000e+00
-1.000000000000000000e+00
1.000000000000000000e+00
-3.863040522605425409e-01
1.000000000000000000e+00
-1.000000000000000000e+00
6.484252738914850767e-01
-5.335607108428528367e-01
-7.628465025416470979e-01
-1.000000000000000000e+00
1.000000000000000000e+00
-2.489909609361861120e-01
1.463659383952142790e-02
5.640010598289983967e-01
-9.345513113939236671e-01
-2.309833940666655150e-01
-1.000000000000000000e+00
1.000000000000000000e+00
1.030223908810845579e-02
-5.125549328421743489e-01
-1.567320001620557401e-01
7.471414051893773278e-01
-2.991407873936823281e-01
1.000000000000000000e+00
1.000000000000000000e+00
1.000000000000000000e+00
1.467129979394061756e-01
5.284773090871732748e-01
-9.555380167471596575e-01
-1.000000000000000000e+00
-7.071290547405855165e-01
-1.000000000000000000e+00
1.000000000000000000e+00
1.000000000000000000e+00
2.903244560519209205e-01
-8.650560505901743191e-01
-1.577965701486130357e-01
-1.000000000000000000e+00
-1.546840837908712019e-01
-1.000000000000000000e+00
6.388284757355761068e-01
-5.796297084079531370e-01
8.481631032063385867e-02
-1.000000000000000000e+00
-1.000000000000000000e+00
4.105051044090367030e-01
-7.729778521212973263e-01
5.890012195917259108e-01
1.000000000000000000e+00
-1.000000000000000000e+00
9.478905675367412798e-01
-6.628652600625044577e-01
-8.767199078645926402e-01
1.000000000000000000e+00
1.000000000000000000e+00
-1.000000000000000000e+00
-8.512853453882752719e-01
1.000000000000000000e+00
-1.000000000000000000e+00
-1.000000000000000000e+00
1.081140977257800673e-01
-1.000000000000000000e+00
-1.000000000000000000e+00
-1.000000000000000000e+00
-1.000000000000000000e+00
-1.000000000000000000e+00
-1.000000000000000000e+00
-3.966609867451295068e-01
-1.000000000000000000e+00
6.099317908648310693e-02
-6.601028652980467371e-01
-1.000000000000000000e+00
-6.694967344781874719e-01
-1.246932362259722815e-01
-1.000000000000000000e+00
-1.000000000000000000e+00
1.058619920712033924e-01
-1.000000000000000000e+00
-1.887893067934969804e-01
1.608572680113918851e-01
7.010943677718428635e-01
5.180669757897148342e-01
1.524442569561433869e-01
1.000000000000000000e+00
1.000000000000000000e+00
1.000000000000000000e+00
1.000000000000000000e+00
2.483682962580560649e-01
5.155835882957827687e-01
1.000000000000000000e+00
-4.628824103553594860e-01
1.397623651551703761e-01
-1.000000000000000000e+00
-6.062911964672885734e-01
3.793416067559232663e-01
3.807625861735793871e-01
1.000000000000000000e+00
-1.058217390698545923e-01
5.920993082244438988e-01
-1.664229431346271049e-01
-1.000000000000000000e+00
-3.988623981298023979e-01
1.918266825524455460e-02
-1.000000000000000000e+00
1.000000000000000000e+00
-1.000000000000000000e+00
5.240921104864617597e-01
3.063207588569731854e-01
-1.030285988325196911e-02
2.721941318729448334e-01
-3.534217336821697808e-01
1.000764749956295219e-01
7.914276672115077016e-01
-1.000000000000000000e+00
-1.000000000000000000e+00
1.000000000000000000e+00
-7.383610253704258053e-01
9.336419634629558040e-01
-7.553081238196706071e-01
-1.000000000000000000e+00
1.308068458958967506e-01
-7.604278204758179172e-01
-1.280142703370776847e-01
-1.000000000000000000e+00
2.349340045008619371e-01
-1.000000000000000000e+00
1.000000000000000000e+00
1.864439815787979349e-01
1.000000000000000000e+00
-3.242725989063824366e-01
1.000000000000000000e+00
1.000000000000000000e+00
-1.000000000000000000e+00
-1.000000000000000000e+00
-1.000000000000000000e+00
-1.000000000000000000e+00
1.000000000000000000e+00
-6.942159086874066798e-02
-2.305874038499460266e-01
-1.000000000000000000e+00
-2.797222559057437330e-01
8.546401504961171902e-01
-8.499909664054519087e-01
9.304578575007250718e-01
1.000000000000000000e+00
-8.875368827002650951e-01
7.678829265045863939e-02
5.839659745498224641e-01
1.000000000000000000e+00
-3.462235857585391763e-01
8.861934181722129766e-01
1.000000000000000000e+00
1.000000000000000000e+00
2.792211786813318941e-01
5.769888055788177095e-01
-9.711990255660590821e-01
2.476466491795830116e-01
5.763365697069589011e-02
-1.000000000000000000e+00
-9.522894201403701020e-01
-2.045004971365591562e-01
-1.000000000000000000e+00
1.000000000000000000e+00
1.000000000000000000e+00
8.668019580049441952e-01
-5.817741362567082630e-01
-5.638223595900326846e-01
-5.899644908956798162e-01
-1.000000000000000000e+00
-7.495620004657044255e-01
-1.000000000000000000e+00
-9.017500635379293028e-01
7.377359632774138642e-01
-1.000000000000000000e+00
1.000000000000000000e+00
2.516916300407174845e-01
-1.000000000000000000e+00
-1.000000000000000000e+00
1.000000000000000000e+00
2.841831409522982965e-01
-5.149839539148977074e-01
-9.065239269619189688e-01
-7.102911299410100687e-01
-1.000000000000000000e+00
-6.529664188047882289e-01
1.000000000000000000e+00
-6.963463197054080567e-01
-6.557995814319079741e-01
6.108346358236943496e-01
-2.959989599368859636e-01
1.000000000000000000e+00
2.123238591662887642e-02
-4.860228296162488748e-01
-3.467547763442780928e-01
-1.000000000000000000e+00
-1.000000000000000000e+00
8.043447535834178375e-01
2.095291187698273272e-01
5.359656759405607707e-01
1.000000000000000000e+00
7.157231803353447663e-01
5.558945213262543594e-02
-1.000000000000000000e+00
-1.000000000000000000e+00
9.674711179418779006e-01
1.000000000000000000e+00
4.446871413263939754e-01
4.527832154102243156e-02
-1.000000000000000000e+00
1.000000000000000000e+00
-1.000000000000000000e+00
1.000000000000000000e+00
-9.977468293560789458e-01
5.088280996608857132e-01
-8.442508181688768154e-02
2.474555642152171941e-01
-9.422410554327464993e-03
-4.062366911628392252e-01
-1.000000000000000000e+00
-2.212647107451835016e-01
6.550326722922042988e-01
1.000000000000000000e+00
-1.000000000000000000e+00
-5.936063406013776245e-01
3.326843039123700274e-01
-1.000000000000000000e+00
1.000000000000000000e+00
-7.966630368133481577e-01
5.105492533814585121e-01
-1.000000000000000000e+00
8.613814832706595537e-01
-7.874165310448990596e-01
-1.000000000000000000e+00
1.000000000000000000e+00
1.000000000000000000e+00
1.634086256031808126e-01
-9.831260945269020279e-01
-1.682671009555910535e-01
1.000000000000000000e+00
-1.264112969817772214e-01
-4.642834431645375126e-01
-1.000000000000000000e+00
2.222361379810631199e-01
1.000000000000000000e+00
7.009853441055586831e-01
-7.970216151328579635e-02
1.000000000000000000e+00
1.000000000000000000e+00
4.428962194233221350e-01
1.000000000000000000e+00
-1.000000000000000000e+00
7.323550180633053852e-01
-7.943569418105291824e-01
4.205310055352293741e-01
6.315060706229937981e-01
1.000000000000000000e+00
-8.250731706629910178e-02
-9.234869878741663873e-01
-1.043464149188834122e-01
7.883023772295449927e-01
-1.000000000000000000e+00
6.607849449570848410e-01
-5.217106463888070422e-01
1.000000000000000000e+00
1.692194845568883999e-01
-7.367154146048006114e-01
-1.000000000000000000e+00
2.845957549103247386e-01
1.000000000000000000e+00
-1.000000000000000000e+00
-3.794363307245743888e-01
2.270379776815254491e-01
1.000000000000000000e+00
-1.000000000000000000e+00
1.000000000000000000e+00
-6.442620549891544535e-01
-8.701161063120858019e-01
-1.000000000000000000e+00
5.079135682212383429e-01
-1.499982920328248870e-01
1.846800914298519780e-01
-1.000000000000000000e+00
5.757652715270034083e-01
1.000000000000000000e+00
1.000000000000000000e+00
8.145987853335125983e-01
-5.412939377308418898e-01
1.000000000000000000e+00
1.000000000000000000e+00
-1.000000000000000000e+00
3.710581751157457919e-01
3.132483221880053570e-01
4.861879930420979212e-01
5.118880078739019845e-01
-1.000000000000000000e+00
-1.000000000000000000e+00
-3.168458568059998592e-01
-6.050287238446278026e-02
9.093392598964765705e-01
1.000000000000000000e+00
1.000000000000000000e+00
-7.393735746450540436e-01
-4.006174914408792143e-01
-1.000000000000000000e+00
1.000000000000000000e+00
1.000000000000000000e+00
6.025189821267475931e-01
1.000000000000000000e+00
-9.836581892326685950e-02
-8.908192355400457174e-01
4.430354758114162794e-01
4.970471263123844574e-01
9.338607915527585845e-01
-8.818375724534106563e-01
1.000000000000000000e+00
1.000000000000000000e+00
-7.185935695155205583e-01
-1.000000000000000000e+00
-1.000000000000000000e+00
-8.951987689606083487e-01
-1.000000000000000000e+00
1.262801993448248172e-02
-1.000000000000000000e+00
-1.000000000000000000e+00
1.000000000000000000e+00
3.728936041962296333e-01
-1.000000000000000000e+00
1.000000000000000000e+00
-1.000000000000000000e+00
-1.000000000000000000e+00
-1.000000000000000000e+00
2.893452085421794329e-01
3.967660798428039870e-01
2.468518258479701077e-01
1.000000000000000000e+00
-1.000000000000000000e+00
-1.000000000000000000e+00
-6.710080619299627624e-01
-1.000000000000000000e+00
1.000000000000000000e+00
1.000000000000000000e+00
-1.000000000000000000e+00
4.750281505657529824e-01
1.000000000000000000e+00
-6.352349200699645149e-01
1.000000000000000000e+00
6.786734438489598897e-01
1.000000000000000000e+00
-8.187739799573313659e-01
-1.000000000000000000e+00
-5.116546005803555008e-01
-1.000000000000000000e+00
8.007977446584355619e-01
3.519284702547528787e-01
5.617064215121803095e-02
3.966438817500903546e-01
-8.052091225721631496e-01
-6.012477908150131167e-01
-5.342706629682940633e-01
6.660436107778284764e-01
1.000000000000000000e+00
1.000000000000000000e+00
-1.000000000000000000e+00
-1.000000000000000000e+00
1.000000000000000000e+00
3.742995643434973152e-01
-3.297520299414382627e-01
-9.761983547420962637e-01
-1.000000000000000000e+00
4.636122887180021968e-01
1.000000000000000000e+00
1.000000000000000000e+00
3.007400267931801263e-01
2.379724955485024163e-01
-5.205413326294742182e-01
-1.000000000000000000e+00
-8.344248748823126505e-01
5.287194718922769709e-01
1.000000000000000000e+00
1.000000000000000000e+00
1.000000000000000000e+00
-7.629405722149293911e-01
-8.508147623736213028e-01
1.000000000000000000e+00
-9.546577324894779393e-01
-9.300990815513627830e-01
-1.000000000000000000e+00
-1.000000000000000000e+00
-8.762948617125254636e-02
1.000000000000000000e+00
1.000000000000000000e+00
1.000000000000000000e+00
3.036127334283094115e-01
1.000000000000000000e+00
-3.198901429978145972e-02
1.000000000000000000e+00
-1.000000000000000000e+00
-4.043308904924590164e-01
1.000000000000000000e+00
-1.000000000000000000e+00
-1.000000000000000000e+00
-5.050755881007285009e-01
-1.000000000000000000e+00
1.000000000000000000e+00
1.000000000000000000e+00
-1.000000000000000000e+00
4.954690443155420621e-01
1.000000000000000000e+00
-1.663370728760420469e-01
-1.000000000000000000e+00
-1.287066764313804512e-02
-1.000000000000000000e+00
1.000000000000000000e+00
1.000000000000000000e+00
-8.821471977431866174e-01
7.365280428914242061e-02
-5.588971751776989905e-01
1.000000000000000000e+00
-1.000000000000000000e+00
-1.000000000000000000e+00
-5.209999638400217847e-01
-1.000000000000000000e+00
-4.484542804483888645e-01
-9.389421965171108608e-01
1.000000000000000000e+00
-1.000000000000000000e+00
1.000000000000000000e+00
-1.000000000000000000e+00
8.482476604921889152e-01
4.959877300018195045e-01
2.242514557078426618e-01
1.000000000000000000e+00
1.000000000000000000e+00
1.000000000000000000e+00
1.571105459392826975e-01
1.000000000000000000e+00
5.705198278615213336e-01
-2.559552052281421908e-02
9.453114131594195779e-01
-2.014432890951930732e-01
1.000000000000000000e+00
-8.924063662148664644e-01
5.002470244797303511e-01
-1.000000000000000000e+00
1.000000000000000000e+00
1.000000000000000000e+00
-1.238410637031478467e-01
-3.636239938867170673e-01
1.000000000000000000e+00
-5.712065211697527900e-01
-1.000000000000000000e+00
-1.000000000000000000e+00
8.362846275192611367e-01
-1.000000000000000000e+00
-4.370314652957738577e-01
-1.000000000000000000e+00
-3.644872237228498069e-01
1.000000000000000000e+00
1.000000000000000000e+00
2.280181989128757802e-01
-1.000000000000000000e+00
-2.735954132029538854e-03
1.000000000000000000e+00
-3.764188644813182272e-01
2.967677690926588951e-01
4.584236231527436534e-01
9.106717144193372526e-01
6.971685966258052147e-01
-5.738063394303594134e-01
5.836953947914387264e-01
-1.000000000000000000e+00
-1.000000000000000000e+00
-8.024173274952813850e-01
1.000000000000000000e+00
-1.000000000000000000e+00
-4.519007108579344290e-01
-1.613175512915084875e-01
5.676371296663018651e-01
1.000000000000000000e+00
1.000000000000000000e+00
3.273203464323136691e-01
-6.505127703230668690e-01
1.000000000000000000e+00
9.130833603127364029e-01
2.622606781270795939e-01
-7.187517455725508375e-01
-3.589217050013647770e-01
8.069209661837468683e-01
1.000000000000000000e+00
-2.173116776426536334e-01
-1.000000000000000000e+00
8.178060034498864095e-01
1.000000000000000000e+00
1.000000000000000000e+00
-4.171828571755920589e-01
-1.000000000000000000e+00
8.999052695879532493e-01
2.626112236761000140e-01
-1.000000000000000000e+00
-1.767126293944056015e-02
1.000000000000000000e+00
-1.000000000000000000e+00
-4.753141261351683244e-01
-2.083343054152275720e-01
-7.146596320579521322e-01
1.000000000000000000e+00
8.377266957231958022e-01
8.598873904565329518e-02
-1.000000000000000000e+00
4.221513439013632046e-02
-1.004711045744798303e-01
7.675122115377316367e-01
-3.824226237023356512e-01
5.680760338113882701e-01
-1.000000000000000000e+00
-3.930088518729633051e-01
-8.097446767772549236e-01
-1.000000000000000000e+00
-1.000000000000000000e+00
5.567657489972988039e-01
-1.000000000000000000e+00
1.272106400276640237e-02
-2.876426677642138774e-01
-9.798991807305102997e-01
1.000000000000000000e+00
5.699749459487715164e-01
1.586355440404252359e-02
-1.000000000000000000e+00
7.080730175674727622e-01
-9.243554433496518064e-01
8.378490042369857171e-01
2.764535513248370657e-01
1.000000000000000000e+00
-3.424648092425949253e-01
1.000000000000000000e+00
1.797824726296081144e-01
1.683579991053434644e-01
6.773407429507873889e-01
-1.000000000000000000e+00
4.721582471145553406e-01
6.577457986766189757e-01
1.000000000000000000e+00
1.000000000000000000e+00
1.582882069436167827e-01
1.000000000000000000e+00
-1.000000000000000000e+00
6.689076628553365378e-01
9.869503776829058328e-01
-9.619224305818816489e-01
1.000000000000000000e+00
1.000000000000000000e+00
-1.000000000000000000e+00
-9.439140607574866282e-01
1.000000000000000000e+00
1.000000000000000000e+00
-1.000000000000000000e+00
1.000000000000000000e+00
-1.000000000000000000e+00
-1.748676883635562618e-01
-9.217744967385801402e-01
-7.441196672821370761e-01
1.000000000000000000e+00
-3.220468377356280332e-01
3.661322910268658415e-01
9.406629132681377792e-01
6.154077595724596339e-01
7.168843866642862217e-01
-2.674124049427877292e-01
-1.000000000000000000e+00
-1.228767646413429504e-01
1.000000000000000000e+00
8.399080487824482910e-01
4.560722445755926446e-01
-1.000000000000000000e+00
-1.000000000000000000e+00
-3.329616932388773654e-01
1.000000000000000000e+00
-1.000000000000000000e+00
-1.000000000000000000e+00
-5.850129029461559327e-01
-5.984236889807359461e-01
-9.137660817337042163e-01
1.000000000000000000e+00
-1.000000000000000000e+00
-1.000000000000000000e+00
1.000000000000000000e+00
6.972370451527012403e-01
1.000000000000000000e+00
1.000000000000000000e+00
1.000000000000000000e+00
1.917036068825376249e-01
1.406235928724047790e-02
5.194022887407752365e-02
-1.276711608260112929e-01
-1.117389449290424608e-01
1.666529519617910293e-01
-1.256807275662844003e-01
1.000000000000000000e+00
-1.000000000000000000e+00
-1.000000000000000000e+00
1.000000000000000000e+00
8.173113978254128442e-01
-1.000000000000000000e+00
7.873564288326775351e-01
6.454098710359441604e-01
-5.552243021904549325e-01
-1.000000000000000000e+00
5.708551494319272779e-01
7.307762005010576267e-02
-1.000000000000000000e+00
-2.972678983334069436e-01
-5.963637766821909825e-01
9.445762861175395209e-01
2.780184806747921789e-01
-6.344106155883805220e-01
1.000000000000000000e+00
-1.000000000000000000e+00
-4.368152004001321087e-01
-7.286124914564049426e-01
-9.719464288049743939e-01
-3.796556092760012824e-01
-8.525850483730779139e-03
1.000000000000000000e+00
-3.439490162154180686e-01
-1.000000000000000000e+00
-4.632550377033704536e-01
7.841102878334826887e-02
-4.272825730455497295e-01
1.000000000000000000e+00
4.089603315117997795e-01
-1.744690947624566169e-01
1.000000000000000000e+00
-1.000000000000000000e+00
-1.000000000000000000e+00
9.964188224903745006e-01
2.120611361998370192e-01
1.000000000000000000e+00
-9.974962373909715962e-01
6.584914844206046780e-02
9.838792222457855008e-01
1.924157404160742324e-01
1.000000000000000000e+00
1.000000000000000000e+00
3.522598711687745521e-01
3.953287293203106567e-01
-4.236556297195308574e-01
6.827484903139939831e-01
-3.221382715537985386e-01
-3.274004276696959037e-01
3.501342816869036367e-01
1.000000000000000000e+00
-2.231141231514051082e-01
-1.000000000000000000e+00
-9.397992872089462324e-01
-1.000000000000000000e+00
9.322592410514696226e-01
-1.194419784247218175e-01
-9.960647479463873299e-01
7.192713769251578571e-01
1.929097746816001990e-01
-7.484821078394432448e-01
-2.134046477915269024e-01
-1.000000000000000000e+00
1.000000000000000000e+00
-1.000000000000000000e+00
1.792686991240493022e-01
-1.845464014307092171e-01
1.000000000000000000e+00
1.000000000000000000e+00
1.000000000000000000e+00
-3.977832616377029451e-01
-1.000000000000000000e+00
3.341876093958398020e-01
1.000000000000000000e+00
-7.997816488299633875e-01
4.479758480298958734e-01
1.000000000000000000e+00
7.696057338242001666e-01
-1.631281704486945427e-01
-1.000000000000000000e+00
3.536290016286678384e-01
-1.000000000000000000e+00
2.707283091518184470e-01
5.726405121226129102e-01
8.241738999496948104e-01
-1.066245760682021509e-01
1.000000000000000000e+00
9.108130730826329291e-01
1.780697718470187763e-01
4.701449955244174639e-02
1.000000000000000000e+00
-6.190797968390200356e-01
1.000000000000000000e+00
-1.000000000000000000e+00
-7.981084403690684725e-01
2.368979217437158502e-01
1.000000000000000000e+00
7.285140333305274440e-01
-7.246422941590975331e-01
1.000000000000000000e+00
-1.000000000000000000e+00
1.000000000000000000e+00
-1.000000000000000000e+00
-5.640111596045099818e-01
1.000000000000000000e+00
-4.153754692082397559e-01
9.815190160672920827e-01
-9.806186363044202547e-01
-1.051473961051163641e-01
-1.013920324124162331e-01
1.000000000000000000e+00
1.000000000000000000e+00
1.000000000000000000e+00
8.611761094236380920e-01
1.000000000000000000e+00
-1.738747711518421890e-01
1.153315713296035883e-01
1.000000000000000000e+00
-1.668132652735039301e-01
4.117210125036715462e-01
-1.000000000000000000e+00
-2.761650251457472560e-01
-1.000000000000000000e+00
4.738147563655398242e-01
-1.000000000000000000e+00
-6.337836671428263013e-01
9.930372924059294171e-02
-1.000000000000000000e+00
-1.000000000000000000e+00
-8.588815947320155297e-02
-5.317097403570781866e-01
1.000000000000000000e+00
-7.576077427450741419e-01
1.000000000000000000e+00
-1.000000000000000000e+00
1.000000000000000000e+00
6.666161344612175910e-01
1.434906167012696132e-01
-2.383819165156140785e-01
6.918183109427837874e-01
-1.000000000000000000e+00
-1.000000000000000000e+00
-8.344642723202732038e-01
-1.000000000000000000e+00
-1.000000000000000000e+00
-1.000000000000000000e+00
-1.000000000000000000e+00
-1.000000000000000000e+00
1.000000000000000000e+00
-9.859910120138286604e-01
-9.406921232717158077e-02
-9.060845602365735774e-01
-5.994841897626258520e-01
-3.498347287651770721e-01
-1.000000000000000000e+00
-2.496577104865055352e-01
-1.000000000000000000e+00
8.692913830670626618e-01
1.797760160036432353e-02
3.602742711445792723e-01
7.345962383778626981e-01
-1.000000000000000000e+00
6.131285835189013156e-01
1.000000000000000000e+00
-3.579217603805884274e-02
-1.000000000000000000e+00
5.698366884554100231e-01
-1.000000000000000000e+00
1.000000000000000000e+00
-1.000000000000000000e+00
-1.000000000000000000e+00
-1.000000000000000000e+00
1.000000000000000000e+00
-3.857239243896232184e-01
5.725115081963805252e-02
-2.527055130845125563e-01
6.139982385908370199e-01
1.000000000000000000e+00
1.000000000000000000e+00
9.376135166369331531e-01
2.141330158707094866e-01
1.000000000000000000e+00
-1.000000000000000000e+00
-4.776299072647055555e-01
1.307525779083694717e-01
1.000000000000000000e+00
1.000000000000000000e+00
-5.385467414804816499e-01
1.000000000000000000e+00
-1.000000000000000000e+00
-8.528359004795185161e-01
1.000000000000000000e+00
-1.000000000000000000e+00
-1.000000000000000000e+00
2.972476112104682766e-01
7.297185191706953011e-01
1.000000000000000000e+00
-1.000000000000000000e+00
5.268683656468067245e-01
1.098334726141817486e-01
-1.000000000000000000e+00
1.713075395568141590e-01
6.805808618879751748e-01
8.493515750616028592e-01
-4.222908195446685164e-01
-1.000000000000000000e+00
-1.000000000000000000e+00
2.656957583896933928e-01
-1.000000000000000000e+00
9.102589600941441983e-01
5.721508982673909616e-01
9.893204630067442551e-02
-1.000000000000000000e+00
5.393179718001271938e-01
1.000000000000000000e+00
-5.176207216280338530e-01
-1.000000000000000000e+00
1.000000000000000000e+00
1.000000000000000000e+00
-1.000000000000000000e+00
1.000000000000000000e+00
1.838253976364321862e-01
1.000000000000000000e+00
-1.000000000000000000e+00
-1.000000000000000000e+00
-1.000000000000000000e+00
-1.802597371653127389e-01
5.773006245322026553e-01
-8.373378148209856819e-01
1.219140401100600457e-01
1.000000000000000000e+00
-7.356147094995478808e-01
-8.420945554768999308e-02
1.000000000000000000e+00
-7.551186369252533837e-01
-6.597280479296774303e-02
-5.607215775563234583e-01
-1.000000000000000000e+00
-1.000000000000000000e+00
-1.029258490649009872e-02
8.061826526066319110e-01
-1.000000000000000000e+00
1.000000000000000000e+00
-1.000000000000000000e+00
-5.801530443109580437e-01
-1.000000000000000000e+00
-2.167947926469251940e-01
1.000000000000000000e+00
1.519866236732376752e-01
-4.146888154101576740e-01
-8.524393900824503989e-01
1.000000000000000000e+00
-1.000000000000000000e+00
4.371421888427173830e-01
-9.130616686410527594e-01
-9.535530845847287607e-01
-6.365408989147616214e-01
9.060100458993743944e-01
1.000000000000000000e+00
-1.577756173715316734e-01
-6.319723440993380015e-01
-1.000000000000000000e+00
1.000000000000000000e+00
2.028697654697102504e-01
-1.000000000000000000e+00
-8.974104605304856763e-01
1.000000000000000000e+00
-5.887595063199531076e-01
1.000000000000000000e+00
-1.000000000000000000e+00
-1.000000000000000000e+00
9.593062464219059837e-02
7.029752467331493726e-01
-1.000000000000000000e+00
1.000000000000000000e+00
-1.000000000000000000e+00
-1.000000000000000000e+00
6.460182890170235170e-02
1.761486666150546831e-02
1.000000000000000000e+00
-4.869035407522342984e-01
-1.476632498848786668e-01
-2.146016288052369214e-01
-3.142105248275959273e-01
-1.449195585594943436e-01
-1.000000000000000000e+00
1.000000000000000000e+00
-1.000000000000000000e+00
-5.446444906297567279e-01
-1.391310770534535113e-01
1.000000000000000000e+00
5.046900526133107912e-01
-3.165254437062370307e-02
-5.921684773545243807e-01
6.042481328992773681e-01
2.344576445325571301e-01
1.000000000000000000e+00
5.666577853001913967e-01
-1.768644500836116240e-01
-1.058043458375051982e-01
1.000000000000000000e+00
3.198581247197401778e-01
-4.160854239982522129e-01
-8.772709072858958512e-01
-1.000000000000000000e+00
-1.000000000000000000e+00
1.000000000000000000e+00
4.487015180160935923e-02
1.000000000000000000e+00
-1.000000000000000000e+00
1.000000000000000000e+00
-1.000000000000000000e+00
-1.000000000000000000e+00
-1.000000000000000000e+00
8.998599510102061050e-01
1.000000000000000000e+00
1.000000000000000000e+00
3.341595932535907920e-01
1.000000000000000000e+00
-4.497962101726815098e-01
1.000000000000000000e+00
1.000000000000000000e+00
-1.000000000000000000e+00
-5.174348984034906618e-01
-1.000000000000000000e+00
-9.697093807462967563e-01
-1.000000000000000000e+00
1.000000000000000000e+00
-1.000000000000000000e+00
-8.096680358574198655e-01
1.119319003397201140e-02
1.000000000000000000e+00
1.000000000000000000e+00
6.277815103982562484e-01
1.000000000000000000e+00
1.000000000000000000e+00
-9.428217022128881908e-02
-1.131367517182140237e-01
1.000000000000000000e+00
3.543424357969645611e-01
-2.207738768683435993e-01
-1.000000000000000000e+00
5.678401158869227361e-01
1.958557111008117912e-01
-8.435932761689998172e-01
-4.356930447845827614e-01
-6.719427216642426259e-01
-2.637530616248097148e-01
1.000000000000000000e+00
-8.663075318493418386e-03
-1.000000000000000000e+00
1.000000000000000000e+00
-1.000000000000000000e+00
-1.000000000000000000e+00
4.631529736181144719e-01
-3.828971345159254414e-01
7.261285215811245086e-01
7.787810740713141389e-01
1.000000000000000000e+00
-1.000000000000000000e+00
-1.705196033351358276e-01
1.000000000000000000e+00
5.609741596967290356e-01
3.297776579585594003e-01
1.000000000000000000e+00
-2.194393363403253083e-01
-1.000000000000000000e+00
6.876144936758538107e-01
1.000000000000000000e+00
-1.000000000000000000e+00
5.218965942464066643e-01
-1.000000000000000000e+00
-1.000000000000000000e+00
1.000000000000000000e+00
6.643285598660584323e-01
-1.000000000000000000e+00
7.046075453250794096e-02
3.767720802994942719e-01
2.144707346469807430e-01
-1.000000000000000000e+00
-2.911218178437747772e-01
-3.436942644310764239e-01
1.000000000000000000e+00
7.182622439422617910e-01
1.000000000000000000e+00
1.000000000000000000e+00
-1.000000000000000000e+00
7.275810609968791365e-01
-1.000000000000000000e+00
-3.350751639936996318e-01
1.000000000000000000e+00
-4.397041980544489359e-01
1.669269103377016283e-02
4.955858496089868837e-01
-1.000000000000000000e+00
-1.000000000000000000e+00
-3.501682143100411926e-01
-1.000000000000000000e+00
-2.231697839291018060e-01
-7.219243062173046344e-01
-7.469006623629914632e-01
-1.000000000000000000e+00
7.596005971726104145e-01
1.000000000000000000e+00
-1.000000000000000000e+00
-1.000000000000000000e+00
3.895468285580362955e-01
-1.000000000000000000e+00
-7.914828931474650053e-01
-1.000000000000000000e+00
-1.000000000000000000e+00
-3.193682448752386271e-01
2.387945318089791380e-01
7.898385045664542137e-01
6.953566570542218939e-02
-1.000000000000000000e+00
9.347424491131393065e-01
-1.000000000000000000e+00
-9.364110213999357057e-01
-7.892791335824160814e-01
-1.000000000000000000e+00
4.629888321631070447e-01
-1.066161418034033970e-01
5.832269704999479831e-01
4.511989561072489163e-01
-1.000000000000000000e+00
9.082930012596783786e-01
-1.000000000000000000e+00
-1.000000000000000000e+00
1.000000000000000000e+00
8.525826164580203592e-01
-3.675042271011697004e-02
2.420625592011728111e-01
5.997137792913358467e-01
6.869655646720129738e-01
1.000000000000000000e+00
-6.849741537276499148e-01
-3.016534183451449191e-01
-1.000000000000000000e+00
-1.000000000000000000e+00
-1.000000000000000000e+00
-1.000000000000000000e+00
-1.000000000000000000e+00
-6.847973470722102940e-01
-1.000000000000000000e+00
1.000000000000000000e+00
-6.992926310490216180e-01
9.267888079151284098e-01
1.000000000000000000e+00
1.000000000000000000e+00
-1.000000000000000000e+00
-1.428661005599046740e-01
6.107818670474807199e-01
-5.762012028706171574e-01
7.589864531347084720e-01
-4.147610865274597991e-03
4.609886543005639048e-01
5.567106061190276733e-01
-1.509549814717259242e-01
1.000000000000000000e+00
1.000000000000000000e+00
9.786352355629192035e-01
8.445677628660059888e-01
-9.462591627218547297e-01
1.141093824515535538e-01
-4.619425283148153039e-01
2.953065149199318729e-01
1.000000000000000000e+00
-1.000000000000000000e+00
-1.000000000000000000e+00
1.000000000000000000e+00
4.226907716705923246e-01
-3.109039485892972632e-01
8.071683759824668236e-01
-3.462716370758943674e-01
-2.034993353877548872e-01
4.289567858118048527e-02
-5.551633689508876923e-01
-5.656921534471329172e-02
1.000000000000000000e+00
-2.092622416619105419e-01
4.073876864064456260e-01
-1.998799899990301165e-01
-9.467069656324537119e-01
-1.000000000000000000e+00
-1.000000000000000000e+00
-5.217497125782982748e-01
-2.201590947143980681e-01
1.000000000000000000e+00
5.025117147423980857e-01
-1.000000000000000000e+00
-3.518351418322871460e-01
1.000000000000000000e+00
2.971404479650138764e-01
7.429865868155562936e-01
-1.000000000000000000e+00
7.129580288493881923e-01
-1.000000000000000000e+00
-1.557969659086067549e-01
-1.000000000000000000e+00
-9.246120607411814074e-01
8.061889437342872888e-01
-8.544242073237320323e-01
1.000000000000000000e+00
-5.308025934021616266e-01
-3.543757989139233455e-01
1.000000000000000000e+00
1.905677164963334724e-01
8.539436447647043016e-01
-1.000000000000000000e+00
4.146720387079907977e-01
-7.772651322537321716e-01
6.443835945001263887e-02
1.000000000000000000e+00
1.000000000000000000e+00
1.000000000000000000e+00
1.000000000000000000e+00
5.150619202714450118e-02
-2.814515001312162257e-02
-1.000000000000000000e+00
2.242916502087297093e-02
-4.047048806432292922e-01
-1.000000000000000000e+00
1.000000000000000000e+00
1.000000000000000000e+00
3.326995794826927977e-01
-1.000000000000000000e+00
-2.698788981380597640e-01
4.864146944044664966e-01
-2.886889768522441502e-01
-6.558645039604837912e-02
-9.086134381027748397e-01
1.000000000000000000e+00
2.176358152669452539e-01
-2.310266926962534217e-02
-1.000000000000000000e+00
-2.892546707115782878e-01
1.000000000000000000e+00
1.000000000000000000e+00
1.000000000000000000e+00
-1.000000000000000000e+00
9.130002563227006540e-01
-5.337092287703892879e-01
-8.765489715273488969e-01
-9.305528020060385153e-01
5.129155487898323651e-01
1.000000000000000000e+00
-1.000000000000000000e+00
4.231454478622272974e-01
4.961343926349219835e-01
-1.010376230033737666e-01
-1.000000000000000000e+00
-8.781109312746835371e-01
3.797195690212649133e-01
-5.158759693700345483e-01
1.000000000000000000e+00
-1.000000000000000000e+00
-7.174730670746529704e-01
-1.000000000000000000e+00
-3.580134451978231880e-01
-1.000000000000000000e+00
-1.000000000000000000e+00
-1.000000000000000000e+00
4.018696764889479467e-01
1.000000000000000000e+00
-1.000000000000000000e+00
8.293517626198816384e-01
-1.000000000000000000e+00
-1.000000000000000000e+00
1.000000000000000000e+00
-3.985962066654732405e-01
-1.000000000000000000e+00
-1.000000000000000000e+00
-2.547103933093334271e-01
-2.705092657324448258e-01
1.324862240952410231e-01
1.000000000000000000e+00
1.808984394057260303e-01
4.808704522972273576e-01
-6.440340431428954737e-01
-2.566758905971151528e-01
6.478286201662740718e-01
-1.000000000000000000e+00
2.055662540135515526e-01
8.535918774626021222e-01
-1.000000000000000000e+00
-1.000000000000000000e+00
1.000000000000000000e+00
-1.000000000000000000e+00
-1.000000000000000000e+00
1.000000000000000000e+00
-1.000000000000000000e+00
8.624360000014494876e-01
-1.000000000000000000e+00
4.899141111202005572e-01
3.931421357226434488e-01
-3.025042546337055605e-01
-1.000000000000000000e+00
1.000000000000000000e+00
1.000000000000000000e+00
1.065029282716294934e-01
-5.606057800422672432e-01
1.000000000000000000e+00
-1.000000000000000000e+00
-1.000000000000000000e+00
1.000000000000000000e+00
-1.529022729294093885e-02
9.628779540047707197e-01
1.000000000000000000e+00
1.029758610782059991e-01
6.365984517996592373e-02
-9.440897851999048296e-01
-2.892754183131367451e-01
4.859644547910086931e-01
1.000000000000000000e+00
-3.158880897811778277e-01
2.936844030246924531e-01
-1.000000000000000000e+00
1.000000000000000000e+00
1.000000000000000000e+00
3.928557990238214503e-01
-1.000000000000000000e+00
1.000000000000000000e+00
2.996225506846705855e-01
8.761995024739483995e-01
-1.000000000000000000e+00
-8.243966020681041673e-01
-3.801872568548624320e-01
-5.209103644731647442e-01
-1.000000000000000000e+00
1.000000000000000000e+00
5.475420334086475993e-01
7.256996959360331179e-01
4.718907157902942073e-02
8.235775543844325863e-01
2.490953309754917466e-01
-1.000000000000000000e+00
-1.201188480277042281e-01
1.000000000000000000e+00
-2.737168143932093289e-01
-1.000000000000000000e+00
-4.164402910416746817e-01
-1.000000000000000000e+00
1.794118166697311612e-01
1.000000000000000000e+00
-1.000000000000000000e+00
-5.363323892327175324e-01
-9.049139138647706027e-01
4.771027425639378650e-01
-1.193003043952220732e-01
-1.000000000000000000e+00
1.000000000000000000e+00
-2.082020891364688708e-01
1.000000000000000000e+00
8.419813452092983486e-02
6.742103823280620745e-01
2.036125038268046250e-01
-1.000000000000000000e+00
1.000000000000000000e+00
-1.802541095389358361e-01
1.000000000000000000e+00
3.489984397353967926e-01
-1.000000000000000000e+00
1.000000000000000000e+00
6.174687858916179106e-01
3.260361556747354284e-01
1.000000000000000000e+00
8.433583213092542552e-01
1.000000000000000000e+00
-4.176332946480212360e-01
-1.000000000000000000e+00
-7.893852279773775349e-01
-1.000000000000000000e+00
-4.908108028180901972e-02
1.000000000000000000e+00
-1.000000000000000000e+00
1.000000000000000000e+00
1.994531447871283891e-01
-3.013616953688146305e-01
1.000000000000000000e+00
-1.000000000000000000e+00
1.000000000000000000e+00
-6.221221277813246964e-01
2.067849349868176034e-01
-1.000000000000000000e+00
-1.000000000000000000e+00
-1.000000000000000000e+00
1.000000000000000000e+00
1.000000000000000000e+00
-1.000000000000000000e+00
2.273637973910054288e-01
-5.527667383357572906e-01
3.422576814782823384e-01
-3.276957039514516445e-02
1.000000000000000000e+00
-4.155238139620293092e-01
2.333055181218259277e-01
1.000000000000000000e+00
-1.000000000000000000e+00
1.000000000000000000e+00
-1.000000000000000000e+00
-1.968969091162620089e-03
9.728186825890997591e-01
6.625535657160454006e-01
-7.825240595746308925e-01
1.000000000000000000e+00
7.180924123126291025e-01
9.933203817977841465e-01
-2.063805541376900754e-01
9.115233136809360870e-01
7.148617208406871093e-02
-1.000000000000000000e+00
3.822090515858334037e-02
-3.756080029180046687e-01
-5.420509973511443702e-01
6.171087513222736076e-01
1.000000000000000000e+00
-2.828201991589001096e-01
1.000000000000000000e+00
-5.463754104695467406e-01
-2.138676412816482575e-01
-1.000000000000000000e+00
-9.827718918832883954e-02
-6.965817449181666010e-02
2.060539512871619738e-01
1.356674891962772467e-01
1.000000000000000000e+00
5.273201449938481611e-01
1.000000000000000000e+00
-1.000000000000000000e+00
-1.000000000000000000e+00
-5.644582244864013720e-01
-1.000000000000000000e+00
-1.000000000000000000e+00
2.108166700052717113e-01
1.000000000000000000e+00
4.234044594430663722e-03
1.000000000000000000e+00
-6.015678236300607828e-01
-1.000000000000000000e+00
1.000000000000000000e+00
-5.969098210749669287e-01
-1.000000000000000000e+00
1.000000000000000000e+00
-1.083676030277340163e-01
-7.927987670228179296e-01
-1.000000000000000000e+00
2.707484012813077268e-01
-1.000000000000000000e+00
-1.000000000000000000e+00
-1.000000000000000000e+00
5.880129893172619804e-02
-9.354215274232863253e-02
2.785638696164395300e-01
5.124824723305657637e-01
-1.000000000000000000e+00
4.171939317822601634e-01
-1.000000000000000000e+00
-1.000000000000000000e+00
1.841151445856095692e-01
-1.000000000000000000e+00
6.760817536934566885e-01
1.000000000000000000e+00
9.939713390172307816e-01
1.000000000000000000e+00
3.573439249135252904e-01
1.000000000000000000e+00
-1.000000000000000000e+00
-1.000000000000000000e+00
8.912744066975447632e-01
-7.581635434429021547e-01
-8.485950020241608271e-01
-8.111161749317623570e-01
-2.666341028511883815e-01
9.830377118220314792e-01
-1.000000000000000000e+00
-6.964658534798057188e-01
6.700641485028054900e-01
4.258498612798394256e-01
-3.649876012278954751e-01
-7.777806027992462123e-02
1.313896165466643673e-01
-5.755963636410310613e-02
-1.000000000000000000e+00
1.000000000000000000e+00
1.000000000000000000e+00
1.000000000000000000e+00
7.718545485590565525e-01
-9.861213075641983572e-01
1.000000000000000000e+00
-1.000000000000000000e+00
-9.919514721368117849e-01
6.508431073330864791e-01
-6.756325195105706838e-01
-6.743110753060524987e-01
-9.023079766201436147e-01
1.000000000000000000e+00
-2.641360012938546165e-01
-3.358714197377524746e-01
4.107951447349312835e-01
-5.015999022434793897e-01
-1.000000000000000000e+00
-8.265908257630127931e-01
-4.239344274524205480e-01
2.145731778413323410e-01
5.121222248940209276e-01
-5.905253480423685586e-01
-4.324895787898488386e-01
-3.410193165064889786e-02
4.578128840211699302e-01
-1.000000000000000000e+00
-1.000000000000000000e+00
1.000000000000000000e+00
6.082392104161531421e-01
1.000000000000000000e+00
5.380956423788380016e-02
1.000000000000000000e+00
6.964730324406751549e-01
8.316284869724164253e-01
-6.385458557464203100e-01
-6.504467355446634791e-01
1.000000000000000000e+00
-1.000000000000000000e+00
-1.000000000000000000e+00
-5.115797954937129077e-02
1.000000000000000000e+00
2.587045545882183384e-01
1.597677185283079559e-01
-1.000000000000000000e+00
9.481345271977175138e-01
1.000000000000000000e+00
9.478965842722963941e-01
4.566622343075827928e-01
1.421151030066223342e-01
-1.000000000000000000e+00
1.462658757725886494e-01
-9.022219767677949198e-01
3.293437763347029090e-02
-1.000000000000000000e+00
-1.000000000000000000e+00
4.255522030835022784e-01
1.000000000000000000e+00
1.000000000000000000e+00
-1.000000000000000000e+00
-5.098026273803257791e-01
2.268915345260509309e-01
1.000000000000000000e+00
-1.000000000000000000e+00
1.000000000000000000e+00
-1.000000000000000000e+00
6.047184097901834310e-01
1.000000000000000000e+00
-1.014510756005512770e-02
1.000000000000000000e+00
2.707888918277493451e-01
-1.332684067291804997e-01
-1.000000000000000000e+00
1.000000000000000000e+00
-8.198446343392702396e-01
-1.000000000000000000e+00
-3.690601039575681641e-01
1.000000000000000000e+00
1.000000000000000000e+00
-1.820520277065403869e-01
-1.000000000000000000e+00
-1.000000000000000000e+00
-1.000000000000000000e+00
7.773770120010634610e-01
1.394674441632802742e-01
-1.000000000000000000e+00
-1.000000000000000000e+00
-9.114415643854694160e-01
-1.000000000000000000e+00
-1.000000000000000000e+00
-3.831423592445563908e-02
-7.137879277223205809e-01
-9.480177725702377822e-01
-4.267861193627653371e-01
-1.856326257801194091e-02
-1.000000000000000000e+00
-1.000000000000000000e+00
-5.220686594582391038e-02
9.849541888183011018e-02
-2.154776598371783147e-01
9.186393114409668881e-02
1.000000000000000000e+00
-1.000000000000000000e+00
-6.455675116935151170e-01
-5.882556423675915358e-01
1.000000000000000000e+00
-1.000000000000000000e+00
-2.488993896824617802e-01
1.000000000000000000e+00
2.198511106363304490e-01
1.000000000000000000e+00
-8.898139949450423192e-01
-1.514019312723988708e-01
-9.034070950477852691e-01
9.569929093642193241e-01
-1.000000000000000000e+00
-1.000000000000000000e+00
-1.757223579928420820e-01
-1.000000000000000000e+00
-1.000000000000000000e+00
7.908954835947727968e-01
2.502038386990353414e-01
-1.000000000000000000e+00
-1.000000000000000000e+00
-4.300402522406918671e-01
7.727570613366465668e-01
1.000000000000000000e+00
-1.000000000000000000e+00
-1.785169755641122791e-01
1.000000000000000000e+00
-5.907385916842144979e-01
-1.930846995522699228e-01
9.408406313806978449e-01
-3.471572333603353266e-01
-1.000000000000000000e+00
-9.367836084837928290e-01
-1.000000000000000000e+00
-6.785336996253796826e-01
1.000000000000000000e+00
4.601991317413285931e-01
-2.696840277493301463e-01
-1.000000000000000000e+00
-5.997810965947452111e-01
-1.000000000000000000e+00
1.000000000000000000e+00
-8.672388688488570363e-01
6.958166771476561596e-01
-1.000000000000000000e+00
-2.228676792865120215e-01
6.643426373189789680e-02
-9.157472923763295691e-01
1.000000000000000000e+00
-2.197634761744029497e-01
-1.000000000000000000e+00
1.000000000000000000e+00
1.000000000000000000e+00
4.310738895359597089e-01
-9.319510079124282420e-02
2.523801867683306277e-02
1.000000000000000000e+00
-1.000000000000000000e+00
9.593470159633621375e-01
-1.000000000000000000e+00
3.778540140835202066e-01
-1.000000000000000000e+00
8.977657714562925495e-01
-1.693791589258819563e-01
-1.774108832855939011e-01
-1.315299584254409071e-01
1.000000000000000000e+00
-6.601886850307424337e-02
4.597305149077606234e-01
1.364089689928388860e-01
1.251570136624506335e-01
-9.216936280603980070e-01
-5.200523104456508117e-01
1.000000000000000000e+00
1.000000000000000000e+00
-7.802398308493205814e-01
-1.000000000000000000e+00
-3.503240791724977488e-01
9.275069388448748953e-01
1.000000000000000000e+00
1.000000000000000000e+00
1.000000000000000000e+00
8.694304237689071124e-01
-3.533599935468690889e-01
7.059587506254851874e-01
-1.000000000000000000e+00
4.404934787834294818e-01
1.777685152531583157e-01
1.000000000000000000e+00
-1.000000000000000000e+00
-1.000000000000000000e+00
7.998557283115743655e-01
-1.273383340280744291e-01
8.882908599035665986e-02
-2.895687640656284811e-01
1.000000000000000000e+00
1.000000000000000000e+00
-1.000000000000000000e+00
1.748565538467524993e-01
1.000000000000000000e+00
5.318597055432945364e-01
1.716677865121770119e-01
-1.000000000000000000e+00
-1.000000000000000000e+00
1.000000000000000000e+00
-1.000000000000000000e+00
7.851146783413959218e-01
-3.781842183034692662e-01
8.590177116631281251e-01
1.000000000000000000e+00
1.962387576751536966e-02
-1.000000000000000000e+00
-1.000000000000000000e+00
5.112980404531687340e-01
-7.879857015503193285e-01
2.439572487423992131e-01
1.956014843658646363e-01
-1.000000000000000000e+00
1.000000000000000000e+00
5.503167017023413710e-02
-1.000000000000000000e+00
-1.000000000000000000e+00
8.526674453041807045e-01
1.000000000000000000e+00
9.707704403684151995e-01
2.733276017367648469e-01
-7.728464905489682568e-01
1.000000000000000000e+00
5.416508634743184558e-01
1.000000000000000000e+00
4.815573712738930867e-01
6.171997128027961743e-01
-5.674293456127259550e-01
1.000000000000000000e+00
-1.000000000000000000e+00
-1.000000000000000000e+00
-1.823680802819050983e-01
-1.000000000000000000e+00
-6.770991972638203960e-01
8.598259177690870114e-02
6.707376290585109757e-01
2.582647757456548732e-01
-3.542407043627516794e-01
-1.000000000000000000e+00
-1.000000000000000000e+00
-1.000000000000000000e+00
1.000000000000000000e+00
-3.982941745978446080e-01
1.000000000000000000e+00
1.000000000000000000e+00
1.000000000000000000e+00
-5.681195472321012296e-01
-3.659015762263633231e-01
-1.914389100494438001e-01
9.390533470560046281e-01
1.000000000000000000e+00
-9.826666458674656601e-01
6.257429110559089569e-01
1.000000000000000000e+00
1.000000000000000000e+00
-1.000000000000000000e+00
-1.000000000000000000e+00
-1.000000000000000000e+00
-1.918281122702305552e-01
3.253950446869282587e-01
-7.143632606463169443e-01
2.321598198330127039e-01
-1.000000000000000000e+00
-1.000000000000000000e+00
-5.457412826237643122e-01
-2.034942778384115636e-01
-1.000000000000000000e+00
-1.000000000000000000e+00
-9.625351191226027003e-01
-1.000000000000000000e+00
3.140757549054018494e-02
-8.020406601707076311e-01
2.443282648220741482e-01
-1.000000000000000000e+00
5.941160609289823924e-01
-1.000000000000000000e+00
-1.000000000000000000e+00
9.780851897675013618e-02
-1.000000000000000000e+00
1.995999415646872999e-01
7.772007663805857725e-01
1.000000000000000000e+00
1.000000000000000000e+00
-1.000000000000000000e+00
1.000000000000000000e+00
-1.000000000000000000e+00
3.032689406171162894e-01
1.000000000000000000e+00
-1.000000000000000000e+00
7.146546346364732183e-02
-1.000000000000000000e+00
1.000000000000000000e+00
-1.000000000000000000e+00
6.830795028296525739e-01
-1.000000000000000000e+00
-2.577493392023124663e-01
1.000000000000000000e+00
-8.267335308772305602e-02
7.439181789840447756e-01
1.000000000000000000e+00
-1.824781961985685319e-01
1.000000000000000000e+00
-8.851698139379282626e-02
2.478352604920908142e-01
-1.000000000000000000e+00
-6.773151260568643917e-02
1.000000000000000000e+00
-1.000000000000000000e+00
-1.000000000000000000e+00
8.462036331935329780e-01
1.000000000000000000e+00
1.000000000000000000e+00
-1.000000000000000000e+00
1.000000000000000000e+00
3.668513019137539244e-01
-8.607134449438685886e-02
-1.000000000000000000e+00
-1.000000000000000000e+00
-8.336558986481782396e-01
-1.000000000000000000e+00
-1.000000000000000000e+00
-9.076336349754988708e-01
-1.000000000000000000e+00
-1.000000000000000000e+00
1.000000000000000000e+00
-3.008510314470841385e-01
-1.000000000000000000e+00
5.876469542200295493e-01
-1.000000000000000000e+00
2.482258410576765328e-01
-8.054366074113989971e-01
1.000000000000000000e+00
2.489402877268060976e-01
-4.075624796244936565e-02
5.276387564382921669e-01
2.828932219927176583e-01
1.987930254953991227e-01
2.640327415156074609e-01
1.212364636483309610e-01
1.000000000000000000e+00
1.000000000000000000e+00
-1.000000000000000000e+00
-1.000000000000000000e+00
-1.000000000000000000e+00
7.171954692248452279e-01
-1.309662962845690171e-01
-6.790578808312275338e-01
-3.602402430963838054e-01
3.104979026010660365e-02
1.000000000000000000e+00
1.000000000000000000e+00
-1.969425287460423446e-01
1.000000000000000000e+00
1.000000000000000000e+00
1.000000000000000000e+00
-1.000000000000000000e+00
4.105206779080055046e-01
-1.000000000000000000e+00
-9.683434485166996231e-01
-1.000000000000000000e+00
8.394243173266577873e-01
-8.251858323353797875e-01
-9.481245695042822552e-01
1.000000000000000000e+00
1.934324812541419192e-01
5.606367636543296840e-01
-7.297143126020888548e-02
-1.000000000000000000e+00
-3.571410236178804709e-01
-1.000000000000000000e+00
7.814860919883104273e-01
1.000000000000000000e+00
-6.764072452475407005e-01
-1.000000000000000000e+00
-2.331727884461947120e-01
-1.000000000000000000e+00
-6.130390471950507569e-01
1.000000000000000000e+00
6.787210765848484817e-01
-1.000000000000000000e+00
8.063096078079512452e-01
-3.514069285962256872e-01
1.000000000000000000e+00
1.000000000000000000e+00
1.000000000000000000e+00
1.000000000000000000e+00
-1.850494275635032881e-01
-3.166741679838138146e-01
1.000000000000000000e+00
-9.092526619292586876e-01
1.000000000000000000e+00
5.261805688912801759e-01
-1.695419626602248098e-01
2.863757009689715805e-02
1.000000000000000000e+00
1.000000000000000000e+00
-1.000000000000000000e+00
-1.000000000000000000e+00
1.000000000000000000e+00
2.317099970640079665e-01
4.936823937787661043e-01
2.780471640917875353e-01
7.075010705014179724e-01
9.501894680011165883e-01
1.000000000000000000e+00
-1.000000000000000000e+00
-1.000000000000000000e+00
-5.583243961168433689e-01
1.000000000000000000e+00
-1.000000000000000000e+00
2.244541188152714417e-01
-1.000000000000000000e+00
-1.000000000000000000e+00
-1.000000000000000000e+00
1.000000000000000000e+00
-1.000000000000000000e+00
4.158684533690318874e-01
-7.254314647645979663e-01
9.839728217416248146e-01
-1.000000000000000000e+00
2.240021386501187539e-01
1.000000000000000000e+00
-1.000000000000000000e+00
-1.000000000000000000e+00
9.993684497929625765e-01
3.547635011646810277e-01
-5.866216916798110415e-01
1.000000000000000000e+00
-1.000000000000000000e+00
-5.974720095342517245e-02
7.507675636159583110e-01
-1.073769981945038587e-02
8.283098478304178336e-01
-1.137071149439461415e-02
7.717664841139282306e-01
3.521259127375750975e-01
5.584435518271377852e-01
-8.858272018951554028e-01
-1.000000000000000000e+00
-8.634912517758086548e-01
1.000000000000000000e+00
1.000000000000000000e+00
1.000000000000000000e+00
-1.000000000000000000e+00
8.527102308422915833e-01
1.000000000000000000e+00
-7.784601242310160707e-01
9.795026708768450607e-02
-3.570164251687888424e-01
2.411088158836202089e-01
-2.825718854970836746e-01
-2.638375643557961392e-01
-9.772307964259118185e-01
-1.000000000000000000e+00
-7.031479277540682027e-01
-1.000000000000000000e+00
-1.000000000000000000e+00
1.000000000000000000e+00
-1.384701613384344832e-01
-5.188692485871648774e-02
1.000000000000000000e+00
1.000000000000000000e+00
-4.807345509656701377e-01
-1.780362215339856835e-01
-8.575101910825779772e-01
-1.000000000000000000e+00
1.000000000000000000e+00
-6.390272867633060017e-01
9.685742153760731332e-01
-1.000000000000000000e+00
-1.000000000000000000e+00
-7.312848062229360124e-02
2.543394818243361888e-01
-1.000000000000000000e+00
1.000000000000000000e+00
3.252428931713363669e-01
1.000000000000000000e+00
1.845764357626576979e-01
6.505243943126965966e-01
-9.087978300155707956e-01
-6.660174670633608462e-01
1.000000000000000000e+00
1.282186177457408371e-01
-1.000000000000000000e+00
-4.687214638925185084e-01
4.602924542421609200e-01
1.000000000000000000e+00
-1.000000000000000000e+00
5.458868235135555524e-01
-9.977500775884798889e-01
5.033312954693360819e-01
-8.061236376349545374e-01
1.000000000000000000e+00
-2.875512131490426393e-01
1.000000000000000000e+00
1.000000000000000000e+00
-6.638718268874521655e-01
1.000000000000000000e+00
-3.150926075872363397e-01
-1.000000000000000000e+00
-1.433074906030375739e-01
-3.418568307126102490e-01
5.346198113571519750e-01
1.000000000000000000e+00
1.000000000000000000e+00
-1.000000000000000000e+00
8.035104638931311882e-01
-9.613347541510592897e-01
8.177876790925380224e-01
1.142072101931486117e-01
-1.000000000000000000e+00
3.466225014881725297e-01
8.433802076823166960e-01
4.802860268531086163e-01
6.560112657352286103e-01
3.014516921942980154e-01
-1.000000000000000000e+00
1.000000000000000000e+00
2.943884287024469693e-01
-8.309890461501473480e-02
-3.531764602256152186e-01
1.000000000000000000e+00
-7.559572840039614494e-01
3.375657691581257502e-01
-1.000000000000000000e+00
-1.000000000000000000e+00
4.622918086377613145e-01
1.000000000000000000e+00
-2.635194694503996127e-01
1.000000000000000000e+00
-1.000000000000000000e+00
-9.314927542862359022e-01
8.784982449878842026e-01
3.508382879068706606e-01
-1.000000000000000000e+00
1.000000000000000000e+00
-3.236972335405327028e-01
-1.000000000000000000e+00
-8.560839606011417802e-01
8.794290886630989901e-01
1.000000000000000000e+00
2.189097203242693634e-01
1.000000000000000000e+00
1.000000000000000000e+00
1.000000000000000000e+00
7.905962758989449890e-01
9.443011782637882323e-01
-1.000000000000000000e+00
-8.574138760930716252e-02
-3.121908851863502976e-02
1.000000000000000000e+00
9.271643014842222419e-01
-1.724556439332416424e-01
1.000000000000000000e+00
6.484312159248770691e-01
-1.000000000000000000e+00
1.000000000000000000e+00
2.356382751995030611e-01
1.000000000000000000e+00
-1.000000000000000000e+00
9.745261884395237661e-01
3.587199434450432101e-01
-1.000000000000000000e+00
1.000000000000000000e+00
-1.000000000000000000e+00
3.306368429380404095e-01
5.362807149803923146e-01
-4.731546610077271842e-01
1.000000000000000000e+00
-1.000000000000000000e+00
1.000000000000000000e+00
1.000000000000000000e+00
8.089454078984428254e-01
-1.000000000000000000e+00
-1.000000000000000000e+00
7.925652529332294360e-02
1.000000000000000000e+00
2.303814803336651229e-02
1.000000000000000000e+00
6.180042804793198785e-01
-1.000000000000000000e+00
-1.000000000000000000e+00
-1.000000000000000000e+00
4.361654093736077042e-01
5.330677602062514620e-01
9.279960937480025152e-02
-1.780970633930122338e-01
4.453785736838449250e-01
-1.000000000000000000e+00
8.016976878737844814e-01
-6.520032515042635257e-01
-1.000000000000000000e+00
-3.283624887687686122e-01
1.000000000000000000e+00
-4.364554858194414910e-01
-1.000000000000000000e+00
-4.793898242470451265e-02
-1.000000000000000000e+00
8.550160385427550969e-01
-1.000000000000000000e+00
-3.917103392366609871e-01
-7.952752937923646126e-02
-1.000000000000000000e+00
-1.000000000000000000e+00
4.313537086313942726e-01
-1.000000000000000000e+00
-1.000000000000000000e+00
-2.627320200574791986e-01
1.000000000000000000e+00
7.838865988956258413e-01
-2.225581538590289954e-01
-9.393344261059893840e-01
7.836931001826419330e-02
1.000000000000000000e+00
1.000000000000000000e+00
1.000000000000000000e+00
1.002733446718759858e-01
7.768828156947208408e-01
1.000000000000000000e+00
-7.398399356656991666e-01
4.524173243370234188e-01
-7.103508423288042994e-01
8.875295581351092533e-01
1.151856744447158354e-01
-1.000000000000000000e+00
-4.380119783373429554e-01
-1.000000000000000000e+00
1.201804011557210394e-01
-3.897088816045799486e-01
-4.992782895832961199e-01
6.677772086160335130e-01
-2.301662271251028180e-01
-7.512816761202563420e-02
-6.786373651528265771e-01
-6.869819696664778430e-01
4.226630172542894526e-02
9.940458577322451861e-01
1.000000000000000000e+00
-1.000000000000000000e+00
-1.000000000000000000e+00
-5.747030991100028352e-01
-1.000000000000000000e+00
1.000000000000000000e+00
2.695220918622830419e-01
-4.770160160452208142e-01
-4.036749469496070386e-01
-1.000000000000000000e+00
-1.916857113713351657e-01
-8.721439794833247827e-01
1.000000000000000000e+00
-1.000000000000000000e+00
2.631589805746233912e-01
5.504128599642535979e-01
9.176060799093259668e-01
-3.956346057960842266e-01
1.000000000000000000e+00
-9.537887018489694668e-01
-1.000000000000000000e+00
8.978345508795932961e-01
-1.000000000000000000e+00
-5.854156108079112686e-01
6.666790434060260173e-01
-8.812397004219179042e-01
7.118370644710926287e-01
2.187733035797777559e-01
-7.286159695598002362e-01
8.236059034717189142e-01
-1.000000000000000000e+00
-1.000000000000000000e+00
1.000000000000000000e+00
1.000000000000000000e+00
4.390703476365225288e-01
-3.158216463346463776e-03
-1.000000000000000000e+00
-6.380643516090638290e-01
-6.886906995551336230e-01
1.000000000000000000e+00
1.000000000000000000e+00
-7.238532503177825816e-01
-1.000000000000000000e+00
5.988492654488615230e-01
1.475946446570819415e-02
-1.000000000000000000e+00
-3.978421084479357717e-01
-1.000000000000000000e+00
1.000000000000000000e+00
-1.000000000000000000e+00
-3.293898087641022876e-01
-9.191962298606296544e-01
-8.996479746638450514e-01
7.024029642400353435e-01
-1.000000000000000000e+00
-1.000000000000000000e+00
1.000000000000000000e+00
1.000000000000000000e+00
6.064025184834258564e-01
-8.539403696614207284e-01
1.000000000000000000e+00
1.000000000000000000e+00
-1.000000000000000000e+00
2.076714394069743008e-01
-1.000000000000000000e+00
1.000000000000000000e+00
-3.629065346305506701e-01
1.000000000000000000e+00
-3.227592236602321307e-01
1.000000000000000000e+00
-1.000000000000000000e+00
4.186821370692008770e-01
2.568915075387098179e-01
1.000000000000000000e+00
-1.000000000000000000e+00
-1.600007929497198611e-01
-8.428551207298642378e-01
1.000000000000000000e+00
-5.434716724941216492e-01
-1.000000000000000000e+00
-1.695895204055635208e-01
1.000000000000000000e+00
-1.169139463421859926e-01
1.000000000000000000e+00
1.000000000000000000e+00
1.000000000000000000e+00
1.000000000000000000e+00
6.910670461059218450e-01
-3.531740075372350463e-01
1.000000000000000000e+00
1.000000000000000000e+00
1.000000000000000000e+00
8.121729662911404413e-01
-9.373614625073778406e-01
1.000000000000000000e+00
-2.388742445410060311e-01
5.123211262637863417e-01
-1.000000000000000000e+00
-5.432342365974215381e-01
4.885838748431665657e-01
-8.243089113104762333e-02
1.000000000000000000e+00
6.006942491930635786e-01
7.245257683195389653e-01
-6.854199058328753758e-01
-6.097881556397488634e-02
1.000000000000000000e+00
9.765278206763883251e-02
1.000000000000000000e+00
-1.846118579554191230e-01
-1.454636064391271744e-01
-1.000000000000000000e+00
-3.552404872312079354e-01
-8.489874730697455352e-01
1.000000000000000000e+00
-1.000000000000000000e+00
1.000000000000000000e+00
-8.514498378348411833e-02
7.503061868799922873e-01
-1.000000000000000000e+00
-4.040419753303921002e-01
-6.117051175683476671e-01
5.355211389606113759e-01
4.875028954539557535e-01
-1.000000000000000000e+00
-1.000000000000000000e+00
-1.000000000000000000e+00
8.509133146060288144e-01
2.122697929843427311e-01
-1.000000000000000000e+00
4.941288121060778971e-01
-5.026683954589161729e-02
-1.000000000000000000e+00
-4.418891400707153916e-01
