7.403528300369330850e-01
1.000000000000000000e+00
8.435911113528973271e-01
1.000000000000000000e+00
9.997158298713174629e-01
-1.000000000000000000e+00
3.785951658341291104e-01
-4.256978771954706975e-01
-1.472089666188185486e-01
-9.050219143559786739e-01
5.442426476255888268e-01
3.302097314970569020e-01
-1.000000000000000000e+00
7.224722659800171254e-01
6.566447767267820090e-01
-1.000000000000000000e+00
8.159980958150312436e-01
1.000000000000000000e+00
5.491357407640402588e-01
5.905788632255881687e-03
1.000000000000000000e+00
-5.950615485054578935e-01
1.054968410781494392e-01
-9.587793062816479805e-01
8.051256647719151616e-01
-7.955182730443872696e-01
1.000000000000000000e+00
1.000000000000000000e+00
-1.000000000000000000e+00
-4.108211837791712062e-01
-8.448261727839914137e-01
-7.688330855818715781e-01
-5.805048417385018089e-01
1.000000000000000000e+00
1.000000000000000000e+00
-3.238645813089557346e-01
-7.619817498483660856e-01
4.895107671991038023e-01
3.774832659201976526e-03
-2.374843295826677414e-01
-4.268916294900505504e-01
-1.000000000000000000e+00
-2.775790450268389442e-01
-5.709916808042942993e-01
1.000000000000000000e+00
8.242861905888830831e-01
-1.000000000000000000e+00
-4.313881366329965772e-01
5.238451344492724981e-01
1.000000000000000000e+00
-2.519229599651808815e-01
1.000000000000000000e+00
1.000000000000000000e+00
-9.898967887157716916e-02
-6.344734943513608005e-02
6.071305019563291161e-01
-1.000000000000000000e+00
-7.902574704415761264e-01
-9.304504461772059587e-01
1.227188263031027682e-01
-7.075955099430708550e-01
1.000000000000000000e+00
-8.862231055295195503e-01
3.679590477873371235e-01
4.693466796704135469e-01
-4.386428772239200913e-01
-1.000000000000000000e+00
1.005250006883374736e-01
1.000000000000000000e+00
-8.814928989949347704e-01
1.714318446941502927e-01
-1.000000000000000000e+00
1.900723972584491273e-01
2.975928503501221734e-01
4.653324815124552094e-01
-1.000000000000000000e+00
-9.279863886583759047e-01
9.217457677189377918e-01
2.608923814284223042e-01
-1.000000000000000000e+00
-1.000000000000000000e+00
7.862705080097851518e-01
-8.603292098912684871e-02
4.397906689703577621e-02
5.561145500257158591e-01
-1.000000000000000000e+00
-3.493225635016897757e-01
-4.783909277552025885e-01
-1.000000000000000000e+00
-9.011715759464284936e-01
-1.000000000000000000e+00
2.338610735527764106e-01
1.000000000000000000e+00
5.212562512215894728e-01
-1.000000000000000000e+00
7.124436424673954438e-01
-1.000000000000000000e+00
-7.110884216564401505e-01
4.004149277991045919e-01
-1.000000000000000000e+00
-1.000000000000000000e+00
6.845957901827952607e-01
6.677757341611127995e-01
-1.000000000000000000e+00
1.000000000000000000e+00
-6.023564585517731107e-01
-1.278881657706534281e-01
-7.167582341228032616e-01
-1.000000000000000000e+00
2.701513829288031410e-01
1.000000000000000000e+00
-5.248431688814816365e-01
6.232978682450078800e-01
6.994246578105490775e-01
-7.614695960253881069e-01
-4.535007565950979203e-01
-1.968157159919033949e-01
8.323473459670719388e-01
-3.320977913641240953e-01
1.000000000000000000e+00
7.687449138797810555e-01
-5.165049055857261484e-01
-1.000000000000000000e+00
-1.000000000000000000e+00
7.331853633943632431e-01
1.000000000000000000e+00
-8.395685141225566195e-01
1.000000000000000000e+00
-5.052619390375918673e-01
-7.491422399223919282e-01
1.000000000000000000e+00
-1.000000000000000000e+00
-1.000000000000000000e+00
-6.945563508520018470e-01
-4.943155340583433865e-01
-5.317351448791638457e-01
4.382568836862654749e-01
1.838271769192822980e-02
3.848618260550254466e-02
-1.000000000000000000e+00
6.715533179529489249e-01
7.871191980035591174e-01
-1.000000000000000000e+00
-7.865347493139518420e-01
-9.781612259378386076e-01
1.000000000000000000e+00
1.788588669198735159e-01
8.970683582664190636e-01
3.221294972272498169e-01
-3.913794770804430723e-01
6.075890311118752329e-01
3.188671119316404123e-01
-1.010112040133392952e-01
-3.991741827336581228e-02
-1.000000000000000000e+00
-1.000000000000000000e+00
-5.422348883157027677e-01
-1.000000000000000000e+00
1.000000000000000000e+00
4.645336390826662054e-01
-1.000000000000000000e+00
1.000000000000000000e+00
-9.578686074609868983e-01
-9.657621819916681893e-01
1.000000000000000000e+00
9.745616549775549808e-01
-1.000000000000000000e+00
-1.000000000000000000e+00
-9.396245352025487385e-01
-1.000000000000000000e+00
-1.000000000000000000e+00
-1.000000000000000000e+00
-1.000000000000000000e+00
-1.000000000000000000e+00
6.882876671722398809e-01
-4.321798299880277305e-01
-1.000000000000000000e+00
1.000000000000000000e+00
-8.863333770719641347e-01
-7.638887002768833812e-01
-4.698076313630806800e-01
1.000000000000000000e+00
8.362383752211175469e-01
1.000000000000000000e+00
-1.000000000000000000e+00
4.780063187942239500e-01
-1.000000000000000000e+00
1.000000000000000000e+00
-4.986192823300472643e-01
1.000000000000000000e+00
1.000000000000000000e+00
1.000000000000000000e+00
-8.053601930551932409e-01
4.735153371473543871e-01
8.483881704423668069e-01
1.000000000000000000e+00
1.978735156967111886e-01
-6.046923487707990263e-01
-3.677944874383110019e-03
2.307698778925560967e-01
1.000000000000000000e+00
7.041986825549286788e-01
1.000000000000000000e+00
-1.000000000000000000e+00
-1.000000000000000000e+00
-4.268008112348354866e-01
-5.904923514403477292e-01
-1.000000000000000000e+00
-2.760854882111773989e-01
-1.000000000000000000e+00
-1.000000000000000000e+00
-7.718461255470973059e-01
-1.000000000000000000e+00
-1.000000000000000000e+00
1.000000000000000000e+00
-1.000000000000000000e+00
2.248487023564250675e-01
1.000000000000000000e+00
8.455983464552763174e-01
3.000087485735884463e-01
-4.033086687046650853e-01
3.464298871392156309e-01
1.000000000000000000e+00
-8.483600938476907327e-01
-1.000000000000000000e+00
8.201575441082313844e-01
-1.000000000000000000e+00
8.970460707752426766e-01
2.535760830319078174e-01
8.017964483666620845e-01
-4.764661963653926136e-01
3.590826337851615868e-01
-1.000000000000000000e+00
-5.586882976436391424e-01
-7.859038612277169378e-02
-1.652583000514344647e-01
-1.085293662523414415e-01
-2.234850857143708680e-01
-6.033673690164049752e-01
6.230232590994090325e-01
-1.000000000000000000e+00
2.668619509659848621e-01
9.203435397740844515e-02
1.000000000000000000e+00
-1.000000000000000000e+00
1.000000000000000000e+00
-7.958723873394187853e-01
1.000000000000000000e+00
-3.742919864833949006e-01
-1.000000000000000000e+00
1.000000000000000000e+00
-1.000000000000000000e+00
2.014726681021964394e-01
-1.000000000000000000e+00
-3.600746963664924749e-01
-1.090423356945961486e-01
-1.000000000000000000e+00
-2.680657988956118842e-01
1.000000000000000000e+00
5.516376898893228242e-01
1.000000000000000000e+00
-1.000000000000000000e+00
-5.789550979737789760e-01
1.000000000000000000e+00
-1.654053967969968397e-01
1.000000000000000000e+00
7.921575678425017975e-01
5.453085609023622382e-01
1.000000000000000000e+00
-8.417858424013879848e-02
-1.000000000000000000e+00
-1.000000000000000000e+00
-1.000000000000000000e+00
2.505001068876253623e-01
1.000000000000000000e+00
-8.461388900287223347e-01
1.000000000000000000e+00
-9.959586436198244463e-01
-1.251831714339343704e-02
-8.439321771729492161e-01
1.043732171679277454e-01
-1.000000000000000000e+00
-5.145836328863241382e-01
6.500058053058109797e-01
-6.744479775375663566e-01
-1.000000000000000000e+00
-6.973135308361591012e-01
1.067194344491456670e-01
-9.987662087100831476e-01
7.812274594777927073e-01
-8.248000130203971825e-01
1.000000000000000000e+00
-6.455714378569575584e-02
-1.000000000000000000e+00
6.974596028755926103e-01
-6.068520227542709700e-01
4.395308630651028614e-01
2.857772994938694300e-01
1.000000000000000000e+00
7.286918145168337357e-01
-2.134232431803866348e-01
6.927916332510550834e-01
-4.516976725935897274e-01
-1.000000000000000000e+00
9.093569334571796059e-01
1.042794525234662650e-01
1.000000000000000000e+00
-8.364828445246186295e-01
-7.468219369871889057e-01
6.152959150143662015e-01
-2.286535220596028761e-01
6.626482054991300608e-02
-1.000000000000000000e+00
6.369270381338819620e-01
9.835350028088802876e-01
-7.970359743281373310e-01
1.000000000000000000e+00
1.000000000000000000e+00
1.000000000000000000e+00
-1.000000000000000000e+00
7.204304094026003913e-02
-1.000000000000000000e+00
1.000000000000000000e+00
-1.000000000000000000e+00
-4.638070106399954096e-01
1.036272805901006233e-01
1.410559934335728349e-01
-1.000000000000000000e+00
-1.000000000000000000e+00
7.268120926577763541e-01
-2.834265261852545459e-01
-5.730215749543682291e-01
1.000000000000000000e+00
3.899351880801330550e-01
1.242036628433362822e-02
-6.263478837066889238e-01
-5.272397864132762901e-01
6.015656613676529929e-01
-2.117321850986678688e-01
3.466334406457970974e-01
2.797024312728733086e-01
4.922146440754247010e-01
1.000000000000000000e+00
-1.000000000000000000e+00
-1.000000000000000000e+00
-1.574698778302214830e-01
-1.000000000000000000e+00
4.130766232664966342e-01
1.138658011489523947e-02
-8.865017808421128409e-01
-1.000000000000000000e+00
-8.797125581384036552e-01
-8.933022574515233627e-01
-4.582761552288007190e-01
-2.139637912441017809e-01
1.000000000000000000e+00
8.897197315703783138e-01
1.235107211362489466e-01
2.069836208058827010e-02
9.374744232834208990e-01
1.000000000000000000e+00
1.000000000000000000e+00
7.368904294774716313e-01
4.192447284900350235e-01
-8.897229672073789786e-01
-1.454772734886329300e-01
1.000000000000000000e+00
-1.000000000000000000e+00
2.845497565208175983e-01
-1.000000000000000000e+00
-5.310239618117464921e-01
1.000000000000000000e+00
4.358618120018016295e-01
9.626736458468149182e-01
-8.710192834394236971e-02
-1.000000000000000000e+00
-6.451866316272372170e-01
-4.421755349482789921e-01
5.623219158165326803e-01
-7.411568491895669242e-01
9.745361788791242486e-01
9.548303427812210309e-03
-1.000000000000000000e+00
-3.425787835688043348e-01
1.000000000000000000e+00
-1.000000000000000000e+00
4.461556515094864950e-01
-1.000000000000000000e+00
1.410846882173089623e-01
8.956571276972993267e-01
1.000000000000000000e+00
1.000000000000000000e+00
1.000000000000000000e+00
1.000000000000000000e+00
1.445810413831395136e-01
-5.794094860352325682e-01
7.539440406951378737e-01
1.000000000000000000e+00
1.000000000000000000e+00
-6.806476274716635189e-01
4.796480666977078755e-01
7.682027401031361613e-01
1.000000000000000000e+00
2.686947813019495701e-01
-1.000000000000000000e+00
7.918236375699280183e-01
-6.864956538043855971e-01
-1.000000000000000000e+00
1.000000000000000000e+00
-2.227552835579803547e-01
-7.555192928844511879e-01
4.441171212750871788e-02
6.289941935177003618e-01
1.000000000000000000e+00
-5.976450237232322493e-02
1.000000000000000000e+00
1.000000000000000000e+00
-9.181529989816343829e-01
-7.882061919149374596e-01
2.027242514493010905e-01
5.672486863166751325e-01
-1.000000000000000000e+00
2.184419622358175772e-01
-5.279125313268896447e-01
8.361376430911385826e-01
4.422691456654264108e-01
1.000000000000000000e+00
-3.980454139932099178e-02
1.000000000000000000e+00
-1.000000000000000000e+00
-2.742585369077453761e-01
-1.000000000000000000e+00
1.000000000000000000e+00
9.902716901212776923e-01
4.417227214947158642e-01
-1.000000000000000000e+00
-8.209228162863020373e-01
1.000000000000000000e+00
1.000000000000000000e+00
4.349009130905353571e-01
-1.000000000000000000e+00
1.000000000000000000e+00
-1.000000000000000000e+00
-1.000000000000000000e+00
-1.680830078517854820e-01
1.000000000000000000e+00
1.000000000000000000e+00
4.394418224726881483e-02
5.761769334182553770e-02
-2.856330427934583582e-01
-1.000000000000000000e+00
1.000000000000000000e+00
4.244200533300144240e-01
6.488594137594606570e-01
-1.291872908875733028e-01
2.647629157697957147e-01
8.034405690675068268e-01
4.929571798476307665e-01
9.936048898326316214e-02
-1.000000000000000000e+00
9.683775230632289954e-01
1.000000000000000000e+00
-3.259263915704716519e-01
-1.000000000000000000e+00
6.569842280175888227e-01
1.000000000000000000e+00
-4.062710227893229220e-01
3.586738911846599764e-01
-1.000000000000000000e+00
1.000000000000000000e+00
8.637116203724252150e-01
-1.000000000000000000e+00
1.000000000000000000e+00
-2.284507728945134875e-01
1.000000000000000000e+00
1.000000000000000000e+00
7.931298906003390048e-01
9.082856294580863299e-01
1.000000000000000000e+00
2.088473840558423833e-01
-7.003700519215276810e-01
-5.778588317172428379e-01
-7.626673853535804737e-01
8.073665613429321652e-01
-1.000000000000000000e+00
-1.000000000000000000e+00
1.000000000000000000e+00
1.000000000000000000e+00
2.228171251958404042e-01
1.000000000000000000e+00
-1.000000000000000000e+00
-5.069185076079611996e-01
-1.000000000000000000e+00
3.872964085772906406e-01
7.250862998719576069e-03
1.000000000000000000e+00
-1.000000000000000000e+00
3.561860100250544559e-01
-1.000000000000000000e+00
-7.139322027675022442e-01
-1.000000000000000000e+00
-3.188076661006447043e-01
7.348505777898255431e-01
6.861689818970493349e-01
-8.316938580880390841e-01
-4.573049612102640937e-01
-1.000000000000000000e+00
-1.000000000000000000e+00
1.000000000000000000e+00
9.729227737832459866e-01
1.000000000000000000e+00
-6.288595084722934381e-01
-8.718259787532357530e-01
-1.000000000000000000e+00
-9.781921628925526191e-01
1.000000000000000000e+00
8.121709550034931224e-01
-1.000000000000000000e+00
1.000000000000000000e+00
9.391035299507075607e-01
-6.930181578165686140e-01
-2.497773389778181752e-01
-4.338096515276692600e-01
-1.044359556068911177e-01
-8.768823861988983559e-02
1.223767430471761619e-01
-8.727312619444593800e-02
1.000000000000000000e+00
-1.289638273260290680e-01
-2.842966444069344734e-01
8.424844427586962725e-01
7.006494169262211802e-01
-3.339979947230445889e-01
-1.000000000000000000e+00
-1.000000000000000000e+00
8.847781966050757285e-01
1.000000000000000000e+00
1.000000000000000000e+00
-1.000000000000000000e+00
1.000000000000000000e+00
-3.560641441934742080e-01
1.000000000000000000e+00
1.000000000000000000e+00
-1.000000000000000000e+00
1.000000000000000000e+00
1.000000000000000000e+00
2.026977189837737559e-01
-1.184188485276264080e-01
8.960486065661974475e-01
-7.012591448115614856e-01
-5.055279185630539018e-01
-5.961010523221788038e-01
1.000000000000000000e+00
-8.480258803329622230e-01
9.029320573189846266e-01
-1.000000000000000000e+00
1.382379956941918175e-01
8.531060608324904093e-01
7.819055454378016634e-01
1.923789435288569827e-01
1.000000000000000000e+00
-4.212295273827444397e-01
-1.000000000000000000e+00
1.000000000000000000e+00
-3.397687452798525687e-01
1.000000000000000000e+00
1.000000000000000000e+00
-5.174531123706236357e-01
-1.000000000000000000e+00
1.000000000000000000e+00
-5.476450910989461018e-01
1.135304077721545069e-01
1.000000000000000000e+00
-9.581520147765244522e-01
-1.000000000000000000e+00
1.000000000000000000e+00
1.000000000000000000e+00
1.000000000000000000e+00
1.000000000000000000e+00
5.717471450262077148e-01
1.916397168042043853e-01
1.000000000000000000e+00
-1.000000000000000000e+00
-1.000000000000000000e+00
-5.966341251242193167e-01
-1.228677318720036160e-01
8.448369956779241408e-01
2.106208186737099641e-01
1.000000000000000000e+00
-6.703406235287250325e-01
-2.751118663043776724e-01
-2.019088274211278122e-01
-1.886444564422374848e-01
1.000000000000000000e+00
-1.000000000000000000e+00
1.000000000000000000e+00
4.328004059108033763e-01
1.877866671099523987e-01
1.000000000000000000e+00
4.049525593699913051e-01
-8.695525101774695953e-01
1.000000000000000000e+00
2.961831678001258794e-01
1.000000000000000000e+00
-1.000000000000000000e+00
-7.100809366759786023e-01
-6.245093976351946408e-01
1.000000000000000000e+00
-1.000000000000000000e+00
-5.923653435421799562e-01
-3.664106080009258415e-01
7.651254775583562484e-01
-5.405341611592942019e-01
-2.983524478115781031e-01
1.000000000000000000e+00
2.265654300694280865e-01
-1.000000000000000000e+00
-6.111105305822782663e-01
-1.018250094493958757e-01
1.000000000000000000e+00
-8.190631730812459876e-01
-1.000000000000000000e+00
-1.000000000000000000e+00
-6.926605572003101674e-01
1.000000000000000000e+00
1.358316261524665780e-01
-7.848414030703754207e-02
9.487964628345306739e-01
-9.507205001502345709e-01
2.642211564929757284e-01
1.000000000000000000e+00
-9.251794328263038825e-01
1.000000000000000000e+00
1.000000000000000000e+00
-1.000000000000000000e+00
1.000000000000000000e+00
-1.000000000000000000e+00
-8.908538591737165113e-01
3.421910971298643966e-01
1.000000000000000000e+00
-3.172708526022116615e-02
1.000000000000000000e+00
-1.365129559453002184e-01
-6.587775819638737040e-01
1.000000000000000000e+00
-1.000000000000000000e+00
1.050106939130382999e-01
-5.483864874863261241e-01
-1.000000000000000000e+00
-1.000000000000000000e+00
6.356393418107437743e-01
-3.588267847505413055e-01
1.000000000000000000e+00
1.000000000000000000e+00
7.264291169558818595e-01
5.421510550480821422e-01
4.211259945329001164e-01
-1.000000000000000000e+00
8.800126250453965682e-02
-1.146280488708484313e-02
2.849056529346769562e-01
-7.525572764092114397e-01
3.034916349878515884e-01
-5.400440315835248750e-01
-3.109925677837219737e-01
1.000000000000000000e+00
-1.000000000000000000e+00
-4.163254654689526602e-01
-1.000000000000000000e+00
-8.235779818580832856e-01
-1.000000000000000000e+00
8.574732489295233684e-01
4.107488750601813177e-01
-7.661922857759573269e-04
-2.127591983823471367e-01
4.089835205491021419e-02
7.629571396796650529e-01
-1.000000000000000000e+00
6.321808167384830313e-01
-1.000000000000000000e+00
-1.000000000000000000e+00
3.750426742913075540e-01
-4.051703215405202396e-01
-1.000000000000000000e+00
5.842883518839623314e-01
-5.730268292639228989e-03
-1.000000000000000000e+00
-2.589179390713788886e-01
1.000000000000000000e+00
7.856429069988669633e-01
9.308491747054992160e-02
-2.389854065248590009e-01
6.784357996328469476e-01
1.000000000000000000e+00
1.000000000000000000e+00
-8.592664296026952808e-01
9.152892191892192386e-03
-4.242717722663280622e-02
4.089797724225032738e-01
-6.650225433161238708e-01
-1.000000000000000000e+00
1.000000000000000000e+00
-1.000000000000000000e+00
-4.940234705352739564e-01
1.000000000000000000e+00
-1.000000000000000000e+00
1.394649127575038339e-01
-2.886007695661053640e-01
-5.599376693274091821e-01
1.000000000000000000e+00
-5.853757185376343708e-01
8.867926668773515875e-01
7.279710970477921705e-01
-1.334729946639920395e-02
1.000000000000000000e+00
6.640588400765297106e-01
-4.851521287050869491e-01
7.876989308766380038e-01
-3.413346488349277008e-01
7.390526900746580141e-01
1.000000000000000000e+00
-6.128601184165932692e-01
-1.000000000000000000e+00
1.068011779493178715e-01
-1.000000000000000000e+00
3.662917493066790153e-01
1.432831083594651167e-01
7.069682154081706749e-01
-1.000000000000000000e+00
-1.648742074432022475e-01
1.036878393890319217e-01
-6.697443200250412509e-01
2.429834126438887854e-01
1.000000000000000000e+00
-1.000000000000000000e+00
-8.140454414577202868e-01
-1.000000000000000000e+00
-2.576252145656520720e-01
1.000000000000000000e+00
9.026245102635962470e-01
5.101815919767100915e-01
1.000000000000000000e+00
-1.000000000000000000e+00
-4.767736198152939808e-01
-1.000000000000000000e+00
5.657441830589493570e-02
5.938396065189318618e-01
1.000000000000000000e+00
3.518278799561707082e-01
-5.053400266122538564e-01
1.000000000000000000e+00
1.000000000000000000e+00
1.000000000000000000e+00
4.579344334098978120e-01
1.000000000000000000e+00
-3.661324006864145053e-01
7.962177784203499087e-01
-5.934442058654694208e-01
-2.573038806029001035e-01
4.686571857960171172e-01
2.263905845027263108e-01
1.000000000000000000e+00
-9.610924427662362879e-01
-9.747607770483168732e-01
-1.000000000000000000e+00
3.315353790228181552e-01
-2.096449924430277001e-01
-2.481637657390900475e-01
1.000000000000000000e+00
-7.896665941640956810e-01
-1.000000000000000000e+00
-1.000000000000000000e+00
-8.951762147360011745e-01
9.757444478723489301e-01
7.057794181817160784e-01
-9.600474127746577713e-01
1.000000000000000000e+00
-1.000000000000000000e+00
1.000000000000000000e+00
-5.333543288981013042e-01
-8.081176524592279531e-01
1.000000000000000000e+00
9.516315742033720770e-01
1.000000000000000000e+00
-5.616543334153434319e-01
-1.000000000000000000e+00
1.000000000000000000e+00
2.121742488240012658e-01
1.117895205562102062e-01
-1.895745730953385388e-01
7.122348843216738112e-01
3.330767128010588829e-01
1.000000000000000000e+00
5.957109430228701985e-01
-1.000000000000000000e+00
2.185112711467018798e-02
1.000000000000000000e+00
-7.352438745138969445e-01
-8.052569079186822076e-01
1.000000000000000000e+00
7.690408910004407073e-01
3.504238959886178395e-01
1.401862861801645987e-01
6.085701258131475111e-01
-1.000000000000000000e+00
-9.236740259163485067e-01
1.000000000000000000e+00
-1.000000000000000000e+00
1.000000000000000000e+00
-7.218897114221487499e-01
1.000000000000000000e+00
-5.390258964888052784e-01
4.279421289687896368e-01
5.362204941359685062e-01
1.000000000000000000e+00
-1.000000000000000000e+00
-1.000000000000000000e+00
1.000000000000000000e+00
-2.932101359740535429e-01
1.288824967335404637e-01
-1.000000000000000000e+00
4.476422636708414782e-01
-6.449661736796026279e-01
1.000000000000000000e+00
-9.863495267028165037e-01
1.000000000000000000e+00
1.000000000000000000e+00
3.945816679710706376e-01
-4.390596963171244926e-02
-7.781271811748367018e-01
-2.708791944917379180e-01
3.298653823658870277e-02
1.000000000000000000e+00
4.185719038834032624e-01
3.888191082062936732e-01
7.533486118220250605e-01
5.944717723308905466e-01
-1.000000000000000000e+00
4.397472002989659678e-01
-1.000000000000000000e+00
-1.000000000000000000e+00
-1.000000000000000000e+00
9.397845763665106933e-01
-7.783216989216179549e-01
-2.224722247442461054e-01
-1.000000000000000000e+00
1.235268110209843812e-02
5.902724242155554801e-01
7.412267516980639570e-01
1.000000000000000000e+00
-1.000000000000000000e+00
1.000000000000000000e+00
1.000000000000000000e+00
-8.697030761661661558e-01
5.992863345932732955e-01
1.000000000000000000e+00
-1.000000000000000000e+00
1.000000000000000000e+00
3.028412138989715618e-01
1.000000000000000000e+00
2.971030907384347719e-01
-1.000000000000000000e+00
-7.621590285254147279e-01
1.000000000000000000e+00
-1.000000000000000000e+00
7.562349441023137331e-01
1.000000000000000000e+00
2.844702572026341914e-01
2.822268918105309554e-01
-1.000000000000000000e+00
-1.000000000000000000e+00
6.902857556882393553e-01
-1.000000000000000000e+00
1.000000000000000000e+00
1.875306698106669057e-01
-7.865772676511931794e-01
-5.949661117346397576e-01
1.000000000000000000e+00
8.123041127563308539e-01
-8.988749089232263012e-01
-1.744752019563693413e-01
1.000000000000000000e+00
-2.749113251666458480e-01
-1.842816616496443238e-01
1.325964780225781237e-01
-1.000000000000000000e+00
-1.000000000000000000e+00
1.000000000000000000e+00
-1.000000000000000000e+00
-1.000000000000000000e+00
1.000000000000000000e+00
2.958550338713478722e-01
-8.567321107239894706e-01
2.378793270853899189e-01
-1.000000000000000000e+00
-6.599263187625009630e-01
-1.000000000000000000e+00
2.187801165280601756e-01
-7.853936753610268884e-02
-9.727195355244599995e-02
-2.379488846201121000e-01
-1.000000000000000000e+00
4.180606099806545295e-01
1.000000000000000000e+00
1.000000000000000000e+00
7.375571817092707594e-02
7.501310401323584287e-01
-4.736826603364855948e-01
2.626384538829913406e-01
8.911291943228442092e-01
3.632271719073907335e-01
-1.000000000000000000e+00
1.000000000000000000e+00
1.912311681529088592e-02
-1.000000000000000000e+00
-1.379804534248907366e-03
-1.000000000000000000e+00
5.996746073909535735e-01
2.793552702395339371e-01
-1.000000000000000000e+00
-3.184626740465541506e-01
4.328697102998020352e-01
1.000000000000000000e+00
-1.000000000000000000e+00
1.000000000000000000e+00
5.194235194791207988e-01
-1.000000000000000000e+00
5.495615060649587935e-01
1.000000000000000000e+00
8.161460046552848624e-02
-5.530701777539756558e-02
-1.034253452752453839e-02
-8.191950495323807591e-01
1.728417601281417859e-02
1.000000000000000000e+00
1.862466122166106519e-01
-8.121580308044562546e-01
5.502599433887971347e-01
7.602567366501384871e-01
1.000000000000000000e+00
3.833230227012481839e-01
-7.359718545182258875e-01
9.122883172541373931e-01
7.776593683641752630e-01
-4.965783981192679608e-01
9.709308293824753244e-02
1.000000000000000000e+00
-9.923159288729471728e-01
4.653646871535961349e-01
1.843465111277521329e-01
1.969652663291334219e-02
3.773099032138890752e-01
1.000000000000000000e+00
5.171700016264825228e-01
1.000000000000000000e+00
-9.380583719903987650e-01
1.000000000000000000e+00
5.972098523177674645e-01
-7.905970920556345538e-01
1.000000000000000000e+00
-1.000000000000000000e+00
1.000000000000000000e+00
-1.000000000000000000e+00
-2.177656917504702250e-01
1.000000000000000000e+00
3.056349915169171427e-01
-4.708058799301018116e-02
1.000000000000000000e+00
-2.155448102404886879e-01
-1.000000000000000000e+00
-1.000000000000000000e+00
1.000000000000000000e+00
-1.000000000000000000e+00
-1.000000000000000000e+00
-1.922358195532485325e-01
-1.000000000000000000e+00
2.688415224914797452e-01
1.000000000000000000e+00
-1.000000000000000000e+00
-3.704716929192672925e-01
-1.000000000000000000e+00
1.724775562785139105e-01
-1.000000000000000000e+00
4.167394370988743990e-01
9.514604514637750032e-01
1.000000000000000000e+00
-1.000000000000000000e+00
-1.000000000000000000e+00
-1.000000000000000000e+00
-1.000000000000000000e+00
-1.000000000000000000e+00
-1.000000000000000000e+00
-3.695401179635662281e-01
-1.000000000000000000e+00
3.738796421765893108e-01
1.000000000000000000e+00
-1.008016340536239674e-01
-1.000000000000000000e+00
-5.731180327639251448e-01
-5.085099889976409937e-01
-9.521420168397863870e-01
-3.928001226673777935e-01
-8.026633230114016415e-01
7.737236191291946286e-02
3.908313492713298976e-01
-5.446491783556844934e-01
1.086077919032134576e-01
1.000000000000000000e+00
-1.000000000000000000e+00
-1.000000000000000000e+00
-1.000000000000000000e+00
-3.492474922480208743e-01
1.000000000000000000e+00
3.579897514556507065e-01
-1.000000000000000000e+00
1.000000000000000000e+00
-2.831754488603434039e-01
1.000000000000000000e+00
1.000000000000000000e+00
-1.000000000000000000e+00
1.000000000000000000e+00
9.070097417717277732e-01
1.000000000000000000e+00
-1.000000000000000000e+00
-1.000000000000000000e+00
-1.437256984679381178e-01
-1.000000000000000000e+00
-6.091420822318732720e-01
-1.000000000000000000e+00
4.194245692196679753e-01
1.000000000000000000e+00
-6.064067256766387803e-01
-1.000000000000000000e+00
-1.000000000000000000e+00
-1.000000000000000000e+00
-2.099795267763775453e-01
-1.000000000000000000e+00
-1.518390813631255165e-01
4.408795934047146647e-01
-1.000000000000000000e+00
-4.324895783911434366e-01
1.000000000000000000e+00
6.695315762381461866e-01
-1.000000000000000000e+00
1.000000000000000000e+00
-7.372320843961001069e-01
1.000000000000000000e+00
-1.000000000000000000e+00
1.000000000000000000e+00
1.000000000000000000e+00
1.000000000000000000e+00
-4.540673539458076613e-01
-1.139390330677976237e-01
-1.960976996718754028e-01
6.649816442902831692e-01
1.000000000000000000e+00
2.867640540332527799e-02
4.292553314761654581e-01
6.279782684546684202e-01
-1.000000000000000000e+00
-7.075572774238304552e-01
-5.231881772312235723e-01
4.236661052560046770e-01
1.000000000000000000e+00
-1.000000000000000000e+00
1.149268862869846641e-01
8.190951475344502297e-01
1.000000000000000000e+00
-8.398230669587994912e-01
7.007168233332503604e-01
-2.319649993817374245e-01
3.844960258689955612e-02
-6.774849652732446437e-01
6.737995661728169994e-01
1.000000000000000000e+00
7.471813074924541498e-01
-8.717498259029804464e-01
-4.053589626102025445e-01
-1.000000000000000000e+00
-1.000000000000000000e+00
9.048648219638577572e-01
-1.000000000000000000e+00
5.703558438893121529e-01
-5.567519842693601229e-01
-9.749704534608651940e-01
-7.725310562191730623e-01
-1.000000000000000000e+00
-1.000000000000000000e+00
8.099316831589620236e-01
-8.357672284671718854e-02
5.180625721536529227e-01
-1.000000000000000000e+00
1.000000000000000000e+00
-3.288265474894780938e-01
-1.000000000000000000e+00
-4.168096438683599469e-02
-4.342163207342693010e-01
1.000000000000000000e+00
-2.569623482314158380e-01
1.000000000000000000e+00
8.014748712483640292e-01
6.966283264653168050e-01
-6.272054427842654878e-02
8.914580766645392451e-01
1.000000000000000000e+00
-4.583419446488908866e-01
-8.586343298353993347e-01
6.173495591469355670e-01
8.985537667267661233e-01
-1.000000000000000000e+00
-7.879971899367973487e-01
-1.000000000000000000e+00
1.000000000000000000e+00
-5.622065628035629592e-01
1.000000000000000000e+00
7.793849819932556766e-01
1.000000000000000000e+00
-9.042808720139442480e-01
1.550969678102603333e-01
-6.039853805099715256e-01
-1.000000000000000000e+00
-8.866189542591529360e-02
-9.420725635964758427e-01
1.000000000000000000e+00
8.375953231496867657e-01
5.742448131807524891e-01
-1.000000000000000000e+00
-4.996505126672289299e-01
-5.556899980359175650e-01
-4.899927943521213969e-01
9.984860961601099705e-01
1.000000000000000000e+00
5.920082454991566490e-01
-1.000000000000000000e+00
5.118097948619795279e-01
1.000000000000000000e+00
-1.309586669531657144e-01
3.909673262841231733e-01
1.000000000000000000e+00
1.000000000000000000e+00
-1.000000000000000000e+00
5.502858238943548752e-01
8.112034768934341944e-01
6.879530166422023196e-01
-1.000000000000000000e+00
-1.784540743700079313e-01
-4.018875650335146932e-01
-7.171940058696838483e-01
1.000000000000000000e+00
-1.000000000000000000e+00
-1.000000000000000000e+00
-1.000000000000000000e+00
1.000000000000000000e+00
-7.746462394752905434e-01
1.647196090576949490e-01
-1.000000000000000000e+00
7.024101509211090333e-01
5.389704380384132687e-01
-1.821445107236489558e-01
6.893256825425192469e-02
7.982943323564180016e-01
-9.905135698295497448e-02
-1.000000000000000000e+00
-2.843979671233319850e-01
-1.000000000000000000e+00
-8.718170455103676497e-01
4.156831749862376912e-01
-3.673396956939031233e-01
-1.000000000000000000e+00
1.000000000000000000e+00
1.000000000000000000e+00
1.000000000000000000e+00
9.460894061971036884e-03
6.775650901932022130e-01
1.000000000000000000e+00
-9.514771848702624490e-02
-4.983782147288891018e-01
-1.000000000000000000e+00
1.000000000000000000e+00
-2.531641465744405295e-01
1.000000000000000000e+00
1.000000000000000000e+00
1.000000000000000000e+00
1.000000000000000000e+00
-1.000000000000000000e+00
-6.249715312710202308e-01
-1.477703001186114751e-02
3.212498067084686992e-01
-1.000000000000000000e+00
5.914597579916791581e-02
1.000000000000000000e+00
1.000000000000000000e+00
1.000000000000000000e+00
3.041009118263262589e-01
-1.000000000000000000e+00
-1.000000000000000000e+00
4.003795452342740480e-01
-1.788580881523571531e-01
2.369346332938282451e-04
1.000000000000000000e+00
1.000000000000000000e+00
2.527721557496268590e-01
-9.106761162051774106e-02
1.000000000000000000e+00
4.869159404273527558e-01
1.000000000000000000e+00
-9.238515990350548712e-02
1.428273979652895376e-01
-2.416164940313114962e-01
1.000000000000000000e+00
7.744181637509638394e-01
1.000000000000000000e+00
6.771541661048576799e-01
1.000000000000000000e+00
-1.000000000000000000e+00
-2.576197187931390520e-01
-3.402051247160140512e-01
1.000000000000000000e+00
4.234294911821948615e-01
-1.000000000000000000e+00
1.000000000000000000e+00
4.757766966406168363e-02
-1.000000000000000000e+00
-4.038101970361671622e-01
1.816715796844998732e-01
1.000000000000000000e+00
1.000000000000000000e+00
9.928859385115201830e-02
-6.738390564823595330e-01
-2.756658360477000080e-01
-1.000000000000000000e+00
4.360710790555123451e-01
-1.232060067388057178e-01
-1.000000000000000000e+00
-5.805252511291030260e-01
-3.979410931565000031e-01
-9.555150273268030459e-01
-1.000000000000000000e+00
-5.618885667895245906e-01
7.945266653673848101e-01
9.646884649216711516e-01
1.000000000000000000e+00
-1.000000000000000000e+00
-1.000000000000000000e+00
-5.665422742389207844e-01
-1.000000000000000000e+00
1.000000000000000000e+00
1.136245242629785324e-03
-1.000000000000000000e+00
1.000000000000000000e+00
5.692808922266998639e-01
9.496652931307546508e-01
-1.000000000000000000e+00
2.698858377619350324e-01
-1.000000000000000000e+00
1.000000000000000000e+00
1.000000000000000000e+00
6.504445500102107314e-02
9.464375543040522976e-01
1.000000000000000000e+00
1.000000000000000000e+00
1.000000000000000000e+00
-1.000000000000000000e+00
6.907734655257219414e-02
6.595563001262048086e-01
-2.059048720895462203e-02
-8.537827986531402180e-01
-1.000000000000000000e+00
9.152368790223887052e-01
9.285969709498017588e-01
-8.342414966650143482e-01
6.823594670398671624e-01
5.548869520076835649e-01
-4.267199104012579514e-01
-1.493705988144244934e-01
-2.949706997615750836e-01
1.000000000000000000e+00
-9.959201380542712645e-01
3.392972249139414309e-01
1.000000000000000000e+00
-1.000000000000000000e+00
1.000000000000000000e+00
1.000000000000000000e+00
-4.712137636284352560e-01
1.774773918677777784e-01
-1.000000000000000000e+00
-4.525928380036479126e-01
1.000000000000000000e+00
-7.837478482656694556e-01
-6.162161055840025270e-01
1.000000000000000000e+00
-1.659837397300641115e-02
-2.701695924082365696e-01
-1.000000000000000000e+00
-1.588372530218309375e-01
-7.466995058040071243e-02
8.050573387495423283e-01
-6.663221284349383211e-01
1.000000000000000000e+00
-1.000000000000000000e+00
-1.000000000000000000e+00
-4.103788254723844675e-01
-8.230814208935112175e-01
-7.848203197859429103e-01
1.000000000000000000e+00
1.000000000000000000e+00
-1.769870201031653600e-01
2.015502411565230911e-01
7.746647101673520552e-01
-8.564119771925682301e-01
7.378163559181215581e-01
-1.000000000000000000e+00
1.000000000000000000e+00
-3.912343987118827027e-02
1.000000000000000000e+00
1.000000000000000000e+00
-4.127832035269539679e-01
2.804355903346071877e-01
-3.885540654425313489e-01
-8.145263755988489951e-01
7.608533225511571185e-02
-1.000000000000000000e+00
-1.505468249632718747e-01
1.000000000000000000e+00
1.000000000000000000e+00
2.980712897752533230e-01
-1.791105120444330678e-01
-1.000000000000000000e+00
9.893331099418684049e-01
-9.991669098953651629e-01
-1.000000000000000000e+00
1.000000000000000000e+00
1.000000000000000000e+00
7.160789453380480563e-01
1.000000000000000000e+00
9.780372737920972614e-02
-3.478572968418516265e-01
-1.000000000000000000e+00
8.905012407497880922e-02
6.013897003178132472e-01
3.283593890329373766e-01
4.829914262234750177e-01
1.000000000000000000e+00
-4.746914555567705030e-02
-1.000000000000000000e+00
-5.425749401167847541e-01
-9.014510848622819816e-01
-9.655603155445232622e-01
7.765914591940694667e-01
8.868093967285840540e-01
2.622851867317230745e-01
1.000000000000000000e+00
3.955021047601355866e-01
1.000000000000000000e+00
-8.128377216131272842e-01
3.976080596667970202e-01
-3.767174826318346326e-01
8.000475846555101800e-01
-1.000000000000000000e+00
-5.604210442651640367e-01
-4.594738070714128320e-01
-6.920152728934781949e-01
-9.612161966304810790e-01
-1.000000000000000000e+00
1.000000000000000000e+00
-1.799830567823018646e-01
6.262188732323926699e-01
-1.000000000000000000e+00
-6.463686365738414707e-01
-1.000000000000000000e+00
7.326740931674825541e-01
-2.364198850008746300e-01
-1.000000000000000000e+00
2.734921152084063833e-01
1.000000000000000000e+00
3.187474816010082423e-01
1.000000000000000000e+00
-1.000000000000000000e+00
-1.000000000000000000e+00
1.000000000000000000e+00
8.364626180002991962e-01
1.000000000000000000e+00
-8.159755846673011348e-02
-1.000000000000000000e+00
-1.000000000000000000e+00
-1.000000000000000000e+00
-4.292738119793295670e-01
1.000000000000000000e+00
1.000000000000000000e+00
1.000000000000000000e+00
-5.506909227763114867e-01
9.806748982858074504e-01
-6.423704896191236857e-01
3.155709656812835107e-01
-2.747737496454281114e-01
-1.375153942385501926e-01
-6.384386105052912708e-01
1.000000000000000000e+00
1.603175833219406821e-01
4.765463929464397452e-01
-5.045400924446168389e-01
-8.339516261326317403e-01
-2.734081749409178475e-02
1.638833797160677008e-03
8.167598946786699399e-01
3.137634017311164980e-01
6.288556649438170609e-03
2.112463758837854755e-01
1.000000000000000000e+00
2.634527306736175190e-01
-9.018787192302459843e-01
9.883357566669692673e-03
-1.000000000000000000e+00
-1.000000000000000000e+00
-3.547048024779435038e-01
5.360409977088587130e-02
-2.673473095712954883e-01
8.609286153398814090e-01
9.799683216921530882e-01
-7.246660130209341411e-01
1.000000000000000000e+00
6.751570604665009245e-01
5.862593949135050941e-01
-1.000000000000000000e+00
2.995968514293849694e-01
7.725378589021170139e-01
1.000000000000000000e+00
1.156817442763629078e-01
1.000000000000000000e+00
1.000000000000000000e+00
1.000000000000000000e+00
-3.693156623115833037e-01
-5.900795927385971140e-01
-1.000000000000000000e+00
1.000000000000000000e+00
1.000000000000000000e+00
1.211740533192938729e-01
-5.992804886928786434e-01
-1.962256011471236183e-01
9.888264213979011119e-01
5.720701026058130356e-01
-3.746187366008513209e-02
1.000000000000000000e+00
9.807568955725601834e-01
-1.000000000000000000e+00
6.361612096364029911e-01
1.000000000000000000e+00
5.214293438181909490e-01
-1.000000000000000000e+00
1.000000000000000000e+00
1.000000000000000000e+00
4.857886774901072346e-01
-1.000000000000000000e+00
1.000000000000000000e+00
-1.000000000000000000e+00
-1.000000000000000000e+00
9.812397444615822417e-02
-1.000000000000000000e+00
7.326945683308887514e-01
1.258091354945214402e-01
-1.000000000000000000e+00
8.769088634400004079e-01
-6.297321844488423803e-01
-1.000000000000000000e+00
-5.220314347784180686e-01
1.000000000000000000e+00
-1.000000000000000000e+00
1.000000000000000000e+00
1.293159500252065719e-01
-1.000000000000000000e+00
7.815770333868686803e-01
-1.000000000000000000e+00
2.761211283853970411e-02
1.000000000000000000e+00
1.000000000000000000e+00
-1.000000000000000000e+00
1.000000000000000000e+00
-9.616970398428688060e-01
5.936870306438761791e-01
-1.475226684313677428e-01
6.265449342246054432e-02
-1.000000000000000000e+00
6.629213919758307760e-01
-1.000000000000000000e+00
-9.895919582693883942e-01
-5.583061266207725026e-01
-7.933491554158582648e-01
1.000000000000000000e+00
7.430625940412018959e-01
1.000000000000000000e+00
-1.382322706248154121e-02
-4.165994084817864485e-01
1.000000000000000000e+00
6.086354993678797509e-01
-2.490914345246089678e-01
-2.477888242997505763e-02
5.308841211738556387e-01
-1.000000000000000000e+00
6.834443560402132523e-01
-1.000000000000000000e+00
-5.239881894166273923e-01
4.557142935534703732e-01
4.657068520810062617e-01
-8.712295828437373046e-01
1.000000000000000000e+00
-3.629023427471648189e-01
1.000000000000000000e+00
-1.000000000000000000e+00
6.342684687546934486e-01
-2.960760949050328383e-02
-4.419446689777274950e-01
-4.388881031692037360e-01
4.317730039872269554e-01
1.000000000000000000e+00
2.112606966454364521e-01
-1.000000000000000000e+00
-6.195167837654318443e-01
7.658456085210201270e-01
1.000000000000000000e+00
2.938597607427835268e-01
5.894218601285466930e-01
2.480659203027238413e-01
8.994154868343529063e-01
1.000000000000000000e+00
-7.769872855927888455e-01
-5.646033573273633310e-01
-7.725611382518982051e-02
1.000000000000000000e+00
1.000000000000000000e+00
-1.025489878877444694e-01
-1.000000000000000000e+00
-5.830324012600411887e-01
-1.000000000000000000e+00
-4.950805571543761552e-01
1.000000000000000000e+00
1.000000000000000000e+00
-6.135502858347458011e-01
-7.781722158297691427e-01
-8.134199817806024857e-01
7.387662102216676629e-01
7.771353183091845862e-01
-8.279145664943587946e-03
1.000000000000000000e+00
-8.660736106508073462e-01
7.540657223787012864e-01
-5.559497084378104415e-01
2.707750507297706499e-01
6.310865087149128971e-01
-3.303436684020186753e-01
2.182725263313194386e-01
1.000000000000000000e+00
7.265843634821682606e-01
2.215882165444190699e-01
1.000000000000000000e+00
-1.000000000000000000e+00
6.665559531892857326e-01
9.659440050190112870e-02
-1.000000000000000000e+00
8.367105940055592495e-01
1.000000000000000000e+00
-1.000000000000000000e+00
-1.000000000000000000e+00
-1.000000000000000000e+00
1.000000000000000000e+00
-1.000000000000000000e+00
4.743225750119022810e-01
6.154486777892533844e-01
-1.000000000000000000e+00
-1.000000000000000000e+00
3.768141771169402077e-01
-1.000000000000000000e+00
1.000000000000000000e+00
1.000000000000000000e+00
-9.509420072525823775e-01
1.419733840665026725e-01
1.000000000000000000e+00
-1.000000000000000000e+00
1.000000000000000000e+00
1.000000000000000000e+00
-9.152991071753491248e-01
-1.000000000000000000e+00
4.632238342016870014e-02
8.790640918574910145e-02
1.000000000000000000e+00
-1.000000000000000000e+00
2.524361193194311070e-01
-1.000000000000000000e+00
7.503873326154034684e-01
4.496046592311513379e-01
-4.610456578395754068e-01
3.399631841016715894e-01
2.229030794198860743e-02
6.016330959609272888e-01
-1.930564784764325914e-01
-1.000000000000000000e+00
-8.639918490989941802e-01
-1.000000000000000000e+00
1.000000000000000000e+00
-1.000000000000000000e+00
1.466104067547563394e-02
-1.000000000000000000e+00
-1.000000000000000000e+00
3.771736210427119040e-01
1.000000000000000000e+00
1.000000000000000000e+00
-1.000000000000000000e+00
-3.856800699727094828e-02
-4.664175857652798074e-01
-1.363345904461021885e-01
-1.577440889437131122e-01
-1.000000000000000000e+00
-1.000000000000000000e+00
-6.182291140684355035e-01
-2.098748596725282800e-01
1.000000000000000000e+00
7.810754371591681622e-01
-3.026841378486057055e-01
-3.910399279216912882e-01
-1.000000000000000000e+00
2.831365808785948346e-01
1.000000000000000000e+00
-8.298010929980215167e-02
2.780417104494405933e-01
-3.161832735586145304e-02
-9.660313207416293402e-01
-1.000000000000000000e+00
-1.000000000000000000e+00
-8.710086303445874201e-01
2.142612533856500523e-01
2.867952970222454878e-01
8.743010401606812199e-01
-8.293443952630370486e-01
4.589059610617979845e-01
-1.000000000000000000e+00
8.725310176830319842e-02
4.631574491531820215e-01
8.366799211686526405e-02
-4.199139519718284586e-01
-4.864684106954626497e-01
-6.530870141592663991e-01
-2.290823160523794977e-01
-1.000000000000000000e+00
1.000000000000000000e+00
-4.360001880905480798e-01
1.000000000000000000e+00
-6.189854836455157550e-01
1.000000000000000000e+00
-1.000000000000000000e+00
1.141766742239104238e-01
1.000000000000000000e+00
9.844988748981172710e-01
-1.000000000000000000e+00
1.000000000000000000e+00
9.601115640876883850e-02
1.000000000000000000e+00
-5.165224726195203342e-01
-7.530791492865643866e-01
1.000000000000000000e+00
4.662056674459924555e-02
-1.000000000000000000e+00
1.000000000000000000e+00
-8.576897593954651011e-01
-8.924527974909269856e-01
5.887592497844201800e-01
6.742816946555203472e-01
-1.000000000000000000e+00
-1.000000000000000000e+00
-2.601625754863954310e-01
7.606593268388937013e-01
-2.676118676393282048e-01
5.379446449424742926e-01
4.601328080119060360e-01
-1.000000000000000000e+00
2.901915160157956253e-01
-6.169845311280708344e-02
2.272319403652920400e-01
-1.000000000000000000e+00
-1.242876554567699521e-01
-1.000000000000000000e+00
-1.000000000000000000e+00
1.007344374369333329e-01
-4.753859950843444260e-01
-1.000000000000000000e+00
3.049485952065421612e-01
1.412601918621643193e-01
-7.843355077788392027e-01
-8.038616268464544579e-01
7.648227290530734690e-01
-1.000000000000000000e+00
3.880160508691928856e-01
-1.000000000000000000e+00
1.069625621819353389e-02
-1.868819982445956152e-01
-1.000000000000000000e+00
2.355670874458436481e-01
-3.265325854748233336e-01
-1.000000000000000000e+00
1.000000000000000000e+00
1.000000000000000000e+00
-1.000000000000000000e+00
-7.559542718250267246e-01
4.159379152198711127e-01
4.049800626237938794e-01
-1.000000000000000000e+00
6.259436087158858353e-01
1.000000000000000000e+00
-1.932354463234671194e-01
8.138865292388698380e-01
4.082157738853851026e-01
-2.898387444119322476e-01
8.248695578678602036e-01
-1.000000000000000000e+00
-9.175509967026621583e-01
-5.644781584489541038e-01
-1.000000000000000000e+00
-1.000000000000000000e+00
1.000000000000000000e+00
1.000000000000000000e+00
-5.886482862303312746e-01
1.000000000000000000e+00
7.967984012607404187e-02
-6.758274827224164394e-01
-1.000000000000000000e+00
-9.868820711813532931e-01
1.000000000000000000e+00
-8.304545586348444086e-01
-4.395327360348784129e-01
-1.000000000000000000e+00
9.345214230407089540e-01
-8.505258061512714907e-01
1.000000000000000000e+00
-4.494889878889284374e-01
1.000000000000000000e+00
3.637295825710762376e-01
1.000000000000000000e+00
5.374688983043141022e-01
3.426784485814540204e-01
-5.902015032908917158e-01
-1.000000000000000000e+00
-5.703304636977220010e-01
1.000000000000000000e+00
-1.000000000000000000e+00
1.000000000000000000e+00
-2.375698245751347581e-01
7.458170478983578988e-01
-1.000000000000000000e+00
-6.923734721580996343e-01
-2.273823872376842248e-01
-3.464675448095302368e-01
1.000000000000000000e+00
-1.000000000000000000e+00
-9.515147673242067006e-01
4.214636164149554443e-02
1.000000000000000000e+00
-9.972090175513150800e-01
4.965318466682189236e-02
1.000000000000000000e+00
-5.825059165415802376e-01
-1.000000000000000000e+00
-1.000000000000000000e+00
-1.522020055804111371e-01
1.000000000000000000e+00
1.000000000000000000e+00
-6.132564982576746981e-01
4.336341158824661424e-01
7.588222888815622236e-01
-8.210555006562239022e-01
-2.764660724478605336e-01
4.856111282239390370e-01
5.519707503282245131e-02
-2.992881867520351125e-01
1.000000000000000000e+00
-1.000000000000000000e+00
8.914465896851719862e-01
6.548067583239414180e-01
-9.163694627831925343e-01
-7.948460423292252885e-02
-5.504426133633731899e-01
-5.263699288330041526e-01
-3.344821792990964049e-01
-1.000000000000000000e+00
-1.000000000000000000e+00
1.000000000000000000e+00
1.000000000000000000e+00
2.166883515156774465e-01
-1.000000000000000000e+00
4.879820598824003985e-01
2.673199587695271329e-01
-1.000000000000000000e+00
9.705193409578649621e-01
-1.000000000000000000e+00
-1.564093508964443657e-01
1.000000000000000000e+00
-7.543948503434204644e-01
-1.000000000000000000e+00
-1.532731015559121168e-01
-2.397389486019887439e-01
1.000000000000000000e+00
-7.369078432787899979e-01
-2.945917097952890362e-01
-1.000000000000000000e+00
1.000000000000000000e+00
-8.103528491473728224e-01
9.595469350271867981e-01
-1.000000000000000000e+00
5.621855549950783848e-01
6.842989616848220713e-01
1.000000000000000000e+00
-1.000000000000000000e+00
-3.903263120282334242e-01
-1.814976461836511068e-01
1.000000000000000000e+00
-1.000000000000000000e+00
1.000000000000000000e+00
-1.000000000000000000e+00
-1.000000000000000000e+00
1.000000000000000000e+00
2.288803456395696045e-01
3.698558554992781300e-02
-1.335294001309348388e-01
-4.564524349081825472e-01
-7.742300115206213196e-01
-1.611162911049517366e-01
-2.526911703910055818e-01
6.933112537740868664e-01
-1.000000000000000000e+00
5.963863911248816763e-01
-2.589304151259315123e-01
-9.971250812148244602e-01
1.000000000000000000e+00
4.467014910573152697e-02
-1.000000000000000000e+00
1.000000000000000000e+00
-1.000000000000000000e+00
-5.037287016052498512e-01
7.954412319819044175e-01
-9.098585941185541870e-01
9.646074338960097805e-02
7.571434266917791422e-01
-1.000000000000000000e+00
4.452210777142091569e-01
1.000000000000000000e+00
-4.244257097309633853e-02
-3.362220923051553179e-01
-1.000000000000000000e+00
-4.803689874767886892e-01
-2.291612855399743909e-01
1.000000000000000000e+00
-6.779482855842402511e-01
-1.000000000000000000e+00
-8.000736168374698032e-01
-1.000000000000000000e+00
1.823327343342135975e-01
-8.474573704940842056e-01
-1.000000000000000000e+00
1.000000000000000000e+00
1.000000000000000000e+00
1.000000000000000000e+00
1.000000000000000000e+00
-1.000000000000000000e+00
-8.094123468749417905e-01
8.358871571535209100e-01
-1.000000000000000000e+00
4.998973556122407458e-01
1.000000000000000000e+00
1.000000000000000000e+00
1.000000000000000000e+00
-2.756059755014184098e-02
-9.334231793678143818e-02
1.000000000000000000e+00
3.123446369263401801e-01
-1.000000000000000000e+00
1.000000000000000000e+00
7.447208716662730987e-01
5.458840844239865042e-01
2.831450961686476919e-01
-1.000000000000000000e+00
-5.644003315355945460e-01
4.180797408516556679e-01
-1.000000000000000000e+00
-8.696024916991120790e-01
-1.546996950994310449e-01
-2.597462520955706733e-02
-1.000000000000000000e+00
-2.877908798673026736e-01
-3.078220319699775942e-02
-9.329694182064860453e-01
-3.118576918108655338e-01
-5.487561688911968272e-01
1.000000000000000000e+00
1.000000000000000000e+00
-1.000000000000000000e+00
6.017410891950014662e-01
-1.926119019317857339e-01
1.000000000000000000e+00
-1.000000000000000000e+00
6.621069582124321506e-01
-1.000000000000000000e+00
-1.000000000000000000e+00
-4.268065661246021048e-01
5.621257280555203018e-01
-1.404495541766002109e-01
-1.000000000000000000e+00
3.710934848337921199e-02
1.000000000000000000e+00
-1.446978019056367470e-01
2.490535841642761428e-01
-1.000000000000000000e+00
-5.175112597900535238e-01
-5.146003815828785743e-01
2.279769234298845149e-03
1.000000000000000000e+00
-1.000000000000000000e+00
-1.000000000000000000e+00
7.216069107520625137e-01
1.000000000000000000e+00
-1.000000000000000000e+00
1.548966436641738831e-01
-1.000000000000000000e+00
-1.000000000000000000e+00
-1.000000000000000000e+00
1.000000000000000000e+00
-1.790058715704935244e-01
-1.000000000000000000e+00
1.000000000000000000e+00
1.000000000000000000e+00
1.000000000000000000e+00
-7.944483712686079002e-02
-7.601680053741199927e-01
-1.000000000000000000e+00
1.000000000000000000e+00
1.000000000000000000e+00
-9.242989439518114470e-01
1.000000000000000000e+00
1.000000000000000000e+00
1.000000000000000000e+00
1.000000000000000000e+00
6.488314200378951790e-01
-1.000000000000000000e+00
5.501877418108394036e-01
4.111842948111142926e-01
-1.000000000000000000e+00
9.508685314573765979e-01
-1.000000000000000000e+00
1.000000000000000000e+00
3.182939554548313565e-01
-8.061940187380349787e-01
-1.000000000000000000e+00
-1.000000000000000000e+00
-1.000000000000000000e+00
1.000000000000000000e+00
7.025724358912877054e-02
-1.000000000000000000e+00
1.000000000000000000e+00
-7.514733007680920451e-01
6.121365420903402965e-01
1.000000000000000000e+00
-1.000000000000000000e+00
8.075311419914452671e-01
-6.135901491728004142e-01
2.076152759283693694e-01
-3.840129158815834276e-01
4.879298015088532336e-01
-1.000000000000000000e+00
8.690951852557187163e-01
1.000000000000000000e+00
-7.798768133838507310e-03
6.446064787763599035e-01
1.000000000000000000e+00
-2.399988990594696947e-01
2.344396256388554534e-01
1.000000000000000000e+00
3.827934358456613895e-01
8.674968449425166650e-01
-5.075914915296151353e-01
1.000000000000000000e+00
1.000000000000000000e+00
-1.000000000000000000e+00
-1.000000000000000000e+00
-6.058774648565770082e-01
-1.000000000000000000e+00
1.000000000000000000e+00
-3.520431915205717299e-01
-1.000000000000000000e+00
4.677183836684851714e-01
7.838213413975236854e-02
1.000000000000000000e+00
-9.746632728300228532e-01
-5.643089735008193220e-01
-1.000000000000000000e+00
-9.041678416015468400e-01
-5.325074956852349217e-02
-8.461431970674968550e-01
1.000000000000000000e+00
-7.115202904095537795e-01
-4.191031647058646170e-01
5.876723695271144354e-01
-7.890115984210086530e-01
1.000000000000000000e+00
3.674544129114790114e-01
-2.484832059642259061e-01
-2.734601884210708933e-01
-1.000000000000000000e+00
1.354405794452906431e-02
1.532092205375953364e-01
3.252029503940210287e-01
-9.271438452037585876e-01
2.059913795451868146e-01
-1.000000000000000000e+00
1.000000000000000000e+00
7.630989605100981787e-01
1.000000000000000000e+00
2.444980514876550215e-01
7.954865854600946529e-01
-1.000000000000000000e+00
1.000000000000000000e+00
9.513106350807568612e-01
1.000000000000000000e+00
-1.000000000000000000e+00
7.692528950482270256e-01
4.187688309173976942e-01
-2.000398662278520812e-01
6.922410929721070083e-01
1.381783122940655195e-01
1.000000000000000000e+00
1.000000000000000000e+00
9.953338381646129607e-01
6.365880274015667251e-01
-2.980528603008002486e-01
1.000000000000000000e+00
-2.556014383059856954e-02
-6.092075659924317543e-01
-8.105732897316744179e-01
-4.484738910981151960e-01
1.916888409078867372e-01
-1.000000000000000000e+00
-1.000000000000000000e+00
7.469824621845746471e-01
1.000000000000000000e+00
2.356088474094965857e-01
-1.000000000000000000e+00
5.389256354507399038e-01
1.000000000000000000e+00
-9.682993663186149069e-01
1.000000000000000000e+00
-1.000000000000000000e+00
-1.000000000000000000e+00
-2.010020601174007382e-01
-1.000000000000000000e+00
-6.541631539368386594e-01
-6.185953964021566609e-01
-1.000000000000000000e+00
-8.108974901081593689e-01
-3.175440733558498874e-02
-1.160081150258618354e-01
8.065574926320675520e-01
-3.635479575987952128e-01
-2.340795731802958191e-01
-1.000000000000000000e+00
1.000000000000000000e+00
-1.000000000000000000e+00
-1.000000000000000000e+00
-1.000000000000000000e+00
1.005207093860138734e-02
1.000000000000000000e+00
1.000000000000000000e+00
-4.394209591029196726e-01
1.000000000000000000e+00
-2.043188786066907348e-03
7.226815092455654010e-01
-7.482549149121737742e-01
2.807363813587174795e-01
-1.000000000000000000e+00
9.887884468198843146e-02
8.387904488680489878e-01
1.000000000000000000e+00
-3.734202366234700143e-01
-1.000000000000000000e+00
7.344765629115020955e-01
-1.000000000000000000e+00
6.833334145417307992e-01
-1.000000000000000000e+00
1.000000000000000000e+00
3.989650468473933120e-01
-9.050740333342049970e-02
-1.000000000000000000e+00
-5.025846064422505588e-01
-1.000000000000000000e+00
1.000000000000000000e+00
7.446864124405505603e-01
-8.753798095825520154e-01
-1.000000000000000000e+00
4.265964532374721951e-01
1.000000000000000000e+00
-1.000000000000000000e+00
-7.701487089588966439e-01
-1.000000000000000000e+00
-2.947760309857427874e-01
-1.000000000000000000e+00
-1.000000000000000000e+00
3.213163862622959721e-01
-4.447960234421192149e-01
3.832926558729207178e-01
-1.000000000000000000e+00
-7.042326212410610076e-01
-3.406381231401035548e-01
-2.080899139514671980e-01
1.000000000000000000e+00
2.468504912542949237e-01
-1.000000000000000000e+00
1.000000000000000000e+00
2.226128444830588471e-01
1.000000000000000000e+00
4.830156511893370919e-01
2.328608334516784062e-01
7.836016938706865664e-01
2.911711034579567148e-01
-2.544639368422856318e-01
5.716263889367412254e-01
-9.508516542105682756e-02
8.961269131166585966e-01
6.757575279388533529e-01
1.000000000000000000e+00
9.599815633231258971e-01
8.126383625542430433e-01
-1.000000000000000000e+00
4.296296328617501548e-01
-1.000000000000000000e+00
-3.843134714079332603e-01
1.000000000000000000e+00
-1.000000000000000000e+00
-1.000000000000000000e+00
1.612531362989610972e-01
1.000000000000000000e+00
6.005170456503741150e-01
-1.000000000000000000e+00
-7.168710812537317789e-01
1.000000000000000000e+00
7.219077741376564994e-01
1.000000000000000000e+00
1.000000000000000000e+00
-7.467094110594735268e-01
1.000000000000000000e+00
6.803235019398345962e-01
-7.262879675404168012e-01
1.217188881129207534e-01
1.000000000000000000e+00
-5.699243139902552269e-01
8.704062220496249225e-01
-1.000000000000000000e+00
-1.000000000000000000e+00
-2.842077944125854794e-01
-1.000000000000000000e+00
-1.000000000000000000e+00
-2.816989924591974115e-02
1.000000000000000000e+00
2.005031990167575051e-01
-2.943982839930542328e-01
1.000000000000000000e+00
-9.863396978543294003e-01
-1.000000000000000000e+00
6.516683348823268940e-01
-5.055621854277317917e-01
-1.000000000000000000e+00
-7.463355963693623085e-01
3.945725704690644653e-01
8.191928620660934302e-01
-9.272978400062085180e-01
2.923257501109874923e-01
1.000000000000000000e+00
-3.843731657056892459e-02
3.946826097559837931e-01
-1.915276137919182942e-01
9.940410956519217800e-01
1.000000000000000000e+00
1.000000000000000000e+00
-6.882970895606526085e-01
-2.559356284479651356e-01
1.000000000000000000e+00
2.312000030171155740e-01
-6.297483762181290690e-01
-1.000000000000000000e+00
6.006225345653909420e-01
9.144095627157313722e-01
2.558593856407294642e-01
-1.000000000000000000e+00
-1.000000000000000000e+00
5.649787718984426999e-01
-3.238498261386078547e-01
-1.000000000000000000e+00
-7.597904649094022744e-01
-1.000000000000000000e+00
-1.000000000000000000e+00
2.440745952163874133e-01
8.212259718060177516e-01
-3.458794369789742751e-01
6.590540136457273546e-01
1.000000000000000000e+00
8.002425567289616071e-01
1.000000000000000000e+00
-3.711279099421318506e-01
-3.383946691821188013e-01
8.247631182490824386e-01
-2.249949061773091064e-01
9.773561437079025804e-01
1.000000000000000000e+00
1.000000000000000000e+00
1.000000000000000000e+00
2.306876925493861474e-01
2.938004014487957116e-01
1.000000000000000000e+00
7.433538029596615804e-01
1.000000000000000000e+00
1.000000000000000000e+00
1.000000000000000000e+00
2.469042206400667017e-01
-1.000000000000000000e+00
-1.000000000000000000e+00
-1.802942133928834290e-01
-1.000000000000000000e+00
7.285551589009651163e-01
-1.000000000000000000e+00
1.000000000000000000e+00
-7.835683288326374951e-01
-5.641545477916336537e-01
4.929318584920150403e-01
1.000000000000000000e+00
1.000000000000000000e+00
-1.327942848894417827e-01
3.690817405357139647e-01
1.000000000000000000e+00
1.000000000000000000e+00
-8.886881751956160480e-01
-1.000000000000000000e+00
-9.593141638422755246e-01
2.058161318749394120e-01
9.199724961882197460e-01
-9.318972440822979042e-01
-1.000000000000000000e+00
-3.796434818658359633e-01
1.000000000000000000e+00
-8.440689849691159763e-01
-2.612584169284156155e-01
6.978391899652360841e-01
-1.000000000000000000e+00
-8.513812424175398741e-03
-7.918632441617043938e-01
-1.000000000000000000e+00
7.036229316045187199e-01
4.050299315000853717e-01
1.000000000000000000e+00
-2.529457810939422235e-01
-1.483533310172010511e-01
-3.001584445819951430e-01
1.000000000000000000e+00
1.000000000000000000e+00
-6.305442366906252039e-01
-1.000000000000000000e+00
-1.190087684096679949e-01
-5.795311452969608146e-01
-1.000000000000000000e+00
-7.802854358471505991e-01
1.436394714351019175e-01
1.000000000000000000e+00
1.000000000000000000e+00
6.409325233677372058e-01
-1.000000000000000000e+00
1.000000000000000000e+00
9.900521414193510505e-01
8.402179250454588910e-02
-8.973599890381470656e-01
-2.889163603969586713e-01
-8.367027199376667612e-01
-1.000000000000000000e+00
-5.274326881644475495e-01
3.940360006486136046e-01
1.000000000000000000e+00
-1.000000000000000000e+00
-8.113739993759714331e-01
-1.000000000000000000e+00
-4.501920854307512876e-01
4.513241583081539776e-01
2.553376533854495589e-01
1.083356874165912753e-01
-7.394161168811066442e-01
-1.000000000000000000e+00
-1.000000000000000000e+00
9.313807874952645394e-01
3.659442239923215712e-01
-1.000000000000000000e+00
2.926323750054050654e-01
-1.748266602434587758e-01
-2.217389535043640114e-02
-5.113120603052515589e-01
-1.000000000000000000e+00
8.983318308851533374e-01
-7.762824561943347801e-01
-1.000000000000000000e+00
4.913757162901141173e-01
-5.983371056078367056e-01
6.793441911827017288e-01
-8.326355078706672019e-01
3.011074257211464600e-01
-6.832032120776765360e-03
6.128511472419020389e-01
-1.000000000000000000e+00
1.000000000000000000e+00
-7.740073299026678511e-01
1.000000000000000000e+00
-7.294421480133730373e-01
-8.715697541883786759e-01
8.840109165075029640e-01
1.000000000000000000e+00
1.000000000000000000e+00
-2.161328747749373946e-01
-7.139865953815697219e-01
-1.508421476136856398e-02
-6.655440249599620106e-01
-4.101745276425088349e-01
-1.000000000000000000e+00
-1.000000000000000000e+00
-7.122910320451310007e-01
2.229527323401343519e-01
-9.917257202602128840e-01
3.909543105688477738e-01
-1.000000000000000000e+00
-1.000000000000000000e+00
-1.000000000000000000e+00
1.000000000000000000e+00
4.991193644174671817e-01
-2.489269434350693810e-01
5.845818321268035911e-01
-9.925443755605547480e-01
-7.431168866053792232e-01
2.695640511939007000e-01
2.029035455728545045e-01
-1.000000000000000000e+00
1.000000000000000000e+00
-1.000000000000000000e+00
1.000000000000000000e+00
-1.000000000000000000e+00
-1.000000000000000000e+00
3.029660081789935511e-01
1.000000000000000000e+00
7.036991592595726042e-02
1.000000000000000000e+00
2.481523946922525869e-02
-4.797513621100282788e-01
1.000000000000000000e+00
1.000000000000000000e+00
-9.715614804413799099e-01
-1.000000000000000000e+00
-2.320453906635444874e-01
-1.000000000000000000e+00
1.000000000000000000e+00
-6.622920296793197714e-01
-1.000000000000000000e+00
9.283261823296806714e-01
5.537132574613955471e-01
-8.355956131231976336e-01
1.000000000000000000e+00
1.757533492867353608e-01
1.000000000000000000e+00
-7.969461458326744241e-01
-9.280879330322526766e-01
-1.000000000000000000e+00
1.000000000000000000e+00
-4.179939220138675360e-01
6.412733536512760235e-02
1.000000000000000000e+00
1.000000000000000000e+00
-6.519958096543336801e-01
-1.000000000000000000e+00
1.000000000000000000e+00
5.664128482095638351e-01
1.000000000000000000e+00
4.418377649282038133e-01
-1.000000000000000000e+00
-1.000000000000000000e+00
-1.000000000000000000e+00
1.000000000000000000e+00
1.000000000000000000e+00
-5.229039351385248446e-01
1.000000000000000000e+00
8.980325244583270416e-01
4.269881957969168251e-01
-5.543915171320645818e-01
4.855208784339460903e-01
-1.750798069064259666e-01
-1.000000000000000000e+00
8.547135203395682668e-01
-2.473661858934103619e-02
-2.421866932164249975e-01
1.000000000000000000e+00
-1.000000000000000000e+00
1.000000000000000000e+00
-1.000000000000000000e+00
5.552586937095297381e-01
-5.982765559882677331e-02
-9.313979700628221003e-01
3.676400741104867143e-01
-4.558551323564711266e-01
-1.000000000000000000e+00
1.000000000000000000e+00
-1.000000000000000000e+00
7.873327887929640889e-01
-1.000000000000000000e+00
-1.000000000000000000e+00
-1.000000000000000000e+00
-6.198350091240009130e-01
9.649866989813896678e-01
-1.000000000000000000e+00
-1.000000000000000000e+00
-7.339767356101385420e-01
-1.000000000000000000e+00
1.210524324088891879e-01
9.692321921252338157e-01
-1.000000000000000000e+00
2.904655865296164041e-01
-6.003115729971558734e-01
-4.203913331204370829e-01
7.219791595675779661e-01
2.385675060788599033e-01
5.166538911053211169e-01
1.000000000000000000e+00
-1.000000000000000000e+00
1.000000000000000000e+00
1.689774417971874332e-01
-1.000000000000000000e+00
-5.120988450014289928e-01
-4.635513947115317279e-01
1.000000000000000000e+00
9.487470876535792907e-01
1.718023347136667933e-01
-1.000000000000000000e+00
-1.000000000000000000e+00
-1.000000000000000000e+00
-1.000000000000000000e+00
4.704430687656002696e-02
1.000000000000000000e+00
-7.810779999002658291e-01
8.096041989556351792e-01
1.000000000000000000e+00
1.020336003956611171e-01
-5.957940721285157615e-01
-9.791151407547565855e-01
-1.996853714115711109e-01
1.000000000000000000e+00
-6.294672596514470087e-01
1.000000000000000000e+00
1.000000000000000000e+00
-4.527754201972413184e-01
-6.530578339639028229e-01
-1.000000000000000000e+00
6.889460603019270657e-01
-1.000000000000000000e+00
-4.195413053500596234e-02
2.643644549230279583e-01
-1.000000000000000000e+00
-1.000000000000000000e+00
2.282231197869032391e-01
7.094984536750142956e-01
-7.174890588265864233e-01
8.873103776751931626e-01
6.748950523685834924e-01
4.537149956533552408e-02
-3.377817711562157155e-01
6.838666738384961974e-01
-1.000000000000000000e+00
-5.421948285525690636e-01
1.000000000000000000e+00
8.902209186623611936e-01
-1.121577636704951253e-03
6.659050111527868854e-01
1.010326798458628939e-01
-4.165988648880227796e-01
1.000000000000000000e+00
-1.000000000000000000e+00
4.896491481640073973e-01
5.236003436420147983e-01
1.000000000000000000e+00
6.476169180398377856e-01
-2.692441932238857083e-01
8.032203761457492597e-01
-1.000000000000000000e+00
-5.893474379945211616e-01
6.287246892000305509e-01
-5.151815402521408016e-01
-3.595154841766698417e-01
1.000000000000000000e+00
-3.031543488510424211e-01
1.000000000000000000e+00
-1.000000000000000000e+00
1.000000000000000000e+00
-2.685931768429020705e-01
-3.136380351246273457e-01
2.362262348694049718e-01
1.000000000000000000e+00
-1.000000000000000000e+00
-1.000000000000000000e+00
-1.000000000000000000e+00
-9.337560195762681925e-01
4.379729692392170248e-01
1.000000000000000000e+00
-7.052263028636127640e-01
1.000000000000000000e+00
4.343895193835790591e-01
-3.555728980957912899e-01
5.925814497025461147e-01
1.000000000000000000e+00
7.925995987420632050e-01
-1.000000000000000000e+00
1.000000000000000000e+00
1.000000000000000000e+00
-8.258929113699826630e-01
-1.000000000000000000e+00
-4.186551796341164700e-02
-7.735358148228903552e-01
1.000000000000000000e+00
8.341370156014777937e-01
1.000000000000000000e+00
7.003540357396143001e-01
1.000000000000000000e+00
-2.879148899213638257e-01
-8.143249011684450256e-01
6.448035576490513954e-01
-1.000000000000000000e+00
1.000000000000000000e+00
1.000000000000000000e+00
9.095585973883528741e-01
-3.685573257128671454e-01
-1.000000000000000000e+00
1.000000000000000000e+00
4.557916463505543581e-01
1.000000000000000000e+00
-6.591670130442894848e-01
1.000000000000000000e+00
1.000000000000000000e+00
1.433271238582278784e-01
2.887939264040937370e-01
2.805271887413651744e-01
1.000000000000000000e+00
2.111029007639649291e-01
1.919862340840656767e-01
-6.934662110715034133e-02
1.000000000000000000e+00
1.000000000000000000e+00
5.049133687012534732e-01
1.000000000000000000e+00
2.226113276097010374e-01
-1.212642747732180504e-01
4.074504898459869739e-01
-1.000000000000000000e+00
-1.000000000000000000e+00
-9.117057301735748132e-01
1.000000000000000000e+00
1.000000000000000000e+00
-1.000000000000000000e+00
-1.000000000000000000e+00
-4.964274884215065242e-01
1.000000000000000000e+00
1.000000000000000000e+00
-3.071348307789376619e-01
-3.584029842695436452e-01
5.966485792443799729e-01
1.000000000000000000e+00
5.325254360894704497e-01
1.977852456532198655e-01
2.032348662546680507e-01
1.000000000000000000e+00
2.909270449329071084e-02
4.722414820725368001e-02
-7.886655467536451969e-01
-1.000000000000000000e+00
-1.000000000000000000e+00
-9.798885895087703357e-01
-8.804483408290421087e-01
4.682549069599103442e-01
4.662793374722344897e-01
3.902993350728154454e-01
5.525901513059703341e-01
-2.962749127233154089e-01
7.680880574546992134e-01
1.000000000000000000e+00
-6.000874408426584705e-02
1.000000000000000000e+00
-1.000000000000000000e+00
9.276976494848976351e-01
-8.254486279438379981e-01
1.405754324795002175e-01
1.000000000000000000e+00
4.606249552454807494e-01
-1.000000000000000000e+00
-1.735689270886574542e-01
6.717892220436041395e-01
-1.000000000000000000e+00
-3.579150110808897445e-01
-1.000000000000000000e+00
-7.466141748531998079e-01
8.495487183755550120e-01
1.000000000000000000e+00
-1.000000000000000000e+00
9.722162037324899586e-02
1.924712694953039094e-01
1.000000000000000000e+00
8.100324768264638431e-01
3.412926601184440578e-02
5.133043551834168827e-01
1.000000000000000000e+00
1.695775715806680517e-01
3.112152914096694145e-01
1.000000000000000000e+00
5.693511589446251797e-01
-1.000000000000000000e+00
-3.659362024898905053e-01
4.747990108003632970e-01
-3.319445322463727144e-01
-1.000000000000000000e+00
3.785530139300259389e-01
1.791309899942109540e-01
5.492329784231853029e-02
-9.922974621305458154e-02
-4.863352738128279840e-01
3.089380624372299877e-01
4.849401217432274258e-01
-1.000000000000000000e+00
8.652436478534883957e-01
-1.000000000000000000e+00
-1.000000000000000000e+00
1.000000000000000000e+00
4.669159182121805918e-01
-1.000000000000000000e+00
-3.547494413011315073e-01
-3.900178001468980193e-01
-1.000000000000000000e+00
1.000000000000000000e+00
8.192275050791142377e-02
-1.000000000000000000e+00
4.804549882725619447e-01
-6.301196378797258024e-02
1.000000000000000000e+00
-1.000000000000000000e+00
7.276360055692844275e-01
-7.227621674649611361e-01
8.244164478895630310e-01
-4.956631414985562811e-01
1.000000000000000000e+00
-1.507027946666057439e-01
-1.000000000000000000e+00
6.248802907402681850e-01
1.000000000000000000e+00
-1.000000000000000000e+00
-4.622417653271794769e-01
-1.000000000000000000e+00
2.992593793991317197e-01
-1.000000000000000000e+00
1.000000000000000000e+00
8.541464440221967491e-01
1.000000000000000000e+00
-1.000000000000000000e+00
6.808343716200981888e-03
-1.861272218441134552e-01
1.000000000000000000e+00
9.889346028015532086e-01
1.000000000000000000e+00
-1.000000000000000000e+00
-1.750635279550777634e-01
5.184714943011958788e-01
-1.000000000000000000e+00
-1.000000000000000000e+00
1.000000000000000000e+00
-5.999121075346900422e-01
-1.000000000000000000e+00
5.369947398274381722e-01
-1.000000000000000000e+00
1.000000000000000000e+00
2.675892977485856417e-01
5.291731066902990444e-01
-6.467792224707866744e-01
-1.000000000000000000e+00
-1.424711508122000758e-02
-8.984949769953755050e-01
-2.815748308400077282e-01
1.213417185982473834e-01
7.285752958788672684e-01
-3.672689768319701287e-01
-4.267370565955946327e-01
8.651779516580241358e-01
1.000000000000000000e+00
-1.000000000000000000e+00
1.000000000000000000e+00
-1.000000000000000000e+00
1.825786234407857644e-01
-1.000000000000000000e+00
1.000000000000000000e+00
-1.000000000000000000e+00
-1.000000000000000000e+00
-1.000000000000000000e+00
5.648777356410902284e-01
-1.000000000000000000e+00
1.000000000000000000e+00
1.000000000000000000e+00
-1.000000000000000000e+00
8.441180550494699064e-01
-6.965490364179156568e-01
3.431904651156103547e-02
2.069153961017612398e-01
-1.000000000000000000e+00
-3.342347696960071834e-01
-1.000000000000000000e+00
1.871604798152637361e-01
1.000000000000000000e+00
-1.000000000000000000e+00
-7.748689085145743505e-01
-7.599099317029371914e-01
6.990966332807168060e-01
-1.000000000000000000e+00
-1.470663330802003399e-01
4.816797041737637675e-01
1.000000000000000000e+00
4.116580632284874697e-02
1.000000000000000000e+00
-1.000000000000000000e+00
9.578330371704920632e-01
1.000000000000000000e+00
-6.121780117509414421e-01
1.000000000000000000e+00
-1.000000000000000000e+00
-1.000000000000000000e+00
3.526837416657054303e-01
3.698505369518099162e-01
1.508477582026297448e-01
-5.130916261766628184e-01
9.171883157487529248e-01
5.410181146439629885e-01
-1.000000000000000000e+00
-9.031973549018592617e-01
-1.000000000000000000e+00
-1.000000000000000000e+00
-1.000000000000000000e+00
8.512481488601654211e-01
-1.000000000000000000e+00
-1.000000000000000000e+00
3.582343826504152950e-01
-4.115567146421115208e-01
-1.000000000000000000e+00
7.834958986391961089e-01
8.132134994451512000e-02
1.941004203018550367e-01
-1.287339008114672390e-01
-2.427632899851220882e-01
-1.000000000000000000e+00
-1.000000000000000000e+00
-8.211017442098401675e-01
7.112148395666209044e-01
-1.000000000000000000e+00
-1.000000000000000000e+00
-1.000000000000000000e+00
7.592845566761792231e-01
1.000000000000000000e+00
-5.174567851814290131e-01
1.000000000000000000e+00
1.974291120646932962e-01
1.065425083680484608e-01
1.000000000000000000e+00
1.000000000000000000e+00
4.041974636823417733e-01
-6.836048862130116310e-01
2.175787086522634750e-01
1.000000000000000000e+00
-1.000000000000000000e+00
-1.000000000000000000e+00
-1.062913657150244551e-01
2.831953576439327769e-01
-1.000000000000000000e+00
-6.151463298643581323e-01
7.975895546530678004e-01
1.000000000000000000e+00
6.452271180550840368e-01
7.647133308909959126e-02
-1.201245383117627297e-01
-6.346789978217522998e-01
-1.000000000000000000e+00
-1.000000000000000000e+00
-1.000000000000000000e+00
1.000000000000000000e+00
1.000000000000000000e+00
5.269573863612806441e-01
1.000000000000000000e+00
-4.394605317651333332e-01
7.771826331972927493e-01
-1.566467268855348260e-01
1.000000000000000000e+00
-1.000000000000000000e+00
-1.000000000000000000e+00
-1.000000000000000000e+00
-6.250795476838250098e-02
2.750285276760930375e-01
-3.732498606549884967e-01
-4.843337041711658353e-01
-1.000000000000000000e+00
7.072990434618647848e-01
4.540585395135956492e-01
2.041803482267672554e-01
1.904826134348278632e-01
-5.445773161120299743e-01
6.525078722749868554e-01
1.294849433718237020e-01
-1.000000000000000000e+00
-2.958791868524723867e-01
2.807576180864920778e-02
-1.769726917310979197e-01
1.000000000000000000e+00
1.000000000000000000e+00
1.000000000000000000e+00
-2.739653074657558696e-01
7.259526856563488506e-01
-5.373096796773689787e-01
6.717393582065980251e-01
-2.041256539655162960e-01
7.171171234993436450e-01
1.000000000000000000e+00
-1.000000000000000000e+00
1.000000000000000000e+00
-1.000000000000000000e+00
4.545345751744198637e-01
4.060814429620702715e-01
-1.000000000000000000e+00
1.000000000000000000e+00
1.493136702170339003e-01
-3.240261937908543999e-01
-2.870025690459501178e-01
-1.000000000000000000e+00
1.000000000000000000e+00
7.291298391138633095e-01
-1.534626457422386125e-01
-1.485020942317206716e-01
3.726389220790429224e-01
9.473133102032781361e-01
-5.505795921666809534e-01
-9.235224325527746636e-02
1.000000000000000000e+00
1.000000000000000000e+00
1.000000000000000000e+00
1.000000000000000000e+00
-1.622830972659249082e-01
-3.561811153524907514e-02
1.000000000000000000e+00
-5.850250060834920607e-01
-5.028020383847550123e-01
-6.959818283302930952e-01
2.441519755161005167e-01
-1.000000000000000000e+00
2.664723873472084614e-01
1.481731596432735165e-01
-1.000000000000000000e+00
1.000000000000000000e+00
4.144499350680321270e-01
1.000000000000000000e+00
4.415958325974064236e-01
1.000000000000000000e+00
-3.170246088164558884e-01
3.287985423365594739e-01
-4.964958581263413384e-01
5.728219376266452390e-02
-7.340460104443421452e-01
1.000000000000000000e+00
-2.803834683024769570e-01
-1.000000000000000000e+00
4.746427094552303494e-01
1.000000000000000000e+00
1.000000000000000000e+00
-1.000000000000000000e+00
5.338172377563288329e-01
1.000000000000000000e+00
5.194390588826827138e-01
1.000000000000000000e+00
-2.199260424001513448e-01
-1.000000000000000000e+00
3.493901758644102351e-02
-1.093618349331845763e-01
2.041963641857369449e-01
-1.000000000000000000e+00
6.045519375695156405e-01
-4.886102641517364176e-01
-2.122391561906780133e-01
1.000000000000000000e+00
-5.486385957033304006e-01
2.669382060858151995e-01
4.709334580062343178e-01
-3.751388451622927889e-02
1.000000000000000000e+00
1.000000000000000000e+00
5.931062485834006637e-01
1.000000000000000000e+00
-4.706042069163520747e-01
-1.000000000000000000e+00
-9.031762682177532087e-01
-8.705530349048168359e-01
5.198179606711822442e-01
1.000000000000000000e+00
-9.707979545435113655e-02
-6.343804746945236328e-02
1.000000000000000000e+00
-1.682397211081672617e-01
2.217412360126395088e-01
1.000000000000000000e+00
-1.000000000000000000e+00
1.000000000000000000e+00
-1.000000000000000000e+00
-1.000000000000000000e+00
-1.000000000000000000e+00
9.247553185639594275e-01
-1.000000000000000000e+00
3.129706220278568596e-01
-1.000000000000000000e+00
1.768841704546949556e-01
1.000000000000000000e+00
1.000000000000000000e+00
1.000000000000000000e+00
-2.496044979745573045e-01
6.361350815621478194e-01
1.137918322063081189e-01
1.000000000000000000e+00
-1.000000000000000000e+00
-1.000000000000000000e+00
9.485056511932428158e-01
1.000000000000000000e+00
-1.000000000000000000e+00
-3.594568611366646405e-01
1.000000000000000000e+00
9.360401776764472048e-01
8.143910501933487867e-02
1.000000000000000000e+00
-2.103842276595129790e-01
-2.828132487370276227e-01
-8.934285119642221273e-01
-1.508217371415291330e-01
-1.000000000000000000e+00
7.320918624601342461e-01
3.282184036069578648e-01
1.000000000000000000e+00
-1.000000000000000000e+00
-9.632624357216823530e-01
8.320428768351462168e-02
-1.000000000000000000e+00
-8.993862342280731226e-02
1.000000000000000000e+00
1.000000000000000000e+00
-1.000000000000000000e+00
-7.221732448258446624e-01
1.000000000000000000e+00
-1.000000000000000000e+00
3.467333833710461999e-01
-8.421148415957493416e-01
1.000000000000000000e+00
-1.000000000000000000e+00
-7.964767487310755456e-01
-1.000000000000000000e+00
-1.000000000000000000e+00
9.370897891368192845e-01
-4.572951179446931302e-01
-7.778332137672880897e-01
-1.659028073725449248e-01
2.600096764011292638e-01
-5.069118309628763974e-01
-1.000000000000000000e+00
8.096691194033991401e-01
-1.000000000000000000e+00
9.018027524321057253e-01
-4.260078976233759862e-01
1.000000000000000000e+00
4.615743271063021957e-01
1.000000000000000000e+00
1.000000000000000000e+00
6.017997619905759432e-01
-1.000000000000000000e+00
-3.339931788674550539e-01
2.575144482809534896e-01
-7.299490918624088054e-02
-5.666690677882809668e-01
-2.783029191385260059e-01
-4.843671182696335231e-01
9.707073858645318687e-01
-1.222828044911161705e-01
-6.101995145355443295e-02
-1.000000000000000000e+00
-1.000000000000000000e+00
-1.000000000000000000e+00
1.912893998886785463e-01
1.000000000000000000e+00
9.685147086996925836e-02
-1.000000000000000000e+00
8.947693231792142043e-01
1.000000000000000000e+00
1.000000000000000000e+00
1.000000000000000000e+00
7.073493714747969285e-03
-7.285217276286051202e-01
-3.491175948504081639e-01
1.000000000000000000e+00
7.116459311769036677e-01
4.074757673400843938e-01
-1.000000000000000000e+00
2.347692890424577516e-01
-8.477949411536730429e-01
1.000000000000000000e+00
6.083945107829250021e-02
-5.202322961911476362e-02
8.793130293118411878e-02
-1.000000000000000000e+00
-1.000000000000000000e+00
1.000000000000000000e+00
1.895661596904403279e-01
1.000000000000000000e+00
1.000000000000000000e+00
1.000000000000000000e+00
7.092441853672022400e-01
-1.000000000000000000e+00
-2.899745905911541577e-01
-7.694971079647131562e-01
-1.713054690254085521e-01
-3.854719926567540811e-01
1.000000000000000000e+00
-1.936875467158081232e-01
-1.000000000000000000e+00
-8.666818099338413628e-01
-2.706659344102423925e-01
3.546333121354779960e-01
-2.992412628891427673e-02
-1.000000000000000000e+00
1.169122014185842717e-01
-2.361139452837474062e-01
-1.207111227115989227e-01
-6.237305644318956732e-01
-1.564524488982989014e-01
-1.000000000000000000e+00
1.000000000000000000e+00
-1.000000000000000000e+00
-1.000000000000000000e+00
7.611694655493003170e-01
-1.000000000000000000e+00
9.704403806981434233e-01
-1.000000000000000000e+00
-1.000000000000000000e+00
-2.008240710260488227e-01
9.019541108836518495e-01
9.795034645751027336e-01
-7.777939283081695132e-01
2.770368632871454961e-01
-1.963176759513184377e-01
-1.000000000000000000e+00
-1.000000000000000000e+00
-1.468953464699722655e-01
-4.284999929452180112e-01
1.000000000000000000e+00
-1.000000000000000000e+00
-1.000000000000000000e+00
1.000000000000000000e+00
1.000000000000000000e+00
3.632783649235943879e-01
8.861349109832017401e-01
-1.000000000000000000e+00
3.537650850225362298e-01
8.011222748318913567e-01
-1.000000000000000000e+00
2.599582475398790060e-01
-6.051856115422878934e-01
3.059809466728080074e-01
-3.805027857267565539e-01
-1.000000000000000000e+00
1.000000000000000000e+00
-8.427237318794527088e-01
1.430566231904839558e-02
-1.000000000000000000e+00
1.000000000000000000e+00
-1.000000000000000000e+00
6.021391243722052922e-01
2.302848704032953719e-01
-6.645490366635871116e-01
-5.674374801111752298e-01
-5.696257856019629751e-01
-6.788662155792091202e-02
4.245175848781936878e-01
-1.000000000000000000e+00
-1.000000000000000000e+00
-1.000000000000000000e+00
-1.908670404098089524e-01
2.938460653375636333e-01
-1.843910178241986442e-01
-1.000000000000000000e+00
4.301218406196807287e-01
-9.191815215108668502e-01
1.000000000000000000e+00
-2.377844696081142795e-01
4.794259695938218879e-01
-5.330032502504211678e-01
5.964400171013057861e-01
1.000000000000000000e+00
8.377495222535180641e-01
1.000000000000000000e+00
-1.000000000000000000e+00
-3.949282142305123311e-01
-1.000000000000000000e+00
-5.114415446120958997e-01
9.728186138277512551e-01
1.000000000000000000e+00
8.871652144510505655e-01
6.193899301414608205e-01
-1.000000000000000000e+00
1.000000000000000000e+00
-3.378647513746878550e-01
-9.341932121925443644e-01
-1.000000000000000000e+00
-1.000000000000000000e+00
1.000000000000000000e+00
1.000000000000000000e+00
1.000000000000000000e+00
1.000000000000000000e+00
3.584572155565479701e-01
-3.998098338546680619e-01
1.000000000000000000e+00
2.328064936515050476e-01
-6.485037330588605542e-02
-5.460565297916240013e-01
4.023244955435207881e-01
6.863315564903731403e-01
-6.921553565102507299e-01
-2.204986022613996122e-01
3.522495148528886899e-01
-1.000000000000000000e+00
5.132836069597620510e-01
1.532301286574517807e-01
5.287103246278113122e-01
-8.161605283518655884e-01
3.911536443989258038e-02
5.843182555727026717e-01
1.797103234186611109e-01
-1.000000000000000000e+00
2.393657490097764740e-01
-1.000000000000000000e+00
3.913120095831698064e-01
-1.000000000000000000e+00
-1.000000000000000000e+00
-7.950595171285765872e-01
9.485655776136484585e-01
-4.075232267707383782e-01
-8.324121167664906285e-01
-1.000000000000000000e+00
1.169721183746508242e-01
-1.000000000000000000e+00
-9.444600583268715210e-01
8.331085285842589894e-01
-1.000000000000000000e+00
-1.000000000000000000e+00
-7.022410966810859190e-01
1.555836723192400850e-01
9.095600750488670450e-01
-1.000000000000000000e+00
1.000000000000000000e+00
3.159599842212310605e-01
-3.014808308624657984e-01
-9.196342341523008335e-01
-1.000000000000000000e+00
-1.000000000000000000e+00
-3.246989042606680115e-02
-1.000000000000000000e+00
-4.822228703859107179e-01
-1.000000000000000000e+00
1.000000000000000000e+00
5.521824600663696181e-01
-1.000000000000000000e+00
1.955020273474523673e-01
7.209172805748846891e-01
-3.265164773958505462e-01
-9.854096132388628915e-02
-3.973425194317516951e-01
-1.000000000000000000e+00
1.579428482781818355e-01
6.383313331929786338e-01
1.000000000000000000e+00
8.827568285886681076e-01
-4.097652675427240210e-01
-1.000000000000000000e+00
-1.000000000000000000e+00
1.000000000000000000e+00
1.000000000000000000e+00
-5.746020754721381518e-01
-8.588230120766018327e-01
8.055525935983318675e-01
1.000000000000000000e+00
1.000000000000000000e+00
-5.623463312533534264e-01
1.000000000000000000e+00
4.436497725943370773e-01
-1.000000000000000000e+00
-1.000000000000000000e+00
-2.115681263612451124e-02
6.218120056439326859e-01
8.857022211837441983e-01
-1.000000000000000000e+00
-4.467930095226892995e-01
-1.131122486547565531e-01
2.608284008009543742e-01
-2.321225698003582805e-01
1.000000000000000000e+00
-1.000000000000000000e+00
1.000000000000000000e+00
-3.733846097451274382e-01
1.000000000000000000e+00
-8.119619042239867301e-01
6.717802432515358468e-01
-8.336132593633855947e-01
-1.000000000000000000e+00
-1.548533527172014646e-01
5.560656712399248969e-01
-1.000000000000000000e+00
-5.865797813963418150e-01
1.000000000000000000e+00
-4.366477024130446249e-01
-1.000000000000000000e+00
-7.144886657872304703e-01
1.587269953509575227e-01
-1.000000000000000000e+00
8.077131498719163361e-01
1.000000000000000000e+00
-8.150134514744682424e-01
1.000000000000000000e+00
-4.468133669727614721e-01
7.068154199082549161e-01
-1.000000000000000000e+00
1.000000000000000000e+00
-6.174175921061628713e-01
-9.644655280126550601e-01
-1.000000000000000000e+00
-8.951257878118838995e-01
1.000000000000000000e+00
1.000000000000000000e+00
-9.791562422604215277e-01
-1.000000000000000000e+00
-1.000000000000000000e+00
-1.413027418922692124e-01
-1.596808555872342161e-02
-1.000000000000000000e+00
-1.000000000000000000e+00
-1.000000000000000000e+00
-5.605313605928952114e-01
-9.320439458100637786e-02
3.210690807172899008e-01
-4.927979602380799240e-01
-5.228566836377563920e-01
-4.740781151651157765e-01
-1.000000000000000000e+00
-6.153822436292752940e-01
-1.000000000000000000e+00
1.000000000000000000e+00
1.000000000000000000e+00
-1.000000000000000000e+00
-1.000000000000000000e+00
1.000000000000000000e+00
1.000000000000000000e+00
1.000000000000000000e+00
-1.000000000000000000e+00
4.456831389105622709e-01
-4.235988704118176518e-03
-1.000000000000000000e+00
5.909083167579205487e-01
1.000000000000000000e+00
-1.000000000000000000e+00
-1.000000000000000000e+00
-1.000000000000000000e+00
4.960360323406666772e-01
4.268632716489884071e-01
1.000000000000000000e+00
-9.767146669941066950e-01
1.000000000000000000e+00
9.858072756655185120e-01
-2.141214332255558794e-03
3.749852379084828158e-01
-9.185761246878331177e-01
-7.563976907227664137e-01
1.000000000000000000e+00
1.000000000000000000e+00
-4.885823280335931940e-01
-9.893943590231419893e-01
-2.336747529650210486e-01
1.000000000000000000e+00
-1.000000000000000000e+00
-1.000000000000000000e+00
1.000000000000000000e+00
1.000000000000000000e+00
-7.117460573630236542e-01
1.000000000000000000e+00
-5.800944988656109302e-02
-9.529941080154925581e-01
-1.000000000000000000e+00
1.000000000000000000e+00
1.109195540009992320e-01
1.000000000000000000e+00
8.875240448349641653e-02
6.968724611345529230e-01
-1.000000000000000000e+00
9.547977015980140258e-01
-9.573578993344051824e-01
1.000000000000000000e+00
2.239818522252745581e-02
-1.000000000000000000e+00
8.389011109665813759e-01
-1.000000000000000000e+00
-7.394842356321504884e-01
2.373020102599716907e-01
-1.000000000000000000e+00
7.416703153406594140e-01
-6.253144264254948403e-01
2.312344354738972707e-01
-4.033661947422984007e-02
-9.101122450206436953e-01
-1.000000000000000000e+00
-1.000000000000000000e+00
-1.000000000000000000e+00
-5.744511166051782247e-01
-1.000000000000000000e+00
7.216738565738411992e-02
-1.000000000000000000e+00
-1.000000000000000000e+00
-5.929364078440462205e-01
-1.710622426813741270e-01
4.432444829542646625e-01
-5.102568016578689081e-01
-4.296317470573033925e-01
-9.041986811490598797e-02
9.628645627075445024e-01
-1.000000000000000000e+00
