-4.081804612869980309e-01
1.000000000000000000e+00
-3.622035201170858976e-02
-1.000000000000000000e+00
8.570417903070250976e-01
-4.117800314515425719e-01
-2.533621469184542119e-01
1.000000000000000000e+00
-1.690096575487175234e-01
8.406723640787585605e-01
-1.000000000000000000e+00
1.000000000000000000e+00
-4.678723628307306370e-01
-8.020250121175058755e-01
-8.867238111147046631e-01
-1.000000000000000000e+00
1.000000000000000000e+00
1.000000000000000000e+00
8.453289090713285159e-01
3.802213711780589311e-01
-2.924309547152786903e-01
-9.389134471808153748e-01
1.000000000000000000e+00
7.630552497603719786e-01
-7.687794585159022365e-01
3.651700749218392827e-01
-2.478258396472586000e-01
3.033818137522694691e-01
5.386121482656970327e-01
-1.000000000000000000e+00
-7.256063062801548780e-01
8.738245822510827543e-02
-1.000000000000000000e+00
-1.000000000000000000e+00
6.221926177972286753e-02
5.085322058566535963e-01
1.335223614901902972e-02
1.000000000000000000e+00
5.849934501388301400e-02
-1.000000000000000000e+00
1.044773989775037992e-01
1.000000000000000000e+00
-1.000000000000000000e+00
-1.000000000000000000e+00
-1.000000000000000000e+00
-8.001268763521186544e-01
1.689703327035912972e-02
3.418616762872044856e-01
8.380981945231347208e-03
6.968968595432437629e-01
4.917811698495938022e-01
-1.000000000000000000e+00
1.000000000000000000e+00
5.276423481369416080e-02
1.803005967522213204e-01
6.003074584936164693e-02
1.000000000000000000e+00
-1.808629637488677333e-01
2.205693289816739455e-01
2.137172017759510212e-01
-5.513354968816399637e-01
-7.147223705765577417e-01
6.425239980588838273e-01
-1.000000000000000000e+00
1.105514452236143474e-01
7.872040703462124256e-02
-6.138590943986340642e-01
-8.104023847188007723e-01
-3.863329575849078212e-01
4.043682181551715438e-01
-7.886998190711150825e-01
-2.355160253430814976e-01
1.000000000000000000e+00
2.508526017748718417e-01
-1.770665029688588965e-01
-6.802762075520445428e-01
-2.733749305466158797e-01
2.411499729211172283e-01
1.000000000000000000e+00
-1.469631217592940187e-01
6.301681858550467474e-01
7.520312866379501582e-01
1.000000000000000000e+00
-5.380823113642267952e-01
1.432795287255709815e-01
1.000000000000000000e+00
-1.000000000000000000e+00
-1.000000000000000000e+00
-4.829002935067211455e-01
-1.000000000000000000e+00
-1.000000000000000000e+00
-4.567894355498811065e-01
2.594233026468002468e-01
5.220792465343413458e-01
-1.000000000000000000e+00
3.508891912687527870e-01
6.213852854687501592e-01
7.682823389027630956e-01
1.000000000000000000e+00
9.693120173686463614e-01
-2.542154786154942059e-01
7.375411023375593178e-01
1.197057276300614731e-01
-1.000000000000000000e+00
1.000000000000000000e+00
-1.039809242574731701e-02
1.411864974166163744e-01
-7.707081099817548742e-01
-1.000000000000000000e+00
8.884498178314197414e-01
-6.662442491309132908e-01
1.935582226992167698e-01
1.426817252657299750e-01
3.487191627069980426e-01
-1.000000000000000000e+00
-1.000000000000000000e+00
5.399338503917383569e-01
-3.600200947417330211e-01
6.043224811302849719e-01
3.032671973290968492e-01
-6.178290689707982564e-01
1.000000000000000000e+00
1.528733379414239091e-01
-1.000000000000000000e+00
1.000000000000000000e+00
5.200007374166677465e-01
-1.000000000000000000e+00
2.122144875128964270e-01
1.534469467426225198e-01
-6.601259416184362960e-02
-1.000000000000000000e+00
-1.000000000000000000e+00
-9.910706970921958625e-01
-1.000000000000000000e+00
1.000000000000000000e+00
5.672223294913982805e-01
-1.419513664572792933e-01
-1.000000000000000000e+00
-6.397560669635293795e-01
7.158743218475429604e-01
-1.000000000000000000e+00
-1.000000000000000000e+00
6.901759602033605279e-02
-1.311953535528481707e-01
4.016319495450244026e-01
6.089844649835618462e-01
1.996441012256811587e-01
8.624804944423222208e-01
-4.897487272885967524e-01
-1.522119894071505553e-01
-6.526638017272388126e-01
-8.184001279440794585e-01
-5.007682352477870191e-01
-1.000000000000000000e+00
-5.636505422056136139e-01
1.000000000000000000e+00
1.253200733126720035e-01
-2.125542921576735744e-01
-9.813527908534579458e-01
-1.000000000000000000e+00
5.235585456114435488e-01
-1.000000000000000000e+00
6.052700110117460452e-01
6.007750340159049296e-01
-1.000000000000000000e+00
-1.000000000000000000e+00
7.551497922351716463e-01
-1.000000000000000000e+00
8.245687515611238583e-01
1.000000000000000000e+00
-1.000000000000000000e+00
-9.270247920985573431e-02
1.000000000000000000e+00
4.643541318931851958e-01
7.357731614273343990e-01
-8.881120466109809763e-01
-3.277364221111350728e-01
-1.087287515679805083e-01
1.000000000000000000e+00
-1.000000000000000000e+00
4.796668374075930830e-01
-7.141087583017003970e-01
-8.533928663547032945e-02
2.905399105646034874e-01
-5.375662909379971266e-01
2.985347764247477387e-01
8.529486808964469313e-01
8.607698998906743171e-01
8.064952205606420454e-01
-6.524015117399808439e-01
1.000000000000000000e+00
3.444346764170144182e-01
-7.472393275892682540e-01
4.872204156138081055e-02
-5.232630869292119735e-01
7.031286100070084366e-01
-1.306934726031540317e-01
1.000000000000000000e+00
1.000000000000000000e+00
1.157422227087925026e-01
1.000000000000000000e+00
-6.627880292692355235e-01
-1.000000000000000000e+00
8.560258170472397898e-01
-3.717171389741745768e-01
-6.479385580031219449e-01
6.195130470700002112e-01
5.320067726564102761e-01
5.464111009223157067e-01
3.714559175539032809e-01
7.783058646574594341e-01
6.095760852467627666e-01
8.363812521328397587e-01
4.389833986714649638e-01
-4.086713714134959652e-02
6.864828207963338258e-01
2.263314619072617773e-01
1.912841303878005383e-01
6.558630375388599942e-01
-1.000000000000000000e+00
7.816972270463333761e-01
8.605989428654751972e-03
1.207546762200978341e-01
-9.555178088867378738e-01
7.563054880233597288e-01
-1.000000000000000000e+00
8.701011491577523849e-01
1.000000000000000000e+00
7.826963515177950415e-01
1.000000000000000000e+00
-9.190537924565881367e-01
-1.000000000000000000e+00
-2.018979455298356429e-01
2.154100961252466140e-01
4.835358168188575445e-01
-6.921842277583256653e-01
1.000000000000000000e+00
2.452075951815096411e-01
6.280249152188321915e-01
1.764514609638682396e-01
-1.000000000000000000e+00
-1.000000000000000000e+00
1.000000000000000000e+00
1.000000000000000000e+00
9.377661281001992144e-01
1.000000000000000000e+00
8.971503254142475237e-02
3.031933980336068979e-01
2.280951841698212190e-01
-6.539512213368193772e-01
-1.000000000000000000e+00
2.688447880319805305e-02
-8.356785078292294777e-01
3.687803637454771799e-01
-3.065517035115303823e-01
-5.958275517882990480e-01
-4.373346733172027156e-01
8.514905318494410125e-01
-4.449801797739383336e-01
1.000000000000000000e+00
1.000000000000000000e+00
1.000000000000000000e+00
4.010317825538143310e-01
2.029429452473328621e-01
1.000000000000000000e+00
-4.214502027784113869e-01
-1.000000000000000000e+00
1.000000000000000000e+00
4.244378736117772055e-01
4.205899393532190889e-01
1.655468098107968911e-01
1.000000000000000000e+00
6.925597787848640774e-01
1.873943217493307944e-01
-1.000000000000000000e+00
-8.759664468360686129e-01
-3.013078489387474024e-01
1.000000000000000000e+00
8.304763262464341933e-01
-1.000000000000000000e+00
-1.914831172687344318e-01
1.000000000000000000e+00
-7.321480890096911109e-02
-1.441726582785899935e-01
-1.912965815725626295e-01
-1.000000000000000000e+00
-2.604584142463235441e-01
4.158588599445172118e-01
-2.784851227780892335e-01
-1.695251461428221862e-01
3.767491655437761877e-01
-1.536679746338671659e-01
-1.000000000000000000e+00
4.507168995225842578e-01
1.000000000000000000e+00
2.190398879234454477e-01
1.000000000000000000e+00
-2.509038594125667654e-01
-8.857932279134627107e-01
-7.743362801732966982e-01
-3.790295846413165304e-01
-1.000000000000000000e+00
-1.108957796453069189e-01
1.000000000000000000e+00
1.000000000000000000e+00
-8.470297340245255269e-01
-5.752364294712501991e-01
-1.094670933348032282e-01
6.858485183527592011e-02
-7.919904968091631137e-01
2.370849857322002152e-01
1.000000000000000000e+00
1.000000000000000000e+00
-1.000000000000000000e+00
-9.576779078753516750e-02
2.168705565922925960e-01
-9.653396420903762598e-01
4.910394421983839686e-01
-2.264269667258954066e-01
1.000000000000000000e+00
1.000000000000000000e+00
8.002303373063421321e-02
5.580989312608036768e-01
4.201196512092575386e-01
-3.025782459943694991e-01
2.066047644291512664e-01
1.000000000000000000e+00
3.106661231980651916e-01
2.179627470308539428e-01
-2.207911063265519669e-01
-7.869504089443356554e-01
-3.564903224824395034e-01
-4.872433070879349515e-01
-1.741423202132697245e-01
8.127092765649615025e-01
-1.000000000000000000e+00
4.321579077708635475e-01
-6.033228480676335881e-01
1.000000000000000000e+00
-1.000000000000000000e+00
-2.528516153576721437e-01
-6.180357987283505716e-01
-1.908789378351172517e-01
-6.784340492120878308e-01
9.430168075518235993e-01
-1.000000000000000000e+00
8.297825657134487720e-01
-7.025246600092691640e-01
1.000000000000000000e+00
-1.000000000000000000e+00
1.000000000000000000e+00
4.253491064689029488e-01
6.381776625491987209e-01
-1.000000000000000000e+00
-1.000000000000000000e+00
-3.172753377585425527e-01
6.866310213241941796e-01
-1.383568488359152027e-02
-7.093574585679995881e-01
1.146126778500886900e-01
-1.000000000000000000e+00
6.960172005994423872e-01
1.000000000000000000e+00
3.392295350617069438e-01
1.000000000000000000e+00
1.000000000000000000e+00
-1.000000000000000000e+00
5.696140640161047042e-01
-1.004743435386742934e-02
-9.570847008346765605e-01
4.695476285906402536e-01
-1.000000000000000000e+00
7.600053889706691601e-01
1.067512424459369780e-01
1.000000000000000000e+00
1.000000000000000000e+00
1.000000000000000000e+00
-6.729933246427586280e-01
-1.991023496147611427e-01
1.958384433695384286e-01
4.154539391250106073e-01
-5.990767935759392371e-01
-1.000000000000000000e+00
-1.953970459327657450e-01
-1.000000000000000000e+00
-8.280192140927041811e-01
2.749207748752157121e-01
9.581025990584740581e-01
-1.141350439417880974e-01
1.000000000000000000e+00
6.924554357289344209e-01
8.603802996215254018e-02
1.285033759451243429e-01
2.401851651654026976e-01
1.000000000000000000e+00
1.000000000000000000e+00
-1.000000000000000000e+00
-9.305754868604734220e-01
1.000000000000000000e+00
4.766808050837998967e-01
3.766030047875181808e-01
4.685794051769509583e-01
-1.000000000000000000e+00
-1.000000000000000000e+00
1.000000000000000000e+00
-9.149206237647419249e-01
-1.000000000000000000e+00
-1.000000000000000000e+00
7.440721250797593944e-02
-9.980044876544642563e-01
4.039061887688596975e-01
-2.262945143539066839e-01
-6.282484832228134586e-01
1.000000000000000000e+00
3.451238019556882586e-01
-5.781837649971990345e-01
-1.000000000000000000e+00
7.733292356753563856e-01
1.348141538236845016e-01
-6.123324679991746233e-01
-2.603307826091030841e-02
-7.992567689122907770e-02
-1.000000000000000000e+00
-1.450125141568609499e-01
-5.487223453471734569e-02
2.948615918041747608e-01
-1.000000000000000000e+00
-4.867757693346185799e-01
4.153531060907544176e-02
1.000000000000000000e+00
1.000000000000000000e+00
-1.000000000000000000e+00
9.107559124842526388e-02
-1.983611077913299270e-01
3.260119723813167947e-01
-1.000000000000000000e+00
1.000000000000000000e+00
-2.494001417197717618e-01
3.189925513833868909e-02
-7.962981090057513756e-01
2.536248064064208219e-01
9.311838118549784493e-01
-1.000000000000000000e+00
-1.000000000000000000e+00
1.000000000000000000e+00
1.000000000000000000e+00
-1.000000000000000000e+00
-3.580405147531510179e-01
-1.913394145055538342e-01
-5.807545793279961233e-01
1.000000000000000000e+00
-8.058246375530354610e-01
1.000000000000000000e+00
-1.000000000000000000e+00
2.679648098900046516e-01
-6.113817592317716265e-03
-1.000000000000000000e+00
1.000000000000000000e+00
-2.384890496699189621e-01
-1.000000000000000000e+00
-1.000000000000000000e+00
-1.000000000000000000e+00
7.767658616133543692e-01
-1.000000000000000000e+00
-3.117658192122776395e-01
-1.868331980741829157e-01
3.832106804739655592e-01
1.000000000000000000e+00
-6.870545015179692072e-01
2.440130642656495319e-01
-9.260589430730287175e-01
2.227898651145140130e-01
9.570926097899030704e-01
-1.000000000000000000e+00
-1.000000000000000000e+00
6.524901392777489040e-01
-6.337292217238746916e-01
-4.635553926931949842e-02
7.668005340110418677e-01
-1.000000000000000000e+00
4.077362613104393851e-01
6.765352862117111066e-01
5.868826204749035824e-01
1.000000000000000000e+00
-1.000000000000000000e+00
1.737192574041168114e-01
1.000000000000000000e+00
-1.000000000000000000e+00
1.130672557280771040e-01
1.462058594344408657e-01
-1.000000000000000000e+00
-1.000000000000000000e+00
-3.835387385621163436e-01
-6.001154784758371274e-01
5.603553804740880606e-01
-2.382681552426502702e-01
5.658585968258538212e-01
-8.961601900183798763e-01
-5.328193726565305655e-02
-6.631096242141719665e-01
3.162618600033578753e-01
5.955857986507540058e-02
2.728481543751204441e-02
-5.538406896711430827e-01
9.635478347014349021e-01
1.000000000000000000e+00
-1.000000000000000000e+00
-1.000000000000000000e+00
-3.714621603713785802e-01
-8.373744239967602088e-01
-2.847960035411188917e-01
2.155612921699472384e-01
1.000000000000000000e+00
-9.072293688739250239e-01
1.000000000000000000e+00
7.904391487888420276e-01
1.000000000000000000e+00
4.255146325336879309e-01
-1.000000000000000000e+00
-5.632833676191555394e-01
-1.000000000000000000e+00
1.000000000000000000e+00
-9.240686833635029795e-02
1.000000000000000000e+00
3.243857231245923511e-01
-8.797376834840273663e-01
9.307471699680884836e-01
4.260415106583411160e-01
-9.202555214744996270e-01
-9.375918179950503140e-01
-1.724608899853407595e-01
1.000000000000000000e+00
-1.000000000000000000e+00
1.000000000000000000e+00
-7.018182450074015311e-01
1.133639904108812296e-01
-3.734675367945763935e-01
1.000000000000000000e+00
1.000000000000000000e+00
3.110060290510552883e-01
1.000000000000000000e+00
2.019324020086303850e-01
1.000000000000000000e+00
6.975000200398739914e-01
-7.689852752280885717e-01
-5.192902705534664376e-01
1.000000000000000000e+00
-1.000000000000000000e+00
1.000000000000000000e+00
4.698256899710910317e-01
2.779203699795247395e-01
9.356409368429808859e-01
1.000000000000000000e+00
-1.000000000000000000e+00
1.512872376291982401e-01
5.773783596333587065e-01
-8.107535757607628457e-02
6.387169445696275205e-02
-1.000000000000000000e+00
-5.742313859437414569e-01
-1.000000000000000000e+00
-1.000000000000000000e+00
-1.000000000000000000e+00
1.000000000000000000e+00
1.000000000000000000e+00
4.266914619346805493e-01
5.619779192176982408e-01
-4.837957291821033401e-01
-7.648483954784869310e-01
2.857966139078041978e-01
-6.726658937131698712e-01
5.688404280722412221e-01
-9.467574765551651783e-01
-1.982471675048942394e-01
9.418025559418807813e-01
6.004385835064526278e-01
1.000000000000000000e+00
1.000000000000000000e+00
3.443057277697761376e-02
1.000000000000000000e+00
2.472097548697035352e-01
1.000000000000000000e+00
1.911059457812555595e-01
-1.000000000000000000e+00
-3.981272288138603677e-01
1.371354032853075999e-01
-1.000000000000000000e+00
-2.679008647737678439e-01
3.106443396771494392e-01
-5.049337432513910651e-01
3.210568571363882073e-01
7.794751284130798652e-01
-9.647177102809707527e-01
-7.448747490326725063e-02
-6.959391051957291019e-01
-8.092328308751098875e-01
1.828437269356396055e-01
1.000000000000000000e+00
3.558628838870441791e-01
1.000000000000000000e+00
-3.879951324212366215e-01
-3.010638220692979372e-01
1.000000000000000000e+00
4.729693652629818335e-01
7.680860323035099135e-01
-1.000000000000000000e+00
1.000000000000000000e+00
-5.270279489769791326e-01
-3.874027366021476348e-02
6.038517123050806540e-02
1.000000000000000000e+00
-1.000000000000000000e+00
2.090604622657856460e-01
3.488070019937046795e-01
-1.535091807435237099e-01
-8.981208780446701123e-01
9.456964763159998455e-01
-4.047220453199220636e-01
5.246978171362914889e-01
5.621751642921609671e-01
1.000000000000000000e+00
3.091050183758056735e-01
2.520807957568548252e-01
1.000000000000000000e+00
-1.000000000000000000e+00
-9.336372846569169770e-01
1.992533337930496862e-01
-2.016721840007748012e-01
-1.000000000000000000e+00
-6.838286203202142977e-01
1.861309079332515715e-01
1.000000000000000000e+00
7.056783856206476635e-01
-1.000000000000000000e+00
1.214289193784886256e-01
-2.031427462781895399e-01
-2.135783352092327503e-01
-1.000000000000000000e+00
9.601983051482587683e-01
1.000000000000000000e+00
4.436806396220837057e-01
2.516181102065143671e-01
-3.474493011826623179e-01
4.981799138131763338e-01
1.000000000000000000e+00
1.000000000000000000e+00
5.982298568242426784e-01
1.000000000000000000e+00
8.944976565218483167e-01
1.004488224079012892e-01
-3.269037711889299924e-01
7.579739244278345112e-01
5.597478249729201938e-01
1.000000000000000000e+00
4.345169261098026370e-01
-2.985977681601594824e-01
-1.000000000000000000e+00
6.586095666638011048e-01
-5.670134460538966970e-01
1.000000000000000000e+00
1.000000000000000000e+00
7.651645518574623495e-01
-7.756406198478684733e-01
-1.000000000000000000e+00
-1.000000000000000000e+00
-7.341620881581150115e-01
-1.790076587047939594e-03
-7.560901188452916477e-01
-2.723676802574446221e-01
8.847428699028747623e-01
-3.099164574988026444e-01
1.783280781640825263e-01
1.000000000000000000e+00
1.000000000000000000e+00
4.776886284500821978e-01
-1.000000000000000000e+00
-5.032051161786724736e-01
1.000000000000000000e+00
6.881630416833011132e-01
2.039076057376010276e-01
1.000000000000000000e+00
-3.211992607747954365e-01
-8.408920609328220941e-01
-1.540246369868242260e-01
-1.000000000000000000e+00
-5.063293208944654733e-01
9.853864505572125232e-01
1.000000000000000000e+00
1.000000000000000000e+00
3.287888858870393616e-01
-3.706469904968827667e-01
1.000000000000000000e+00
-1.000000000000000000e+00
-1.000000000000000000e+00
2.753895850254206579e-02
4.895250268431931007e-01
5.229824911873652837e-01
-1.000000000000000000e+00
-1.000000000000000000e+00
4.791257796086773602e-01
8.078373896708530566e-01
7.106875730788543288e-01
9.521780784789524166e-01
1.428858094753399366e-01
5.823531001434583132e-01
-1.000000000000000000e+00
-4.327253570496959467e-01
1.000000000000000000e+00
-3.209802928965810320e-01
-9.247776186478753324e-01
4.684522790923723035e-01
-3.355105104533178673e-01
1.156186946389047288e-01
1.000000000000000000e+00
-2.404239757551782375e-01
-3.811332061497495483e-01
-7.165248577619676151e-01
-8.361993442523967257e-01
3.213077100924509044e-01
1.000000000000000000e+00
-6.081091980575967781e-01
-1.000000000000000000e+00
-2.374961441563121778e-01
-1.479984708535090343e-01
-9.987547253399466918e-01
-9.472146889475476783e-01
-3.895176769120494153e-01
8.522795606220932019e-01
-5.016442089508597046e-01
-7.936192729551778680e-01
4.718808448744901130e-01
-7.491744880791667560e-01
-1.000000000000000000e+00
4.248159778910911566e-01
-1.000000000000000000e+00
-5.448724531212586486e-01
-2.237862026950905026e-01
-3.828301665763390038e-01
-1.000000000000000000e+00
-5.348875415308098624e-01
-1.000000000000000000e+00
-1.158108796203053126e-01
1.000000000000000000e+00
-1.000000000000000000e+00
1.000000000000000000e+00
1.000000000000000000e+00
1.000000000000000000e+00
-1.665878082750872902e-01
-3.356442402056302177e-01
5.241411372255969647e-01
6.117714930028538278e-01
-3.080399363088596187e-01
-2.984491390173374947e-01
1.000000000000000000e+00
-5.606507630064528902e-01
9.158970268564202710e-01
-7.092698193231569137e-01
-4.960881703792520137e-01
1.204256749956369998e-02
8.062726356538535422e-02
-3.111450132268264723e-01
1.385587005701136576e-01
-7.381195100702699075e-02
-4.633345356126974401e-01
-5.112239541339326232e-01
1.000000000000000000e+00
4.804976923922594789e-01
-1.000000000000000000e+00
1.000000000000000000e+00
-2.363036569823072086e-01
-7.286736579086701138e-01
1.000000000000000000e+00
1.000000000000000000e+00
5.565193603578596493e-01
-1.000000000000000000e+00
6.676215374985268181e-01
2.719333437089605510e-01
2.968799266619239763e-01
8.285663422835316538e-01
3.776204004925657332e-01
1.000000000000000000e+00
-1.000000000000000000e+00
8.599853528515222223e-03
-3.442840226241530299e-01
2.223928204677871334e-01
1.000000000000000000e+00
1.000000000000000000e+00
3.430859670288172181e-02
8.366839069252971495e-01
1.000000000000000000e+00
4.594989703869808984e-01
-7.493312680937482817e-01
9.286575701612707068e-01
1.000000000000000000e+00
3.770885348212946186e-01
5.073681163477522515e-02
2.348104655662816564e-02
-1.000000000000000000e+00
-1.280343273063222487e-01
-1.000000000000000000e+00
-3.113785022857046836e-01
3.545571441262753698e-01
-1.000000000000000000e+00
9.504055472938515159e-01
1.000000000000000000e+00
2.084389265753449627e-01
-8.338872695728396511e-01
-3.725960771198051358e-01
2.594819540687935966e-01
-1.000000000000000000e+00
9.271597747820232716e-01
1.000000000000000000e+00
6.739889962932386069e-01
-5.050448540401450970e-01
4.048675683042211038e-01
-2.368070316294184907e-01
6.292314969013514947e-01
-8.515563282901101871e-01
1.000000000000000000e+00
4.331609780710640734e-02
1.000000000000000000e+00
1.000000000000000000e+00
1.000000000000000000e+00
9.672422448999903333e-01
-1.000000000000000000e+00
3.182454134206259555e-01
-9.621055593201630618e-01
9.595420932713488726e-01
3.509157629204957551e-01
1.000000000000000000e+00
3.125915012853400232e-01
3.090450140845877325e-01
6.903859522604811616e-01
-6.064129623016816240e-01
-5.050095022427006364e-02
1.646971568111129380e-01
-7.900325147518336699e-01
-3.752817216073126572e-01
1.319499223864891713e-01
7.587087666317673396e-01
1.025858829624980151e-01
5.928433135005258814e-01
-1.000000000000000000e+00
-1.000000000000000000e+00
1.450738895848175947e-01
-5.041326736863331881e-01
-1.000000000000000000e+00
2.347877034425118192e-01
-4.994070423589673791e-01
-1.521519790788485871e-01
8.342634928567247421e-01
3.547687215777708403e-01
-6.844592994986774537e-01
3.462371166976153936e-02
3.416834001306502944e-01
-9.978346247351829734e-02
-8.871375895320512406e-01
1.000000000000000000e+00
4.358292674619850815e-01
-7.391870670783622366e-01
-7.552243920069393601e-01
1.000000000000000000e+00
1.000000000000000000e+00
-3.244830364733441996e-02
-4.977845785889489783e-01
-1.000000000000000000e+00
1.000000000000000000e+00
2.973772201865153009e-01
-1.000000000000000000e+00
8.612129522325033815e-01
4.164112817611329564e-01
9.262577211672226030e-01
-3.153505528868659757e-01
2.077048358957901686e-01
1.000000000000000000e+00
6.650438120232334827e-01
-1.000000000000000000e+00
-1.000000000000000000e+00
-5.333005870599649700e-01
-9.782006682354604798e-01
-4.497264870958616462e-02
-1.000000000000000000e+00
5.328929818313028477e-01
-5.850968574834474190e-01
-1.000000000000000000e+00
-4.056466889946253040e-02
-8.271198237987689161e-01
5.789045704461841524e-01
1.000000000000000000e+00
-7.125081508177031342e-01
2.706808944009209128e-01
1.000000000000000000e+00
-1.906485046615125356e-01
1.000000000000000000e+00
-5.522618320960773763e-01
4.696611783307299559e-01
1.949059487565249216e-01
6.582716306471316781e-01
1.000000000000000000e+00
8.410773676073106664e-01
-9.349032419749279121e-01
-5.427816768670294945e-01
3.026184765080934813e-01
-6.698927672164470826e-01
1.000000000000000000e+00
-1.000000000000000000e+00
7.754297776576983825e-01
1.000000000000000000e+00
1.000000000000000000e+00
1.000000000000000000e+00
5.991549127496755833e-01
-1.000000000000000000e+00
1.000000000000000000e+00
1.000000000000000000e+00
1.000000000000000000e+00
3.146475362236552109e-01
-1.000000000000000000e+00
1.000000000000000000e+00
-4.109952460956657339e-01
-5.046366374776072306e-01
4.776757424590373224e-01
-3.947409413393168642e-01
1.000000000000000000e+00
6.873963882913145529e-01
-1.000000000000000000e+00
-1.388807269889236196e-02
1.000000000000000000e+00
-2.757597390401985704e-01
3.813379098870472994e-03
-3.335703131790814235e-01
-3.419703821430336577e-01
4.925690412611556379e-01
1.000000000000000000e+00
9.366883691417411395e-01
5.656273529085945606e-01
-1.000000000000000000e+00
9.681809093240405506e-01
-5.862640067051531068e-01
-1.000000000000000000e+00
-1.000000000000000000e+00
4.846365273781754746e-01
-3.122255874575941004e-01
1.000000000000000000e+00
2.339089681885235528e-01
3.340382588621279569e-02
-8.744983785624740324e-01
1.000000000000000000e+00
1.000000000000000000e+00
7.781346858429364355e-01
-2.034160587919286306e-03
5.961240535198241153e-01
-9.680986208526896064e-01
1.000000000000000000e+00
1.000000000000000000e+00
-8.032239972776038517e-01
9.441576032937707419e-01
6.910135200819826906e-01
-1.672819910185009973e-01
8.422983717542631421e-01
-9.437795603743172057e-01
1.000000000000000000e+00
3.008323480550545992e-01
4.473837570885247361e-01
4.056452304276774168e-01
-5.548367520903645378e-01
-6.622086317943462475e-02
3.537758974218201402e-01
5.792641810815146730e-01
1.531959976553058100e-01
-6.214243106726671240e-01
-8.935470048059636072e-01
-1.000000000000000000e+00
7.859033315455429269e-01
-1.000000000000000000e+00
-1.000000000000000000e+00
7.304958182251195531e-01
-8.095482279736034847e-01
6.580067242394993521e-01
-1.000000000000000000e+00
-1.000000000000000000e+00
-1.000000000000000000e+00
-9.951586625340999026e-01
-1.152575761293188200e-01
1.000000000000000000e+00
-7.512186216226696134e-01
-4.932471115148022722e-01
1.000000000000000000e+00
1.000000000000000000e+00
-1.713056766788587093e-01
-5.742726067413891355e-01
-1.000000000000000000e+00
-3.741277427360832908e-01
6.021118848546030966e-01
-6.734697454348408385e-01
2.902538169567299708e-01
-2.806334500614926508e-01
1.776946419206492933e-01
-1.808211759425836229e-01
1.000000000000000000e+00
-9.762096549783472188e-01
-1.000000000000000000e+00
1.000000000000000000e+00
1.000000000000000000e+00
1.000000000000000000e+00
-8.931329141413326678e-01
4.771122462994769053e-01
1.688359868016381937e-01
1.000000000000000000e+00
4.836459737497331712e-01
-2.109609403816126438e-01
3.104804943912868320e-01
3.250522213935390647e-01
8.085187920003362727e-01
6.851566671079263315e-01
5.679713550666092292e-01
-9.052492096311528513e-01
3.011938696759879353e-01
-3.175405598426365994e-02
1.446253005614767106e-02
-2.289058276587679908e-01
4.640787082019267040e-01
6.154229346338215834e-01
6.425134250169733940e-01
-2.250744073873199580e-02
8.053516382274436003e-01
6.888818509747366425e-01
-1.000000000000000000e+00
-1.000000000000000000e+00
-6.938059723050929994e-01
-2.899538561232200551e-01
2.385044813884214521e-01
2.155249800327542764e-01
-3.668394778528464954e-03
1.000000000000000000e+00
8.544937347548373641e-01
-3.470886628830891496e-01
-1.000000000000000000e+00
-1.000000000000000000e+00
5.246468484916683162e-01
-1.000000000000000000e+00
1.000000000000000000e+00
7.492440338652068821e-01
-8.241654259445307940e-01
5.587132335767626135e-01
1.000000000000000000e+00
-3.107454078012644727e-02
1.000000000000000000e+00
9.526371189386045879e-01
2.745149340575590013e-01
6.337023279498357753e-02
-4.109216358065910235e-01
-2.548999977096672032e-01
-3.118807654625533332e-01
5.224588317583345187e-01
-1.000000000000000000e+00
-5.427056668867590306e-01
1.000000000000000000e+00
-1.000000000000000000e+00
-6.409507619004032319e-01
1.000000000000000000e+00
9.939860219772936323e-02
-1.000000000000000000e+00
-6.925829047282838768e-03
-9.757974605564367909e-02
-3.216162197499817799e-01
-1.000000000000000000e+00
-3.724553285977652006e-01
-1.000000000000000000e+00
-8.184182687817332935e-01
1.000000000000000000e+00
7.130854863370400532e-02
-1.000000000000000000e+00
1.000000000000000000e+00
2.639288545992789503e-01
-1.000000000000000000e+00
6.986079019140148949e-01
8.742825409552537064e-01
1.000000000000000000e+00
-1.000000000000000000e+00
-1.000000000000000000e+00
1.000000000000000000e+00
6.210726191885669323e-01
8.696241483031729169e-01
1.000000000000000000e+00
-2.013566452931075390e-01
-4.686203284032318117e-01
-7.149627002496992123e-01
1.000000000000000000e+00
-2.130457127370890269e-01
-7.123450643856006348e-01
1.350182263508601932e-01
-1.000000000000000000e+00
9.122394126738253561e-02
-1.000000000000000000e+00
1.000000000000000000e+00
8.064059785228803179e-01
1.000000000000000000e+00
1.000000000000000000e+00
6.197977778170959962e-01
3.283667861118920728e-01
-1.000000000000000000e+00
8.569432258327075447e-02
6.314076234517869146e-01
-6.947043510985689840e-01
1.000000000000000000e+00
-9.641359275554045594e-01
2.777140818180989790e-01
6.561264298328219891e-01
1.894533206524215974e-01
5.349266407208185248e-01
-7.051259538745650035e-01
1.000000000000000000e+00
1.000000000000000000e+00
-1.000000000000000000e+00
8.356855582900712953e-01
-1.033357617138734308e-01
1.000000000000000000e+00
-9.049610546823236845e-01
-2.750854887053943432e-01
4.888307609041114832e-02
-2.840368213327336688e-01
-9.319850473757664844e-01
1.210039786751231639e-01
-1.648094668220994319e-01
1.000000000000000000e+00
-1.000000000000000000e+00
-7.174847046893608749e-01
3.142738428106365833e-01
-9.113596779810900772e-01
4.508632688964364643e-01
9.953921182844815974e-01
-1.000000000000000000e+00
-1.000000000000000000e+00
1.237128402998058097e-01
9.867130835887045759e-01
3.264625407603468643e-01
1.000000000000000000e+00
-7.399986004519616412e-01
-1.000000000000000000e+00
5.807308672977229413e-01
-5.267917679687833532e-01
-2.217095320067986874e-01
1.989337552921703889e-01
-5.626898182717563479e-01
-2.602125641241913034e-01
-5.174289487456031900e-01
-5.834765934574509538e-01
-4.979432461489159967e-01
4.895687197493718279e-01
-1.136986344817750294e-02
6.056631725828232060e-01
1.000000000000000000e+00
3.192394437991099565e-01
-1.000000000000000000e+00
2.777843793687559404e-02
1.000000000000000000e+00
7.544472593049889042e-01
1.000000000000000000e+00
-6.404806239288976522e-02
1.000000000000000000e+00
6.237860258961426263e-01
-1.333375259596297768e-01
9.387131957927673520e-01
-1.000000000000000000e+00
-6.407523595093762570e-01
4.585988597840351400e-01
7.552285117237361733e-01
8.476987030448693838e-01
2.324430585779442004e-01
-1.000000000000000000e+00
-8.834484355517353560e-01
1.000000000000000000e+00
-6.795675467529264102e-01
1.000000000000000000e+00
-1.792894401028322093e-01
-2.613301851436466428e-01
-1.000000000000000000e+00
1.000000000000000000e+00
7.751208195253760369e-01
6.829519091936072650e-01
7.230110117561541205e-01
-2.144681732045213840e-01
-1.000000000000000000e+00
7.316988492085261253e-01
-2.849949386429010967e-01
1.000000000000000000e+00
-2.107626824374574104e-01
1.730065714645068475e-01
2.078869872721571255e-01
-4.073973720490508543e-01
9.560715354050800530e-01
1.000000000000000000e+00
1.000000000000000000e+00
4.536076944748829720e-01
-4.678327777105985019e-01
-1.000000000000000000e+00
-1.000000000000000000e+00
8.641248566883232840e-01
-1.944027457985076368e-01
-8.969846760663890972e-01
5.739080120918960137e-01
-1.000000000000000000e+00
2.707925720847741413e-01
-5.900395522450634367e-01
5.171456735111495950e-02
7.488764886771497320e-01
7.784818465483225314e-01
-1.341637613134983864e-01
9.623371777413050054e-01
-3.185084631626730056e-01
-2.722291201624870149e-01
6.192296821593563927e-02
1.000000000000000000e+00
-1.000000000000000000e+00
-8.024491238243304236e-01
1.871743555690390248e-01
-1.000000000000000000e+00
-3.630577827903852528e-01
-3.247142415777384272e-01
-8.093120488566726278e-01
-1.000000000000000000e+00
3.576108343063015282e-01
-4.619298524508898551e-01
5.013683268234694346e-01
7.039524514956320145e-01
1.000000000000000000e+00
9.651496451069886406e-01
3.544697867122084123e-01
-5.846285983654869733e-02
-3.796917644489526400e-01
1.989634522762057656e-01
1.000000000000000000e+00
3.693051749272621143e-01
-7.362490880631678003e-01
-3.141461051494908729e-01
-1.328313320971071798e-01
-1.000000000000000000e+00
7.907773074602363339e-01
2.828114613986898451e-01
1.335978212124363518e-01
4.818829967241189394e-02
2.242745866019207890e-01
-1.000000000000000000e+00
-1.000000000000000000e+00
1.000000000000000000e+00
-6.171732132265306259e-01
7.341035662634129988e-01
-4.094158860309057846e-01
6.148916163105467847e-01
6.834108680167941818e-01
-8.047903528545330420e-01
4.686118898169573388e-01
-8.279914708872695428e-01
-1.000000000000000000e+00
-5.600853653311745894e-01
9.866684826248495188e-01
-7.049819247353505958e-01
1.000000000000000000e+00
7.513803298104013706e-01
-1.130429009316364919e-01
-7.267163775169875883e-01
1.000000000000000000e+00
1.194976350367460555e-01
3.574940271164915861e-01
-1.000000000000000000e+00
4.659538387176487273e-01
5.380910313903781717e-01
-4.314972863501537192e-02
-4.369195405819402689e-01
-1.000000000000000000e+00
-4.987879331531173133e-01
-2.101938353792580927e-01
7.980054794420314845e-01
-4.974435924261793596e-01
8.110568408375902205e-01
2.918067604432076356e-01
-6.987828589814806812e-02
-2.707743671398454843e-01
-2.160793763718701632e-01
-1.000000000000000000e+00
1.000000000000000000e+00
-1.622315867653766341e-01
5.464309168882817147e-01
3.873186857413960515e-01
-5.973230362340127275e-01
-1.951869612747911265e-01
2.133472941271477574e-01
-7.282122592816913098e-01
1.000000000000000000e+00
1.000000000000000000e+00
7.028081779380573879e-02
7.628129128413623228e-01
9.080743366932091387e-01
1.000000000000000000e+00
-4.779448374165241598e-01
1.000000000000000000e+00
8.171479408447323012e-01
2.396800522086359186e-01
6.511437067147588520e-01
2.327086016649071443e-01
9.492641140261330879e-01
-2.251696404485243330e-01
1.000000000000000000e+00
-1.974121727262542203e-01
-7.198559869428160507e-01
-1.000000000000000000e+00
-1.000000000000000000e+00
1.000000000000000000e+00
1.000000000000000000e+00
-1.000000000000000000e+00
2.363374896526938274e-01
1.000000000000000000e+00
-1.000000000000000000e+00
-3.148683194295248677e-01
1.000000000000000000e+00
8.823003831582034717e-01
-2.353062565418079510e-01
-1.000000000000000000e+00
-3.638885128058632068e-01
1.000000000000000000e+00
8.438599064504170855e-03
5.345738715881024339e-01
1.000000000000000000e+00
-1.000000000000000000e+00
4.130956938544686485e-01
-2.699474607881749422e-01
-7.647384923688006486e-01
-1.000000000000000000e+00
1.000000000000000000e+00
-9.320056159010134955e-01
1.000000000000000000e+00
-5.311235220729275675e-01
-1.361595815389110842e-01
-4.328440365897454623e-01
-3.393603118114001393e-01
-1.000000000000000000e+00
5.012728428955004478e-01
1.000000000000000000e+00
-2.753556753087116338e-01
7.252853639769646366e-01
-7.954072773618608982e-01
-2.904261719632792449e-01
3.497251637996024454e-01
9.574292118741332125e-01
-1.000000000000000000e+00
-1.000000000000000000e+00
-5.722130565366155830e-01
-2.331380563971208186e-01
-5.611682340650259171e-01
-1.000000000000000000e+00
4.535719778198487040e-01
8.570699929387131100e-01
-1.000000000000000000e+00
-1.000000000000000000e+00
8.491429651777044896e-01
8.137790935329554110e-01
-1.000000000000000000e+00
-8.335956411391856058e-01
1.198542880843378455e-01
-7.683200729485883951e-01
2.327902603958742489e-01
1.000000000000000000e+00
2.835175778335605745e-01
-1.000000000000000000e+00
-1.000000000000000000e+00
-9.304843222706081773e-01
1.000000000000000000e+00
8.069942301755870240e-01
-1.797686166580961253e-01
1.000000000000000000e+00
-9.069285489621663476e-01
-1.000000000000000000e+00
1.000000000000000000e+00
1.816101862839493708e-01
8.581444113844461929e-01
-2.839407670974229969e-01
-6.535029883824351460e-01
-1.000000000000000000e+00
8.983260793997595028e-01
1.000000000000000000e+00
1.000000000000000000e+00
-1.000000000000000000e+00
7.743557871866724174e-01
-3.350530835454780809e-01
4.947897407130891212e-02
6.752491575370052068e-01
-6.380857678524223253e-01
4.157172205961910949e-01
3.286030222564003123e-01
5.168375545150090122e-01
-1.924407674753564057e-01
1.000000000000000000e+00
-5.833428180387323359e-01
-3.671710865541123470e-01
-9.461425263692398169e-02
-5.959229999808608458e-01
-1.000000000000000000e+00
9.228497889095607087e-01
9.865584781064009601e-01
7.647279077153288362e-01
-4.576812001706264676e-01
-1.000000000000000000e+00
6.456681726710216118e-01
-5.483532170864865996e-02
-5.812222747079737184e-01
-3.489629605484098063e-01
7.870387232710847059e-01
6.934297792820405260e-01
1.000000000000000000e+00
-9.867822497588715769e-02
4.453382586368087592e-02
6.326620672181395566e-01
1.000000000000000000e+00
-9.021008603353258826e-02
8.106258261660136410e-01
8.025123488088908852e-02
3.695004767182130112e-01
-1.000000000000000000e+00
5.544093937159543239e-01
-1.000000000000000000e+00
8.371172082812945447e-01
1.000000000000000000e+00
-4.130662353731764935e-01
-9.319480595695484038e-02
7.742840153007924942e-01
9.600339871497274302e-01
3.024734439522414053e-01
1.000000000000000000e+00
5.001278236232183927e-01
7.746122630013738686e-01
4.023978753030406086e-01
1.116553934468033638e-01
-2.920181352723839607e-01
-5.013484048874708998e-01
-2.372188924183236403e-01
-3.283997279744639286e-01
6.738222013125633181e-02
-6.739879772112883360e-01
7.601639651128175856e-01
7.056066029903647063e-01
1.000000000000000000e+00
-3.224487073692641204e-01
-7.553936676816717100e-01
4.274149793589510082e-02
-1.000000000000000000e+00
4.431215691059073869e-01
5.918372764537173092e-01
-1.000000000000000000e+00
-9.990747948928756506e-01
-6.461488132900367054e-01
2.898690884665203749e-01
-9.690579543151494057e-01
1.000000000000000000e+00
-8.931864869385470751e-01
-3.920186254623962974e-01
4.716465593684822655e-01
1.000000000000000000e+00
1.864734119519464994e-02
-9.886719948727801244e-01
1.000000000000000000e+00
4.965182828012300043e-01
-1.000000000000000000e+00
6.719936816989655615e-01
-7.258638931893064417e-01
-4.188990136952130960e-02
-1.000000000000000000e+00
9.266604552163870689e-01
-8.276100085233036863e-01
-1.876673561781943000e-01
4.417773038704554955e-01
4.824306898209309025e-01
1.000000000000000000e+00
8.531282396588992789e-01
-1.000000000000000000e+00
7.605902505429753546e-01
-1.000000000000000000e+00
8.697422057689411234e-01
-2.440965084257339934e-01
-1.555822397896362286e-01
-1.000000000000000000e+00
-1.000000000000000000e+00
-7.826374018459624216e-01
-3.523573268439235684e-01
-1.311658990507638123e-01
-3.481245953485920253e-02
7.345602645625153304e-01
1.000000000000000000e+00
-7.635235953573966672e-01
1.000000000000000000e+00
-2.395264578393490051e-01
5.639725026087266668e-01
-1.000000000000000000e+00
-1.000000000000000000e+00
-1.000000000000000000e+00
5.332693915487098923e-01
5.848571948269385423e-01
6.675398260069682621e-01
4.490888276416744596e-01
-8.367399060265126032e-01
-2.617829553585537816e-01
1.000000000000000000e+00
7.225413364155228724e-01
-7.381337377953417489e-01
-7.185853189141689912e-01
7.860990445136382121e-01
4.011836711006834255e-01
-9.985780647198183591e-01
1.826758496809991611e-02
-2.510192598765851116e-02
1.000000000000000000e+00
1.000000000000000000e+00
9.053368804286385796e-01
1.000000000000000000e+00
2.382238989618553071e-01
-1.000000000000000000e+00
2.814066691605960902e-01
8.432781413108092483e-01
1.000000000000000000e+00
1.000000000000000000e+00
4.350794134513453759e-01
-1.000000000000000000e+00
3.561885965135169752e-01
1.000000000000000000e+00
-4.839118026412326801e-01
-1.339452974322575818e-01
9.136005921512134753e-01
5.839419447316771539e-01
-1.421003114432120018e-01
-4.054134913101780646e-01
9.142381802996608631e-01
4.795165871756197906e-01
1.319887259997052364e-01
-5.606163206464876980e-01
9.598365089244157433e-01
-6.702738721101421104e-01
-1.413668459873882455e-01
1.000000000000000000e+00
-9.269536611416098193e-01
8.316746161859733810e-01
2.699626002471161579e-02
1.000000000000000000e+00
2.264299011308819054e-01
-1.000000000000000000e+00
-2.943345152671928422e-01
1.000000000000000000e+00
2.729939491322528333e-01
-5.032789374113750824e-01
-5.322180955588732276e-01
1.000000000000000000e+00
3.688045222437976167e-01
-1.000000000000000000e+00
-1.283718515840283070e-01
-1.000000000000000000e+00
-1.389156337964497778e-01
5.431676506554916628e-01
-7.535622835891615523e-01
-1.000000000000000000e+00
-5.222189829780222725e-01
1.000000000000000000e+00
3.321013109854095147e-01
-1.000000000000000000e+00
-1.000000000000000000e+00
1.000000000000000000e+00
1.000000000000000000e+00
-4.834966782949062791e-01
1.761771102400971345e-01
-5.364243688232311902e-02
8.508944746088656363e-02
2.986826395562021119e-01
-6.611644485863764631e-01
1.436150097778414736e-01
-3.284263124286414953e-02
-1.000000000000000000e+00
-1.000000000000000000e+00
-1.000000000000000000e+00
-7.870435295026854128e-01
-8.937478042386084454e-01
-1.190537056937501781e-03
-1.000000000000000000e+00
-1.000000000000000000e+00
-6.740453557901776582e-01
1.603102382820356109e-01
6.911941984574144771e-01
8.873972627073006825e-01
3.902503890212591919e-01
-1.156295517345786034e-01
1.000000000000000000e+00
6.810198583027073926e-01
-4.671414729618199035e-01
-3.256513114742721759e-01
-3.345970893355650899e-01
-1.059928137221045619e-01
8.129759185016769418e-01
1.000000000000000000e+00
5.080747545614566762e-02
7.444040602479167212e-01
-9.041710828481321904e-01
1.280127191326144165e-02
-1.000000000000000000e+00
-5.562927713501933935e-01
3.674052328396957834e-01
9.968042031619578358e-01
-7.203455006712763398e-01
-1.119909415424402699e-01
-1.000000000000000000e+00
2.539411342147279704e-01
-1.035332266945489937e-01
1.000000000000000000e+00
-9.501899237221489436e-02
-8.679184694117354493e-01
6.423828592609952537e-01
1.642410200208394011e-02
-2.185005988987679393e-01
3.631861097868543387e-01
-4.707706207414269484e-01
-1.000000000000000000e+00
-8.847353315111530225e-01
-2.351057503576299279e-01
-5.066431642658795198e-01
-1.000000000000000000e+00
-3.479596965517672835e-01
-8.648121846677511160e-01
7.878944137769581246e-01
-1.000000000000000000e+00
1.383426934087326199e-01
-1.000000000000000000e+00
-1.000000000000000000e+00
4.874587783900041771e-01
-3.740277313903492273e-01
-1.406702206631575691e-01
9.167874221887519770e-01
-2.752136512405055080e-01
1.000000000000000000e+00
1.000000000000000000e+00
7.643029923715731755e-01
4.473926366371613894e-01
7.186232173557042247e-01
1.000000000000000000e+00
9.145605329202441403e-02
-4.965561328812547748e-01
-2.786489105503286989e-02
3.641474778004419321e-02
-5.995536067057841145e-02
-1.000000000000000000e+00
-3.297779205093379629e-01
-3.182541334170440050e-01
5.834430667860667219e-01
-1.000000000000000000e+00
-9.752084819148798545e-01
6.705909480097648201e-01
-6.724423655609486072e-01
5.699951267404790300e-01
-1.000000000000000000e+00
1.000000000000000000e+00
-4.077367961689316866e-02
1.000000000000000000e+00
-4.565858418085375070e-01
-1.000000000000000000e+00
-8.064340621372187989e-01
-8.387551193514719561e-01
1.000000000000000000e+00
-6.687583017815522668e-01
1.000000000000000000e+00
-7.053853658764132062e-01
8.368725711990077087e-02
-6.533744279682592859e-01
1.000000000000000000e+00
1.000000000000000000e+00
1.072605999891913797e-01
-9.440493482307902307e-01
-5.471625871060646906e-01
2.309314840979600214e-01
-1.000000000000000000e+00
-6.402398469701413575e-01
-4.532199037123949559e-01
5.800915398221495600e-01
-1.000000000000000000e+00
1.355290742662827175e-01
7.147020244310325898e-02
5.310115573541221989e-01
1.886368166132406654e-01
1.000000000000000000e+00
9.036215504108453533e-01
1.000000000000000000e+00
-4.087402527378234396e-01
-6.196725274169874176e-01
1.000000000000000000e+00
4.654310369436336914e-01
2.098615175248892406e-01
1.776641978849201609e-01
-1.000000000000000000e+00
1.000000000000000000e+00
1.041251219891892177e-02
9.385850603900108835e-01
-1.000000000000000000e+00
-4.690265437559840711e-01
1.000000000000000000e+00
-1.000000000000000000e+00
-1.000000000000000000e+00
-3.170175787397828682e-01
-8.382358279512073240e-01
-5.944796646402780160e-01
-9.046474544629964365e-01
-5.561926474384240593e-02
-2.888631270970306586e-01
-9.288504085546289701e-01
-8.937206084723356980e-01
-1.000000000000000000e+00
-5.844996411751395282e-01
6.981038726078692136e-03
-9.941604396013179468e-01
-7.071860099866676963e-01
-1.236968238278051968e-01
-1.000000000000000000e+00
-2.370184987688470080e-01
-1.000000000000000000e+00
-6.285914417512736829e-01
4.454604163839245845e-01
-1.000000000000000000e+00
-2.531128763963186312e-01
2.159648128139061984e-01
1.000000000000000000e+00
1.000000000000000000e+00
-7.257787294202004968e-01
-3.354994053569329560e-01
-5.963339527630902026e-01
-9.661783900387022062e-01
1.000000000000000000e+00
-4.161533609886517437e-01
-8.172499928350074327e-02
-7.964880092373594067e-01
9.155609388805490134e-01
-8.391967359925938119e-01
-7.147314109018834127e-01
1.000000000000000000e+00
6.007245041933430008e-01
-5.449960590110990433e-01
3.609628970498957035e-02
-1.000000000000000000e+00
-1.000000000000000000e+00
1.443029757636372090e-01
-3.579603689093520114e-01
4.990582411368771343e-02
6.843628535145694913e-01
-1.156929891464049120e-01
7.455657645942939116e-01
-1.000000000000000000e+00
7.860891407667232045e-01
1.000000000000000000e+00
6.453873146896432766e-01
7.326410316839602199e-01
-2.654561577648181792e-01
-1.000000000000000000e+00
3.814771654342188345e-01
-6.360400658078380065e-01
1.000000000000000000e+00
-1.000000000000000000e+00
-1.000000000000000000e+00
-1.000000000000000000e+00
-2.615593786690634248e-01
-2.694181052249802755e-01
1.893986145619349637e-01
6.731230606871925204e-01
3.538181295815335248e-01
7.691595093430902974e-01
1.000000000000000000e+00
7.077566007429939021e-02
-9.495491476001128861e-01
6.442257240423393538e-01
8.241158527718156490e-02
-6.577875856187088699e-01
1.000000000000000000e+00
-3.786575312603770449e-01
1.000000000000000000e+00
-1.000000000000000000e+00
-6.964644876580956545e-01
1.000000000000000000e+00
-1.000000000000000000e+00
1.946776295534967671e-01
-4.557615090665956270e-01
-1.000000000000000000e+00
-5.082303077690564219e-01
3.535736837723466586e-01
1.000000000000000000e+00
-7.165122255842634180e-01
9.206558003672307700e-02
-4.045340444702930638e-01
3.662941540053039624e-01
-4.130009365385072656e-02
-2.015546466691776895e-02
-1.075714342814151070e-01
-1.347011338209171960e-01
-1.925616392065391744e-02
1.371495427206176621e-01
-1.632455535672392155e-01
4.673599701138528850e-01
4.539732025236549173e-01
2.849701180954075652e-01
1.568361310100799266e-02
-1.384696579927059967e-01
-6.662961360830094160e-02
9.527081777125859241e-02
-5.727261986626017848e-02
-2.084159513880753933e-02
3.777132826350254602e-02
1.814428264002048707e-01
6.803191775505962324e-02
-4.004449065057860691e-02
1.550301890757308509e-01
-1.876911544006268362e-01
-1.806211073975080017e-01
-1.212230215282479769e-02
-8.311866850766097548e-02
2.639654127122055827e-01
1.389801265685768616e-01
2.686049057124626493e-01
6.955144154400285869e-03
-1.744338660630803395e-01
-2.486400398289562511e-02
1.203490097811146659e-01
1.843850257768099299e-01
-4.255657561326954899e-03
1.250918841191902553e-01
8.063084671294372396e-02
-6.038324075965410473e-03
8.137002516754544834e-02
2.074415595539534085e-01
-2.114758223311578311e-01
4.191601386663433848e-01
7.665861696999200225e-02
-1.284871729829012155e-01
-3.340230305856434906e-02
-4.133376599675612356e-02
2.959382688538972905e-01
-1.437877577243555083e-01
6.029184712229673088e-02
4.013063312589083137e-02
8.449293602440922923e-02
-1.278333273687672911e-01
1.526461207928432595e-01
-2.183661161224967617e-01
-2.348310849307681247e-01
-1.336361223176476543e-01
1.998006550991388852e-01
6.139394394154332746e-01
4.529198813426393300e-01
1.128488431196443820e-01
-3.578456879977869320e-01
-2.459314143167256606e-01
1.327061268427086327e-01
8.286074174264362879e-02
4.239420479320594863e-04
-2.313153098455485723e-01
1.804923411142599424e-02
-7.899470143300407754e-02
3.213544306829856784e-02
-4.231207854520620780e-03
-9.726693648992089380e-02
-1.666558548339144019e-01
1.122194170705935329e-01
-2.453399430167792772e-01
1.141885389887765945e-01
-3.511300586945052815e-02
-8.316764731561146484e-02
2.246115677832194735e-01
9.117963427064831178e-03
3.301136149493785060e-02
4.688092783005937680e-01
-2.663452974858914746e-01
-3.191905027923001015e-01
2.033226614210251193e-01
-1.518049224081290116e-01
1.230360536900654139e-01
9.301055547932587930e-02
-9.834067929056601598e-02
2.158778269621211832e-01
7.041067557773901531e-02
-1.833871349963510713e-02
7.954863431650248395e-02
-6.542326395105076131e-02
2.131605417373702849e-01
2.499793553357465281e-01
-3.652854347330512785e-02
-1.412691349851254337e-02
1.097515322120082848e-01
1.247227242598041852e-01
-2.185642187758827792e-01
1.965419311158873861e-01
-1.188018819010941557e-01
5.108791385941562346e-01
1.057120454563576645e-01
-2.677973448900233810e-01
1.859801814177378110e-01
2.425303323960004975e-01
1.937306624901907470e-01
7.010436982497944558e-02
-1.640513488224890626e-01
-8.038315921804019271e-02
-6.127329042367881534e-02
-7.545458643242732022e-02
3.862865055198979464e-02
1.636077131047153632e-01
2.516639356643090783e-02
3.829673843865257776e-01
-2.426099370742943184e-01
-2.492176068886077858e-02
1.171216028548827531e-01
-2.008531405381096813e-01
2.333582991415611985e-01
1.326981911826106419e-01
-9.850218075996820810e-03
3.863995606551332562e-01
8.643042559708470629e-02
3.310891200902100207e-01
8.270382981397378028e-03
-4.567460998513419267e-03
-1.479731395117788728e-01
3.526231982549198896e-01
1.033880522876501895e-01
7.987754063139849980e-02
-3.663476550976700885e-01
-2.168946891180024983e-01
-4.265785662112849819e-01
3.781406446212598471e-02
-2.862763653337678238e-01
2.952308893804375667e-02
-8.392027964095338799e-02
-2.332665148252048293e-01
-1.488815451783075672e-01
1.601130358937408182e-01
1.406071355156163216e-01
2.895748000673270539e-01
-6.142316035997934937e-02
-1.283447311924557355e-01
-8.957900693218354138e-02
-1.163926494491737823e-01
8.290664830549480946e-02
-2.147106018591936893e-01
2.063983532221093098e-01
1.058955446734789335e-01
-1.426182736637894299e-01
-1.707988964721825209e-01
-1.564071841602826807e-01
-3.148423736889815472e-01
-1.230418845709076725e-01
1.760991587858442078e-02
-3.232166964868863901e-01
-1.030677108131503456e-01
7.969079510841643732e-02
9.347698098499648833e-02
2.704427768108787489e-01
8.825613158881699671e-02
-6.368399931361955479e-01
-3.947743381653826544e-01
2.786381626408704695e-02
3.074209925722962838e-02
5.785605460167714958e-02
-8.045206344778070562e-02
1.870428504906291312e-01
-4.783649988161925437e-02
-1.656299807853365835e-01
-1.593316913920462818e-01
1.751906903005207017e-01
1.541834718876083365e-01
-5.163156723409458027e-02
-5.727660798327934705e-02
4.635012462890728685e-02
5.307381511218485226e-01
1.885584974440263420e-02
-5.259198283366497279e-02
5.020022878486323226e-01
-5.986968771487739815e-02
1.096787841838011007e-01
-1.076542733373099248e-01
2.191931221729990220e-01
-2.077595768952106292e-01
8.907419948489441255e-03
5.430191117352838395e-03
-5.523921684355889011e-02
8.770133835254198540e-02
3.583470920640876960e-03
3.417118721247865976e-01
-3.485704755682589862e-01
-1.443758134804678725e-02
-1.734764143980987256e-03
2.447768096626333489e-01
2.669729066464811007e-01
-1.598789006186848716e-01
4.925186549850533307e-02
2.071288667724142663e-01
-3.600606486855109645e-01
-5.504813960593601951e-02
-1.870738660162691303e-01
-2.974632410771602120e-01
2.406965250843314495e-03
3.718365125863065668e-01
1.179282738716150442e-01
1.125994501230265371e-01
-1.394961658643799896e-01
2.593984506734299256e-01
1.691380598952518799e-01
5.456365997587895311e-01
-3.345301547546720711e-01
2.065584849127717615e-01
-1.028266970861552165e-01
1.609639934323837673e-01
1.457168024403986129e-01
-5.069241659277874679e-02
-2.077232430560723708e-01
2.615655117966931842e-01
-4.165559697225289237e-02
-3.833323145915867869e-02
-5.577975401101270547e-02
-2.048167943277595660e-02
-2.195559051132877082e-01
-3.811080513850741980e-01
5.011753726355573646e-02
-2.122265591412878516e-01
-1.659730792273290956e-01
-3.654031775230366652e-02
-5.746020871766819443e-03
5.092060990865868164e-02
-3.272062909777965767e-01
-9.710748637888251544e-02
-1.731096722266162735e-01
2.471784354069870016e-01
2.376999881547058047e-01
-4.151399676253435256e-02
-1.711715442206757365e-01
2.779918486803053534e-01
1.406523141698578019e-02
-3.482551076156452097e-01
-7.523070083499601435e-02
3.104832034777393335e-01
-1.138862319633710263e-01
2.504306370896696166e-01
-2.454741619460479862e-01
1.992663675254467137e-01
6.829352763587644148e-02
-9.471249071762775917e-02
7.108626849827787142e-02
1.449901982871280581e-01
1.863712170148326963e-01
-2.491234558150067779e-01
-7.966989930161078037e-02
5.431148168357942396e-02
3.109354494599443977e-02
9.182536383024361704e-02
-9.791955563292999154e-02
-1.536851493233053374e-02
2.086080175117784874e-01
-5.618338400972536055e-03
1.253869654988894189e-01
-1.323623220293982661e-01
-2.549578925171734345e-01
1.753458408837836602e-01
3.418705040016621621e-02
-4.544012058676690641e-02
4.476633446704672559e-01
-2.542643795841014742e-01
-2.434043236166693047e-01
-2.693690412151656943e-01
-9.218149272344661194e-02
1.471786582442538016e-01
-1.713235507298039584e-01
-8.633884969313009028e-02
3.842283741420637333e-01
-4.858230211977650481e-01
8.363529913323361487e-02
-4.127162599250988051e-01
1.018179783131345217e-01
-8.203180354591833867e-02
3.436745269986646312e-02
1.792450297232401624e-01
1.568244317870137461e-01
-2.700143794420450938e-02
-1.871529687003956055e-01
2.639143454621875051e-01
-9.593119365124871956e-02
1.523612859466953393e-02
-2.004032581319704822e-04
2.271368648582093863e-01
-1.766527905362231254e-01
1.662779927728730983e-02
-3.999759322086963303e-02
1.770502709096118399e-01
-1.518045986545775161e-01
6.280781944239213765e-02
4.791976356922721392e-01
-2.307095936255190438e-01
-1.068346579210760136e-02
1.778866570736472030e-01
4.291719252480560853e-01
-3.309199848892607765e-01
1.132937655486325607e-01
2.407341127246360735e-01
1.904135333330019553e-01
-1.532210441652044064e-01
5.561569790151531245e-02
2.067193382202879917e-02
2.736426604212992553e-01
2.473717223468074183e-02
9.994030308285347872e-03
5.450299065725557404e-03
-8.810371679593616279e-02
2.904638915553666711e-01
-2.215389873393086850e-01
2.045537223804506921e-01
-8.354332377567473544e-02
7.148862370333479432e-02
4.040421242217991094e-02
3.070516687260706479e-01
1.821848514189674806e-01
5.490507246689504267e-02
-1.426347448365948567e-01
7.994525970485512334e-02
-1.018940401457645861e-01
-9.470200638969052814e-03
1.580113431113857325e-01
2.175901498776300347e-02
2.027022829898532386e-01
8.439835728690169014e-02
2.025571719010590688e-01
-2.615854971814989272e-01
1.821170814068656107e-01
-1.353666205406326151e-01
-3.614610574672406096e-01
-6.998954120690979719e-02
2.274056283939471790e-01
-2.090552884353655549e-01
-2.981280521417969953e-01
-1.804697986753608097e-01
4.197523200883605532e-01
2.393048223334131586e-01
-7.718048344242878223e-02
-3.500267660911755008e-01
7.549185301068357667e-02
1.872802789198894091e-01
-3.347764580542997859e-01
-2.899467208121435380e-02
-8.886745893968366061e-02
-2.785231531625256274e-01
2.631854782649352686e-01
-4.262784265553239138e-02
4.123380234955836832e-02
2.203902828090152921e-01
2.288412509173252951e-01
-2.175288228718879890e-01
-3.607733923543309240e-01
3.082055439884656134e-01
1.307147761306157729e-01
-1.957445246913466497e-01
-9.934718559033527130e-02
3.171021808839520340e-01
-1.300598816360501973e-02
-2.301460740854753828e-01
9.341992899183242105e-02
6.434428215190911571e-01
2.000513728851153195e-01
-2.930841106539728846e-01
2.794187257657750334e-01
-8.485354090381316827e-02
4.441564912142410143e-02
1.267169857982298475e-01
1.494350402850277981e-01
-1.513428296097509007e-01
2.439240695554444061e-01
2.019050945291657184e-01
-4.271140584389898631e-02
-6.061057330483073796e-02
1.265120042883712270e-01
1.564276491075482223e-01
4.513157359799087331e-02
4.780092215495129193e-01
-2.688882296902183611e-01
-3.168036865999203644e-01
2.425855272467050405e-01
1.083906555755361767e-01
-1.056852753905382775e-01
-9.918014965798097049e-02
2.045590271563294815e-01
-5.593862302404993825e-01
9.151195467941314332e-02
-1.149924925783381152e-01
-6.978348989641947053e-02
1.610914991691534404e-01
-3.837396678082746759e-01
1.258233892517028329e-01
-6.077007059474517220e-02
2.488509051078430234e-01
-1.500960340768281442e-01
-3.087430679543046730e-01
-9.474291792556317759e-02
-2.108508237860761969e-01
3.498638352979569488e-01
-2.913516466585563611e-02
2.371930554488574650e-01
-4.120845811463717534e-01
1.325147954264208061e-01
5.707758338927639008e-02
1.283117621048053721e-02
2.569144004415687688e-01
7.410687495093853938e-02
3.167817880143087295e-01
-2.735987147881784876e-01
-1.248760290569913833e-01
-3.566016515015115185e-01
-1.820846990013388067e-01
3.288450302951568260e-01
-5.966463926721501942e-02
1.816308026982440538e-01
-2.939407480892731184e-01
-1.747604585795523580e-01
2.202941430322352678e-01
-2.829169260558326293e-01
4.980537929898554844e-02
2.308408867065621650e-01
-1.490090311447802851e-01
1.957179936151176580e-01
-2.815247043438721258e-02
4.159457428264159984e-02
-1.677533791388471363e-01
-2.066775811666211327e-01
3.290214092276439461e-01
1.238772753108617480e-01
3.032902304197854226e-01
-3.625450459569899975e-01
-3.519455994104633278e-01
-1.540934529651668827e-01
-7.179261301684070062e-02
-2.674970123287407353e-01
1.839204659852062551e-01
-8.134498088785743763e-02
2.002713603126997366e-01
1.217190496359558533e-01
-8.080109932259953165e-02
-1.799044164820386704e-01
7.228163381420332767e-02
3.940248881077342002e-02
5.292340059643160094e-02
-6.969778665008165286e-02
2.508959429114905881e-01
1.733756689758098879e-01
4.504293002181597450e-01
1.479876458171099085e-01
-2.086792498355282133e-01
1.312010658184557255e-01
1.782452775699467362e-01
-1.663597081249664489e-01
1.269433368871850099e-01
2.420136760405748599e-03
-1.532671999361588933e-01
-4.112765006772646503e-02
1.576579083119103164e-01
1.493298205955323754e-01
4.169508358761978006e-02
-2.371550921747875851e-01
1.610064981239097692e-01
-4.347745190189436764e-05
1.205140152125024934e-02
1.402065259013959841e-01
-5.647826028127293785e-02
8.913952013955904474e-02
2.445328881158445600e-01
2.634190242253291458e-01
-3.015019977484113475e-02
-2.890117386827666390e-01
3.563151442081476383e-01
-3.303712009583862907e-01
3.318488598849630294e-02
-3.376344706070092960e-01
6.027583455004432988e-03
9.201426914823907996e-03
-2.693702642592786869e-02
-1.899862532126106451e-01
3.053671496567227917e-01
-1.354925982959006821e-03
8.590820368803704643e-02
5.486655139519766022e-01
2.835395844300430124e-01
2.288936201150617578e-01
3.241686456686042050e-01
-3.272688888129773876e-01
-2.031463732392084151e-02
2.029319028452249499e-02
-1.430397777300247419e-01
1.469042985176210736e-01
-4.828893203993628869e-01
2.911462088382879010e-01
6.908155181036096382e-02
-5.117413586071957454e-02
2.477895533116834248e-01
2.037202503883621674e-01
-2.532470685841846092e-01
4.574723833870660283e-01
-2.569743829717863193e-01
3.110351055220823557e-01
1.545200273959504988e-01
-2.610759544462031845e-01
1.646592795359349271e-01
-3.090401311438308873e-01
1.308358145166631792e-01
4.316180453814503215e-01
-8.938730620996861165e-02
6.698134673382276361e-02
7.878742083244727468e-02
2.052268186609551570e-02
-1.387244146180275084e-01
-1.560422942333390961e-01
1.489860935962204480e-01
1.654752618411499052e-02
-5.194194040143833291e-02
3.468593871502250181e-01
2.381501476891958180e-01
-2.107881275516327313e-01
-2.055819085848872851e-01
1.009704765287028766e-01
6.844244589754848451e-02
-1.956208627886144857e-01
-3.161379203954648442e-01
1.272023344883111973e-01
-1.902811996384581594e-01
-2.582195245877361711e-01
-3.868215787685141960e-02
4.608163784070771762e-01
2.605326312394509389e-02
3.246406099391708211e-01
-1.373254302263199333e-01
-3.173190143500284610e-01
-1.554084557886642459e-01
-1.515040546440293290e-01
4.483308276604110465e-01
-4.952127034574746456e-02
4.976382141373889706e-02
-4.170873748545821935e-01
1.141637923547720035e-01
1.104308744290852656e-01
1.674802789204755393e-01
1.084687728862449435e-01
9.276831618440570248e-02
3.177709485227074304e-01
-3.006332999546480478e-01
4.600329425393696881e-02
-7.942923637037763163e-02
7.527926650243384199e-02
2.395694245804370903e-01
-1.235837119647930776e-01
1.022897914220419341e-01
4.573898844361846266e-02
-4.400426005798362128e-02
-2.143194890972110189e-01
-1.492670887998189533e-01
3.293387975141240931e-01
-1.067542321232910763e-01
-1.790540611520718417e-01
2.088671996591074387e-01
5.113162696746686303e-02
3.492827784436933203e-02
-2.273052743408802631e-02
2.479783745734330247e-01
4.013164945827181751e-01
2.829596846400146970e-01
-2.130214872210690058e-01
-7.273533850030129699e-02
-1.524022800777949105e-01
-3.315552216697222054e-02
3.985375476710307369e-02
-4.572032885417982029e-01
1.823665386026293300e-01
-1.739670094232397546e-01
-2.685403116665650014e-01
-1.344986143734615280e-01
1.562208675120412837e-01
-6.650784376062181258e-02
5.892026240209325555e-02
-9.104192512923048319e-02
-1.534441794970080146e-02
-5.977385771294263517e-02
-5.698421214331709020e-03
8.739053136266897387e-04
1.491729516487922680e-01
-2.910547309167050845e-01
4.342592899707906628e-01
-1.706116234084097683e-01
1.179112215014464782e-01
7.102203083901340031e-02
4.618195337059123606e-02
1.546503786736645458e-01
-2.657495895708469544e-02
-5.636233161727708524e-02
-5.641013767203313309e-03
1.614581795923132265e-02
-2.468892281186477189e-02
1.367460901284422159e-01
-5.121784278181316930e-02
-2.834703303168424338e-01
-2.046663181189811720e-02
-3.081962069966420401e-02
-1.109759767111514056e-01
2.249577892756009501e-01
-5.386088298064118512e-02
-3.648563311262004172e-01
6.728721153645950137e-02
-1.122185590959781931e-01
1.091408554192959124e-01
-3.356574022580466332e-01
1.758108182891690852e-01
-4.794568467606213913e-01
1.877463999270721495e-01
-7.840198369751769092e-02
2.431203071638519952e-01
1.068603158109161649e-01
-4.602796802412649491e-02
4.161108267288669837e-02
1.624388375331789827e-02
-2.484644352629844510e-01
-4.904339213482946658e-01
-1.272425630442342304e-01
4.027931847123507048e-01
-1.608989238526387644e-01
1.287975637389880343e-02
3.567270917030773703e-02
1.274281346867740250e-01
-7.833208521454521414e-03
-1.401259499975232026e-01
9.824987465347589932e-02
2.922282993156081199e-01
-9.998472660235308007e-02
3.987605763885174737e-01
-3.670543217792474056e-02
-3.139317641193392627e-01
3.865555055155527331e-01
-4.084885222090243739e-01
2.660427374879351103e-01
-1.484044827248834353e-01
-6.062499878506617812e-02
1.115454483851059525e-01
2.904479158687969798e-01
1.012105851061953221e-01
-1.958863094197094978e-01
1.376969654582178570e-01
4.081972013740674948e-03
1.818644501353805787e-01
-6.357602871782110088e-02
-3.422682951703755888e-02
-2.711562898403267474e-01
1.566883181414846157e-02
6.843484801596465272e-02
5.344386922383489308e-02
-3.125202911218369350e-02
-1.765200511170499642e-01
1.352343908287992058e-01
1.856042446876012275e-01
2.840201080202473666e-02
1.813679466750393876e-02
2.898968353417927246e-02
2.030970553853902183e-01
3.560023293427634350e-01
1.512060372781957596e-01
-2.727384958621413280e-01
8.705076638927192190e-02
-4.606496963767711117e-01
3.124122149639828594e-01
-6.891775454365851525e-03
3.417546169196352679e-01
1.294548086790255070e-02
-2.336081545833243456e-01
4.507779288992335154e-01
-3.355766092862688121e-01
9.758138927507804816e-02
-1.486582795816852043e-01
-8.705498669446223858e-02
4.767554160526966739e-04
3.105671316394428838e-01
-5.821118231187673020e-01
-1.010103838488914108e-01
-5.526196876457752788e-02
-2.289488891672414872e-01
-1.622247664773373288e-01
3.907402338021769284e-01
1.503538634477337155e-01
-3.103168569322462683e-02
1.550307935644548891e-02
9.244016156363571435e-02
1.749260324279633752e-02
-1.487151519551297985e-01
-6.744586625515083811e-02
1.234124150662453956e-01
1.458723449337127887e-01
-5.979107587869786355e-02
1.531348395601602741e-01
-1.843398455262747204e-01
-3.163722931382029202e-01
-3.928225425955541444e-02
2.303975851144223486e-01
-1.142817198365772974e-01
-2.247760974975474557e-01
-1.964076003243441504e-01
-1.799071723525002067e-02
-1.191724330177004326e-01
-1.285959537968542898e-01
-4.654853135939623909e-02
-1.521757135124687244e-01
7.076012631475007975e-02
2.098898135573568635e-01
1.044427649437532635e-01
-3.201436595350486830e-02
4.361312538850097009e-02
-2.235738514390490372e-01
-2.394131462646380271e-01
2.442402164318189239e-01
-1.378443417494890633e-01
-1.406153587756291956e-01
3.799230549339532303e-01
-1.016973474948974360e-01
1.684888040828679268e-01
2.671469985336956121e-01
-4.793731619843124431e-02
-1.282120646484037618e-01
1.377308898701886941e-01
-9.521028588956512162e-02
-1.406579867096704461e-01
3.107205411178749488e-01
1.979693824736568630e-01
-1.732981634192738360e-02
8.544706396443529917e-02
-5.456853452505046054e-01
1.064466311617251332e-01
-2.719065941385930274e-01
-9.781695427868929149e-02
-1.828267498367309174e-01
-3.237426150123773883e-01
1.306686110103120468e-01
7.276901460767472296e-02
-1.218039198634292795e-02
-1.204039871831883435e-01
-8.202179695559343175e-02
2.730345728934236577e-02
-2.305379144913842493e-01
-1.481045480822809068e-01
-1.976258290591356437e-01
-2.946049267649488157e-01
-2.541789814534078235e-03
-3.343019145809896647e-02
2.928846538705612845e-01
3.673795813505645880e-01
-5.492495423165488777e-02
-1.256428839677017351e-01
1.613997644132289244e-01
2.689071719174371267e-01
-8.113859471432367798e-02
7.676033421035960425e-02
-3.451887381172191044e-02
2.389394421433896076e-01
2.474736188026726777e-02
-9.702265764865299069e-02
-6.671766458110731657e-01
-1.230532246407095021e-01
-2.773092434138567722e-02
-4.043513139556909053e-01
-9.405718418184542962e-02
2.183137409657862626e-01
-3.144332120137926373e-02
-3.180927420914902437e-01
-2.931880749728312252e-01
6.856125539503313271e-02
-1.688562159298138271e-02
3.741144686372832595e-01
-4.032457698788467076e-02
-1.232266078157555345e-01
-2.968750982623226120e-01
1.325918186343656158e-01
2.157065318852071645e-01
-1.594604653395019778e-01
2.015689827618403762e-01
-3.120607242793544886e-03
1.743044545816030411e-01
1.727801280237880599e-01
1.369136684637005941e-01
1.035105000244110340e-01
-1.210722024162252421e-02
1.036190661354940423e-01
-8.002400621070161757e-02
-5.776990290136652800e-02
-1.833412333112615089e-01
-7.150718631890901067e-02
-4.188060771865214499e-02
-6.919220267583593709e-02
-8.967163226956108291e-02
1.121635921326885332e-01
-2.179277750360558707e-01
1.174840327683803615e-01
-1.245479475754963650e-01
-5.871456650304725244e-02
2.472399857327326478e-01
4.036102662799408436e-01
-8.054997006609644628e-02
3.336468681754507504e-01
4.515240664852147173e-02
-3.297199197272985931e-03
2.696541092361245950e-02
-2.054272631361433732e-01
-1.349094029750096818e-02
1.631504403750550225e-01
-2.728256700250172306e-01
7.500541161007626134e-02
3.131867942622119649e-01
1.012418227624698464e-01
-2.603679825846920426e-02
2.528227854818079767e-01
9.615665776405164789e-02
3.732127932628477307e-01
-1.472459368149861558e-01
-1.398388120900126083e-02
-6.421661870553044271e-02
3.821154835749418499e-01
-1.661073822350831730e-01
9.574719497186058581e-02
-2.442575950312403030e-02
4.196910448768511603e-01
-1.974989884767006099e-01
-3.523914146697017524e-01
4.278838247282868573e-02
1.388034614368477242e-02
-8.982310507124970783e-03
-2.546931620407221208e-01
2.314423865947349418e-02
-2.324518491161413625e-01
4.657127574935591985e-02
-1.859835043130088905e-01
1.768698490972415993e-02
3.311839728579516473e-01
1.296049051846619345e-02
-3.218059736299088147e-01
-1.811291297741182138e-01
-3.377626012241679351e-03
-1.167696098017449551e-02
9.232209845700005413e-02
3.166043597895103479e-01
1.962603977499247088e-02
-1.954598473572254635e-01
-3.916884043124882475e-02
-1.930708271387907016e-02
3.841768571455469461e-01
8.243163205586691300e-02
-1.666364334576113937e-01
-1.848492325291228519e-02
-4.866616067958669245e-02
8.234290484763977236e-02
1.888875620144822576e-01
3.803298992946759771e-01
-2.681663430432213585e-02
-5.148934092911393312e-02
-1.685682434169339106e-01
2.170051950464172985e-01
1.872328910631688714e-01
2.831660496392831572e-01
-2.835248455782516386e-01
-2.857593528175105813e-01
2.612872947305121540e-01
-2.599029517618414165e-01
-2.814898830515942807e-01
-1.069256379403933366e-01
-9.522971210543837439e-02
1.969040288448203613e-01
-2.067495429862515333e-01
-3.424356139132800902e-01
8.812493615082504783e-02
-1.370863871090163832e-01
4.839347094101651980e-01
-1.508442868074985274e-02
6.856491889334309468e-03
-2.075112303109249434e-01
1.442886627648870546e-01
-6.358386595068148128e-02
8.168269460841298679e-02
-3.819953413262518194e-02
-6.966093733764939025e-03
4.607952423872861691e-02
-2.499812875470794060e-01
-4.214561779720096824e-01
2.615737305175311334e-01
2.614493505352531444e-01
2.267267575725437356e-01
-1.484929521400374930e-01
-3.061566225625823034e-01
3.411553666064803259e-01
-1.381425163287165747e-01
-3.173269067933111032e-01
-8.680526454803353872e-03
-1.359632636923853444e-01
1.310784743677186059e-01
1.394828629043818602e-01
-6.954453335603964781e-02
4.707552125746972127e-03
-2.324882797223685460e-01
-1.667239918259723619e-01
-2.243755251983634291e-01
-1.167066123002488409e-01
2.746572377929820674e-01
2.335296271987296612e-01
-2.528450310899106879e-01
-2.920329397347451450e-01
1.389708312526806433e-01
-1.951910487420670526e-01
6.648400878348742493e-02
-1.970975652341372397e-01
-1.212451933231702833e-01
-1.918123969642698823e-01
1.339397648029166388e-01
4.443555311939051955e-01
1.359765492172040624e-01
-4.262510861151119768e-02
1.041550301664071615e-02
2.763559709257769059e-01
3.039624290847787180e-01
-1.692430318731832362e-01
-3.664229584451366567e-02
-7.227910321581573760e-02
-2.445532480541782461e-01
3.995251870494546109e-01
-6.274789462704909171e-02
2.468827614543829263e-01
2.237570556057409676e-01
-1.164597189015919715e-01
1.121131894596368445e-01
-2.966839386971667492e-01
1.917672831948072643e-01
-4.983913582038811962e-01
-3.309715984763325070e-01
2.709261896148499327e-01
2.093691179546521008e-01
-1.231975379013583310e-01
-3.470716500207342015e-01
-4.866452344634411564e-02
-2.164322733764704743e-01
5.020375411198229471e-02
-5.213008513732329992e-03
-1.660361803248622259e-01
2.850265657382742290e-01
-4.230976325165546892e-01
-3.222106407018340835e-01
-4.403157735131376510e-02
1.815994623981737055e-01
1.244176569576043861e-01
1.127158323780951543e-01
6.259691766887874598e-02
2.036767897049964193e-01
-2.133845165194463156e-01
1.222196322703409110e-01
-3.281626095124567377e-01
-3.287506995463837511e-01
-2.394164071024412477e-01
-2.258597531819474258e-01
-4.501265542646809385e-03
6.408126422298141001e-02
9.405087010562111771e-02
-1.895193779344518381e-01
-1.694511961448747772e-01
-1.123905301011197677e-01
-1.673598643306710779e-02
-6.535746963369563900e-02
4.226612259425190921e-01
2.770527845883812290e-01
1.909860206412709524e-02
1.056380341871436014e-02
3.167711135590239868e-01
5.537229534055991831e-01
-2.200779525186266072e-01
-3.911278506500456276e-01
-2.873094519733049856e-01
-5.607697777214362689e-02
-4.543519719810514695e-02
4.034684433848838986e-02
-3.418383563731155483e-01
2.450552180561872129e-01
-2.675577141564748906e-01
-1.350381882603460260e-01
2.509873604466052871e-02
-5.661113249030678973e-02
1.273951895501529430e-01
-1.198161886791806879e-01
1.271379303690358398e-01
2.294467692862716679e-01
2.867071637200295786e-01
-6.480805311005806424e-02
9.299141057008240840e-02
1.615588341917905124e-01
1.904439040535232386e-01
-1.719632636940461312e-01
3.649626773256041123e-01
6.018900244743324857e-01
-1.601007361472995272e-01
-1.696300572750371605e-01
2.040568200721496750e-01
3.062761422322904936e-01
-2.670299825901132351e-01
1.768209295783025603e-01
7.368478611128492783e-02
6.288864497073495818e-02
2.586575892025997150e-02
2.235915802162037336e-01
-1.218709348383568009e-01
4.716798002420985458e-02
7.658608795810152581e-02
-4.308569590810956695e-02
-2.741982982986024830e-01
-1.878846729746799504e-01
-1.353049310454104148e-01
6.347976460545696163e-03
-2.429088068931226432e-02
-1.061739806709526834e-01
-1.170954817797386915e-01
2.196881900072272520e-01
-1.407324572335930113e-01
3.893003209579017770e-02
-2.173402866433825076e-01
1.316918881264961261e-01
-6.002127113819806514e-02
7.183713978640531017e-02
-7.589629585106205667e-02
-2.257507345770444138e-02
-4.811254914368279234e-02
5.799184330701422363e-01
-3.383585744386334304e-01
7.179741431626499026e-02
-6.764878457934533906e-02
-1.201098364764570797e-01
2.596540542808218888e-01
9.094115286022728950e-02
-2.019000073833268627e-01
3.915472789669249137e-02
-4.838758432007372878e-02
9.292402634081711743e-02
2.370562622347115733e-01
1.976205689631081036e-02
3.115032515415827249e-02
1.027968158664592235e-01
-7.312869663534964093e-02
3.434188642580691120e-01
-3.640360748742436092e-01
-5.843423899763244833e-01
-4.312662491481285554e-01
-1.774402505900295468e-01
1.339030834779270929e-01
3.639062076981631755e-01
2.526696165596901689e-01
1.927151082614743660e-01
2.124853184443226822e-02
-3.541879066606749560e-01
9.017701355754154102e-02
2.985756889270699266e-01
1.560908585390547165e-01
-2.387438094485376805e-01
2.461558437135362085e-02
-9.363578031198462048e-02
-3.516123894392590016e-02
9.395514400196143534e-02
-2.174063418598190800e-01
-4.028196751650798269e-01
2.673437182339964413e-01
6.716620671245653040e-02
2.408561088181177673e-03
3.587737039652669213e-01
1.585879703439508071e-01
1.798985705845276006e-01
1.571590887189715791e-01
1.129940984487635448e-02
2.016607342257356050e-01
-3.177183643624374720e-02
4.161420190042365574e-02
1.124519404270300088e-01
1.263727209076073721e-01
2.020745705870813647e-01
-3.488893634375274666e-01
7.346564980706927865e-03
2.232240537428555882e-01
1.603529567090997421e-01
1.395660243888192376e-01
6.256787415822016862e-02
8.771594813040163585e-02
-4.735492919452519156e-02
-2.599268763407972527e-01
-2.305297405660805543e-01
-3.478154940958637642e-01
-2.608535823964546752e-01
3.949872874872766698e-02
-1.143915536315346926e-01
1.522606714337869094e-01
3.010658428207252726e-02
-1.211852271177637358e-01
-5.435279086111495517e-02
2.464016172671055008e-02
2.002852322504396210e-01
-9.449656265399954125e-02
2.790530949975985053e-01
-2.359208509037107604e-01
2.295294092018495824e-01
-8.966239835741550424e-02
-1.199955693880667140e-01
3.800235367362955752e-02
-1.688514370777958185e-01
3.025343378928762039e-01
2.185348998376708818e-01
-1.543816953574306539e-01
5.113567678883044199e-01
-1.266096977505078991e-01
3.564485413653187273e-01
-5.298719479201186022e-02
2.507020744631739406e-01
1.239538523621001309e-01
4.444085380251613926e-02
-1.678652796356543686e-01
-8.414496299247563316e-02
-8.962527534633198123e-02
3.831527357440927539e-01
1.231778405749019145e-02
-3.011009349575509697e-01
3.476081121377241900e-01
-5.731517089171824647e-02
-5.672035276499416689e-02
-1.884393919398215933e-01
2.593676118336649128e-03
-8.762183482254781025e-03
-1.345928133592379228e-01
-2.444730567265805399e-01
6.192903076439843640e-02
-5.930324431188450235e-02
-2.583964675139231448e-01
-6.718053661720872413e-03
1.607962621546286663e-01
8.707245613184196042e-02
6.480761107784124841e-02
1.589489644773588450e-01
-1.384188637478353801e-01
1.864247398252446009e-01
2.832840544040305525e-03
3.541427993707527838e-02
1.499950782027633378e-01
5.207401830300020795e-02
2.002558584572428635e-01
1.008442358825367563e-01
4.727821071983497048e-02
-4.928999326799144570e-02
2.546139370319222550e-01
-7.432052634335405139e-02
2.181164270744971878e-01
1.161241322666910561e-02
8.810570576821342981e-02
1.683527605607943178e-01
1.030631476811330882e-01
8.358674025089740667e-02
-4.254094353705134002e-01
2.806522014545748123e-01
2.521549693234517164e-01
8.905088553254806791e-03
-5.778872251021147793e-02
-2.120652147136758148e-01
3.183390959492823913e-01
6.069458378757380118e-02
-3.096082420797645063e-01
1.871076139420100870e-01
5.239325015993693407e-02
8.034038003603909128e-02
-1.448591274164779952e-01
7.329594579492321182e-02
-9.249639080518322343e-02
1.794716527519430171e-01
-9.311062263312795684e-02
-2.060746036700854961e-02
2.971464898943831576e-02
-8.061688110001000163e-02
-7.828733706685352123e-02
2.825730973592340822e-01
-1.530902298397959597e-02
-5.744596512317651227e-02
-4.687126040649155501e-01
2.280976139535479952e-01
2.825761102860936402e-01
4.210179631259661215e-01
-2.015055571479583141e-01
-2.437709065438492251e-01
4.537178146976337395e-02
-4.993226232126710823e-02
-5.826946538163029210e-01
-2.081645389728049855e-02
2.480235911863697129e-01
-4.732894123052421298e-01
-2.086329058624299959e-01
-1.314246420849854262e-02
-5.410079570546416639e-01
9.492059214869018324e-02
-3.019724782168560218e-01
-2.290786029644574784e-01
2.702915462072045250e-01
-1.142726191741858799e-01
2.549110604711138928e-01
-1.992098907698344051e-02
-9.820444577901121797e-02
4.821535536000840644e-02
6.985378530810117115e-02
6.014407936072052596e-03
9.147848594191736182e-02
3.334662950849861529e-01
-3.638403853685665684e-02
3.880325810270269238e-01
-1.562447559522900931e-01
1.859341240700877057e-02
2.648900249328535739e-01
-7.969182655642112478e-02
1.235226468397362387e-01
1.007284328695208370e-01
2.958353144136224855e-01
-2.452146158233301995e-02
-1.408855452432984101e-01
1.152420857260638976e-01
-7.398077198321224845e-02
3.581707552108930569e-03
-2.293906927302005183e-01
-2.927971543648740793e-01
-2.158846227608826607e-01
3.141386419357805604e-01
2.329946354926629437e-01
-5.035014025349492106e-02
4.199344646118571660e-03
-6.129322662993257932e-03
-2.658599179726640546e-02
1.372116453631502635e-02
-1.966408808898311433e-01
-1.936005051971953217e-01
2.819306151829466534e-01
6.441290031783047931e-02
-2.337870312659799318e-02
3.081387117319855373e-01
-3.563508609723722853e-02
-1.027684847979066785e-01
-7.578019709309145868e-02
1.390147856689418204e-01
-3.753896734836571769e-02
4.339246523101544240e-01
9.432629946213808578e-04
-2.565062979429218459e-01
-2.479190751922221436e-01
-2.041401064244176278e-02
-2.364719930303596507e-01
-4.063288119693214684e-01
1.222831021748688879e-01
-6.252298424051885850e-02
-4.221477781848721467e-01
-2.884413479037366557e-01
3.568791391890312470e-01
-1.750366471449116001e-01
5.926769340556706928e-02
1.500521504990733057e-01
-1.600222446416261213e-01
-2.646889161009994273e-01
4.090679924580381543e-02
-1.712121037809230806e-01
-2.303882848281491036e-01
1.794503170620230792e-01
1.006095972523388810e-01
2.083215833509848014e-01
3.430682047992490435e-01
1.227862382256484641e-01
8.538966030578315491e-02
2.120294889261549118e-02
-1.057378811458794671e-01
1.635254515374621187e-01
1.605103103037816004e-01
1.230715616436925397e-01
-6.184966370737977198e-02
-7.793658434599905205e-02
3.459023091768123059e-01
7.417664041232155392e-02
-3.289488798572013928e-01
1.921815655597207961e-01
2.425781739225760930e-02
-1.419978266374889164e-01
-5.516671779477738680e-02
1.195317859444496589e-01
-1.805641200005236591e-01
2.718797007319897485e-01
-2.064994425526292532e-01
-2.114812804263236368e-01
5.195201225271339762e-01
3.212642904898150853e-01
-1.919490751300687303e-01
-5.766123245186778601e-02
-1.735206065089978100e-01
-1.755597055293379172e-01
-2.465103125493915692e-02
-2.308353294224420316e-01
1.056453611360719386e-01
-1.024228957663358835e-01
3.381830094853815472e-01
-2.235392359116201433e-01
8.673233914863094640e-02
-3.558937614725343757e-01
1.961363022673187906e-01
1.529421991818900872e-01
1.910940390445825809e-01
-2.393416311321590051e-01
1.773745407841641475e-01
-8.854042048942099841e-02
-1.686703920375547117e-01
1.273266795464109702e-01
1.900138910813517767e-01
-7.819663842032927026e-02
-1.670087525898365233e-01
-1.533454824666817262e-01
-2.395621626873765952e-01
-2.216072075695913468e-01
-4.078473954233968746e-02
-1.377398141614078197e-01
2.375543244651883434e-01
1.751061839174921642e-01
1.209667344190617222e-01
-3.566200966820085028e-01
1.715595223194757990e-01
-1.330285621762803405e-01
9.938710492739684377e-02
2.891886816607632249e-01
-1.719390334062219916e-01
-1.310576679610612506e-02
7.704217083924436160e-02
-3.718337453586991193e-01
-7.447604145432708267e-02
-5.875634288348200590e-02
-2.474866455713535529e-02
-3.394196946270340853e-01
-2.969841549105308176e-01
-2.950235159893232345e-02
3.569557312887194217e-02
-1.352601155022428552e-02
-2.309303429234900729e-01
-9.770425174117988720e-02
4.298860212359654209e-01
7.173007349367482854e-02
1.133835369397238196e-01
9.514136654233534829e-02
6.088992707118539432e-02
-7.430217500832177191e-02
2.226883650251280100e-01
-2.493555993670327764e-01
3.622172959356329547e-01
-4.589991009267799793e-01
-1.796042870787638857e-01
-1.349418399983733641e-01
4.121987858741835847e-02
-3.845870870433176214e-01
-8.689502735552885604e-02
1.369586624053364676e-01
1.058444252217242004e-01
-8.558627174171545837e-02
4.124183109077882853e-02
1.233720249728304935e-01
5.903800768341451594e-02
-7.658763329849994916e-02
1.452450264552233028e-01
-2.615572815298556897e-01
1.236618160750933143e-02
6.218302833919873984e-02
1.281440602391640815e-01
-3.312308738978215761e-01
9.153393915554303151e-02
-1.828664465711364318e-01
6.559842202201947303e-02
-2.210750950875039755e-01
3.788160649385140522e-01
2.676651588210969268e-01
-1.159276981461175408e-02
3.650891109995142991e-01
-1.003172635356837095e-01
-9.380028880384558287e-02
2.053506200433120876e-01
2.123022433437727133e-02
1.761253704200735348e-02
8.060052693994634865e-02
-1.675027004601360170e-01
-1.383488490984941532e-01
4.301059026333782787e-01
-1.790343962552476756e-02
-2.322445459206642082e-01
-2.374842205046957533e-01
2.573030347809792118e-01
3.016290544078690239e-01
6.166975703994858060e-01
5.590702920165534391e-03
-6.442738178735479826e-02
1.597083584376856047e-01
3.334003056617719507e-02
-3.118175881775818725e-01
1.532765068445473833e-01
5.927286426373588879e-02
3.896778487616213704e-01
-8.100635349135970609e-02
1.789700246643994852e-01
9.694055554978031619e-02
1.285583548890026906e-01
8.609361811666751962e-02
-6.701548502693308040e-02
1.864990303406469652e-01
2.494473022226674219e-01
-1.951939623910732002e-01
-3.900206600142449576e-01
3.450482598424942787e-02
4.831873554015843342e-02
2.845916612427310532e-01
1.743126247051997868e-01
-1.297054261682054456e-03
2.169227142992735669e-01
-2.259784343899973458e-01
-2.562180341891924784e-01
1.500965053396524640e-02
4.793269933082892065e-01
1.046179965274157547e-01
-9.769080810964225758e-02
-4.288587297665800158e-01
9.384936966383500279e-02
5.367162302767805593e-02
1.829762394084296917e-01
-4.956398125744227584e-02
-1.319354155430057553e-02
-1.378063516646281517e-01
4.386231040551672455e-01
-5.406767552987385983e-01
3.315653127842042580e-01
1.692860109339868746e-01
7.877932109594207311e-02
2.510277267571301429e-01
-4.085259862564475514e-02
-7.210699393498646963e-03
7.008196976207961212e-03
8.057959461400288070e-02
2.114678372831936826e-01
3.783292668914062240e-02
-8.219162301244302415e-02
-2.914189264326501605e-01
1.918295449581058632e-01
-3.155497764943596684e-01
2.331588479797598312e-01
2.425632545897934700e-01
-2.199877801072099570e-01
-2.067993081123090104e-01
-9.398792725124249792e-02
-2.644567436701145691e-01
1.462428849382936893e-02
-8.879952508513766496e-02
7.135792471966312389e-02
-2.050994914481165943e-01
1.390927599682536542e-01
2.841578360304348322e-02
-2.946797720516310393e-01
-4.311855262040251158e-02
2.728803100983613339e-01
-6.642182796777473808e-02
-1.181491191206147581e-02
-1.431964335888189499e-01
1.472883194278069297e-01
-2.995794996411857980e-01
1.477644802743389649e-02
5.491090998249634897e-02
-4.538708209389118869e-02
1.804767956761262893e-01
4.009172172464631895e-02
-8.685625682563632988e-02
1.332576126996168620e-01
8.504906396594628937e-02
4.073921594510657163e-02
1.930466418618590752e-01
3.096528547601387071e-01
-9.104942302671607812e-02
1.203860643667261088e-01
-1.567743996813054930e-01
-3.954418056438553375e-01
1.780219312179320487e-02
-3.906075319484431652e-01
1.778541416167757072e-01
-4.611613616183886377e-02
-4.126331561796863640e-02
-3.166579313171448140e-01
-1.308235663096852242e-01
-4.186367544158272613e-01
1.169915374740987946e-01
-6.849874696956755049e-02
-2.070232838253690255e-01
9.768499168819728962e-02
3.530778324929380596e-01
5.395087732415610599e-02
-7.138387676845932110e-03
-2.137689661312041911e-01
-6.353914781989085381e-02
1.172332243412678859e-01
1.711850503889320863e-01
1.597121067422904439e-01
1.787507974561568791e-01
-4.104865854436816064e-01
-3.288501718802784857e-01
-4.621721926239176145e-03
9.975012101364953004e-03
-2.209793564618011130e-01
-1.446711639806858019e-01
2.670978377647799662e-01
1.839273492926002396e-02
-1.387507794082809831e-01
-1.063105847971494988e-01
1.701707343836807995e-01
-2.327263005397248730e-01
1.941684455425758127e-01
6.521177969834840438e-02
1.641019239194090873e-01
2.829061129725354284e-01
-3.045488258003820059e-01
-1.559070220085130853e-01
-2.324006948458320898e-01
9.251945353671360561e-02
-6.199032714632226465e-02
-4.451685829979498688e-02
-5.094578908136099954e-02
-8.917611676425578338e-02
1.021386449282078862e-01
8.776906102139014898e-02
2.024452372862774463e-01
-2.452061382150906022e-01
-8.338707917812861192e-02
1.353290772283928245e-01
4.084216912174330749e-02
-2.626879039750442679e-01
1.790568726508161290e-01
4.430716070751670177e-01
2.149879180997212313e-01
-1.758626195294606467e-02
3.551722251493115157e-01
