-3.921665769387965295e-01
-8.988868135217445987e-01
-3.210616146657762626e-01
-1.000000000000000000e+00
5.832499060406372005e-01
-8.912064267693677877e-01
1.000000000000000000e+00
-1.000000000000000000e+00
4.358025220161700908e-01
5.624432231127306503e-01
3.940561050098676521e-01
-9.247498584124553833e-01
-5.057880511209301988e-02
1.000000000000000000e+00
2.723956832831373465e-01
1.000000000000000000e+00
1.000000000000000000e+00
2.379449461785347886e-01
7.764804498438498959e-02
5.724045082038717869e-01
1.000000000000000000e+00
-1.000000000000000000e+00
-8.970598682488311049e-01
-7.440918782048566715e-01
7.754426157626267413e-01
1.000000000000000000e+00
-1.000000000000000000e+00
-1.000000000000000000e+00
-9.451999932004111898e-03
-1.000000000000000000e+00
8.617420033374167954e-01
-1.000000000000000000e+00
-1.000000000000000000e+00
-1.000000000000000000e+00
-1.000000000000000000e+00
6.645779343122796279e-01
1.000000000000000000e+00
-6.345425077509798673e-01
-1.000000000000000000e+00
-8.644833549449570942e-02
5.178110355819691701e-01
1.000000000000000000e+00
-4.186477220467371696e-01
8.099776364215545144e-01
-1.000000000000000000e+00
-2.865982897671960350e-01
-1.959381231349374142e-01
1.396915549842011883e-01
-2.902369071208323881e-01
4.653288170078834773e-01
1.628776273233272787e-01
1.000000000000000000e+00
6.898097957159108340e-01
-1.000000000000000000e+00
-1.000000000000000000e+00
2.685411014761806547e-01
4.295019062903619456e-01
-6.698552859349595767e-01
1.683061939181864641e-01
6.016951241628035740e-01
3.109510880712162417e-01
1.000000000000000000e+00
1.000000000000000000e+00
-6.485228086238705725e-01
-9.788440767261147313e-01
9.462879759611155794e-01
-5.609503106667580452e-01
-7.230780948503445771e-01
-1.000000000000000000e+00
1.000000000000000000e+00
-4.566354208344408638e-01
6.772418602849192837e-01
-1.000000000000000000e+00
-4.874087688547034114e-01
1.000000000000000000e+00
-3.911210637878745899e-01
1.000000000000000000e+00
-7.128712792587178493e-01
2.411815910179407330e-01
-1.000000000000000000e+00
6.322953479509507702e-05
1.000000000000000000e+00
1.000000000000000000e+00
1.000000000000000000e+00
6.780021529436642824e-01
-6.594889556833918309e-01
8.332006056810130623e-01
-3.076703564328932550e-01
-6.877441158719134473e-02
-7.759905905206518906e-01
-1.000000000000000000e+00
6.248190986028562266e-01
2.950155519691897155e-01
9.151981632043760806e-01
1.000000000000000000e+00
-1.000000000000000000e+00
-1.000000000000000000e+00
1.000000000000000000e+00
1.000000000000000000e+00
1.226072141255487719e-01
-8.453388738641318678e-01
-4.486746996952993283e-01
-3.929735901173027623e-01
9.351495172193369232e-01
-9.345697747024325208e-01
-9.058660417454122982e-01
9.374439386970937482e-01
-2.643359180395038477e-01
9.048045387451285615e-01
-1.000000000000000000e+00
-5.394335137265564573e-01
-5.055852879813350631e-01
-9.987576920023119031e-01
-2.783133991406828711e-01
1.000000000000000000e+00
-4.860144114624092571e-01
9.714253520127663633e-01
6.969337939388200454e-01
7.653322888392939394e-01
-3.014290090275910661e-01
-7.783285667953054876e-01
3.608020923983421557e-01
7.411294446923808454e-01
5.345694845293289532e-01
-1.000000000000000000e+00
4.241294598762286316e-01
-1.000000000000000000e+00
1.000000000000000000e+00
5.278725551475297317e-01
8.233764300019836835e-01
-7.564399665961860642e-01
1.000000000000000000e+00
9.650010640746358170e-01
8.493501448190236003e-01
-2.992269181103336950e-01
-9.018284466594277404e-01
-3.424529459112371499e-01
1.000000000000000000e+00
-1.569060279069858233e-01
5.218853178590722175e-01
-7.870573488367319515e-01
2.943768100944691990e-01
6.129374214847150837e-01
-5.122002950864059656e-01
1.000000000000000000e+00
-3.486088408582080911e-01
-8.776846354340487322e-01
-4.721145068752503615e-01
-1.000000000000000000e+00
7.322311027565837627e-01
8.411398436184785998e-02
1.000000000000000000e+00
-3.046661846689163733e-01
5.721383547225363797e-01
9.345238428959442567e-01
5.189361832661126828e-02
-5.200633305904237558e-01
-1.000000000000000000e+00
-1.975634412045682367e-02
6.115120928781064835e-01
-1.000000000000000000e+00
-6.545698574931606561e-01
8.346230084924464165e-01
-1.000000000000000000e+00
1.000000000000000000e+00
-1.000000000000000000e+00
7.275168464422915315e-02
7.086230127111750043e-01
-8.892938197436975889e-01
1.152635825579158835e-01
-7.405352561866477279e-01
7.411851032867271538e-01
-8.911548863171681045e-02
-9.127640575444224691e-01
-1.000000000000000000e+00
1.495171599669037621e-01
-1.000000000000000000e+00
-1.000000000000000000e+00
-7.621833391405314906e-01
-3.779863513553851639e-01
-1.562485469776530855e-01
4.815520636658603970e-01
-2.649524346795969001e-02
-1.000000000000000000e+00
1.853145611249341351e-01
-3.632711014203208744e-01
2.332825339788854868e-02
1.529248348061763851e-01
-8.047684856346121185e-01
8.863944774641707713e-01
-2.851632443176898776e-02
-1.252945226365231694e-02
1.000000000000000000e+00
-1.000000000000000000e+00
-2.730475573188360650e-01
-3.094819162183662931e-01
2.706501444617203100e-01
-8.219219628779574904e-01
-2.503715071417809135e-01
-3.123346896935393913e-01
1.216399769929054908e-01
-1.000000000000000000e+00
-7.935608268221815420e-01
-1.721718468604241659e-01
8.036469328817037461e-01
-9.327855026183182741e-01
1.000000000000000000e+00
-1.000000000000000000e+00
-1.000000000000000000e+00
-8.995742640099571585e-02
-1.000000000000000000e+00
1.000000000000000000e+00
-4.902057225292776321e-01
2.755624340300460995e-01
1.000000000000000000e+00
-1.086646403853879228e-01
9.969218774779647907e-01
-1.000000000000000000e+00
7.944874365601770627e-01
-6.119143276919052354e-01
6.461532034114503276e-01
-1.000000000000000000e+00
-7.040606156361682855e-01
9.449458259889088607e-01
-6.463393809421068559e-01
2.356601675788586037e-01
2.447506208240590175e-01
8.888497784196258689e-01
-1.000000000000000000e+00
1.000000000000000000e+00
1.000000000000000000e+00
5.804346160198179394e-01
-3.632194054642420289e-01
-1.000000000000000000e+00
-9.169400036548709387e-01
-1.000000000000000000e+00
-1.306492257473201857e-01
-7.193442072024430756e-01
-9.454926571888134790e-01
-3.158179844675820247e-01
1.000000000000000000e+00
-6.702211561835400566e-01
-1.000000000000000000e+00
1.000000000000000000e+00
-4.733808073912446623e-01
-1.000000000000000000e+00
1.000000000000000000e+00
-3.511219416266451177e-01
-3.956428899824569467e-01
1.000000000000000000e+00
-2.507315501711431249e-01
3.081496614216856500e-01
1.000000000000000000e+00
-1.913224488603746110e-01
-1.000000000000000000e+00
6.076444285488480368e-02
-5.901888251441429478e-01
7.888107028772193274e-01
5.805392579411104981e-01
1.000000000000000000e+00
3.311622724919911498e-01
-6.401929090872682249e-01
-1.000000000000000000e+00
3.921590939270104270e-01
-1.313206041448179429e-01
1.000000000000000000e+00
9.614922257902660530e-01
-1.000000000000000000e+00
-1.000000000000000000e+00
-5.632690047620294571e-01
2.415358964013638587e-01
3.573631785484128742e-01
-5.475136076714670619e-01
-9.926379740408329821e-01
5.195782482418670467e-01
9.829415525346001381e-01
-1.000000000000000000e+00
8.318060816821108983e-01
3.865536031433621234e-01
6.534573431761415696e-01
-8.381061231257935784e-01
5.836658280614164251e-01
7.434664055745423550e-01
2.456350493241624688e-01
5.408052182404169406e-01
4.844300891967771028e-01
-3.044347220184669134e-02
-5.151324013266157797e-02
-1.417096938049843269e-01
-1.000000000000000000e+00
1.000000000000000000e+00
-1.000000000000000000e+00
-1.000000000000000000e+00
-1.000000000000000000e+00
-9.199507408078640980e-01
-1.000000000000000000e+00
-1.100780538771260475e-01
-1.000000000000000000e+00
8.888793044726196468e-01
-7.415334521252847644e-01
7.014501512795212612e-01
-1.000000000000000000e+00
1.000000000000000000e+00
3.211780397524017783e-01
-3.810414606997461484e-01
3.594054334735641287e-02
-3.000985078784638160e-01
-3.947777384927679267e-01
-6.782504572974259460e-01
-1.000000000000000000e+00
5.683875222707113206e-02
1.000000000000000000e+00
1.000000000000000000e+00
6.137535164912293340e-01
-1.000000000000000000e+00
8.351463092117072939e-02
1.000000000000000000e+00
-1.000000000000000000e+00
-5.000076932561549059e-01
-4.515500886728887053e-01
1.000000000000000000e+00
1.000000000000000000e+00
9.985072846421800818e-01
1.000000000000000000e+00
1.000000000000000000e+00
-3.524957358497939341e-01
6.701176032957673057e-01
-6.671538477092416874e-01
-1.000000000000000000e+00
-1.000000000000000000e+00
-2.490232810738429725e-02
3.483807441529782611e-01
6.685535450122763734e-01
3.209935480788971285e-01
1.000000000000000000e+00
-9.429551155740928392e-03
-9.246818365335024437e-01
1.124056098898711248e-01
6.825473466644090825e-01
3.794914260047637100e-01
1.000000000000000000e+00
3.061367710887578086e-01
9.417298818490382750e-01
6.280309776729107174e-01
4.707346270017830903e-01
3.319278528116118010e-02
-1.000000000000000000e+00
-4.761500097503343354e-01
-2.908634545817895267e-01
-7.332564648521568973e-01
9.537267327073513101e-01
1.000000000000000000e+00
7.532302112432489594e-01
-6.051468286922292439e-01
-1.000000000000000000e+00
1.000000000000000000e+00
-1.000000000000000000e+00
8.653148044995334631e-01
9.842677343563941417e-01
1.000000000000000000e+00
2.691873990642298375e-01
-5.892412842585259547e-01
-3.990064551961772787e-01
5.377879914281126217e-01
-9.511233919272521486e-01
-1.000000000000000000e+00
1.000000000000000000e+00
-7.550646237365818969e-01
-3.977828316689099308e-01
1.000000000000000000e+00
-3.779913512643814921e-01
-1.000000000000000000e+00
-8.232297416583389538e-01
-5.303631872847713868e-03
-5.831406411586687044e-01
5.149663989138629772e-01
-5.725889588998572810e-01
8.766692535955308840e-02
4.301952562692100412e-02
9.421090781560121918e-01
-2.499917374762240518e-01
-2.496670851017584181e-01
7.297453530567393765e-01
1.000000000000000000e+00
-6.259722071989981540e-01
-4.014247351810519282e-01
-4.658075482237359899e-01
2.620311077878309525e-01
-2.149775335944759391e-01
1.410800578882251063e-02
1.000000000000000000e+00
-9.148390867388763725e-01
-8.261913172585008125e-01
-4.806015175202225098e-01
-5.481586348084027671e-01
-3.040727125030283640e-01
1.000000000000000000e+00
1.000000000000000000e+00
-7.658770847342184496e-01
-1.000000000000000000e+00
2.496112985937701534e-01
-9.039449705670778989e-01
1.000000000000000000e+00
3.418052615511885106e-01
-1.795635838427069308e-01
-8.566648514698314010e-01
-8.610391547807556556e-01
-7.829414263843319510e-01
-3.449150212713697136e-03
7.653354431773001787e-01
-1.000000000000000000e+00
8.019446417466669086e-01
-8.724945284471410378e-01
-6.976929180061833269e-02
4.752865414412172917e-01
8.321459173819578670e-02
-1.718524133719689095e-01
9.948610084702222411e-02
5.441421462549990151e-01
-1.000000000000000000e+00
9.448265397333257543e-01
-7.507817412675132918e-01
1.000000000000000000e+00
-8.141700072349317141e-01
-1.365049117737230366e-01
4.119806392285308982e-01
-6.533494628906910684e-01
5.280633604072271226e-01
4.021492388043170774e-01
-2.814506137124774265e-01
9.033552558610635774e-02
-1.000000000000000000e+00
-1.000000000000000000e+00
-8.037148611853198177e-02
-7.176207967108405583e-01
1.940475477988505837e-01
-1.000000000000000000e+00
-3.983174203821773229e-01
1.000000000000000000e+00
3.595619240895088220e-01
-1.000000000000000000e+00
7.718586620107749097e-01
2.605635384480573524e-01
-1.000000000000000000e+00
-4.659403456512536401e-01
-1.000000000000000000e+00
5.421075517848412684e-01
1.000000000000000000e+00
6.347094046195833617e-01
1.000000000000000000e+00
-6.527966133156992701e-01
-1.000000000000000000e+00
-1.000000000000000000e+00
2.806124860535023080e-01
-1.386940705399105633e-01
-6.260175149601846512e-01
-2.284217359429680655e-02
7.424901489137894495e-02
6.224699919913843082e-01
-1.000000000000000000e+00
1.000000000000000000e+00
9.435532386845424391e-02
-1.000000000000000000e+00
1.867891786839136481e-01
4.464741357817025302e-01
7.776524572081665587e-01
-1.900093865440839191e-01
6.316085743863136814e-01
1.000000000000000000e+00
-1.000000000000000000e+00
9.456828812667794626e-01
-1.000000000000000000e+00
1.000000000000000000e+00
1.000000000000000000e+00
1.000000000000000000e+00
-1.000000000000000000e+00
1.000000000000000000e+00
-1.000000000000000000e+00
7.769469164821257712e-01
1.000000000000000000e+00
-6.837298671023506191e-03
-1.000000000000000000e+00
1.000000000000000000e+00
3.921871585119952042e-01
1.000000000000000000e+00
6.374237205569961429e-01
-4.420486759122927434e-01
1.000000000000000000e+00
8.644381378615051403e-01
-2.939633426288378315e-01
-7.702724702244490018e-01
5.924434931190614151e-01
-3.580756566328250345e-01
1.000000000000000000e+00
6.945394773340055616e-01
-6.586558773849620074e-01
-9.951658775125460377e-01
-7.380613411633263343e-01
-1.000000000000000000e+00
-6.786368617780997869e-01
7.932803079072828778e-01
-1.000000000000000000e+00
1.000000000000000000e+00
3.511159896659778457e-01
1.433203211429503743e-01
-7.806432879151902204e-01
3.154599397431910868e-01
-1.000000000000000000e+00
-2.089689441036455264e-01
2.244481991648141217e-01
-5.229867245845616353e-01
3.890243295488586273e-01
1.000000000000000000e+00
-2.811485323304983575e-01
3.040650242374492995e-01
9.468187823224238908e-01
-1.000000000000000000e+00
-4.376233608493770300e-01
-1.513612505862493851e-01
-1.000000000000000000e+00
-5.540877101788671544e-01
-1.000000000000000000e+00
2.839708981552363509e-01
-1.000000000000000000e+00
-5.989633535241812856e-01
-4.850677962474629901e-01
5.965179869483727693e-01
-3.800885016240145298e-01
2.255644690481736769e-02
4.345449533671636999e-01
-1.000000000000000000e+00
1.829541675684932256e-01
-6.906686146626039857e-02
-3.382800870885777078e-01
7.110151201037615554e-01
1.660624322382487361e-01
4.952943393019331175e-01
1.542248050901472989e-01
8.717515285944206216e-01
1.000000000000000000e+00
4.270606811728146490e-01
-4.791838345933486787e-01
2.934041874733051003e-01
3.360292930193166105e-01
-1.000000000000000000e+00
7.521111637460559107e-02
1.594914671103897785e-01
9.745623598705469015e-02
-3.313778853967708216e-01
1.000000000000000000e+00
1.000000000000000000e+00
1.000000000000000000e+00
-1.000000000000000000e+00
-9.717679892051898083e-01
7.815359717200027756e-01
-4.671726247788613451e-01
-3.730525708956857756e-01
1.597595959557612799e-02
7.013151078937789329e-01
-1.000000000000000000e+00
-5.931748345180067883e-01
-4.357122870260783931e-01
8.811926353992324823e-02
3.756803592952133175e-01
-1.000000000000000000e+00
3.557099954759177507e-01
2.347103761707736713e-01
-1.000000000000000000e+00
-1.000000000000000000e+00
5.526221215779744123e-01
-1.000000000000000000e+00
-8.816009426587187447e-02
-3.217189654913062968e-01
-4.955996856371477910e-02
5.741538846005659336e-01
1.778312756469257461e-01
1.000000000000000000e+00
3.570925022547286054e-01
5.349991503783251279e-01
1.000000000000000000e+00
9.069070998465700306e-01
-1.000000000000000000e+00
1.000000000000000000e+00
1.953297934256090496e-01
1.000000000000000000e+00
9.867780577282214693e-01
-6.286346584912443358e-01
-1.000000000000000000e+00
1.000000000000000000e+00
1.000000000000000000e+00
7.248728110559123916e-01
1.014235218489960982e-01
-1.468736251782755409e-01
-2.353182638863543785e-01
1.000000000000000000e+00
-1.000000000000000000e+00
1.000000000000000000e+00
1.000000000000000000e+00
-8.635614728540759177e-01
-1.000000000000000000e+00
-3.749385023597676669e-01
-1.000000000000000000e+00
6.381069751541543211e-02
9.558098543054787122e-01
-1.000000000000000000e+00
-1.000000000000000000e+00
1.000000000000000000e+00
-1.000000000000000000e+00
-4.134356256510948180e-01
-1.000000000000000000e+00
2.268085472299936622e-01
-8.465815661765608846e-01
-1.367958267944463235e-01
4.825193525404643524e-01
-2.354848223822352260e-01
1.000000000000000000e+00
1.000000000000000000e+00
-8.337117200769667003e-01
-1.000000000000000000e+00
-1.000000000000000000e+00
1.000000000000000000e+00
-9.314396260154056417e-01
-1.000000000000000000e+00
-5.769031230545524913e-01
7.074755457575936379e-01
1.000000000000000000e+00
9.929162677685887672e-01
-4.813364832971017693e-01
-1.000000000000000000e+00
-5.903504483421355697e-01
2.065252389227993091e-01
-1.000000000000000000e+00
-1.000000000000000000e+00
-1.000000000000000000e+00
-1.000000000000000000e+00
-6.706534894612781184e-01
-7.077865802547248508e-01
-1.000000000000000000e+00
3.593317660446675443e-01
1.000000000000000000e+00
3.694779654102369193e-01
1.000000000000000000e+00
6.295745644308516908e-01
5.727409800472555990e-01
-2.884775746048174327e-01
-1.000000000000000000e+00
-2.013238635168667079e-01
9.492519790283007186e-01
-1.930312977698842025e-03
1.000000000000000000e+00
-1.737244214368605100e-01
-5.891674488186148251e-01
-1.768176267736632223e-01
9.121619193562737760e-01
1.000000000000000000e+00
8.442404880320271143e-01
-1.000000000000000000e+00
1.000000000000000000e+00
3.695070440220252217e-01
-8.226598642233656777e-01
1.000000000000000000e+00
3.490828868678856889e-01
-1.000000000000000000e+00
-3.081291721025076757e-01
3.932506777004046716e-01
-1.000000000000000000e+00
-4.407942196790073930e-01
-4.974711142347518766e-01
1.000000000000000000e+00
7.756843252340515082e-01
8.494565293187436028e-01
-6.784983537017530431e-01
8.165058838639938088e-01
6.980778381027273882e-01
1.000000000000000000e+00
1.000000000000000000e+00
-3.372472015596461592e-01
-7.676739591419788900e-01
6.884441234461795567e-01
-5.379733892051343780e-01
-8.578643401152408199e-01
-1.604573030873506778e-01
-1.000000000000000000e+00
-2.402799616376405378e-02
-5.335408372207561811e-01
-1.000000000000000000e+00
-7.839345637761393482e-01
-1.000000000000000000e+00
-1.000000000000000000e+00
-3.398624222495158498e-01
-1.000000000000000000e+00
-6.718894009393024114e-03
-4.269305049134808350e-01
-5.849287029820424699e-01
-1.000000000000000000e+00
-8.267837462311277141e-01
4.283942828119540747e-01
-9.817527286590191915e-01
-1.000000000000000000e+00
-1.000000000000000000e+00
8.807714362698815247e-02
-6.758506133131181315e-02
1.000000000000000000e+00
8.915199706479868258e-01
1.000000000000000000e+00
3.534646668308936146e-01
-3.337884240423624194e-01
-9.399738365016271913e-02
-4.225246976892985673e-01
-2.852857467299457772e-01
4.604724095772773085e-01
-1.000000000000000000e+00
4.626816184240454266e-01
1.000000000000000000e+00
-4.801454073407382742e-03
-1.344773370365488080e-02
-1.964677395574330743e-01
1.000000000000000000e+00
-2.178771676039328309e-01
2.686556505178070917e-02
2.315565740926020522e-01
5.228920469712721175e-01
2.565875721869022019e-01
-1.437162424333864319e-01
-1.000000000000000000e+00
-5.105911968411087631e-01
1.000000000000000000e+00
-1.926125330361780352e-02
-1.000000000000000000e+00
-4.904625084401838531e-01
1.000000000000000000e+00
-1.000000000000000000e+00
-4.091570452134101199e-01
5.726797917898508450e-01
1.000000000000000000e+00
3.032133957795004053e-01
1.000000000000000000e+00
-5.331027982875213844e-01
1.000000000000000000e+00
9.972411073218171440e-01
6.118435380618876263e-01
-1.000000000000000000e+00
-7.840684083207409838e-01
3.032524821631635281e-01
1.000000000000000000e+00
6.519257617069273980e-01
-1.000000000000000000e+00
-1.000000000000000000e+00
7.314633428718309016e-01
-8.831620077899143828e-01
-8.465431119434501106e-01
6.646527458570257452e-02
-2.438851431163223116e-01
5.735678075600606496e-01
3.260498600280811732e-02
-1.095913465647193746e-01
8.305584068040743340e-01
1.992960182142256564e-01
5.553476722194001791e-01
-1.000000000000000000e+00
9.936282275365951877e-01
3.193564512685772572e-01
-1.000000000000000000e+00
3.587203200082276222e-01
-8.657821844716551141e-01
-1.273532358325759617e-01
4.555507744292940919e-01
9.081713773003069479e-01
3.457243297926871906e-01
-1.000000000000000000e+00
-1.000000000000000000e+00
-1.000000000000000000e+00
1.000000000000000000e+00
-1.000000000000000000e+00
-4.474942456912776034e-01
1.000000000000000000e+00
1.000000000000000000e+00
1.000000000000000000e+00
-1.000000000000000000e+00
8.586334638777748385e-01
4.434161504311208146e-01
8.775211086491363499e-01
-1.000000000000000000e+00
1.723397219731497565e-01
-9.721686073671621520e-01
4.299959402139635900e-02
-1.000000000000000000e+00
-4.918124385881532667e-01
-5.566831180765645648e-01
1.000000000000000000e+00
4.644990218703522467e-01
7.183836105047063381e-01
-3.789091683034186975e-01
-1.000000000000000000e+00
-4.708681577943127916e-01
1.150737980099049984e-01
9.015434182692907417e-01
4.400335549586177342e-01
-8.153390700590585904e-01
-1.713225068530318529e-01
7.399152532242537772e-01
-3.101628177400180264e-01
9.384003700626133426e-01
4.984934078379980038e-01
7.924737136991524267e-01
-1.000000000000000000e+00
5.448796297225269036e-01
3.399248841363545770e-01
6.964958467269299902e-01
-1.683213159384971402e-01
-1.809587142384659619e-01
1.000000000000000000e+00
1.000000000000000000e+00
1.000000000000000000e+00
-1.000000000000000000e+00
2.045469534089541519e-01
3.598594963337865549e-01
1.000000000000000000e+00
1.000000000000000000e+00
-1.000000000000000000e+00
1.000000000000000000e+00
-5.436452173765581042e-02
1.000000000000000000e+00
-1.014929804963635440e-01
-1.992893201414688287e-01
1.000000000000000000e+00
-2.295517208549422428e-01
1.000000000000000000e+00
1.000000000000000000e+00
1.000000000000000000e+00
1.000000000000000000e+00
6.462951444438698179e-01
-6.341138782452504508e-01
4.378365767399620134e-01
5.284460996314231940e-01
8.634729154349114477e-01
1.000000000000000000e+00
-4.383649036418605371e-01
1.697402278508772233e-01
-5.626239405729239751e-01
-8.244284567921624785e-01
9.232523860091773615e-01
1.000000000000000000e+00
-1.000000000000000000e+00
1.000000000000000000e+00
1.000000000000000000e+00
7.332983049739469905e-01
-7.742929454671565459e-01
-2.793166241700207469e-02
-7.343444958152675062e-01
-8.379372348924715164e-01
2.590010928537383461e-01
3.569042654221385447e-01
-4.886871435043705914e-01
1.000000000000000000e+00
1.000000000000000000e+00
1.000000000000000000e+00
-2.779404777866959497e-01
-2.327922112294523171e-01
1.000000000000000000e+00
2.268147132353285633e-01
8.343168647386062231e-01
7.881276771343134202e-01
1.000000000000000000e+00
6.644357522023817131e-01
-5.618606287695457890e-01
2.403860779489726540e-01
-8.903898703984857166e-01
-1.000000000000000000e+00
6.389439650714648922e-01
1.000000000000000000e+00
-1.000000000000000000e+00
-1.000000000000000000e+00
-8.496827424693518260e-01
-1.000000000000000000e+00
3.462853773455020212e-01
1.000000000000000000e+00
1.000000000000000000e+00
-1.000000000000000000e+00
-9.925403557975037705e-02
-1.000000000000000000e+00
-6.330614171331273576e-01
1.000000000000000000e+00
4.270523572196790463e-01
-1.000000000000000000e+00
-1.560837015196157029e-01
-1.000000000000000000e+00
1.000000000000000000e+00
-1.000000000000000000e+00
-4.628591790488906788e-01
7.515308272276304269e-01
-4.603534836897678617e-01
-7.220050602225763781e-01
-3.406393339481461613e-01
-4.195231562185339769e-01
-3.205656524570653088e-01
-1.000000000000000000e+00
-2.053545729250823293e-01
1.000000000000000000e+00
-2.146369044200811538e-01
-5.488204184276493924e-01
1.000000000000000000e+00
-1.000000000000000000e+00
4.317549718504055667e-01
1.000000000000000000e+00
-1.000000000000000000e+00
-1.000000000000000000e+00
-1.000000000000000000e+00
1.000000000000000000e+00
-1.000000000000000000e+00
-1.000000000000000000e+00
-1.000000000000000000e+00
2.957597682259856531e-01
-2.423829226135794379e-01
-1.000000000000000000e+00
1.000000000000000000e+00
1.000000000000000000e+00
1.000000000000000000e+00
-3.755286563761467411e-02
6.460717158524236226e-01
-1.000000000000000000e+00
5.351700970825938874e-01
6.993386363348351731e-01
1.000000000000000000e+00
1.000000000000000000e+00
-9.738396201263515017e-01
-6.441174137938010524e-01
-9.103159932580288105e-01
-5.380940741742968880e-01
-7.072275294835711490e-01
-4.860639089537019952e-01
4.453622571421446130e-01
5.038220045194837793e-01
-1.072941778930945472e-01
7.875720084465506199e-01
7.815479919802075237e-01
-3.933307389877573890e-01
6.032605804330553045e-01
1.000000000000000000e+00
-1.000000000000000000e+00
1.000000000000000000e+00
2.537193156296732588e-01
-5.187233617991365842e-03
-7.506776174274645275e-01
1.000000000000000000e+00
-4.841821233476186204e-01
-2.662909689557803605e-01
-7.508009473545150803e-01
-4.495939928941392605e-01
2.905934279496309447e-01
1.000000000000000000e+00
1.000000000000000000e+00
1.000000000000000000e+00
7.789894086016917463e-01
1.000000000000000000e+00
6.085961384439501076e-01
5.210070406190807635e-01
-1.000000000000000000e+00
6.271499242369167337e-01
-3.494809424193028313e-01
-3.291814862575284661e-01
3.758074597827981700e-01
8.034384695419805045e-01
5.077498871186187923e-01
-9.987227493447414783e-01
3.882240923585831838e-01
-6.244630372575081800e-01
-1.559824980192576482e-01
1.000000000000000000e+00
-2.210930191287423519e-01
-9.053893780771097299e-01
-2.190684904744871486e-01
1.000000000000000000e+00
-1.000000000000000000e+00
7.248001445132994380e-01
-2.838700126505478982e-01
1.000000000000000000e+00
7.785465425353849112e-01
2.636477836692684429e-01
-1.045000318113526450e-01
-1.000000000000000000e+00
2.369453376302166001e-02
9.335269793632741120e-01
9.957536135402200728e-01
4.888815158716590670e-01
-7.491583857728378870e-01
-2.880337762061369045e-01
-1.000000000000000000e+00
-3.530200717220069451e-02
1.000000000000000000e+00
8.226802190502433554e-01
-8.044645560667650352e-01
6.269942515531846672e-01
-5.620535775532438105e-01
-9.515776621044107486e-01
-3.686348181942601387e-01
-7.262381676740721215e-01
1.000000000000000000e+00
1.000000000000000000e+00
7.565911213957059178e-02
-1.000000000000000000e+00
-6.109200937662957465e-01
4.552466556486888249e-01
1.000000000000000000e+00
-7.281784487789770832e-01
1.000000000000000000e+00
-7.319688785296341038e-02
3.484686514843726712e-01
-1.000000000000000000e+00
3.109810745941688492e-01
6.932508153586759425e-01
1.000000000000000000e+00
-3.583058246505242961e-01
2.087315918439808793e-01
5.459980671960364962e-01
-3.652650518242803734e-01
8.612295434064224375e-01
1.076071722390722907e-01
1.000000000000000000e+00
-9.642216800818910194e-01
3.006802656679126717e-01
1.000000000000000000e+00
-1.000000000000000000e+00
-1.366220203362042418e-02
6.027609057421619010e-01
5.189649015139722321e-01
1.000000000000000000e+00
-1.599054786297876563e-01
1.000000000000000000e+00
-7.519105409001443086e-01
1.965657146933497690e-01
-3.480473994760422962e-01
-1.000000000000000000e+00
1.000000000000000000e+00
1.000000000000000000e+00
1.000000000000000000e+00
-4.362457360174926135e-01
7.956377612196997573e-01
1.000000000000000000e+00
-4.510456791362711937e-01
7.115641679772108930e-01
-7.978373816625853321e-01
-5.059116758091086741e-01
3.075363745903604840e-01
3.207239229010950821e-01
1.917980638700667595e-01
-3.988835217625102403e-01
-9.680444151110261242e-01
1.000000000000000000e+00
1.000000000000000000e+00
-2.567134257569595457e-01
-3.761479994065075605e-02
-4.219695413631694425e-01
1.000000000000000000e+00
-1.000000000000000000e+00
1.000000000000000000e+00
8.694320206132817308e-01
-4.686145206282892328e-01
1.000000000000000000e+00
1.013116676352279200e-01
-5.721814408977022870e-01
4.090393664363934922e-01
4.227371014611042144e-01
1.000000000000000000e+00
-4.631323929005877749e-01
1.000000000000000000e+00
-2.805611221847319481e-01
2.835304535407168203e-02
1.000000000000000000e+00
6.429324645107015179e-01
1.000000000000000000e+00
-7.051740590638410078e-01
-1.000000000000000000e+00
-4.437594252094254066e-01
9.715386399487091484e-01
-1.000000000000000000e+00
-1.000000000000000000e+00
-2.251440162646087262e-01
1.275642476362749411e-01
1.000000000000000000e+00
2.438556896598692014e-01
-1.000000000000000000e+00
-1.000000000000000000e+00
-1.000000000000000000e+00
-1.000000000000000000e+00
-1.000000000000000000e+00
-2.930345604515566804e-01
1.000000000000000000e+00
-8.269233300428510125e-01
-3.560752572866654475e-01
5.099656499809105403e-01
-2.668584649473184633e-01
8.332658062015626532e-01
-1.000000000000000000e+00
-1.900120348994693842e-01
-1.000000000000000000e+00
3.747057856261165609e-01
-1.000000000000000000e+00
1.000000000000000000e+00
-7.388951008359070372e-01
1.000000000000000000e+00
8.460783906834329349e-02
1.000000000000000000e+00
1.000000000000000000e+00
-1.000000000000000000e+00
3.156787232555448020e-01
-1.998777208542301953e-01
-1.000000000000000000e+00
-1.000000000000000000e+00
-1.000000000000000000e+00
-2.536143430154936818e-01
1.327303103936955664e-01
5.642547342110617592e-01
-7.106150879936655729e-01
1.000000000000000000e+00
-8.847492550165464431e-01
-9.137467423500230668e-01
-2.882845102793296643e-02
-1.000000000000000000e+00
-5.034417350655394641e-01
-1.000000000000000000e+00
-8.124399665995445385e-01
1.000000000000000000e+00
3.809077730008257889e-01
-9.553608330442880936e-02
-4.971371599775259997e-01
-8.221326434423816831e-01
7.647549996120985016e-02
4.893374204830737151e-01
1.000000000000000000e+00
1.000000000000000000e+00
1.000000000000000000e+00
7.406571422541580185e-01
-1.000000000000000000e+00
-1.529471633241850648e-01
7.042719268316202097e-01
-2.301281178568783115e-01
-5.239455245309297959e-01
3.423297423758223101e-01
-5.046350988794123804e-01
-1.000000000000000000e+00
1.000000000000000000e+00
-4.744667772262750050e-01
7.115868080938153595e-01
-2.858182959069993090e-01
8.010022634644702322e-01
-7.754445381403393678e-03
-5.092402544289247324e-01
2.255608822277564429e-01
1.000000000000000000e+00
1.000000000000000000e+00
3.240630006593517853e-01
-5.502415322531165054e-03
-2.990490571622804739e-01
-3.207500379576733174e-03
-1.000000000000000000e+00
1.000000000000000000e+00
1.000000000000000000e+00
-4.760258395719079161e-01
5.385514776214364030e-01
-1.000000000000000000e+00
7.177982554889632549e-01
4.402595669497151865e-01
-4.098590931405649007e-02
1.338563968609268184e-01
1.000000000000000000e+00
-8.244558944835052028e-01
-1.000000000000000000e+00
-4.074194569079057637e-01
2.969674629097772689e-01
1.000000000000000000e+00
9.236252046847901465e-01
-2.848813780263249607e-01
1.438219355665493748e-01
-1.000000000000000000e+00
4.140125531546584581e-01
2.732790765102937613e-01
6.211604007375803871e-01
-1.000000000000000000e+00
1.000000000000000000e+00
-1.970311561291796520e-01
-3.069763098067889717e-01
3.590876419939103004e-01
-1.000000000000000000e+00
-6.623855186927907202e-01
1.579547671515554030e-01
-3.279844281667502193e-01
9.382582742034495382e-01
-5.198247259311020857e-02
-1.000000000000000000e+00
-3.326457559787761031e-01
-8.063242110353516234e-02
-6.241844835752459186e-01
-1.000000000000000000e+00
4.759642023252027010e-01
9.790308671584071476e-01
-2.953292714997147739e-01
1.000000000000000000e+00
-5.682990091548913991e-01
1.000000000000000000e+00
5.666140121799628782e-01
-1.000000000000000000e+00
-1.000000000000000000e+00
1.000000000000000000e+00
3.010546750863445919e-01
7.698210526271368481e-01
-8.624592219085422951e-01
-4.949499480595925816e-01
1.790674490804842200e-01
-1.000000000000000000e+00
-4.984511424013497449e-01
-9.085307124598483997e-01
-2.299218494466051532e-01
1.000000000000000000e+00
6.487177762810401038e-01
-1.000000000000000000e+00
-5.307308830265269339e-01
7.648896210507476479e-01
1.601510653381470889e-03
1.000000000000000000e+00
1.000000000000000000e+00
-1.000000000000000000e+00
-1.000000000000000000e+00
-6.411964641278464772e-01
4.670880364375902816e-01
1.000000000000000000e+00
1.000000000000000000e+00
1.370883045268672107e-01
3.523345314105875703e-01
1.000000000000000000e+00
-9.373612736664618805e-02
1.000000000000000000e+00
-9.736855932284225190e-01
7.766312411053097886e-01
-1.000000000000000000e+00
-7.496976864433519960e-01
6.396392358895852670e-02
7.494204506191782800e-01
8.729836366316617163e-03
-2.984704540832400221e-01
-5.939928288407926305e-01
-1.938812435599082118e-01
-3.642335236344583227e-01
-2.145662579867041453e-02
6.107828291905441631e-01
5.532799329161535162e-01
-1.000000000000000000e+00
-1.000000000000000000e+00
-1.616118465740337684e-01
9.783803641726491751e-01
1.000000000000000000e+00
1.000000000000000000e+00
-5.643616083803129069e-01
-2.511263607243386375e-01
-1.000000000000000000e+00
-2.650161850838440025e-01
1.000000000000000000e+00
3.363510113931054701e-01
2.055821953323221096e-02
-1.000000000000000000e+00
-3.670387428063642821e-01
5.092377800387136721e-01
-3.749270204034058640e-01
4.455450833309921865e-01
5.674494515003281059e-01
6.747699659056989319e-01
-1.000000000000000000e+00
3.403806869148406911e-02
-1.857343169460469179e-01
-7.256593126509830460e-02
3.680563703645663154e-02
7.267052886152222113e-01
-1.000000000000000000e+00
1.000000000000000000e+00
4.144529339629177134e-01
8.120446070772852076e-02
1.000000000000000000e+00
7.268147687243083910e-01
-8.991005369955793469e-01
-4.011685571471383382e-01
6.124286438693415935e-01
8.881540416051749709e-01
-1.000000000000000000e+00
4.809460993071456025e-01
-7.731334887053149529e-01
4.499262027168864919e-01
-4.503456066959596327e-01
-5.671480592732538462e-01
-5.896646966891533337e-02
1.000000000000000000e+00
1.000000000000000000e+00
-7.108731181144292699e-02
9.208439841718705221e-01
7.629644623172946449e-01
-1.000000000000000000e+00
7.279569175993251262e-01
-4.185015771751769975e-01
-1.000000000000000000e+00
9.336685371232064656e-02
-1.000000000000000000e+00
4.341077085344665631e-01
-1.000000000000000000e+00
9.553359658307202240e-01
9.334186348978477099e-01
7.359549313736162279e-01
4.424716034655047370e-01
-4.093583855865975951e-01
-1.000000000000000000e+00
-2.057740113758407263e-01
6.521225941155363026e-01
2.951897162670652497e-01
-9.705157745913937095e-01
1.000000000000000000e+00
-2.857629992789797457e-01
-1.000000000000000000e+00
2.256823577544781190e-01
5.605984388715248290e-01
-8.379130278532074261e-01
3.313396798689038358e-01
3.133082989933758111e-01
9.143208000235250599e-02
-4.721595551853668971e-03
1.347553014951836658e-01
-8.589026775963783944e-01
-4.447498888900387470e-01
1.000000000000000000e+00
-5.962047505940996084e-01
1.172981426825847606e-01
-9.792241740875986533e-01
1.000000000000000000e+00
-1.266275396251842211e-01
4.154168221161733676e-01
4.119502342927137128e-01
1.000000000000000000e+00
7.458252573143916431e-01
1.000000000000000000e+00
-1.000000000000000000e+00
1.000000000000000000e+00
-3.078061153391085103e-01
3.785212811736685112e-02
-4.144548144107801924e-01
4.735434217383102662e-02
-1.000000000000000000e+00
6.880217491865531221e-01
-6.400434626560744800e-01
-4.346074218361606345e-01
2.881338098428818384e-01
-1.043532414261284513e-01
-4.780081411367246291e-01
9.818434659109995799e-01
9.131854236627475752e-01
9.976768006415910606e-02
-3.770551255328418727e-01
-5.877704440573541245e-01
-8.479914590706441047e-01
5.476112151896856961e-01
1.000000000000000000e+00
-9.093085230792533613e-01
-4.865774884348241791e-01
-1.000000000000000000e+00
-7.062727800881991591e-01
-4.864567008720825925e-01
7.841611076741659137e-01
-1.000000000000000000e+00
2.553831152288504880e-02
1.456735885395099572e-01
-5.989810954166699397e-02
1.000000000000000000e+00
7.591139539612872245e-01
-1.000000000000000000e+00
9.302910039324987501e-01
-1.479317949736616011e-01
-1.000000000000000000e+00
4.149202464721516576e-02
-4.116063264298017166e-01
-3.140807326728607407e-01
1.000000000000000000e+00
-1.000000000000000000e+00
3.988257317817537895e-01
5.970028252318512751e-02
5.128030280490070147e-01
3.384863483586219579e-01
-6.006898144633470160e-01
1.000000000000000000e+00
-5.421018265391008839e-01
1.856620214078917863e-01
5.880648226436485659e-02
8.932435567696833667e-01
6.909592631293165477e-01
-1.000000000000000000e+00
1.000000000000000000e+00
2.535993546034411850e-01
5.637437323863517813e-01
1.000000000000000000e+00
-3.248817479612419734e-01
-6.153467813724066149e-01
-1.000000000000000000e+00
-5.275095637011294469e-01
3.637051816148482719e-01
-1.192438551467987773e-02
1.000000000000000000e+00
1.000000000000000000e+00
-6.326167012242168985e-02
1.000000000000000000e+00
-7.483977782214235042e-01
2.924412861810710140e-01
-1.000000000000000000e+00
-1.000000000000000000e+00
7.732219433181919399e-03
-1.000000000000000000e+00
1.000000000000000000e+00
-1.000000000000000000e+00
2.776815104171253545e-01
-1.000000000000000000e+00
5.487432903538295159e-01
-9.248682020978713503e-01
-1.000000000000000000e+00
1.834766379209484266e-01
3.443396139618225549e-01
-1.812043025934375606e-01
1.000000000000000000e+00
-1.000000000000000000e+00
8.141669387558803095e-01
-1.000000000000000000e+00
-1.000000000000000000e+00
2.780126308164694859e-01
1.000000000000000000e+00
4.507180533665812172e-01
-3.858727519881552381e-01
-5.418314472554708328e-01
-2.353400740545490977e-01
-1.000000000000000000e+00
5.045959271830365855e-01
-5.222314078941391324e-01
1.650781315050698639e-01
1.000000000000000000e+00
-8.018068913352068838e-01
1.000000000000000000e+00
-1.000000000000000000e+00
1.000000000000000000e+00
-1.000000000000000000e+00
1.000000000000000000e+00
9.430554937042258112e-01
-2.143977656076356819e-01
1.000000000000000000e+00
-7.582378896608152896e-01
-1.539171662261545892e-01
-1.000000000000000000e+00
-4.337624851436758799e-01
-4.934991552285699634e-01
-5.623046378521445732e-02
-2.177107667291575677e-01
2.880503260349362438e-01
1.000000000000000000e+00
1.000000000000000000e+00
2.151913573953441738e-01
-6.543571008803220623e-01
-8.802642736105628085e-01
3.609534814726140795e-01
1.000000000000000000e+00
-1.029782496553781068e-01
1.000000000000000000e+00
-1.000000000000000000e+00
-2.452672949435069638e-01
-3.338824394358236303e-02
5.092398562411297736e-01
-5.535156225996000767e-01
-7.125030482073819726e-01
1.418814426035913123e-01
5.178504800585348455e-01
-1.000000000000000000e+00
6.965748279599852655e-01
-1.643994299381008606e-01
2.299560074938040155e-01
-8.902431010859963578e-01
-1.511671468209247193e-01
-8.335734113545794077e-01
6.353982601936695174e-01
-6.408219152017773368e-01
1.000000000000000000e+00
3.850858450357175222e-01
-6.890033128055650380e-01
1.000000000000000000e+00
5.072076290893433592e-01
1.000000000000000000e+00
3.459211874612586612e-01
-1.000000000000000000e+00
1.000000000000000000e+00
-1.914278725661917036e-01
-7.958536888044636104e-01
5.544481236672982316e-01
1.000000000000000000e+00
-1.781179895799212543e-01
-6.612747344537821537e-01
-6.443238454376717939e-02
-9.231818688544736196e-01
-1.000000000000000000e+00
3.643113619035977524e-01
-3.241824182575194779e-01
9.307846853116028552e-01
-3.963155607285754889e-01
3.747781356073264236e-01
-9.159666067047061988e-01
1.000000000000000000e+00
-1.000000000000000000e+00
5.819873256499645819e-01
1.000000000000000000e+00
9.738165638355250620e-01
3.892580954220259404e-01
1.000000000000000000e+00
6.203761890943885193e-01
-6.128309468749135736e-01
9.626299595291474276e-01
-1.000000000000000000e+00
-1.000000000000000000e+00
1.307117052380770139e-01
-5.960800299808519664e-01
-4.341254449344846833e-01
7.767154394037267817e-01
-1.000000000000000000e+00
1.000000000000000000e+00
1.268608523943458022e-01
-3.563816615453699321e-01
-4.825415609312718179e-01
-3.018416441334129674e-01
-1.000000000000000000e+00
-2.109184529584789969e-01
-1.000000000000000000e+00
-8.044727468561798656e-01
-1.383761011393086215e-01
1.697761527670581527e-01
-4.721629139568311873e-01
1.000000000000000000e+00
1.000000000000000000e+00
1.000000000000000000e+00
-1.000000000000000000e+00
1.000000000000000000e+00
8.263327327120134624e-02
8.834960788539023557e-01
4.323711714187185584e-01
-1.000000000000000000e+00
-1.000000000000000000e+00
-6.206717117357418712e-01
1.000000000000000000e+00
5.716764940629458502e-01
3.707585025504460674e-01
-3.569959950872270138e-01
9.617138392744517539e-01
8.887988303039283666e-01
-3.660763414105459579e-01
5.779530487148746287e-01
-7.151341282164587199e-01
-1.000000000000000000e+00
-1.659229845395623210e-02
-2.814882163417711108e-02
1.235207185581513323e-01
-7.861946651193096880e-02
-5.728961283896913947e-01
-6.558596551455614376e-01
-1.000000000000000000e+00
-6.994473550358099034e-02
1.000000000000000000e+00
-8.356246037419978734e-01
7.840103333638723804e-01
4.666435013087484873e-01
1.000000000000000000e+00
-1.000000000000000000e+00
-1.000000000000000000e+00
-2.054098137769563293e-01
-1.000000000000000000e+00
9.454991795854630343e-01
-8.180734733815526738e-01
1.000000000000000000e+00
1.435551653096653335e-01
-1.000000000000000000e+00
-4.455988871018357056e-02
-7.857214240963892316e-01
-1.000000000000000000e+00
-1.000000000000000000e+00
1.000000000000000000e+00
1.000000000000000000e+00
-7.531111997496017785e-02
-9.454831723424750312e-01
7.087884233639297760e-01
-2.280935357972989075e-01
2.170540326615282567e-01
-9.448146384762096117e-01
-1.000000000000000000e+00
4.706410536342501283e-01
-4.625765481175233562e-01
8.145538579392744838e-01
-1.000000000000000000e+00
-1.000000000000000000e+00
-5.182060331454807489e-01
7.955073339583301761e-01
-1.000000000000000000e+00
-1.000000000000000000e+00
1.000000000000000000e+00
-3.074234637803050507e-01
-1.000000000000000000e+00
1.000000000000000000e+00
1.000000000000000000e+00
-1.000000000000000000e+00
-7.791554268084268653e-01
1.000000000000000000e+00
-1.000000000000000000e+00
-1.000000000000000000e+00
-6.518032773119214474e-01
2.565476798770317535e-01
-5.698237186092575124e-01
1.000000000000000000e+00
-7.312569221063751623e-01
-7.840212397515423648e-01
1.000000000000000000e+00
2.652644141638192399e-01
1.000000000000000000e+00
-7.289910679806014260e-01
4.357142952880499465e-02
1.000000000000000000e+00
-4.942600177378598802e-01
1.000000000000000000e+00
-1.000000000000000000e+00
1.000000000000000000e+00
4.968614729819662568e-01
8.429996212682376866e-01
-1.000000000000000000e+00
1.000000000000000000e+00
1.000000000000000000e+00
-9.159385951581429097e-01
1.000000000000000000e+00
-1.000000000000000000e+00
1.000000000000000000e+00
-1.000000000000000000e+00
-3.065056791842288852e-01
-1.000000000000000000e+00
1.000000000000000000e+00
1.000000000000000000e+00
-3.826038460433813237e-01
3.056910126337908373e-01
5.434489914296336543e-01
-1.000000000000000000e+00
1.162610556218774960e-01
1.000000000000000000e+00
1.000000000000000000e+00
8.293769869192091360e-01
1.000000000000000000e+00
7.537888305556192936e-01
1.000000000000000000e+00
-1.000000000000000000e+00
-1.000000000000000000e+00
1.000000000000000000e+00
1.000000000000000000e+00
1.112808035125796569e-01
7.446923005968126841e-01
1.000000000000000000e+00
1.000000000000000000e+00
1.000000000000000000e+00
8.320334275247504019e-01
1.000000000000000000e+00
-1.000000000000000000e+00
3.185271262423548522e-01
1.000000000000000000e+00
-1.000000000000000000e+00
-1.000000000000000000e+00
1.000000000000000000e+00
1.000000000000000000e+00
2.027802774047667289e-01
-4.353943915922531271e-02
-7.851175396025368292e-01
1.000000000000000000e+00
-3.048374549407522061e-01
-1.000000000000000000e+00
-1.000000000000000000e+00
7.437143263563203988e-01
-1.000000000000000000e+00
-3.181805549568177405e-01
-1.000000000000000000e+00
4.870963850703891040e-01
-1.000000000000000000e+00
1.000000000000000000e+00
-1.000000000000000000e+00
1.000000000000000000e+00
1.000000000000000000e+00
-1.000000000000000000e+00
1.000000000000000000e+00
-5.652483637195027111e-01
4.700965643033069297e-01
2.086309276638820265e-01
4.024978123710252209e-01
-5.172493391881751723e-01
1.554700352279574371e-01
6.439271755228860306e-01
1.000000000000000000e+00
-1.000000000000000000e+00
-1.000000000000000000e+00
1.000000000000000000e+00
-8.668473073644953342e-01
6.394124661334282811e-01
-5.831913223587393835e-01
-1.000000000000000000e+00
1.000000000000000000e+00
-5.638611411571142762e-01
-1.057557553080143986e-01
-1.000000000000000000e+00
-1.000000000000000000e+00
1.846131641831738612e-01
-1.970899146589928930e-01
1.000000000000000000e+00
-5.643491668147970763e-02
-7.406931621493529905e-01
-1.000000000000000000e+00
-1.030994888697609468e-01
-2.763427040268344737e-01
1.000000000000000000e+00
8.776625899347352266e-01
-7.487346424424348168e-01
-8.375265070031785442e-01
1.488791140762700804e-01
-6.838387841435055181e-01
-1.000000000000000000e+00
-1.000000000000000000e+00
1.000000000000000000e+00
-6.568785893189273972e-01
-6.457583919523610660e-01
8.316303283713877281e-02
5.020944092080967813e-01
-9.581239398300552823e-01
-9.672264869354985084e-01
-1.000000000000000000e+00
-4.208797957473714435e-01
-7.081651157365449478e-01
1.000000000000000000e+00
2.210735745484415371e-01
-6.440698834539599904e-01
-8.515686408352508563e-01
1.000000000000000000e+00
-1.000000000000000000e+00
-9.794539536095672183e-01
-5.718205932699655936e-01
5.657604967638663052e-01
1.000000000000000000e+00
7.365150826460726829e-01
8.839480818927638595e-01
3.294055512508929917e-01
1.000000000000000000e+00
-5.658525427499022653e-01
-1.001913390603118015e-01
-1.000000000000000000e+00
4.957574424377880762e-01
-1.000000000000000000e+00
1.000000000000000000e+00
1.000000000000000000e+00
1.000000000000000000e+00
2.655167170314214897e-01
-1.000000000000000000e+00
-9.667201682209130009e-01
-1.000000000000000000e+00
-1.000000000000000000e+00
9.017270101334240451e-01
1.000000000000000000e+00
-1.000000000000000000e+00
-1.000000000000000000e+00
1.000000000000000000e+00
1.335855161456673823e-01
1.195712459092691526e-01
1.869601689277346490e-01
-1.000000000000000000e+00
-9.170127844514907034e-01
1.000000000000000000e+00
-6.706626146923834186e-01
1.000000000000000000e+00
1.000000000000000000e+00
4.140666961652577083e-01
-1.000000000000000000e+00
2.584628718434038852e-01
-8.177977380264581653e-01
-1.000000000000000000e+00
-1.000000000000000000e+00
1.260361747920570874e-01
-6.405062523872784297e-01
-1.000000000000000000e+00
1.000000000000000000e+00
-6.934140697556331334e-01
1.000000000000000000e+00
-9.877605731033374248e-01
-3.422616653634915629e-01
-8.531531576422057839e-01
2.509698789713291633e-01
-9.385601763063824432e-01
1.000000000000000000e+00
-1.000000000000000000e+00
-2.675386932440290133e-01
-4.004346129523175257e-01
1.000000000000000000e+00
3.536585991855112354e-02
1.000000000000000000e+00
-1.000000000000000000e+00
-5.713340280326257847e-01
1.000000000000000000e+00
1.000000000000000000e+00
-4.439898356418179315e-01
-1.127676672845701056e-02
-1.000000000000000000e+00
1.000000000000000000e+00
1.176585425406713181e-01
-1.300605590674036582e-01
-1.000000000000000000e+00
1.000000000000000000e+00
-1.000000000000000000e+00
7.137562497548819440e-01
-1.000000000000000000e+00
-4.055897857547575702e-01
-1.000000000000000000e+00
2.105421501962312369e-02
6.909201835713930651e-01
-7.267306730397008474e-01
-1.000000000000000000e+00
-1.000000000000000000e+00
1.000000000000000000e+00
8.507359433820864680e-01
1.000000000000000000e+00
-1.000000000000000000e+00
6.850401332094047113e-01
-4.881276712266072737e-01
1.000000000000000000e+00
-7.457349818834072552e-01
1.000000000000000000e+00
-1.000000000000000000e+00
1.684988843756581867e-01
-7.340783416379363935e-01
-3.944953773168835554e-01
2.731095947774353494e-02
-7.557598177573958687e-01
-1.000000000000000000e+00
-3.018971439264619416e-01
4.277908755176668132e-03
-1.000000000000000000e+00
1.000000000000000000e+00
1.000000000000000000e+00
-1.552532261256220902e-01
6.479454254300753835e-02
1.000000000000000000e+00
-4.635507957460309747e-01
-1.234069655303389190e-01
-1.000000000000000000e+00
4.086115624893661424e-01
1.000000000000000000e+00
-5.285220375002270821e-01
-9.929368318161387874e-01
2.012604089602723079e-01
4.545810215985389702e-01
2.352847545976892718e-01
8.637870668406588681e-01
-5.220489937316964424e-01
-4.170088489965286804e-01
-5.037615992158628320e-01
-1.000000000000000000e+00
1.000000000000000000e+00
-8.596768334298161562e-01
-2.427977104432079702e-01
5.616101047030916948e-01
4.830959030894508288e-01
1.000000000000000000e+00
3.515959195731382381e-01
7.387592755816311252e-01
5.052076543241661444e-01
1.000000000000000000e+00
-3.156443388249072779e-01
6.484655664710385903e-01
-1.000000000000000000e+00
1.000000000000000000e+00
1.000000000000000000e+00
-2.169709374513187350e-01
1.000000000000000000e+00
1.000000000000000000e+00
1.000000000000000000e+00
1.000000000000000000e+00
6.751667368710564388e-01
1.077309650089126603e-01
1.000000000000000000e+00
9.981127275842560653e-02
-1.000000000000000000e+00
1.000000000000000000e+00
9.461307537757597252e-01
9.884141579817581347e-01
1.872977714521882608e-01
5.822158845697157359e-01
1.000000000000000000e+00
-1.000000000000000000e+00
1.000000000000000000e+00
5.328587245748472867e-01
1.000000000000000000e+00
7.760506443958151701e-01
-6.651133563853349751e-01
2.860248361909124570e-01
2.317089935968852377e-01
-1.006485638254872583e-02
-6.137311165899484999e-01
-7.702356366252813835e-01
-1.000000000000000000e+00
-2.527263101584549254e-01
-3.141620343214155398e-01
1.000000000000000000e+00
7.889435499862649248e-01
-4.187988451772088894e-01
-1.000000000000000000e+00
-6.404813205431814094e-02
7.575222210950800505e-01
6.428306551436581140e-01
3.772598761757668395e-01
-1.592079284465475197e-02
2.839149113693698601e-01
2.160293673309371387e-01
-9.182992217164109849e-01
8.554278433865286635e-02
3.084599088288342283e-01
5.685977562753843362e-01
1.000000000000000000e+00
-9.723564827497002128e-01
1.000000000000000000e+00
3.273611723700330933e-01
-1.000000000000000000e+00
-2.291555657490559339e-01
5.898551813763923679e-01
1.000000000000000000e+00
-8.046153979621525898e-02
-7.017233442687729195e-01
1.160927372127442680e-01
-1.000000000000000000e+00
4.638548785726427370e-01
6.967730907162086318e-01
-8.127863717060732629e-01
-2.288137375389095451e-01
-1.000000000000000000e+00
-8.077632999944561742e-01
6.599658401121883955e-01
-5.818475749207729919e-01
-1.000000000000000000e+00
-1.000000000000000000e+00
1.000000000000000000e+00
-1.000000000000000000e+00
-8.892597256307894771e-01
8.654103459481469196e-01
4.408678718359075877e-01
-1.000000000000000000e+00
3.362736050327095327e-01
1.000000000000000000e+00
1.000000000000000000e+00
-8.146252321726835666e-01
-8.077675471135132845e-01
-1.000000000000000000e+00
1.000000000000000000e+00
1.629467529612655952e-01
-1.000000000000000000e+00
1.000000000000000000e+00
1.000000000000000000e+00
-5.160804708929046525e-01
8.151144158500779335e-01
-4.474182194072423568e-01
1.000000000000000000e+00
-1.000000000000000000e+00
-1.000000000000000000e+00
1.000000000000000000e+00
1.488423751614855739e-01
-8.740496113522949750e-01
-1.000000000000000000e+00
1.000000000000000000e+00
-1.000000000000000000e+00
-8.860528394506970162e-01
-4.988941140608010305e-01
1.000000000000000000e+00
8.390530022607518568e-01
-6.652897515829205854e-01
-1.000000000000000000e+00
-1.000000000000000000e+00
9.892621023884407006e-02
-1.000000000000000000e+00
-1.000000000000000000e+00
-1.000000000000000000e+00
4.521976262288585069e-01
-1.266665126775851080e-01
1.000000000000000000e+00
-1.490600086013864622e-01
-9.706272902385216783e-01
2.401846692456842125e-01
-1.000000000000000000e+00
-8.624562871914973616e-01
-8.639644976683698019e-01
2.731347040897519340e-01
8.255669021161430310e-01
-1.000000000000000000e+00
8.702443214734665311e-01
1.000000000000000000e+00
-1.942162038650072087e-01
-5.809210723765217965e-01
-1.000000000000000000e+00
3.145304493648717337e-01
1.000000000000000000e+00
1.000000000000000000e+00
3.633024222898608713e-01
9.785515647291451735e-01
8.263403570624299199e-01
1.000000000000000000e+00
1.000000000000000000e+00
1.000000000000000000e+00
-1.000000000000000000e+00
2.855352211862176581e-01
-1.000000000000000000e+00
1.000000000000000000e+00
1.000000000000000000e+00
1.000000000000000000e+00
-4.959009439586508083e-01
1.000000000000000000e+00
3.557184742226534580e-01
-1.627696114252901172e-01
5.764447964256107504e-01
-1.000000000000000000e+00
3.432605423016269475e-01
-4.869176095935012771e-01
-1.000000000000000000e+00
-1.000000000000000000e+00
-7.039329819913127118e-01
8.157471072867210626e-01
-1.000000000000000000e+00
-1.000000000000000000e+00
6.985573310256835977e-02
4.941810762846367555e-01
6.951436378900051061e-01
-3.409110963419085816e-01
-4.616327378308652807e-01
5.944776953545283238e-03
-9.623863963586554160e-02
-4.982192287678288700e-02
-1.000000000000000000e+00
1.000000000000000000e+00
1.000000000000000000e+00
-1.000000000000000000e+00
-1.000000000000000000e+00
-9.788844960036675591e-01
1.000000000000000000e+00
7.362295270941163761e-01
-1.000000000000000000e+00
8.516846737679266699e-01
6.189608541984459311e-02
-1.000000000000000000e+00
9.875285724508759966e-01
1.000000000000000000e+00
8.446608199548064633e-01
9.369933701428284634e-02
-1.000000000000000000e+00
-5.512486648581274018e-01
7.423829056869469811e-01
-1.000000000000000000e+00
-1.000000000000000000e+00
8.037788676339817640e-01
4.966217850020449021e-01
1.000000000000000000e+00
1.000000000000000000e+00
4.174157078811249200e-01
4.385477212539148906e-01
3.366819200314178362e-01
-9.266030861380269990e-01
9.839493684374006621e-01
1.581912895800810515e-01
-7.413767427641509977e-01
-1.000000000000000000e+00
1.000000000000000000e+00
-5.935766383465024276e-02
1.000000000000000000e+00
6.148173882961920356e-01
-3.033483198824509230e-01
-1.000000000000000000e+00
-1.000000000000000000e+00
-9.046170107807559591e-01
5.547329396200111340e-01
5.548053508670665046e-01
-8.418693877766914024e-01
-1.000000000000000000e+00
1.000000000000000000e+00
-2.354439467392031027e-01
8.864670719953293698e-02
-1.000000000000000000e+00
-1.000000000000000000e+00
1.000000000000000000e+00
1.000000000000000000e+00
1.000000000000000000e+00
-2.336656739317497511e-01
1.974013247858771303e-01
1.000000000000000000e+00
1.000000000000000000e+00
1.000000000000000000e+00
-1.000000000000000000e+00
1.000000000000000000e+00
-7.766523380002278154e-01
4.042500802591924014e-01
-1.000000000000000000e+00
1.000000000000000000e+00
-4.959749496068568408e-01
8.837076522099910347e-01
1.000000000000000000e+00
1.000000000000000000e+00
8.248024678523108166e-01
-1.000000000000000000e+00
-1.000000000000000000e+00
1.000000000000000000e+00
1.000000000000000000e+00
4.551829249299432778e-02
2.862229626989447329e-02
-1.000000000000000000e+00
1.000000000000000000e+00
-1.000000000000000000e+00
3.188372680884526966e-02
-1.000000000000000000e+00
-1.315671138800356132e-02
8.117647326947623476e-01
8.040674599699454417e-02
-1.000000000000000000e+00
-7.617673683237704552e-01
-1.000000000000000000e+00
4.871668539023980560e-01
-1.000000000000000000e+00
-1.000000000000000000e+00
1.000000000000000000e+00
1.000000000000000000e+00
-1.000000000000000000e+00
-1.000000000000000000e+00
1.000000000000000000e+00
-3.525565612531957882e-01
1.000000000000000000e+00
-4.902242808499678306e-01
1.000000000000000000e+00
2.857174656993355377e-01
1.000000000000000000e+00
-1.000000000000000000e+00
6.488856410765885263e-01
-9.986011918011850064e-03
-8.455886987186379544e-01
7.158012941127178674e-02
4.497873647573766842e-01
-1.000000000000000000e+00
-1.000000000000000000e+00
3.888309684374213204e-01
-1.000000000000000000e+00
-2.761103830314614038e-01
-2.451380215471317126e-01
-1.000000000000000000e+00
-2.978888763876634815e-01
-6.065954516277112241e-01
1.000000000000000000e+00
9.435866604059288676e-01
-1.000000000000000000e+00
-4.878822402209208597e-01
1.000000000000000000e+00
-1.000000000000000000e+00
-9.537675286494476934e-01
-7.962438472301668346e-01
1.000000000000000000e+00
-1.000000000000000000e+00
-9.213057397199364562e-02
-1.000000000000000000e+00
-1.000000000000000000e+00
-9.199344990260608368e-01
-6.372274574182716922e-01
8.239133991155084269e-01
-8.835906078012303322e-01
4.803595405173308741e-01
-6.347744162863470097e-01
2.090947537115197541e-01
-1.000000000000000000e+00
1.000000000000000000e+00
-7.957038436286376637e-01
-5.088413370613631415e-02
-6.088772206038162160e-02
-1.000000000000000000e+00
1.000000000000000000e+00
-1.000000000000000000e+00
-3.035113208556042830e-01
3.954298961212574515e-01
2.920591196850105264e-01
8.730649347138670358e-01
-1.000000000000000000e+00
5.403248384106789093e-01
-7.405882597455981653e-02
-1.000000000000000000e+00
-8.621962290526087314e-01
7.538826880310212086e-02
5.994857854865220936e-02
-8.832318974258099864e-01
-9.594485282542369875e-02
8.548238440399755778e-01
-1.000000000000000000e+00
-1.000000000000000000e+00
-1.000000000000000000e+00
-6.516143863442108719e-01
1.000000000000000000e+00
5.247566448258322858e-01
1.000000000000000000e+00
-2.579744615300286759e-01
1.000000000000000000e+00
-7.141432847728582667e-01
-1.000000000000000000e+00
-8.840485357611654882e-02
-8.207642477186849472e-01
3.449327744435874976e-01
-1.433600712310958425e-01
5.724382381190005198e-01
1.000000000000000000e+00
-1.000000000000000000e+00
1.000000000000000000e+00
-1.000000000000000000e+00
-1.000000000000000000e+00
4.926534201147622083e-01
-3.485267030955201406e-01
-5.156105536277801882e-01
1.000000000000000000e+00
-1.000000000000000000e+00
7.746591026894004139e-01
1.000000000000000000e+00
-7.831548377985995124e-01
-6.540392236215475386e-01
-2.389528927537057090e-01
-1.000000000000000000e+00
1.000000000000000000e+00
-6.421648962150330320e-01
6.537068067653495351e-01
-1.000000000000000000e+00
-2.204062635848091922e-02
-1.614948906249957794e-02
-1.000000000000000000e+00
-6.184819746765071180e-01
1.000000000000000000e+00
-1.000000000000000000e+00
1.000000000000000000e+00
-2.516539609383384724e-01
1.000000000000000000e+00
1.000000000000000000e+00
-4.849101237932162967e-01
-6.303092264368943543e-01
1.000000000000000000e+00
1.000000000000000000e+00
3.119605713067263864e-02
1.000000000000000000e+00
1.797253331065685744e-01
1.000000000000000000e+00
8.390296915898376451e-01
-1.000000000000000000e+00
-1.000000000000000000e+00
-1.000000000000000000e+00
5.655954678181296380e-02
-1.000000000000000000e+00
8.595868195608985518e-02
4.570086743581867061e-01
-1.000000000000000000e+00
-1.000000000000000000e+00
6.511794106593423725e-01
-1.000000000000000000e+00
9.246328462381324664e-01
-3.663483690025435280e-01
1.000000000000000000e+00
6.190465010607347773e-01
1.000000000000000000e+00
1.000000000000000000e+00
1.000000000000000000e+00
1.000000000000000000e+00
9.594456538345383922e-01
1.000000000000000000e+00
-1.000000000000000000e+00
-1.000000000000000000e+00
-1.000000000000000000e+00
-3.422109228140413073e-02
-1.082000821036306348e-01
-4.840854539999339679e-01
1.000000000000000000e+00
5.283813016276569519e-01
-3.035111133596479771e-02
-1.000000000000000000e+00
-4.609725904832864818e-02
-1.000000000000000000e+00
-2.986864129668544976e-01
-1.000000000000000000e+00
1.866534334966658548e-01
1.000000000000000000e+00
-9.180006621073325546e-01
9.355873249266090097e-01
1.000000000000000000e+00
-1.000000000000000000e+00
-6.153843950491819648e-01
1.000000000000000000e+00
1.000000000000000000e+00
-1.000000000000000000e+00
8.646144155758415106e-01
-1.000000000000000000e+00
-4.232312648838187918e-02
-1.000000000000000000e+00
3.558235744064621731e-01
-1.000000000000000000e+00
-1.000000000000000000e+00
-1.000000000000000000e+00
2.952557427438036730e-01
-1.000000000000000000e+00
-1.000000000000000000e+00
-1.000000000000000000e+00
-1.000000000000000000e+00
-1.000000000000000000e+00
1.000000000000000000e+00
-1.000000000000000000e+00
1.563621796801845376e-01
-1.000000000000000000e+00
1.000000000000000000e+00
-1.000000000000000000e+00
-1.000000000000000000e+00
-5.332379318268560819e-01
-1.000000000000000000e+00
1.000000000000000000e+00
-6.428973108363449374e-01
-7.928647339742379563e-01
-1.776000549527012584e-01
-1.000000000000000000e+00
1.000000000000000000e+00
-5.353351645768100742e-01
-1.000000000000000000e+00
7.507858002767497929e-01
-1.000000000000000000e+00
1.000000000000000000e+00
5.799319031820776571e-01
1.000000000000000000e+00
-3.123952231066198237e-01
4.701061588829442695e-01
1.000000000000000000e+00
5.651105693310778388e-01
8.926935870671595108e-01
1.000000000000000000e+00
1.000000000000000000e+00
1.000000000000000000e+00
-5.357088173480961668e-01
1.000000000000000000e+00
1.000000000000000000e+00
-5.341927690689188823e-01
-1.000000000000000000e+00
1.000000000000000000e+00
6.752519661544849061e-01
1.000000000000000000e+00
-1.000000000000000000e+00
1.678676318185291505e-01
-6.707447607227334796e-01
-1.000000000000000000e+00
4.848212272835794590e-01
1.000000000000000000e+00
-6.889419820690584340e-02
1.000000000000000000e+00
-5.770017282960856475e-01
1.000000000000000000e+00
-4.646313233673217136e-01
-3.267779772089500767e-01
-3.798126034855773270e-01
-1.268908532727747729e-01
2.148394220107524566e-02
1.000000000000000000e+00
1.000000000000000000e+00
-1.000000000000000000e+00
-1.000000000000000000e+00
-9.326918905626435663e-02
1.000000000000000000e+00
-1.000000000000000000e+00
-4.044091042287510929e-01
-1.000000000000000000e+00
8.985950409622406321e-01
3.076668445832786425e-01
1.000000000000000000e+00
-7.847706676961923034e-01
1.000000000000000000e+00
1.697896934194218499e-01
1.000000000000000000e+00
-1.000000000000000000e+00
-4.844155278661876896e-01
-1.000000000000000000e+00
1.000000000000000000e+00
-2.778574546748493468e-01
-2.872730070078066689e-01
2.601704383181138169e-01
1.000000000000000000e+00
-7.710858291155697763e-02
-1.000000000000000000e+00
9.194975480636721210e-01
6.267345733951521503e-01
6.178208711188266644e-01
1.000000000000000000e+00
-7.750607792279216035e-01
6.956684003555744233e-01
8.093936710139659763e-01
1.000000000000000000e+00
-7.622136952142792854e-01
-6.634059649905403866e-01
-1.000000000000000000e+00
-1.000000000000000000e+00
5.720845951288431319e-01
-1.000000000000000000e+00
1.451821271217825782e-01
6.184797025465251785e-01
3.456430839646565945e-01
6.328732882016359085e-01
-1.000000000000000000e+00
-1.000000000000000000e+00
5.817668886657481053e-01
-1.000000000000000000e+00
9.018627380821260253e-01
1.000000000000000000e+00
-1.000000000000000000e+00
-8.805767277831022533e-02
8.438683668069794086e-01
1.000000000000000000e+00
1.000000000000000000e+00
-1.000000000000000000e+00
-5.782481141084783172e-01
-2.652358672605911183e-01
-1.000000000000000000e+00
-8.901862572035132981e-01
1.000000000000000000e+00
1.000000000000000000e+00
8.234431963842619995e-01
-5.507435298223982700e-01
-9.335905261443675496e-01
9.399726559468531972e-01
-1.000000000000000000e+00
-9.624541071686582017e-01
1.000000000000000000e+00
-6.224998032187616381e-01
7.416416199068942561e-01
8.354285806220040911e-01
-1.000000000000000000e+00
-1.282942818557676334e-01
6.436210282021781470e-01
-1.000000000000000000e+00
7.181018626176490782e-01
1.000000000000000000e+00
8.516461826857948392e-01
1.000000000000000000e+00
1.000000000000000000e+00
-1.000000000000000000e+00
9.528281050160991583e-02
-3.174968609349566595e-01
-1.000000000000000000e+00
-1.000000000000000000e+00
1.000000000000000000e+00
1.134693707267226959e-01
4.206546841948851645e-01
8.201151462535165582e-01
-4.519981411008159311e-01
-2.059496746642058840e-01
1.000000000000000000e+00
-8.309345217228949476e-01
-1.787927875299177849e-02
1.000000000000000000e+00
4.526306591658337819e-01
-1.000000000000000000e+00
-6.088839191283301755e-01
1.504345745774650078e-01
-3.806325828151675972e-01
-1.000000000000000000e+00
1.000000000000000000e+00
-6.054058432286911762e-01
-3.310221778876181603e-02
-1.000000000000000000e+00
-8.083153458067586783e-01
1.000000000000000000e+00
1.000000000000000000e+00
1.000000000000000000e+00
7.219858749508119011e-01
-9.154156972119285030e-01
-1.000000000000000000e+00
1.000000000000000000e+00
-1.714695151159110198e-01
1.942282270768296293e-01
1.842882634171336687e-01
-1.000000000000000000e+00
3.839847440850615023e-01
-3.995821707650999421e-01
1.000000000000000000e+00
-1.000000000000000000e+00
-4.839399315223552600e-01
-2.510584977558834030e-01
-7.168878582917215248e-02
7.891736222736552842e-01
-4.736500384528058438e-02
-2.692344605471757024e-01
1.000000000000000000e+00
-1.000000000000000000e+00
1.000000000000000000e+00
6.652788925012718124e-01
5.221549439049011365e-02
-1.000000000000000000e+00
9.319156320386053904e-01
-1.000000000000000000e+00
-9.049445095328316757e-01
4.614363757352185624e-01
-1.000000000000000000e+00
-1.000000000000000000e+00
-1.000000000000000000e+00
-1.000000000000000000e+00
1.000000000000000000e+00
-1.000000000000000000e+00
-1.000000000000000000e+00
-6.399650241047334376e-01
7.266705811083485900e-01
-2.502625822387776200e-01
1.000000000000000000e+00
9.110353270029984962e-01
-1.000000000000000000e+00
-1.000000000000000000e+00
6.874630430178307883e-01
1.343742357345119043e-01
1.000000000000000000e+00
1.000000000000000000e+00
3.099482488446045902e-01
-1.000000000000000000e+00
-1.000000000000000000e+00
5.899992830110751818e-01
7.239394537914799477e-01
4.566827277133431728e-01
1.000000000000000000e+00
2.585178675452766139e-01
-6.773100050211471324e-01
5.900298027761102793e-01
-4.466169079640177619e-01
6.360112380894449302e-01
-1.000000000000000000e+00
-4.490086478833933414e-01
2.556402037288764140e-01
-8.796061708978032412e-01
-1.000000000000000000e+00
-4.960382745918836545e-01
6.216976019214726090e-02
-7.366414612787119953e-01
-4.337693231707917541e-01
1.000000000000000000e+00
-1.000000000000000000e+00
8.279056431068634314e-01
-1.403159094974536225e-01
-5.595467839811089084e-01
-3.517833287116298724e-01
-2.810962273925329269e-01
-8.274655961300083629e-01
1.000000000000000000e+00
-7.119511764786404795e-01
-7.747603965587350761e-01
-8.821899132819688294e-01
-1.000000000000000000e+00
1.000000000000000000e+00
-2.127364363540713565e-01
-2.070372438372023449e-01
-1.000000000000000000e+00
4.833849374945434763e-01
-4.743461234040477481e-01
9.754481388552256327e-01
1.000000000000000000e+00
1.000000000000000000e+00
2.754212308529655484e-01
6.959910338356953829e-01
6.192324897182317767e-02
-1.000000000000000000e+00
6.725575690535928741e-01
-1.052580832576957004e-01
2.412080303901776579e-01
1.000000000000000000e+00
-6.774539760873561356e-01
-6.713674729551839526e-01
4.570310781457163629e-01
1.000000000000000000e+00
1.000000000000000000e+00
5.846189112363582296e-01
-3.927471986085240285e-01
5.974518175995526814e-01
-2.374775813198233276e-01
-1.000000000000000000e+00
-1.000000000000000000e+00
6.412205406862313550e-01
-1.394518268830527985e-01
-3.600546390570693034e-01
-1.000000000000000000e+00
1.000000000000000000e+00
1.000000000000000000e+00
1.000000000000000000e+00
-4.386608098619492191e-01
-4.770216656038994696e-01
-1.948184836054209779e-01
-1.574297594295218650e-01
-1.000000000000000000e+00
1.000000000000000000e+00
-4.696657147858229742e-02
-1.000000000000000000e+00
-1.000000000000000000e+00
-1.000000000000000000e+00
1.000000000000000000e+00
6.155461210686298257e-01
-2.327496225423645315e-01
1.439545021577419703e-01
-1.000000000000000000e+00
-1.000000000000000000e+00
-5.095650586207457478e-01
-1.000000000000000000e+00
1.000000000000000000e+00
1.000000000000000000e+00
1.000000000000000000e+00
5.503702864508877024e-01
-1.000000000000000000e+00
4.441987894432011252e-01
3.831280834272186575e-01
1.000000000000000000e+00
-1.000000000000000000e+00
-1.000000000000000000e+00
-2.659758690729825958e-01
-1.000000000000000000e+00
4.262171395404588115e-01
6.947555908857070417e-01
-2.427812578427418488e-01
2.658253949147588724e-01
-3.657552131533924888e-01
-1.000000000000000000e+00
1.000000000000000000e+00
-7.710133994662297097e-01
1.000000000000000000e+00
-1.000000000000000000e+00
1.000000000000000000e+00
1.000000000000000000e+00
8.166424598581885075e-01
3.962689162329672277e-01
-2.448556228665657031e-01
1.000000000000000000e+00
-1.000000000000000000e+00
-1.000000000000000000e+00
-2.955196629838164890e-01
-2.940894784815839547e-01
4.111013139062981714e-01
-1.979762880373982514e-01
1.000000000000000000e+00
-1.000000000000000000e+00
8.227374850634596726e-01
2.627518970318010183e-01
-1.000000000000000000e+00
-1.000000000000000000e+00
-1.000000000000000000e+00
-1.000000000000000000e+00
4.470935678644180067e-01
1.000000000000000000e+00
3.117961092009930435e-01
-3.913816341518134290e-01
8.656740796822706141e-01
-6.210192343446476748e-01
1.000000000000000000e+00
6.634390773043628009e-01
8.265969765271157232e-01
2.435512557029393399e-01
-5.477947796474377240e-01
-1.000000000000000000e+00
7.204443143366223712e-02
1.000000000000000000e+00
8.047388003749478269e-02
6.330335417675880816e-01
-5.888021246950536636e-02
-1.000000000000000000e+00
2.884780112074100122e-01
-1.000000000000000000e+00
1.000000000000000000e+00
-1.000000000000000000e+00
1.000000000000000000e+00
-2.590472445781070165e-01
1.000000000000000000e+00
1.000000000000000000e+00
-1.000000000000000000e+00
-1.000000000000000000e+00
-2.230654859033323056e-01
1.349390878375226199e-01
-1.000000000000000000e+00
-1.000000000000000000e+00
-5.005699566149750535e-01
1.000000000000000000e+00
1.602225130096328887e-01
-1.000000000000000000e+00
3.712356712746102128e-01
1.000000000000000000e+00
5.971195021008135484e-02
-1.000000000000000000e+00
-5.179798840102518565e-01
-3.607239866284425167e-01
-8.367194398503551289e-01
-1.016190940934034170e-01
-1.000000000000000000e+00
2.602639886333493191e-01
-1.000000000000000000e+00
-4.880756763579594537e-01
-5.089900902328455823e-01
-3.123861909007247251e-01
-7.129337500607531020e-01
-1.000000000000000000e+00
1.000000000000000000e+00
7.575738875567902264e-01
1.000000000000000000e+00
8.912092131922251248e-01
1.000000000000000000e+00
4.312867101609282328e-01
-5.420867551879510193e-01
-1.000000000000000000e+00
-8.716489861751807178e-01
1.000000000000000000e+00
9.886397375483041428e-01
1.000000000000000000e+00
-2.006634062020044018e-01
-3.820091647649757061e-01
-1.000000000000000000e+00
7.866970117330731593e-01
-1.197916236725041772e-01
-7.980424479141868810e-01
-1.000000000000000000e+00
-6.393113843888190706e-01
-1.000000000000000000e+00
-4.605724912853737668e-02
-5.806890749085105163e-01
-4.870076217751874714e-01
1.007883005610133720e-01
3.806244968046836874e-01
2.547253568708667815e-01
-4.885348245537426970e-01
8.410283041266471971e-01
-6.983713265055420116e-01
6.900734230734903996e-01
-6.557802565398330730e-01
1.000000000000000000e+00
6.480556757654980515e-01
1.000000000000000000e+00
1.000000000000000000e+00
-2.101225266040962492e-02
-7.969096419673188381e-02
-1.030300588297899805e-01
-8.909031518511716374e-01
-9.852737251919604367e-01
1.000000000000000000e+00
-4.621824783820180360e-02
5.062283131399452074e-01
1.105003861572223384e-01
-1.000000000000000000e+00
-3.395018103622602923e-01
-9.802814663238912374e-01
-9.135131515277038483e-01
-1.000000000000000000e+00
1.000000000000000000e+00
-7.005346301153558830e-01
-1.000000000000000000e+00
1.000000000000000000e+00
1.000000000000000000e+00
-7.899462787768589678e-01
-1.000000000000000000e+00
8.004531103057794805e-01
8.859139282743955235e-02
-3.921943608266948988e-01
-6.128820850136020848e-01
1.000000000000000000e+00
-1.000000000000000000e+00
2.514073732954535401e-01
1.000000000000000000e+00
1.000000000000000000e+00
6.931104552119669027e-01
2.256922340337363386e-01
-4.053547649773835138e-02
-1.000000000000000000e+00
6.416742728238047366e-01
1.000000000000000000e+00
-6.939845416867373995e-01
5.653459516543586361e-01
-2.923141531352376199e-01
5.128174990936976707e-01
-1.000000000000000000e+00
1.000000000000000000e+00
3.133803927187590044e-01
-1.000000000000000000e+00
8.875260366002990509e-01
-6.562178717710908105e-01
-5.267321824607363867e-01
-1.000000000000000000e+00
-1.000000000000000000e+00
6.502020305492910435e-01
-1.000000000000000000e+00
-3.059520258649583435e-01
6.116351839352981434e-01
2.214750730449970284e-01
-5.752256210828445848e-01
1.000000000000000000e+00
-8.626740915438788626e-01
-1.497040412938770715e-01
8.660730613424072466e-01
-8.190505218204188198e-01
-1.000000000000000000e+00
-6.968702204391755695e-01
1.000000000000000000e+00
7.826322357122481588e-01
3.282950480660270509e-01
-3.919661166590451828e-01
1.686306599890471936e-01
3.748521132802513089e-01
3.084725579090494274e-02
1.150133467815018379e-01
7.087033841840124637e-01
-6.254743263845371493e-01
1.000000000000000000e+00
1.000000000000000000e+00
-8.547693683451553781e-01
-7.136670239025967311e-01
-9.501761302151304767e-01
-1.000000000000000000e+00
1.000000000000000000e+00
-6.883245238505645291e-01
-6.358444675242509447e-01
1.000000000000000000e+00
-2.720257131203757117e-01
-8.555806791756942475e-01
1.000000000000000000e+00
1.000000000000000000e+00
1.000000000000000000e+00
1.000000000000000000e+00
-2.559802730795918690e-01
1.000000000000000000e+00
9.331596366923720076e-01
-1.853441998318368644e-01
-1.000000000000000000e+00
3.786592006108849273e-02
-5.326598182693548234e-01
-5.179576743669979111e-01
1.000000000000000000e+00
-1.000000000000000000e+00
-9.377709482309275479e-01
4.424593889462871132e-01
-1.000000000000000000e+00
1.000000000000000000e+00
-1.460914762904894915e-01
8.788123336497767335e-01
-1.000000000000000000e+00
-1.000000000000000000e+00
6.665299384054423903e-01
6.140539419289562373e-01
1.000000000000000000e+00
-1.000000000000000000e+00
-1.000000000000000000e+00
-1.000000000000000000e+00
-6.405190142424519451e-01
-2.300580924738995781e-02
6.026748505106700460e-01
-5.357369649772555920e-02
-6.349142643943948006e-01
1.000000000000000000e+00
1.000000000000000000e+00
6.537964711993735634e-01
1.000000000000000000e+00
7.709133930056427664e-01
9.220539269827648932e-01
-8.442931387182661673e-01
1.000000000000000000e+00
9.901826609721046113e-01
7.200868110576518211e-01
-1.000000000000000000e+00
1.000000000000000000e+00
1.133129069385763361e-02
-7.889185027485939861e-01
-9.903709005548616551e-01
-4.327932958094831140e-01
1.000000000000000000e+00
-1.000000000000000000e+00
7.258608781159296974e-01
7.027117122640524904e-01
-3.963186881878744128e-01
-9.186936681706991958e-01
1.080253196119267123e-01
1.000000000000000000e+00
5.319019671175471142e-01
1.025944086068612121e-01
3.851788499256568465e-02
-7.107457536292014488e-01
5.770570130980676726e-01
1.000000000000000000e+00
-5.465915642523891949e-01
1.000000000000000000e+00
-1.000000000000000000e+00
-5.106759117810937276e-01
7.174229018984561168e-02
-4.518148369346727256e-01
1.000000000000000000e+00
6.024167165982277083e-01
-1.000000000000000000e+00
5.285857432959804036e-01
-8.471056138031411997e-01
-5.319995097462054678e-01
-1.000000000000000000e+00
-6.576810409252085154e-01
8.341866874719893188e-01
-1.000000000000000000e+00
-8.902295492822231981e-01
1.000000000000000000e+00
-1.000000000000000000e+00
1.000000000000000000e+00
6.734097322204187774e-01
-8.333121402168510716e-01
-4.553494115819390897e-01
-1.000000000000000000e+00
-5.788413533728004046e-01
3.006745738636962817e-01
-1.283599176997701763e-02
-1.000000000000000000e+00
1.623042355076790288e-01
-5.634677750102690119e-01
2.604436134675440218e-01
-6.832073422939011209e-01
4.037986586923639210e-01
9.264922801837252031e-01
-1.000000000000000000e+00
1.000000000000000000e+00
-1.000000000000000000e+00
-3.448189943665431745e-01
-8.754858321460159409e-01
1.000000000000000000e+00
-1.000000000000000000e+00
-1.000000000000000000e+00
1.000000000000000000e+00
-4.672280056856730757e-01
-9.212286476355124876e-01
-1.000000000000000000e+00
-1.000000000000000000e+00
2.784397606601036745e-01
1.000000000000000000e+00
-8.310679836945715770e-01
-3.315407090254157141e-01
-6.617742873511892610e-01
-8.792290086887097900e-01
-1.000000000000000000e+00
9.035438841838194790e-01
-7.503214348728388661e-01
3.897649756814233202e-01
1.343528190304387193e-01
1.000000000000000000e+00
1.000000000000000000e+00
4.686572793159400341e-01
9.983476828620759802e-01
5.929709531228817276e-01
-2.906717995972872837e-01
1.242979391516555870e-01
-3.054182093802801368e-02
-1.000000000000000000e+00
1.000000000000000000e+00
-4.325797884048412922e-01
-9.705725081234829466e-01
4.801038225849235674e-01
1.000000000000000000e+00
1.000000000000000000e+00
-9.792444103699144975e-01
-8.386984000844460718e-02
5.572554609616626742e-01
1.321142476704690316e-01
2.536227487933002123e-01
1.000000000000000000e+00
3.426379543307258024e-01
2.511754749567615685e-01
7.790746449440624222e-01
1.000000000000000000e+00
-8.402875939046487996e-01
-3.856587694110716336e-02
3.116967920280134252e-01
-4.026960094074903962e-01
6.548106485176801161e-01
1.452161396442034902e-01
-1.000000000000000000e+00
-6.956475557285812794e-01
1.385309394660840798e-01
3.619961383782489550e-01
3.520587909715706121e-01
7.363199784218055211e-01
6.306062372822343609e-03
2.458150156922677132e-01
1.000000000000000000e+00
-2.055333808064714884e-01
1.000000000000000000e+00
-1.000000000000000000e+00
3.702505795254825149e-01
-5.521280441638634073e-01
-3.689883873389023794e-01
-1.000000000000000000e+00
4.244215338395792014e-01
-1.000000000000000000e+00
1.000000000000000000e+00
-4.784851737673183336e-02
-1.000000000000000000e+00
1.000000000000000000e+00
9.386969023841473803e-01
3.271952853407299466e-01
1.000000000000000000e+00
-6.607215454004640165e-01
7.753897776534948161e-01
6.059679527947043898e-01
4.022689382432124289e-02
5.654001994622208649e-01
1.058604463796647549e-01
1.000000000000000000e+00
8.594868657460312811e-01
-8.887732450060918943e-01
2.030705014491122617e-01
1.000000000000000000e+00
-3.385628847323078616e-02
-2.230878581539487704e-01
1.000000000000000000e+00
-3.944076921171646433e-01
1.000000000000000000e+00
3.681623717205774193e-01
-9.004857710655523872e-01
-6.480502494963394922e-01
-1.000000000000000000e+00
6.399600748248849280e-01
-7.265115367216501419e-01
9.630716321441521455e-01
-7.121822326877355058e-01
7.594520670973256005e-01
-5.966897922980048952e-01
5.195582788529478080e-01
-1.000000000000000000e+00
-1.974058178442330558e-01
1.000000000000000000e+00
7.717624866637350090e-02
1.000000000000000000e+00
9.647563471356821463e-01
3.801293864864513372e-01
2.095919107137621529e-01
-2.744754623279646588e-01
3.060344684781752256e-01
-1.000000000000000000e+00
1.009692862245412659e-01
3.631876302435524950e-01
1.934410113306860302e-01
-4.523488146818113731e-02
-1.000000000000000000e+00
-1.633164120227569849e-01
6.803139191371536665e-01
-1.567191118293094210e-01
-3.268963660290314377e-01
1.000000000000000000e+00
1.000000000000000000e+00
2.807057639894942058e-01
2.249011954921458223e-01
-1.000000000000000000e+00
-1.000000000000000000e+00
-1.000000000000000000e+00
-9.861146254219443907e-01
1.061734279659000413e-01
-1.000000000000000000e+00
-3.430612342899451161e-01
1.000000000000000000e+00
1.000000000000000000e+00
3.865152182446408569e-01
3.044191126510877310e-01
9.934924586710889294e-01
-3.600190842591128454e-02
-3.680491535857099983e-01
-1.000000000000000000e+00
-1.000000000000000000e+00
-5.034789169935001141e-01
4.312522647908552109e-01
-1.000000000000000000e+00
-1.366543440403139575e-01
1.000000000000000000e+00
-1.000000000000000000e+00
4.071732699114094522e-01
-4.757712635161012171e-01
-5.713001280851082164e-01
-3.303351645342822440e-02
5.044490544039706981e-01
1.000000000000000000e+00
8.040472249093937318e-01
1.000000000000000000e+00
-1.134849040995649927e-01
1.000000000000000000e+00
1.351537341371401163e-02
-3.591191452732157563e-01
3.140412081155846136e-01
1.219157699880007162e-01
-2.747805057050185518e-01
-6.903308068922846541e-01
3.321704859594956649e-01
-1.000000000000000000e+00
-4.803052277922543745e-01
2.228214041677518131e-01
-8.910918595351808857e-01
5.366117656456523832e-01
9.258621073076388486e-01
9.354962742077324589e-02
5.386454596133657402e-01
8.327715587419926013e-02
-1.000000000000000000e+00
1.000000000000000000e+00
5.575565158288255940e-01
9.457741433489820493e-02
-1.000000000000000000e+00
-8.501420715903720282e-01
8.032716017474672565e-01
-2.536117202817277372e-01
-1.905382373151476294e-01
7.863548476304234036e-01
-1.000000000000000000e+00
1.000000000000000000e+00
1.658932953734418847e-01
-1.000000000000000000e+00
-1.257619898933221014e-03
4.628392369502256631e-01
7.489031255982772084e-01
1.000000000000000000e+00
-1.528574062815596657e-01
-1.000000000000000000e+00
-4.904582088922934124e-01
1.000000000000000000e+00
-3.232924151796672252e-01
1.000000000000000000e+00
4.976651560050850964e-01
-1.000000000000000000e+00
1.000000000000000000e+00
-1.000000000000000000e+00
-1.355274686997763600e-01
-1.000000000000000000e+00
6.682768982659474943e-01
-1.469757256574258097e-01
-1.000000000000000000e+00
-1.000000000000000000e+00
1.000000000000000000e+00
4.137958227326922755e-01
5.298467366296285563e-01
1.000000000000000000e+00
1.000000000000000000e+00
-1.000000000000000000e+00
-1.000000000000000000e+00
-1.000000000000000000e+00
1.970490433976439526e-01
-5.135430259093928806e-02
1.829806110680956555e-02
4.887454128827998234e-01
5.807036695203654508e-01
1.000000000000000000e+00
6.797669921884019750e-01
-1.000000000000000000e+00
2.592651800017412578e-01
-4.707151113426377154e-01
-6.284963769354676710e-01
4.994301414702289055e-01
1.000000000000000000e+00
-2.328618561838515788e-01
1.000000000000000000e+00
-1.000000000000000000e+00
9.242911603235881568e-01
-1.209560580691818044e-01
-1.000000000000000000e+00
-6.862496969863037810e-01
8.330389918684319994e-01
2.903231883108031708e-01
6.198126705420780036e-01
-5.934459151693094459e-01
4.589519466376523193e-01
-5.946018658698224435e-01
5.700376995080994047e-02
-3.778642317687029850e-01
-1.000000000000000000e+00
8.561467621623984892e-01
1.000000000000000000e+00
8.418834488456038434e-01
-1.451573943662178012e-01
-1.138394960934030475e-02
1.000000000000000000e+00
3.231572803140094763e-01
-4.782901516246840234e-01
-6.424977335353511121e-01
-1.558596379817125677e-01
-1.000000000000000000e+00
4.075014728542517700e-02
6.639865303357915804e-01
-8.075814044444712403e-01
-6.545913511284696673e-01
3.141489123280092888e-01
-1.280881303181605757e-01
1.000000000000000000e+00
-1.000000000000000000e+00
-4.379009916540327896e-01
1.000000000000000000e+00
1.000000000000000000e+00
8.699131498349848002e-01
1.000000000000000000e+00
-5.708971128332391842e-01
-1.000000000000000000e+00
1.000000000000000000e+00
-1.000000000000000000e+00
5.699985440952556326e-01
-1.000000000000000000e+00
-7.680567130652221630e-01
1.000000000000000000e+00
-2.320538524204473763e-01
3.810706570396233395e-01
-3.573382199008225957e-01
1.000000000000000000e+00
-1.216975582655756283e-01
1.000000000000000000e+00
-1.000000000000000000e+00
1.000000000000000000e+00
-5.657850424885745300e-01
1.850420844817209087e-01
6.858845066440499849e-01
1.000000000000000000e+00
-8.773569489607312422e-01
1.000000000000000000e+00
1.000000000000000000e+00
3.346520459696464278e-01
-7.209620367064086821e-01
1.000000000000000000e+00
1.000000000000000000e+00
-1.000000000000000000e+00
-8.322361031111177865e-02
1.000000000000000000e+00
-7.746113491236267246e-01
1.000000000000000000e+00
1.000000000000000000e+00
1.000000000000000000e+00
1.000000000000000000e+00
1.000000000000000000e+00
8.326287227589176942e-02
-3.064268105625793104e-01
7.776666613520069049e-01
3.579015720088070673e-01
2.736915384064756429e-01
9.798500087308305018e-01
9.579917194690644733e-01
-1.000000000000000000e+00
9.770593694132666540e-01
4.416894962830614224e-01
7.813954000616920581e-01
-1.000000000000000000e+00
1.000000000000000000e+00
2.670546309696767429e-01
1.000000000000000000e+00
2.326959991891289770e-01
6.202395124712187791e-01
1.000000000000000000e+00
-6.652447713942972740e-01
-4.680484696380313170e-02
7.119288951077993310e-01
-6.082161214450887421e-01
1.000000000000000000e+00
1.000000000000000000e+00
1.724235715658047063e-01
-7.971807915854843829e-01
-7.760623621769811020e-01
1.000000000000000000e+00
-7.627884923808783135e-01
8.506129112603783016e-02
2.052982022702358189e-01
-1.000000000000000000e+00
-4.379446817075822729e-01
-6.870735026071653762e-01
-3.538506635219847429e-01
1.000000000000000000e+00
-3.028810926215184107e-01
1.000000000000000000e+00
-3.650428495011476260e-02
2.774978802207769824e-01
-1.000000000000000000e+00
6.540967603053442492e-01
-3.625612801126177343e-01
2.319524256159276598e-01
-6.797950588378376402e-01
3.325132728635795121e-01
2.430855323526014133e-01
-2.803358646174357038e-01
1.000000000000000000e+00
-2.110392286721796684e-01
2.033571457358414880e-01
8.193250778120125810e-02
1.000000000000000000e+00
-5.626836762134711512e-01
4.289159556045201716e-01
9.597874447010636967e-01
-3.649748292212392498e-01
-7.043093082673401728e-01
1.211991268099099073e-01
-2.984024099597523683e-01
-5.953147212734144489e-01
9.742118524569307603e-01
-2.814992825906222351e-01
1.000000000000000000e+00
5.588858496649233842e-01
1.000000000000000000e+00
9.181509352928319823e-01
-3.878681374468552212e-01
-6.909102699884454024e-01
6.344850812132282192e-01
-6.028774654477058181e-01
1.000000000000000000e+00
-1.000000000000000000e+00
3.232637561933389692e-01
-8.834763254716861969e-01
-1.000000000000000000e+00
-1.000000000000000000e+00
5.181264043164528488e-01
-5.278805033639926148e-01
1.000000000000000000e+00
1.000000000000000000e+00
2.071557586529679251e-02
-4.964725693384102190e-01
9.207452384637735410e-01
1.000000000000000000e+00
-5.914134352316461340e-01
1.000000000000000000e+00
1.000000000000000000e+00
3.438116715785825006e-01
-1.000000000000000000e+00
3.640368996717117112e-01
3.816014217664380204e-01
-6.249596804629922175e-01
9.309423548187654163e-01
7.591639855217875432e-01
3.887960949262886379e-02
-6.771219876412376548e-02
-6.838914065533966413e-01
2.441442738040143223e-01
-3.199641036188182186e-01
-1.000000000000000000e+00
-1.000000000000000000e+00
-4.800192250946178074e-01
-1.000000000000000000e+00
7.973189577945715145e-01
7.914842575352345477e-01
1.000000000000000000e+00
-1.447554658846649245e-01
1.513996482120742448e-01
-6.304910323165591191e-01
-3.290914555169216493e-01
-1.000000000000000000e+00
