-7.220153235118684787e-01
-6.521744306874246444e-01
1.000000000000000000e+00
8.450472985887598210e-01
1.000000000000000000e+00
-1.000000000000000000e+00
-1.000000000000000000e+00
6.281822732008394139e-01
-1.000000000000000000e+00
-8.899889253228174812e-01
2.778266606452824972e-01
-8.506848211985171826e-01
-7.720947244133358200e-01
2.748394948641237900e-01
1.000000000000000000e+00
1.000000000000000000e+00
-1.000000000000000000e+00
3.339415790685891228e-01
-5.469503833549758109e-01
-2.814817342591714455e-01
1.000000000000000000e+00
7.225155766004625058e-01
-5.662658370307807054e-01
-6.727790988347259749e-01
1.000000000000000000e+00
-1.000000000000000000e+00
1.000000000000000000e+00
-1.000000000000000000e+00
-3.860069289741481224e-01
-1.684355827709463904e-01
-3.580091003886271550e-01
4.437379999714103906e-01
1.000000000000000000e+00
1.000000000000000000e+00
1.000000000000000000e+00
-1.000000000000000000e+00
1.526524456531136442e-01
-9.199088147377970648e-01
1.000000000000000000e+00
-9.878195516156879075e-01
-7.964708678945309206e-01
-1.000000000000000000e+00
7.064446637017005592e-01
-1.519685916446916751e-01
1.000000000000000000e+00
-7.429438682443613162e-01
2.751650320344358747e-01
3.645714866161381407e-01
1.000000000000000000e+00
1.000000000000000000e+00
-1.000000000000000000e+00
1.229266471111662151e-01
3.474975364927608279e-01
-3.259836090776823125e-01
2.432876437389421831e-01
-7.252563151688706800e-02
-1.000000000000000000e+00
-1.125377116371544250e-01
1.000000000000000000e+00
-9.414334144772609214e-01
-1.000000000000000000e+00
1.000000000000000000e+00
2.313536656624464172e-01
9.989020139559307010e-01
1.000000000000000000e+00
1.000000000000000000e+00
-1.000000000000000000e+00
4.563768893029351847e-02
-4.040408224100385803e-01
1.000000000000000000e+00
-1.000000000000000000e+00
-1.000000000000000000e+00
-1.000000000000000000e+00
4.325819768106639596e-01
1.000000000000000000e+00
-5.577957088276130904e-01
-1.000000000000000000e+00
-3.651158589184343439e-01
6.702967295129034220e-01
1.000000000000000000e+00
-1.000000000000000000e+00
-4.194230687712793282e-01
-1.892379957166403504e-01
5.603580330968757073e-01
2.634454657647686271e-01
-3.538037089507156674e-01
1.000000000000000000e+00
-1.000000000000000000e+00
-1.000000000000000000e+00
1.000000000000000000e+00
1.000000000000000000e+00
-7.282547219639661229e-01
-3.988051107693187936e-01
9.371587804591210435e-01
-1.000000000000000000e+00
-1.000000000000000000e+00
7.277241996752805697e-01
1.000000000000000000e+00
-9.196718121450104810e-01
-9.382919289616648006e-01
7.253633425972856597e-03
-2.698296901531623826e-01
-5.397354567280745474e-01
-1.000000000000000000e+00
-1.000000000000000000e+00
-4.264948916008752811e-01
-1.000000000000000000e+00
-1.000000000000000000e+00
-1.000000000000000000e+00
-4.644444686744736983e-01
-1.000000000000000000e+00
1.485295178276583861e-01
-1.000000000000000000e+00
-1.000000000000000000e+00
8.233171099662188741e-01
-1.000000000000000000e+00
-8.670882910918477071e-01
-1.000000000000000000e+00
1.918927268112326223e-02
1.558070123391597228e-02
7.526528111799411780e-02
-9.035405395915589999e-01
1.000000000000000000e+00
-7.425501014553028689e-01
-9.532979357918186514e-01
6.489731990990115218e-01
-9.285019017084618076e-01
-2.004134599564085795e-01
-1.000000000000000000e+00
-2.808738929371247250e-01
-1.000000000000000000e+00
2.985083198430943385e-01
8.225561987446800005e-01
1.404593006196329652e-01
-9.305601646702919005e-01
-1.000000000000000000e+00
-1.000000000000000000e+00
-1.000000000000000000e+00
1.000000000000000000e+00
-1.000000000000000000e+00
-6.408104742377536134e-01
2.970080481446100151e-01
-1.000000000000000000e+00
3.622650972594846919e-01
-9.800786043974260009e-01
-1.000000000000000000e+00
-6.290988488700429704e-01
1.005336088425175245e-02
1.000000000000000000e+00
8.160788721484410480e-02
-1.000000000000000000e+00
-2.807295944561905010e-02
-3.985119216711829893e-02
-2.282640571017929831e-01
-1.000000000000000000e+00
9.246391307000838555e-01
-8.809051918989565522e-01
5.798943702984988846e-01
-9.784229452328125909e-01
1.000000000000000000e+00
1.000000000000000000e+00
-1.000000000000000000e+00
1.000000000000000000e+00
1.000000000000000000e+00
-2.677571953004831418e-01
-9.917791603620031982e-01
-6.776769004216631753e-02
1.000000000000000000e+00
-3.508415379842363402e-01
8.446552390900075036e-01
9.551981751235323337e-01
7.200874341129619438e-01
-5.149197949550285980e-01
1.000000000000000000e+00
1.000000000000000000e+00
1.945970592040920377e-01
1.854529898854025138e-01
-1.000000000000000000e+00
7.074409072253802222e-01
9.344333426990486524e-02
-3.911867639159245513e-01
1.000000000000000000e+00
4.415555220070456754e-01
-1.000000000000000000e+00
-2.799300037944495445e-01
1.000000000000000000e+00
1.000000000000000000e+00
-1.000000000000000000e+00
-1.000000000000000000e+00
6.274654807922593891e-01
9.694880202833755511e-02
5.511068249719489609e-01
1.000000000000000000e+00
-3.071474257705459343e-01
7.892328233078660382e-01
1.000000000000000000e+00
-1.296423639157069374e-01
-1.000000000000000000e+00
-1.859999652708025641e-01
-9.694242231906278207e-01
-5.443363162628481744e-01
1.985142248970024614e-01
7.244400151845720170e-02
-1.000000000000000000e+00
1.000000000000000000e+00
1.000000000000000000e+00
6.719175011162832334e-01
1.000000000000000000e+00
1.000000000000000000e+00
-1.000000000000000000e+00
-5.276481525092052705e-02
-4.429817385895757909e-01
-1.000000000000000000e+00
-6.106325134853533010e-01
-1.000000000000000000e+00
-6.473235684467784079e-01
6.522031633678385676e-01
-9.490271984195240984e-01
-1.000000000000000000e+00
1.000000000000000000e+00
-1.000000000000000000e+00
-2.905067656075907001e-01
2.028606089824380732e-02
4.678242356597255291e-01
4.323711272470590061e-01
4.345263951355371468e-01
-8.610337219332598879e-01
-9.592355291592306044e-01
-5.789404760674549122e-01
-3.257947649352916919e-01
3.409838391897160870e-01
-3.279147570736080652e-01
-5.186748877051543527e-01
3.201296629694859175e-01
1.000000000000000000e+00
1.000000000000000000e+00
8.177920574594053083e-01
4.040540240111186177e-01
1.000000000000000000e+00
-1.000000000000000000e+00
7.818882813485439343e-02
1.000000000000000000e+00
-8.931350528685123857e-02
2.474367856744899008e-01
7.638395831426200155e-01
3.136231731539153023e-01
-7.416874847026323492e-01
-1.000000000000000000e+00
9.726275144632617886e-01
9.361320472526316605e-01
-4.802073239880347288e-01
8.113972659492982853e-01
-4.583623248405156447e-01
1.000000000000000000e+00
5.469586068709955118e-01
7.694444281731586122e-01
-1.000000000000000000e+00
-8.937299467656107943e-01
1.000000000000000000e+00
-6.315487976615108412e-02
-1.290371878670558692e-01
9.357161250549843601e-01
4.204070922707935365e-01
1.000000000000000000e+00
5.776838834529697264e-01
-1.000000000000000000e+00
1.000000000000000000e+00
1.000000000000000000e+00
-8.336630721752745776e-01
-3.668597572310551280e-01
-1.000000000000000000e+00
1.703082080440816437e-01
-2.890407124411280559e-01
1.000000000000000000e+00
-6.169093298916765722e-01
-6.847399731049841343e-01
-1.000000000000000000e+00
1.000000000000000000e+00
-4.756426181934343966e-01
-9.293701594302914426e-01
1.000000000000000000e+00
1.000000000000000000e+00
1.000000000000000000e+00
-1.000000000000000000e+00
2.035287429385963520e-01
-7.872346159342525906e-01
1.343580048583740139e-01
-9.414513618167852371e-01
9.409620036920017805e-01
-1.000000000000000000e+00
1.000000000000000000e+00
-1.000000000000000000e+00
2.420437819574734473e-01
3.343747521171940296e-01
-2.745056595314134817e-01
6.665987151733149263e-01
9.828385933528629437e-01
-1.000000000000000000e+00
-7.492521353040190180e-01
-2.929165775526282323e-01
4.665904136809678748e-01
-4.115064210646886267e-02
-8.376627382041224035e-01
-2.141709874035753192e-01
7.629343968515106544e-02
9.797553443460946809e-01
6.611448284483395499e-02
2.410549712629344588e-01
-8.101654979131794887e-01
-1.000000000000000000e+00
-1.000000000000000000e+00
-3.096981646000702693e-01
-4.269712134087867428e-01
1.000000000000000000e+00
6.580720225362007847e-01
-5.985539125281512662e-01
1.000000000000000000e+00
3.330973438270671272e-01
1.593789787120720169e-01
1.000000000000000000e+00
-1.000000000000000000e+00
1.000000000000000000e+00
-7.573980436614931033e-01
1.000000000000000000e+00
1.000000000000000000e+00
1.000000000000000000e+00
-1.000000000000000000e+00
1.670692336540692824e-01
-4.697136257081102606e-01
-1.000000000000000000e+00
-1.469179885583942191e-01
8.631496335750497018e-01
-1.000000000000000000e+00
-5.086194440325126909e-01
2.439417847201228451e-01
-4.791087907072436036e-01
1.000000000000000000e+00
7.809684215923513584e-01
-6.113903706184472542e-01
-1.181712941105716730e-01
7.635531456262090177e-02
4.494535682294792944e-01
2.219355056335954868e-01
9.306288396463929802e-01
-1.473630864235486726e-02
-1.000000000000000000e+00
-8.649173922272401782e-01
4.871023302621491080e-01
2.346388119703292918e-01
4.807163559892825289e-01
1.361599641470923050e-01
2.019362497302785719e-01
6.828814351343392985e-01
1.000000000000000000e+00
-2.465270179677471196e-01
3.886458146697023830e-01
-1.000000000000000000e+00
-1.000000000000000000e+00
-9.057517075605898693e-01
-9.912653101420989543e-01
-1.042098612218235187e-01
5.538778444043845894e-01
-1.557287371328431869e-01
-9.827737570691541524e-01
-1.000000000000000000e+00
-4.279080599205222768e-01
4.052905790495424099e-01
-5.172283486891592341e-01
-8.076593751619294270e-01
-6.500313851499883722e-01
-1.000000000000000000e+00
-3.690393433132324597e-01
2.677107496832886735e-02
1.000000000000000000e+00
1.000000000000000000e+00
1.000000000000000000e+00
-6.249401270677356068e-01
-1.000000000000000000e+00
1.623722192239502315e-01
8.615556725421835704e-01
-8.637848902522171635e-03
1.000000000000000000e+00
-1.000000000000000000e+00
1.000000000000000000e+00
-1.000000000000000000e+00
1.307008734644785619e-01
-1.000000000000000000e+00
5.599699657749301895e-01
-1.000000000000000000e+00
1.082741505011511896e-01
9.950283221727301841e-01
1.000000000000000000e+00
-1.000000000000000000e+00
-3.128937453294687865e-01
1.000000000000000000e+00
-5.114328068093464408e-01
-1.000000000000000000e+00
8.600038195000571373e-02
1.000000000000000000e+00
9.503691923315580325e-01
-3.373856988861752004e-01
-1.000000000000000000e+00
-1.000000000000000000e+00
-7.746492910958406863e-01
-6.273987912760762287e-01
-1.000000000000000000e+00
1.000000000000000000e+00
2.984615455094441483e-02
1.000000000000000000e+00
-1.000000000000000000e+00
-4.059507650910711418e-01
5.116610864054272900e-01
3.682804816164828021e-01
8.452825205619698412e-01
5.573187717288188292e-01
-1.555535788531036689e-01
4.957500913313999114e-01
-3.370595144744876759e-01
8.749308498901565700e-01
1.000000000000000000e+00
5.177557370879217746e-01
7.782181242262853349e-01
1.000000000000000000e+00
4.441127823112256401e-01
-1.000000000000000000e+00
-2.812313410077465492e-01
-5.093467637223239031e-01
-1.994579627753269857e-01
-6.914412414365570525e-01
-1.000000000000000000e+00
-5.812908871859272519e-01
6.066655199505165408e-01
5.910648808140710475e-01
3.565582061204231046e-02
2.584640690397885798e-01
-1.000000000000000000e+00
2.248532511073633167e-01
-1.000000000000000000e+00
-1.000000000000000000e+00
-9.790305786274262623e-01
-3.912774385598597471e-01
1.379728376105379128e-01
-8.849058759181793743e-01
5.918770663974448620e-02
6.313496948641896811e-01
-1.000000000000000000e+00
6.542966429800053385e-01
1.000000000000000000e+00
-1.000000000000000000e+00
-4.495739625397221495e-01
9.269313729548684933e-01
-1.000000000000000000e+00
1.374173589318230526e-01
1.839114703442778775e-01
1.000000000000000000e+00
7.988060577910670590e-01
1.000000000000000000e+00
4.543243610991456460e-01
7.945441102850336890e-01
-5.834975423110628778e-01
-1.179464604335471734e-01
2.522062000857077102e-01
-3.353222700652839228e-01
1.000000000000000000e+00
1.000000000000000000e+00
1.000000000000000000e+00
6.798114310480254385e-01
-4.731401746617814874e-01
-1.000000000000000000e+00
7.139216502509704299e-03
1.000000000000000000e+00
7.943816230664582090e-01
1.000000000000000000e+00
-6.210191481537921110e-01
-2.486882041846428804e-01
1.000000000000000000e+00
-8.972294079964409086e-01
-1.000000000000000000e+00
1.000000000000000000e+00
1.000000000000000000e+00
-1.000000000000000000e+00
1.000000000000000000e+00
2.102127351767402175e-04
-1.000000000000000000e+00
6.148880359775998894e-01
-1.000000000000000000e+00
4.674983620652792826e-01
2.634159605649284974e-01
-9.472951152217912174e-02
-1.000000000000000000e+00
1.000000000000000000e+00
-8.929802121885455080e-01
1.000000000000000000e+00
1.172931139528296113e-01
-2.509928689755736020e-02
-1.000000000000000000e+00
1.000000000000000000e+00
1.455930505159059862e-01
5.127622394591802024e-02
1.000000000000000000e+00
-5.558124024292734333e-01
-3.657489530137293388e-01
8.229014666974157066e-01
1.000000000000000000e+00
1.000000000000000000e+00
-1.000000000000000000e+00
6.400413022116671069e-01
7.534902697487011469e-01
-1.000000000000000000e+00
1.531081761535909580e-01
8.081181696189212449e-01
8.280902985296625385e-01
-6.352568329849461737e-01
-8.536357937099836590e-02
5.540917123807580502e-01
-1.000000000000000000e+00
-3.179235228160517401e-01
-8.976094631024872372e-01
-1.000000000000000000e+00
1.000000000000000000e+00
1.000000000000000000e+00
1.000000000000000000e+00
1.000000000000000000e+00
8.401224429911656744e-01
-1.667408412925872607e-01
1.000000000000000000e+00
1.000000000000000000e+00
1.000000000000000000e+00
1.493093112376966403e-01
1.000000000000000000e+00
8.714434758676863346e-01
1.671734140318998918e-01
-5.762045891448160928e-01
2.059370166045347839e-01
-1.000000000000000000e+00
1.000000000000000000e+00
-9.446894704523021158e-01
-1.000000000000000000e+00
-1.000000000000000000e+00
-3.186628984009124560e-02
-7.805032416921406924e-01
1.000000000000000000e+00
1.000000000000000000e+00
-4.342158565198616094e-01
1.000000000000000000e+00
1.000000000000000000e+00
6.868868082675191333e-01
-3.824235239369613293e-01
1.000000000000000000e+00
-3.879876813895253296e-01
-1.000000000000000000e+00
1.000000000000000000e+00
6.269321868871740033e-01
7.953030382716570479e-01
-1.000000000000000000e+00
8.826227200669281014e-01
1.000000000000000000e+00
-1.000000000000000000e+00
-8.598163536010396957e-01
4.645581308737560255e-01
7.680645227204034864e-01
-6.875277670252429862e-01
1.220209046735210023e-02
8.589492748815331646e-01
2.049948075894676425e-01
-1.000000000000000000e+00
-1.000000000000000000e+00
-1.000000000000000000e+00
5.618774929098354631e-01
1.000000000000000000e+00
1.000000000000000000e+00
3.260960438256832461e-01
-1.000000000000000000e+00
1.342323799759267411e-01
-1.000000000000000000e+00
-1.000000000000000000e+00
-1.000000000000000000e+00
-3.941506637494501808e-01
1.000000000000000000e+00
-1.000000000000000000e+00
-1.000000000000000000e+00
1.000000000000000000e+00
4.524849309620493365e-03
1.000000000000000000e+00
2.529176224971925180e-01
3.201159357439786746e-01
1.000000000000000000e+00
9.213905339556480723e-01
5.356856167226264898e-01
-8.937504286725889147e-01
5.508179999263396187e-01
1.731688722062372232e-01
7.381149440331167266e-01
1.000000000000000000e+00
-8.626207348848908829e-01
-3.562871016707589433e-01
1.000000000000000000e+00
-1.000000000000000000e+00
-9.621501131845167087e-02
-5.417196348705366482e-02
-1.000000000000000000e+00
-1.000000000000000000e+00
1.000000000000000000e+00
-3.417293026693388747e-01
-1.000000000000000000e+00
5.822962416768149296e-01
-7.214542430023641595e-01
-3.763174035329686085e-01
1.000000000000000000e+00
1.000000000000000000e+00
-2.164388499525622400e-01
1.000000000000000000e+00
-1.000000000000000000e+00
-8.658819612339861971e-01
-6.390045793982833677e-01
1.609904894710300072e-01
1.000000000000000000e+00
-7.625491198272509319e-01
7.052677739711710192e-01
-6.683084316703391536e-03
4.615169523588634748e-01
1.000000000000000000e+00
-3.839700579797453717e-01
6.844617577748688397e-01
-8.781811131884453836e-01
5.948371528784840434e-02
5.424315194708064780e-01
6.174594707018196127e-01
-5.723604110694213709e-02
-1.000000000000000000e+00
9.144905948982791077e-01
-6.160603420363400806e-01
-6.076985325743050614e-01
1.000000000000000000e+00
-4.505280005948240074e-01
7.278999924483260386e-01
-2.395288694604388313e-01
-1.000000000000000000e+00
-3.873201907114897091e-01
1.315555371274168273e-01
1.000000000000000000e+00
-6.005794475171115643e-01
-1.000000000000000000e+00
1.000000000000000000e+00
1.000000000000000000e+00
-7.744591432240411910e-01
8.607932726780324062e-01
-1.000000000000000000e+00
1.000000000000000000e+00
-8.204756884012791573e-01
1.549413652503485173e-01
9.768985936826055649e-01
-3.240409720056885989e-01
3.952574651450782572e-02
1.570273476419075109e-01
-8.913026491959812336e-01
6.484789282787389864e-01
1.321827905133889924e-01
2.277064565740354318e-01
-1.000000000000000000e+00
3.229030517215891738e-01
1.000000000000000000e+00
-6.066719282246193501e-01
-9.017203940399760587e-01
1.888672272633895588e-03
3.261349899352474768e-01
1.000000000000000000e+00
-7.713126208813941842e-02
2.197522336464108328e-01
1.545953781818623085e-01
-5.410208778827527709e-01
-1.000000000000000000e+00
-1.000000000000000000e+00
-1.000000000000000000e+00
-1.574998121654980210e-01
-3.892133276936226016e-01
1.000000000000000000e+00
-7.519436811042801150e-01
9.440947366746874625e-01
7.481219521748053713e-01
5.308680222365993462e-01
-1.000000000000000000e+00
-3.602679498279670600e-01
1.000000000000000000e+00
5.813548391887271016e-01
6.002293855746347884e-01
-6.022146524264715417e-02
1.000000000000000000e+00
-1.000000000000000000e+00
-7.108041427578420945e-01
1.000000000000000000e+00
-2.607234764950032702e-01
1.000000000000000000e+00
1.000000000000000000e+00
2.631237547382381248e-02
-1.255109712767256136e-01
5.209737407204795279e-01
8.479641622122101596e-01
1.000000000000000000e+00
-1.000000000000000000e+00
1.985013961332111609e-01
-7.763635848521333038e-01
1.000000000000000000e+00
-1.000000000000000000e+00
7.007640111812891703e-01
-5.106000592979085262e-01
-1.000000000000000000e+00
-1.000000000000000000e+00
1.000000000000000000e+00
1.000000000000000000e+00
1.000000000000000000e+00
-1.000000000000000000e+00
4.392880140820870638e-01
-4.044343970394546628e-01
4.025150963429525719e-01
1.000000000000000000e+00
-1.000000000000000000e+00
-1.000000000000000000e+00
6.983281996204862008e-01
-1.000000000000000000e+00
-1.000000000000000000e+00
1.265599315018028914e-01
5.527538192508685277e-02
-5.775496940236273247e-01
6.386765437137544854e-01
8.679931339007954660e-01
-5.132487579464870553e-01
1.000000000000000000e+00
-7.294663428850065579e-01
4.432883164993678959e-01
-1.000000000000000000e+00
7.259901009829516916e-01
-1.000000000000000000e+00
-1.000000000000000000e+00
-4.531914599184423409e-01
-6.245694510136795552e-01
1.973898657292166847e-01
-4.201793949164642911e-02
1.000000000000000000e+00
1.000000000000000000e+00
1.000000000000000000e+00
-1.690150504316253466e-01
5.719755447820904504e-01
-4.831874178337250969e-01
-9.521939442983115565e-02
1.000000000000000000e+00
1.000000000000000000e+00
2.816644609207800132e-01
1.000000000000000000e+00
1.000000000000000000e+00
4.541307473013598273e-01
3.520185575052998117e-01
1.000000000000000000e+00
-1.000000000000000000e+00
-1.363814521552937920e-01
9.951127170216234052e-01
6.910611023812587295e-01
1.000000000000000000e+00
-9.441074769571640157e-01
2.998362323444886401e-02
3.031808905936630438e-01
1.000000000000000000e+00
-1.212902021638709305e-02
-1.000000000000000000e+00
1.000000000000000000e+00
-3.833002991174819241e-01
-1.000000000000000000e+00
9.778582949854874862e-01
1.000000000000000000e+00
1.358595944597897065e-01
-1.000000000000000000e+00
-6.631894631806526386e-01
1.000000000000000000e+00
-3.531746382676276275e-02
3.838362240455053254e-01
4.565111924921173014e-01
-4.275985239460497467e-02
-2.277843424812304451e-01
3.459291120784958595e-01
1.000000000000000000e+00
-1.000000000000000000e+00
1.000000000000000000e+00
-1.000000000000000000e+00
2.646009513416004710e-02
1.505252693323625712e-01
4.580945588342543173e-01
-1.000000000000000000e+00
-6.303806750412231930e-01
-1.000000000000000000e+00
3.513496738514596540e-01
3.473150511664926388e-01
-5.798846477400090293e-01
-4.768807823933932100e-01
-1.146518330628771010e-01
1.000000000000000000e+00
-4.904006193463060770e-01
-9.589308146654185183e-01
1.000000000000000000e+00
-1.000000000000000000e+00
1.000000000000000000e+00
6.438035443644339884e-01
1.130719996109389586e-01
-1.210561948968323781e-01
-1.000000000000000000e+00
-1.000000000000000000e+00
6.876672434123077826e-01
-1.000000000000000000e+00
1.957060716858839977e-01
1.000000000000000000e+00
-1.000000000000000000e+00
1.000000000000000000e+00
3.601331466626763733e-01
7.153605886595503227e-01
9.416686266576212994e-01
1.000000000000000000e+00
-1.000000000000000000e+00
1.000000000000000000e+00
-1.000000000000000000e+00
-3.160582182933455719e-01
-6.137589997972237033e-01
1.000000000000000000e+00
-1.000000000000000000e+00
-1.000000000000000000e+00
-4.584793207813331328e-01
1.000000000000000000e+00
-1.544351775749777389e-01
3.501316979929900985e-01
1.000000000000000000e+00
7.392705864676385463e-03
-6.101877765272908372e-01
-3.384953585178945845e-01
-1.000000000000000000e+00
-4.185067501918701693e-01
7.556193929522899699e-01
-9.136511440180611343e-02
6.703392104868902690e-01
-3.341875222495404585e-01
1.000000000000000000e+00
-1.716543375871282806e-01
6.483471201164712205e-01
-1.000000000000000000e+00
-8.696888945064931153e-01
8.509100569020016103e-01
-1.000000000000000000e+00
2.119178132549793259e-01
-1.000000000000000000e+00
-1.000000000000000000e+00
-1.000000000000000000e+00
-2.264970170262098903e-01
1.000000000000000000e+00
1.000000000000000000e+00
1.000000000000000000e+00
1.000000000000000000e+00
9.435272574226857278e-01
-1.000000000000000000e+00
-1.055743686869171083e-01
1.557454740269115234e-01
-6.294646042003562147e-01
-1.000000000000000000e+00
-4.187809980116644626e-01
-3.470898940925389864e-01
2.819283615312599967e-01
1.000000000000000000e+00
1.000000000000000000e+00
5.494529152340645872e-01
-3.082441003059057105e-01
6.933364035931730562e-01
1.000000000000000000e+00
1.115260584746337325e-01
4.438713116720343632e-01
1.000000000000000000e+00
1.000000000000000000e+00
-1.000000000000000000e+00
-5.166306602108705626e-03
-9.324780645485588604e-01
-3.760493703383170350e-01
-4.981300289904390111e-01
-4.086366696397488174e-01
6.504378597124708117e-01
1.000000000000000000e+00
-1.000000000000000000e+00
4.445593424204487554e-01
7.979879074326363675e-01
-1.000000000000000000e+00
-7.779631252259910923e-01
-2.816053909384499954e-01
-4.825740523341013888e-01
3.832596653362992378e-01
8.934810535894827099e-01
3.811720064706177261e-03
1.000000000000000000e+00
-1.771650338822061133e-01
-3.381453252652973918e-01
-2.466422298524719725e-01
-2.481696736385122226e-01
-1.000000000000000000e+00
1.000000000000000000e+00
-2.063196184420363899e-01
-4.973044317421446148e-01
5.546444632491109861e-01
-5.733472636469534311e-01
1.695286067406348574e-01
-7.205234437273899673e-01
-1.000000000000000000e+00
-4.072410761177622240e-02
-1.154196497321490211e-01
9.353123250594920224e-01
-1.000000000000000000e+00
-1.777811978226406520e-01
2.925701892569371187e-01
1.000000000000000000e+00
1.000000000000000000e+00
1.894478272548942577e-01
2.854066653935960485e-02
2.085217360877120729e-01
-8.026246577816482652e-01
2.205993686492737360e-01
-4.880947018194707887e-01
2.218646138141245061e-01
-1.000000000000000000e+00
4.366943552987079258e-01
-8.324310000190709991e-03
1.000000000000000000e+00
7.802845318388577089e-01
7.338866410077423685e-01
7.496911844914870837e-01
1.000000000000000000e+00
-1.000000000000000000e+00
5.414704509335224181e-01
8.537296175240123297e-01
-1.000000000000000000e+00
8.390651445372188100e-02
1.000000000000000000e+00
-3.779675143554927508e-01
4.275821518487933903e-01
2.463629177750638055e-01
1.000000000000000000e+00
-1.000000000000000000e+00
-1.860818449644698336e-01
-1.049193940433133659e-01
-4.536675324667824305e-01
9.461196618121111568e-01
-1.000000000000000000e+00
3.798103982230649489e-01
3.417344458117343442e-01
1.000000000000000000e+00
-4.088847627347654834e-01
2.669481257041316224e-01
-4.329483399655416065e-01
-1.000000000000000000e+00
2.941378503140564815e-01
-7.811181638037468788e-01
-8.692450028576998999e-01
1.000000000000000000e+00
-1.999835979256744944e-01
-5.435686138532140887e-01
1.000000000000000000e+00
1.337725137196127401e-03
-1.000000000000000000e+00
8.744201399577036238e-01
4.672703436467497418e-01
-7.425306110534905801e-02
-1.000000000000000000e+00
5.652221368672456780e-02
-1.000000000000000000e+00
3.675750157365607063e-01
5.154898083131012054e-01
1.000000000000000000e+00
-1.000000000000000000e+00
-7.247166021204056729e-01
2.169872891628387701e-01
1.000000000000000000e+00
3.136282550231740407e-01
6.479491165395051544e-01
-1.000000000000000000e+00
-4.177210737172037391e-01
-1.000000000000000000e+00
1.000000000000000000e+00
-3.713607323369844671e-01
1.431554686222217820e-01
-3.883975815824722289e-02
-1.000000000000000000e+00
-2.189932890686827061e-01
4.316398428701805345e-01
-7.827654340693434021e-01
6.650180643090076726e-01
7.102324905102065378e-01
9.824319992055333128e-02
-4.079769872522654994e-01
-5.901131490352226061e-01
-1.000000000000000000e+00
-1.000000000000000000e+00
6.233860022596664496e-01
-1.000000000000000000e+00
5.535685147745248447e-01
1.524483062575437420e-01
-1.000000000000000000e+00
6.136412487769846713e-01
-5.875938164279175258e-01
-6.047832980594198826e-01
-8.262861519078055217e-01
1.000000000000000000e+00
1.000000000000000000e+00
8.947769798020792642e-01
4.942143413437438682e-01
9.451997955720267131e-01
4.643646813455313827e-01
-9.196279717207586635e-02
2.661562207684708969e-03
-1.000000000000000000e+00
-4.375051277276437167e-01
-6.759757547975851766e-02
7.656406242174826904e-01
1.000000000000000000e+00
7.424452917395616414e-01
7.446955412069902192e-01
1.000000000000000000e+00
1.000000000000000000e+00
4.256018804759797436e-01
1.000000000000000000e+00
-7.086030160201369776e-01
1.189871634063356665e-02
1.000000000000000000e+00
4.877559881347326431e-02
-1.000000000000000000e+00
-7.351202437674417833e-01
-3.058860790662968343e-01
1.000000000000000000e+00
7.715342122332925490e-01
-1.000000000000000000e+00
4.510967615085955673e-01
4.656154999789230420e-01
-9.202039533201153976e-01
2.519153600107253421e-01
-2.754940564855661023e-02
-2.638135949304443173e-01
-1.000000000000000000e+00
-9.768590417347668975e-01
-5.805341395083398748e-01
-2.147810926541909582e-01
1.000000000000000000e+00
1.000000000000000000e+00
1.000000000000000000e+00
-1.000000000000000000e+00
-7.597266247990723809e-01
-5.305139207181106542e-01
-3.881131738073306803e-01
-1.000000000000000000e+00
6.934892547824517139e-01
-1.573263415471746196e-01
1.626655651740790409e-01
-9.624549025946160796e-01
-1.000000000000000000e+00
-1.000000000000000000e+00
2.050072096945946831e-01
-4.299793991745102795e-01
-5.537340276684799001e-01
-1.000000000000000000e+00
-7.062169311398295291e-01
6.581035797553326239e-01
1.000000000000000000e+00
-1.850918697592405793e-01
5.206025431846759283e-02
-3.257909892580740374e-01
-1.000000000000000000e+00
-3.220169922191538081e-01
-1.981846894663923109e-01
-5.909887602710391930e-01
3.146129257146026426e-01
-8.165595162780961980e-01
1.000000000000000000e+00
-9.699313417367763090e-01
1.000000000000000000e+00
-1.000000000000000000e+00
6.320791101980809401e-01
-5.052712905755427641e-01
-1.678276868535639732e-01
-1.000000000000000000e+00
-9.009915618103693236e-01
1.000000000000000000e+00
-4.675683238776005834e-03
9.545408946091413216e-02
-1.000000000000000000e+00
4.868409865932500913e-01
1.000000000000000000e+00
-6.626310337444253351e-01
8.227223739643628464e-02
1.000000000000000000e+00
-1.000000000000000000e+00
-9.125997538184660307e-01
1.113635576901361723e-01
-6.800326616579192018e-01
-6.639457502536931788e-01
-7.290915298528791721e-01
-3.881642405979472410e-01
4.574105088537162578e-01
8.407565583384939423e-01
5.523983937581977699e-01
5.927100863470765590e-01
6.855429797259078306e-01
5.621627092792466640e-02
4.580968310001778399e-01
-1.000000000000000000e+00
-2.010636677675616268e-01
-5.381056825027826784e-01
1.000000000000000000e+00
-3.165693917579617822e-02
-4.167463675060478767e-01
1.000000000000000000e+00
6.901793400252924648e-01
1.000000000000000000e+00
5.399212775503956507e-01
-7.959150330005104745e-01
-1.333936644530259175e-01
-9.417446202169849068e-01
-1.000000000000000000e+00
-1.571473995139023305e-01
-9.004087546696522004e-01
-1.122943087441624632e-03
-3.345058520341755992e-01
1.000000000000000000e+00
7.495486209611922357e-01
2.577181924736797192e-01
-1.000000000000000000e+00
-3.336472492241402410e-01
-9.744446543734285315e-01
-2.156936473514695363e-01
-4.868237557297789841e-01
-6.042701105301609976e-01
-1.000000000000000000e+00
1.106568464004683700e-01
1.000000000000000000e+00
3.751993462765361442e-02
2.786516697747875582e-01
8.565054622449839172e-01
1.196264858096505457e-01
-3.554443716156148181e-01
-3.020260439774821171e-01
-1.000000000000000000e+00
-8.614537385816083137e-02
1.000000000000000000e+00
1.923552890043568608e-02
-8.089080222481548343e-01
1.000000000000000000e+00
2.990743894179070939e-01
1.000000000000000000e+00
-6.716120271151497789e-01
-1.000000000000000000e+00
1.290325507958091922e-01
-5.503906243942535692e-01
-5.952697651741335472e-01
-4.301977136451195505e-01
1.888225166908720776e-01
-1.000000000000000000e+00
-8.633563491580125149e-01
-2.794004533420851866e-01
-9.713738152719467167e-02
-1.000000000000000000e+00
3.921292168786642551e-01
1.000000000000000000e+00
-4.503801688933636860e-02
1.000000000000000000e+00
1.000000000000000000e+00
3.699153943908405351e-01
-1.000000000000000000e+00
-1.267375585947108085e-01
2.373115321473013295e-01
-9.858270349798532450e-01
-1.249602084451249262e-01
-1.000000000000000000e+00
7.664529893409702810e-01
-9.114671696642299148e-01
6.066815979569355477e-01
-1.000000000000000000e+00
1.000000000000000000e+00
1.061528300927686297e-01
5.315719561382032943e-01
-5.027698773293021173e-01
1.000000000000000000e+00
1.000000000000000000e+00
3.073617926376700504e-01
-6.591873821983916804e-01
7.022805746339989552e-01
1.297405215897549646e-01
-1.000000000000000000e+00
1.000000000000000000e+00
-3.491640436303586892e-01
-9.326356747738381303e-01
-3.962953141773391530e-01
1.000000000000000000e+00
1.000000000000000000e+00
-5.645592756325366057e-01
-9.653980537642892212e-01
-4.245406711459455140e-01
1.000000000000000000e+00
4.237932581808769861e-01
-1.000000000000000000e+00
1.000000000000000000e+00
2.346520489573056256e-02
-5.225086942997373418e-01
1.733874133368397963e-01
-1.099757827281449551e-01
-1.000000000000000000e+00
-2.647482277055321354e-01
-2.732063297049888151e-01
8.570693636584889585e-01
6.294897581995223534e-03
1.000000000000000000e+00
2.473478930986486024e-01
-6.875195290419104932e-01
2.383385402924508845e-01
1.633171245408507888e-01
9.641797142065181569e-01
7.984481914728638330e-01
-1.000000000000000000e+00
-2.434787780247111288e-01
-1.000000000000000000e+00
-5.644916651023156318e-01
-7.017654119569753934e-01
-9.657231992750544558e-01
1.489158783954916410e-01
2.308670215160991968e-01
-4.618983052717122728e-01
3.242502273170027038e-01
7.913864339693108541e-01
-1.000000000000000000e+00
-1.000000000000000000e+00
2.903377508895160219e-01
-9.246114634478447281e-01
-1.000000000000000000e+00
3.815594451843753454e-01
-4.322333715262209886e-01
3.221565836451007470e-01
-1.000000000000000000e+00
1.000000000000000000e+00
1.000000000000000000e+00
4.933140405751505475e-01
1.000000000000000000e+00
-6.148564105043076156e-01
1.074762698903479752e-01
4.498735682016045956e-02
1.000000000000000000e+00
9.395999334686588877e-01
1.000000000000000000e+00
-1.000000000000000000e+00
-1.000000000000000000e+00
5.077040353254691496e-02
2.679083394850673150e-01
-2.841002084002824946e-01
1.000000000000000000e+00
-4.306076531269353858e-02
6.517624115816242902e-01
2.275473175618017707e-01
-5.076252059038537379e-01
1.000000000000000000e+00
-6.278214157620376490e-01
2.729892434936967982e-01
6.586547204259038946e-01
7.215066605275592959e-01
-8.530187478228051789e-02
-8.843256720452796760e-01
-1.116528638931378603e-01
-6.010389904652646553e-01
-1.000000000000000000e+00
-2.503533994527142870e-01
1.000000000000000000e+00
-3.707016530021983169e-01
-1.000000000000000000e+00
4.276236276951297932e-01
-1.319063225225138303e-01
-8.570901487707027755e-01
-1.000000000000000000e+00
9.750266046662723340e-01
-1.000000000000000000e+00
1.000000000000000000e+00
-3.382789106604675022e-01
-8.590613476193462716e-01
1.000000000000000000e+00
-6.048651450400488461e-01
4.223896519454494181e-01
-1.729736175242692908e-01
1.000000000000000000e+00
-1.000000000000000000e+00
-7.463440097773426096e-01
1.572257214907964995e-01
4.006568589314529749e-01
4.275210270680818159e-02
-1.000000000000000000e+00
-4.009711986350756874e-01
6.471233672517360258e-01
-2.646992014013554995e-03
-2.372407513791375266e-01
1.971079180226422423e-01
5.959327656529245232e-02
-2.908323478794772599e-01
9.170167309541159550e-01
2.626231805656821239e-01
1.000000000000000000e+00
1.000000000000000000e+00
1.087734863923087436e-01
3.558910541783736337e-01
-1.000000000000000000e+00
-5.783125238251876077e-01
1.000000000000000000e+00
1.000000000000000000e+00
-1.000000000000000000e+00
-6.291217914569541270e-01
1.000000000000000000e+00
9.309227211273432001e-01
1.000000000000000000e+00
-4.909603183079435107e-01
1.000000000000000000e+00
-2.195424666868003305e-01
5.146682969101157301e-02
1.000000000000000000e+00
1.000000000000000000e+00
1.143001552753319938e-02
9.741479170213979133e-04
-1.000000000000000000e+00
6.170263465756398169e-01
7.332266243714238296e-01
9.023349286148571458e-02
-1.000000000000000000e+00
-7.726137204706485379e-03
-4.015107881519525135e-01
2.907470513952316593e-01
-1.000000000000000000e+00
1.000000000000000000e+00
1.000000000000000000e+00
1.000000000000000000e+00
-5.404561588098305558e-01
-4.662764131349926844e-01
7.304277346660179582e-01
1.000000000000000000e+00
-9.678034208980101916e-02
-1.000000000000000000e+00
-5.611887874331484838e-01
4.562622434830175822e-01
-1.000000000000000000e+00
4.200017347100434284e-01
6.996410049742274317e-01
-9.429413103694428422e-01
9.161770460159076590e-01
-1.500484725456853741e-01
-1.301600717392453754e-01
-3.028692645810190376e-01
1.000000000000000000e+00
-3.234090851033428748e-01
-1.000000000000000000e+00
1.000000000000000000e+00
-1.051924230418909978e-01
-2.765661495479728726e-01
1.000000000000000000e+00
-9.565543498769437658e-01
7.045334449107212293e-01
-2.959233933143549655e-01
1.000000000000000000e+00
-7.769329536931969260e-01
-1.000000000000000000e+00
-3.794293266305572843e-01
-7.337102930419908686e-01
-3.797904184410529349e-01
1.855992260101341218e-02
8.586993318771671824e-01
8.109217979181262415e-01
1.000000000000000000e+00
1.000000000000000000e+00
1.000000000000000000e+00
6.349160416804902618e-02
1.096526668713924679e-01
1.000000000000000000e+00
-5.471824600405768013e-01
-4.643324063150860437e-01
7.525461198338381785e-02
-6.163742292899494490e-01
1.775961704297540633e-01
-1.000000000000000000e+00
1.000000000000000000e+00
1.595607325454348746e-01
-6.733111745891395827e-02
-3.337849539987814418e-01
1.000000000000000000e+00
-1.000000000000000000e+00
9.910764555836799605e-01
3.844884288535493355e-01
4.906074186024009798e-01
1.000000000000000000e+00
-2.189819237785182726e-01
-7.789713952996291102e-01
-8.773377444298177674e-02
1.000000000000000000e+00
-1.000000000000000000e+00
-1.000000000000000000e+00
-8.192784653857621002e-01
1.000000000000000000e+00
-7.804700247337075236e-01
-1.000000000000000000e+00
1.000000000000000000e+00
1.000000000000000000e+00
-5.490947216081712989e-01
6.324508340908419068e-02
-1.000000000000000000e+00
8.156336144085292172e-01
4.773123680830563265e-01
2.879696766395433705e-01
-3.438302438606234690e-02
5.785809832736336089e-01
-8.966822539972394424e-01
-8.313841409396350857e-01
-1.000000000000000000e+00
1.000000000000000000e+00
1.000000000000000000e+00
-1.000000000000000000e+00
6.593166711500579868e-01
1.000000000000000000e+00
-6.779463831769502735e-02
1.000000000000000000e+00
1.000000000000000000e+00
-7.147467564342692148e-01
-8.260652123523941626e-01
-6.240820484419993264e-01
-1.000000000000000000e+00
1.000000000000000000e+00
-1.000000000000000000e+00
-3.119823589381723328e-01
1.000000000000000000e+00
-5.214651270474266465e-01
9.868232829572952669e-01
-3.821526635567665808e-01
-8.546851226283450620e-01
-9.241140577965442637e-02
6.454319940072611450e-02
-4.745346189079905352e-01
-1.000000000000000000e+00
-1.000000000000000000e+00
4.287341715136428477e-01
1.000000000000000000e+00
7.015253547676155721e-01
6.955460147454839426e-02
-5.377204681083880278e-01
1.128756177443928505e-01
-1.000000000000000000e+00
-1.000000000000000000e+00
-2.296955128365100185e-01
-3.784066167723906804e-02
-3.950966582145501449e-01
3.926181235146684045e-01
-1.688075325048317143e-01
-8.001012095200875640e-01
7.826014390255683906e-02
1.000000000000000000e+00
-7.520593598897744592e-01
9.208433685202557228e-01
-1.233010569518072225e-01
9.113525646492055543e-01
2.745388922075668869e-01
-1.000000000000000000e+00
-8.563146247764189534e-01
-1.000000000000000000e+00
-1.000000000000000000e+00
-1.000000000000000000e+00
1.821436389859503180e-01
-2.041908334733323338e-01
-1.000000000000000000e+00
9.699181932160586550e-01
-4.931353842858144931e-01
2.620987817363000794e-01
1.000000000000000000e+00
6.004831217689599043e-01
-3.240257600120223236e-01
-1.000000000000000000e+00
1.833895685041890544e-01
-6.930794123022023800e-01
6.378998037541340205e-01
1.000000000000000000e+00
1.325242779370776613e-01
1.936044349803593412e-01
5.129963207760193100e-01
8.949300712418344350e-01
4.071820897449737742e-01
1.000000000000000000e+00
-1.000000000000000000e+00
-9.993399132049574085e-01
1.000000000000000000e+00
2.375229499570158387e-01
-6.812752734379783348e-01
1.114840313136614136e-01
1.000000000000000000e+00
1.000000000000000000e+00
-3.460889793905255751e-02
7.033878172206780022e-01
1.000000000000000000e+00
-1.000000000000000000e+00
-6.230154182799487739e-01
-4.803239967047397418e-01
-1.000000000000000000e+00
1.000000000000000000e+00
-8.085437713511655078e-01
2.966556386074050145e-01
-1.261799517979458884e-01
-9.344274097222196040e-01
6.837699911516719187e-01
6.795389067133528194e-01
1.678366414904541859e-03
4.048993768279702810e-01
1.000000000000000000e+00
-4.394070028884788925e-01
-1.000000000000000000e+00
2.076868996052428362e-01
6.949455970677610450e-01
7.401764462901971875e-01
7.168278103488410213e-01
-1.882445028648395136e-01
5.251669875763945727e-01
7.295448466421239342e-02
6.482736712570026372e-01
7.940569918467685895e-01
-4.507020937190845400e-01
-6.558186618161931936e-03
5.665850752702963344e-01
-1.066273432079240524e-01
9.306883249835449234e-01
3.446881173967714096e-02
-7.485617868001965824e-01
6.967202263594820533e-01
2.125559054427237915e-01
-4.068726188759081430e-01
1.000000000000000000e+00
-4.899417872669429297e-01
-1.000000000000000000e+00
-1.000000000000000000e+00
1.000000000000000000e+00
-6.769283319946837185e-01
-4.226766748082037561e-01
-3.405756043709528558e-01
-4.263052150492559200e-02
-3.561784679195234005e-01
-9.409327245855187982e-01
-2.145304568429891034e-01
1.000000000000000000e+00
-4.727101481241595127e-01
8.073614901432124569e-01
-1.000000000000000000e+00
1.000000000000000000e+00
1.000000000000000000e+00
-5.572846318742953331e-01
-1.000000000000000000e+00
1.000000000000000000e+00
-1.000000000000000000e+00
8.546085282570697883e-01
-1.000000000000000000e+00
-1.000000000000000000e+00
-1.000000000000000000e+00
-7.944404621461209626e-01
-1.000000000000000000e+00
-7.377676561960733181e-02
9.552371677801678451e-02
-1.000000000000000000e+00
1.000000000000000000e+00
-8.875607803938412310e-01
9.366197575016554921e-03
6.966905047242775151e-01
-1.424335868579994502e-01
3.240322985031544589e-01
-6.441781608724250763e-01
1.000000000000000000e+00
-8.062770435947096415e-01
8.576474854525734104e-01
-8.931934424798422256e-01
-4.563848570923154796e-02
-8.736874735717536922e-02
1.000000000000000000e+00
-1.000000000000000000e+00
-1.000000000000000000e+00
5.940922822737771947e-01
2.911719558542743558e-01
1.000000000000000000e+00
-8.609504316523637346e-01
7.877484948515664498e-02
4.049884196762781885e-01
-2.340355555567187607e-01
-1.000000000000000000e+00
-7.199094118422250110e-01
-6.804040149364217749e-01
3.661341307340937323e-01
-9.149761236367202066e-01
9.932664607759281172e-02
-3.999658242036035483e-01
2.539544909124190064e-01
9.747962638646038291e-01
3.748924021646726223e-01
1.521862702016793800e-01
6.449047611617331199e-01
7.688398785165915239e-01
6.544260650588991091e-01
8.574278405804250935e-01
1.768835405399765692e-02
3.886469629442725893e-01
1.000000000000000000e+00
6.450701675410844271e-02
-1.000000000000000000e+00
-1.000000000000000000e+00
-1.000000000000000000e+00
-5.634290582128409497e-01
-7.957910558229167597e-01
3.584219657250123925e-01
7.789092113991401556e-01
-5.439367122501702345e-02
-4.589907680290675751e-01
-1.092043663617324190e-01
1.000000000000000000e+00
3.671762322481023078e-01
-1.000000000000000000e+00
1.000000000000000000e+00
-1.037455471379206129e-03
-1.881266923432554083e-01
-2.203499228170201496e-01
1.000000000000000000e+00
-7.136194324133204869e-03
-1.887220832064931131e-01
-1.000000000000000000e+00
-6.203902179811464634e-01
-3.199950868430939122e-01
-1.453519840521146356e-01
1.131062778918117129e-01
-1.000000000000000000e+00
1.207425198651467940e-01
2.466262169149496253e-01
-3.937879686273319524e-01
2.271796193581659129e-01
1.427535504025215785e-01
-1.000000000000000000e+00
8.100818879094527913e-01
-2.170615104793466310e-01
6.985751569965976682e-01
-8.544574144114266412e-01
-1.000000000000000000e+00
1.000000000000000000e+00
-1.000000000000000000e+00
1.000000000000000000e+00
-1.232559136285782397e-01
1.936616499832652938e-01
-3.979236064676601736e-01
-5.570135840134812222e-01
1.629962775293014032e-01
-6.278723884266369792e-02
9.291058678454682251e-01
6.221988965383520309e-01
-4.104049747560866712e-01
-1.000000000000000000e+00
5.028254623858158245e-01
5.936527111119845879e-01
-5.607271145470352769e-01
2.101880445102849715e-01
2.917560685306953144e-02
4.911760807221093872e-01
-4.126604364516728296e-01
-1.177094853163890981e-02
-1.000000000000000000e+00
-3.392086689990130299e-01
-3.136728012691781808e-01
-8.229123188625193652e-01
5.314030735911038361e-01
6.067777759144278305e-01
6.980528649078361347e-01
-5.843257867927578175e-01
-2.047165327784529198e-01
4.975318682993382646e-01
1.000000000000000000e+00
-3.588873135068910702e-01
-5.663740437056103971e-01
2.621367131435093922e-01
4.694535547942796372e-01
-1.596420783422575207e-01
1.889981594349096072e-01
5.654288294580044338e-01
-2.312634427313941810e-01
1.000000000000000000e+00
-7.461693450152562246e-02
1.000000000000000000e+00
1.107360261121597966e-01
1.000000000000000000e+00
1.872488640828869344e-01
-1.689730127464134368e-01
-4.166452235728412834e-01
6.244411495833255277e-01
3.784229532847385169e-01
-3.370412954237638203e-01
5.161531354834896224e-01
2.892636004476389910e-01
-8.464558904193346667e-01
1.000000000000000000e+00
8.465689594936746110e-01
-1.000000000000000000e+00
2.767517938409778111e-01
-1.000000000000000000e+00
7.108830490029346416e-01
-9.792679939750505991e-01
8.728497995885178273e-01
6.793580662705464013e-01
-7.233963901369383498e-02
5.609617224199316965e-01
2.009967543159299208e-01
-1.000000000000000000e+00
1.000000000000000000e+00
6.725962718736688828e-01
3.553207242453662595e-02
1.000000000000000000e+00
1.000000000000000000e+00
5.636652127139327728e-01
-1.000000000000000000e+00
-5.185980822392107781e-01
6.411543832749664329e-01
-9.541102635801050891e-01
-3.217277942428859450e-01
1.000000000000000000e+00
-1.000000000000000000e+00
3.334156099751446334e-01
-8.360658086075833939e-03
-7.735830991837692183e-01
9.123086655878016593e-01
-1.675729812639130123e-01
7.319575771102047046e-01
-2.948712586114830558e-01
1.000000000000000000e+00
7.476743607765334865e-01
3.177018864946346000e-01
-7.945909155453356743e-01
1.703045581840983980e-01
-3.879726156663352854e-01
-1.000000000000000000e+00
1.000000000000000000e+00
7.259648387544631598e-02
5.701854236433091527e-01
1.000000000000000000e+00
-1.000000000000000000e+00
-7.207201041729245361e-01
1.797284968784994552e-01
-1.000000000000000000e+00
-1.000000000000000000e+00
-2.856545568673714008e-01
4.164884253948363257e-01
6.402538638773151991e-01
1.000000000000000000e+00
-1.000000000000000000e+00
-1.000000000000000000e+00
-2.986255791803936743e-01
8.175699075715191499e-01
-5.415391991581824938e-01
6.293297775664880023e-01
3.967013928083747976e-01
-2.042136127941098500e-01
-1.000000000000000000e+00
2.795298440780707439e-01
1.000000000000000000e+00
-1.000000000000000000e+00
1.637208184235023137e-02
1.000000000000000000e+00
2.432486785569405036e-02
1.000000000000000000e+00
1.000000000000000000e+00
-1.000000000000000000e+00
-1.000000000000000000e+00
-2.415608612986847037e-01
-1.000000000000000000e+00
2.596951634242635198e-01
-1.000000000000000000e+00
-1.976092373338000086e-01
-9.136527578114403969e-01
-1.000000000000000000e+00
4.502552483551210405e-01
-1.000000000000000000e+00
-9.036172047212476244e-02
6.525603309470693336e-01
4.611892836553669328e-01
-3.459388939785911221e-01
-1.000000000000000000e+00
-1.000000000000000000e+00
1.000000000000000000e+00
1.000000000000000000e+00
-1.206848407357779748e-02
-1.586196433349729151e-01
-4.591658686738665507e-01
-5.613096841055342789e-01
3.552668135861681842e-01
7.990374880612641784e-01
4.675836785034952481e-01
1.000000000000000000e+00
-9.454914782162008313e-01
-1.000000000000000000e+00
-1.000000000000000000e+00
1.439414134894101416e-01
1.000000000000000000e+00
-1.000000000000000000e+00
-1.000000000000000000e+00
6.478749579381255508e-01
-1.000000000000000000e+00
-1.305264722348415951e-01
-1.000000000000000000e+00
1.000000000000000000e+00
-1.000000000000000000e+00
-1.000000000000000000e+00
-1.000000000000000000e+00
-3.479019124322934031e-01
-1.000000000000000000e+00
-2.538886747759846463e-01
1.000000000000000000e+00
-1.000000000000000000e+00
-1.000000000000000000e+00
-1.000000000000000000e+00
2.245700443997118712e-01
5.724424466097417508e-01
1.000000000000000000e+00
-6.481585328435310878e-01
-1.000000000000000000e+00
8.977898414064022781e-02
-8.979927026814613633e-01
1.658419541043645307e-01
8.487935464493616688e-01
1.000000000000000000e+00
1.000000000000000000e+00
-3.218881205325441197e-01
7.293368762981802256e-01
-2.706997810686007644e-01
-6.066064215226468770e-01
4.054278632108488378e-01
-4.607868242670066783e-01
-4.506647431179642838e-01
3.725549841714697052e-01
8.273638319001608288e-01
1.000000000000000000e+00
-2.634362786574114823e-01
1.000000000000000000e+00
3.538117906615931840e-01
1.000000000000000000e+00
-1.760245892925155486e-01
-5.788195348588612288e-02
5.742786020373162881e-01
-6.083403943600562691e-01
8.777614043092588636e-01
-1.000000000000000000e+00
9.161238854102198292e-01
3.271730380137105598e-02
-4.732780110027052789e-01
-1.000000000000000000e+00
-4.471588509502693598e-01
8.503934287979608708e-01
1.000000000000000000e+00
-2.294372992618342599e-01
1.697608104885095504e-01
-1.917809773754903802e-01
-2.775132876923595004e-01
-1.000000000000000000e+00
-5.721022332877365724e-01
1.000000000000000000e+00
1.000000000000000000e+00
1.000000000000000000e+00
-8.246973591476176590e-01
7.621536163934039543e-01
-1.000000000000000000e+00
-1.000000000000000000e+00
4.929046902610361158e-01
-1.000000000000000000e+00
-4.578634326982988778e-01
1.000000000000000000e+00
9.230307011289480279e-01
-1.543823296049604554e-01
5.510782802294218463e-01
8.910272746162239965e-01
1.000000000000000000e+00
1.000000000000000000e+00
-1.641969902026712003e-01
1.000000000000000000e+00
-4.969055088614900972e-01
7.711403596175729902e-01
4.978788787729266918e-01
1.000000000000000000e+00
-1.000000000000000000e+00
-4.897966781225938093e-01
1.000000000000000000e+00
-3.032949364792411617e-01
2.347353496056328037e-01
-1.000000000000000000e+00
1.000000000000000000e+00
-1.968580082336336412e-01
-1.885707919585414283e-01
-6.681576881855105787e-01
8.834073330691253334e-01
1.000000000000000000e+00
1.812991841746016686e-01
5.327539650293009466e-01
1.369114693131679994e-01
-1.000000000000000000e+00
1.000000000000000000e+00
-1.000000000000000000e+00
3.597129421355592660e-01
1.000000000000000000e+00
-1.000000000000000000e+00
2.732742494460034255e-01
-1.000000000000000000e+00
-5.134613218293990755e-01
-3.656725941596383755e-01
5.813772458637143092e-01
1.000000000000000000e+00
-4.302930668876651099e-01
-6.793049881341519658e-01
1.000000000000000000e+00
-1.000000000000000000e+00
-1.977764847901963829e-02
1.000000000000000000e+00
-1.000000000000000000e+00
1.000000000000000000e+00
-1.000000000000000000e+00
4.377487786069422793e-01
-1.000000000000000000e+00
-2.498623327286677021e-01
-1.000000000000000000e+00
8.081784942363059443e-01
1.000000000000000000e+00
3.789031178420604884e-01
5.129695956387414491e-01
-1.797954703754427452e-01
2.274709940938007824e-01
1.704553726390957147e-01
-2.481376812236229246e-01
-8.204176391775714894e-01
-8.599387784278088587e-01
1.000000000000000000e+00
-1.000000000000000000e+00
1.000000000000000000e+00
-1.000000000000000000e+00
1.000000000000000000e+00
-1.000000000000000000e+00
6.759425067716142710e-01
1.000000000000000000e+00
-1.069667140040430620e-01
7.581225602609663605e-01
3.437476900990263373e-02
-2.800136925484401629e-01
-4.187459491006766954e-01
1.440310330730730504e-01
1.000000000000000000e+00
-1.000000000000000000e+00
1.000000000000000000e+00
-4.818727901561399296e-01
4.671224458919986944e-02
-1.679188206612755030e-01
-1.000000000000000000e+00
-1.000000000000000000e+00
-1.000000000000000000e+00
-2.303827532377433762e-02
-6.905908723653682024e-01
-3.371108331739300912e-01
9.072148292445189055e-01
-7.657331377693230579e-01
-1.948398369288479870e-01
-2.909328177782178337e-01
-1.000000000000000000e+00
2.025122118063084065e-01
-6.319731160688326632e-01
1.329975862485267557e-01
-4.945215398168573140e-01
-6.210294771182751639e-01
-1.490410197364421263e-01
1.000000000000000000e+00
2.285444867264584679e-01
4.340560081607025555e-01
1.000000000000000000e+00
-1.000000000000000000e+00
1.000000000000000000e+00
2.179750963597425484e-01
-2.933162486555893622e-01
-1.000000000000000000e+00
9.421276013572054131e-01
-1.000000000000000000e+00
-2.063345230533258912e-01
1.000000000000000000e+00
3.661009543574895719e-01
5.304155378490622574e-01
4.889787585324874009e-01
-4.133957161799943769e-01
-1.000000000000000000e+00
-6.651884801847038897e-01
-2.537487761063244029e-01
-5.851723038058964654e-02
-1.000000000000000000e+00
-4.447775210257312040e-01
1.000000000000000000e+00
-4.521089017156751377e-01
1.000000000000000000e+00
-9.897099055032256842e-01
1.430786152179870374e-01
-1.000000000000000000e+00
-4.868338210542999533e-03
-1.000000000000000000e+00
-5.543001844978031611e-01
8.709685793234389628e-02
-1.000000000000000000e+00
-1.361580068208255723e-01
-1.000000000000000000e+00
-1.000000000000000000e+00
1.000000000000000000e+00
-9.585392834074775159e-01
-5.485562457850301499e-01
4.182644491664921915e-02
2.150521858048946022e-01
-1.476231419123068545e-01
1.000000000000000000e+00
-6.240639824978650996e-01
1.000000000000000000e+00
2.664894865370328603e-01
4.154056809861925714e-01
1.000000000000000000e+00
-9.085627418347683726e-01
-1.000000000000000000e+00
9.188079638530376458e-01
1.000000000000000000e+00
-1.680288840472352607e-01
1.000000000000000000e+00
-1.000000000000000000e+00
-3.660615000526403207e-01
1.000000000000000000e+00
1.000000000000000000e+00
4.574605385834801252e-01
1.000000000000000000e+00
-7.141580623534085626e-02
1.000000000000000000e+00
-1.000000000000000000e+00
1.000000000000000000e+00
1.000000000000000000e+00
4.489617372035056286e-01
5.365439331730799122e-01
-6.241373416652260531e-01
-4.411881726598742004e-01
6.052032619304665850e-01
-1.000000000000000000e+00
-1.000000000000000000e+00
-1.000000000000000000e+00
1.000000000000000000e+00
4.986592849935407301e-01
-1.000000000000000000e+00
1.000000000000000000e+00
-3.648014989289053434e-01
-3.292299543210865931e-01
1.512422556041780330e-01
-3.667062007064524343e-01
-1.000000000000000000e+00
-5.093783885829776814e-01
8.891156406755471586e-01
1.187183790314386977e-01
5.903288973239950721e-01
-1.000000000000000000e+00
1.000000000000000000e+00
1.000000000000000000e+00
1.000000000000000000e+00
-2.645916163678672106e-01
-5.471888876927282208e-01
-1.000000000000000000e+00
-1.000000000000000000e+00
1.000000000000000000e+00
3.716485637709754375e-02
7.937506572437101893e-01
9.891542786836751144e-01
9.990495668437571197e-01
3.250906079877582400e-01
-3.586974730763949903e-01
-1.000000000000000000e+00
1.000000000000000000e+00
3.698174024004876603e-01
-1.000000000000000000e+00
2.927067361448507654e-01
6.534817704409146000e-01
-3.741983433910462953e-01
1.000000000000000000e+00
6.707397614969767830e-01
-5.496511656176178429e-01
6.541451246646436957e-01
-1.000000000000000000e+00
-1.000000000000000000e+00
-1.000000000000000000e+00
-1.000000000000000000e+00
1.000000000000000000e+00
1.000000000000000000e+00
-1.000000000000000000e+00
7.432088429896825943e-01
-1.000000000000000000e+00
-1.000000000000000000e+00
1.000000000000000000e+00
-1.000000000000000000e+00
1.000000000000000000e+00
2.422858160473750910e-02
4.844575984666839030e-01
1.000000000000000000e+00
1.000000000000000000e+00
1.000000000000000000e+00
1.000000000000000000e+00
8.795796019233732554e-01
1.000000000000000000e+00
2.437901397186409413e-01
9.383519824244106466e-01
-6.967410106097132738e-01
-1.000000000000000000e+00
1.000000000000000000e+00
9.106640444801723522e-01
9.000603182721035322e-01
-1.000000000000000000e+00
8.348082532354881291e-01
1.000000000000000000e+00
8.071429258667018880e-01
1.000000000000000000e+00
-4.368210524393774108e-01
1.000000000000000000e+00
1.000000000000000000e+00
8.775831104765603463e-01
1.000000000000000000e+00
-3.256807956949231420e-01
-3.061631740913062227e-02
-6.818997300986534560e-01
9.853669077876894278e-01
-1.000000000000000000e+00
2.322544243537917330e-01
1.000000000000000000e+00
1.000000000000000000e+00
8.238413793274411701e-01
-1.000000000000000000e+00
-1.432411500101195001e-01
1.000000000000000000e+00
3.819811720502228614e-01
-9.920626102618516073e-01
3.277346808103681619e-01
-1.000000000000000000e+00
1.000000000000000000e+00
-1.614024757875797134e-01
-8.861057770413575119e-01
-3.424737582438711070e-01
3.753476972162694825e-02
1.000000000000000000e+00
1.000000000000000000e+00
7.627272306862926676e-01
-7.615792722196805808e-01
1.000000000000000000e+00
1.942763602287621294e-01
1.000000000000000000e+00
5.010462310367498340e-01
6.311503413783859928e-01
-1.894833628919704860e-01
-6.638040786798586890e-01
-2.157598780859026899e-02
5.015844803225962822e-01
-1.000000000000000000e+00
-3.134748268122501402e-01
1.551643818945290798e-01
1.000000000000000000e+00
5.594796395386798515e-01
1.000000000000000000e+00
-8.161257073103647119e-01
1.000000000000000000e+00
-4.299998971144037840e-01
7.720305714449487988e-01
-7.547456131008267732e-01
1.718272462024488245e-01
-1.000000000000000000e+00
1.000000000000000000e+00
-1.000000000000000000e+00
-2.616767107222121025e-01
5.662968983418650293e-01
9.722131217912555190e-01
-6.131694651084673708e-01
-1.000000000000000000e+00
-4.947576896236438593e-01
-5.950253295637455420e-01
1.000000000000000000e+00
-1.000000000000000000e+00
-8.042185138102270203e-01
-6.355330796068204835e-01
1.000000000000000000e+00
-2.894696701217891466e-02
-1.000000000000000000e+00
-1.453417620486722184e-01
-1.000000000000000000e+00
-1.000000000000000000e+00
-9.305522271799149259e-01
-4.003885747900121084e-01
-6.108783536787638635e-01
5.644443332485729048e-01
-2.629446784435138795e-01
-1.000000000000000000e+00
4.931074862052198249e-01
1.000000000000000000e+00
-7.664457787239805642e-01
1.000000000000000000e+00
-1.519793269361910948e-01
1.000000000000000000e+00
1.000000000000000000e+00
-1.000000000000000000e+00
1.000000000000000000e+00
3.356632325909700287e-01
1.000000000000000000e+00
-5.274474727880613667e-01
1.000000000000000000e+00
9.610115356796253838e-01
1.651609561107463819e-01
-5.821322295685422699e-01
-2.219665051145940371e-01
-4.107263218562407503e-01
7.680928162156303030e-02
7.123302113165136396e-02
-7.240983249355985585e-01
1.000000000000000000e+00
3.856333968333118811e-01
-4.158200425972807812e-01
4.736160998089249397e-01
-4.845212837683769980e-01
1.000000000000000000e+00
-1.000000000000000000e+00
1.443481348602984049e-01
6.244219290048436122e-01
3.775165134012473112e-01
-2.964953054126121534e-01
5.604762466392751996e-01
-5.720336138717585506e-03
2.414577265535404749e-01
5.958018726993246084e-01
-1.000000000000000000e+00
-2.324512773252060960e-01
-1.000000000000000000e+00
-9.428248394543359279e-01
6.965780155374859950e-01
1.000000000000000000e+00
-1.000000000000000000e+00
-4.534787785760445722e-01
-1.000000000000000000e+00
1.000000000000000000e+00
-1.000000000000000000e+00
1.000000000000000000e+00
1.000000000000000000e+00
-1.000000000000000000e+00
1.000000000000000000e+00
-1.000000000000000000e+00
-1.000000000000000000e+00
-2.524149255189122032e-01
1.000000000000000000e+00
1.000000000000000000e+00
1.097805366013973050e-01
1.000000000000000000e+00
-1.000000000000000000e+00
-1.000000000000000000e+00
-1.000000000000000000e+00
-5.641372657436234395e-01
1.000000000000000000e+00
-7.301108902109543219e-01
1.000000000000000000e+00
-6.793330798260828196e-01
7.448540265613176059e-01
6.890140911904005794e-01
1.000000000000000000e+00
6.597840364532331359e-01
3.656905369232431591e-01
-6.870544814429944136e-01
-9.178952491030001326e-02
1.000000000000000000e+00
8.107773574937371386e-02
-9.691431785617380390e-01
5.122767158489016648e-01
-2.948721199626047618e-02
4.932610808855127926e-01
-7.143799485415824879e-02
-4.296510780613133074e-01
-5.091279155774847132e-01
-3.176202010206333748e-01
-1.000000000000000000e+00
-6.264878330370446946e-01
-1.000000000000000000e+00
8.587069380329892532e-02
-4.747664164689355815e-01
-9.480038431862569670e-01
-1.000000000000000000e+00
7.253598129778739967e-01
-1.000000000000000000e+00
-1.000000000000000000e+00
1.000000000000000000e+00
-1.000000000000000000e+00
1.000000000000000000e+00
1.000000000000000000e+00
1.000000000000000000e+00
-1.000000000000000000e+00
-1.000000000000000000e+00
2.597673710549426862e-01
-1.000000000000000000e+00
-5.862997070522806276e-01
-1.000000000000000000e+00
-1.000000000000000000e+00
-1.972979899217142119e-02
7.366779290362988064e-01
1.000000000000000000e+00
1.000000000000000000e+00
7.712623198136832059e-01
3.772678771231129380e-01
-1.000000000000000000e+00
6.226138085066312833e-02
4.476875604518759655e-02
-8.232382757332823431e-01
-7.619782301069288888e-01
-3.329403996232493945e-02
-1.048823120893775107e-01
1.000000000000000000e+00
-4.993557216691341116e-01
-1.000000000000000000e+00
1.000000000000000000e+00
-5.695761644796902834e-01
-1.000000000000000000e+00
5.336382217777950743e-01
1.000000000000000000e+00
1.000000000000000000e+00
9.433448180816987882e-01
-1.000000000000000000e+00
-1.000000000000000000e+00
-5.831909890431088428e-01
4.136792189842312117e-01
1.000000000000000000e+00
-1.000000000000000000e+00
-1.000000000000000000e+00
-9.750270145269334110e-01
1.922458664951872676e-01
7.401229440611674093e-01
2.589897760932358128e-01
-4.529464540782798809e-01
-3.816498909035482834e-01
-6.030507919662375649e-01
-1.000000000000000000e+00
5.707022318041552467e-01
-3.578783532953050406e-01
-3.161346074404491335e-01
5.727667121774726589e-02
-3.127084892795390925e-01
8.307504321703176320e-01
-1.000000000000000000e+00
1.000000000000000000e+00
-1.000000000000000000e+00
-8.374496159904663006e-01
-8.091012259922411021e-01
4.386368461604441826e-01
5.834260925270353670e-01
1.000000000000000000e+00
1.000000000000000000e+00
-1.000000000000000000e+00
-2.550286648968297376e-01
-4.472297246058095088e-01
1.000000000000000000e+00
1.000000000000000000e+00
1.000000000000000000e+00
-1.000000000000000000e+00
-1.000000000000000000e+00
1.005009119777289239e-01
-1.000000000000000000e+00
-5.087702461589180825e-01
-1.000000000000000000e+00
-3.751674575780220566e-01
-1.000000000000000000e+00
1.000000000000000000e+00
-1.000000000000000000e+00
-1.000000000000000000e+00
-1.000000000000000000e+00
-8.713412331143886025e-01
1.000000000000000000e+00
1.000000000000000000e+00
-2.019576491558561226e-01
1.000000000000000000e+00
-5.283188527551065938e-01
-3.778265680139125671e-01
2.384802273399200256e-01
-1.301212428015869893e-01
-1.000000000000000000e+00
-1.000000000000000000e+00
1.000000000000000000e+00
-1.000000000000000000e+00
-4.060716063521647712e-01
-1.072340426618938469e-01
9.726656894655579810e-01
-1.000000000000000000e+00
-3.236610078846752225e-01
8.719641642172650808e-01
1.000000000000000000e+00
-2.446962763979920741e-01
9.761007140997363107e-01
-1.000000000000000000e+00
-5.175495023127854033e-01
8.404924360905168257e-01
-5.660265044048562455e-02
-7.445807834377741186e-01
3.641772489938952528e-01
9.466805690877295731e-01
9.046464847154416233e-01
-1.674527541748991322e-01
7.781520270460267064e-01
-1.000000000000000000e+00
-9.306400442242500626e-01
2.157549222593346805e-02
5.745164239713196341e-01
4.701534617713909459e-02
1.000000000000000000e+00
-1.000000000000000000e+00
1.000000000000000000e+00
-1.000000000000000000e+00
-6.514331571251052999e-02
4.474351226996300945e-02
9.388911837087122736e-01
-1.000000000000000000e+00
-1.000000000000000000e+00
-1.000000000000000000e+00
-4.475326078151886655e-01
-8.964794955968096168e-01
-3.687143248342977797e-02
7.424093952209851466e-01
6.375327164217073905e-01
5.977794324426499717e-01
4.715053161783180347e-01
1.767374284660043759e-01
1.258583221289499843e-02
-1.000000000000000000e+00
1.000000000000000000e+00
1.000000000000000000e+00
5.004499218005203920e-02
9.049830765694527601e-01
1.000000000000000000e+00
-5.893900124377259020e-02
-8.590197726555466318e-01
-2.676808075365828543e-01
-5.954084789026709013e-01
-7.185225543127182757e-02
2.643976634096152911e-01
1.249419053594932327e-01
5.649680247694416346e-01
-1.000000000000000000e+00
9.856407242092779519e-01
6.592230140792223470e-01
-1.000000000000000000e+00
1.000000000000000000e+00
3.421698059319836505e-01
-1.000000000000000000e+00
2.887179930233607639e-01
5.547499751022552106e-01
-1.665497274803923178e-01
8.833491544776552740e-01
4.754756161925841051e-01
1.000000000000000000e+00
1.000000000000000000e+00
-9.482286840526021887e-01
-1.000000000000000000e+00
-6.499114891308634956e-01
2.337305082988085925e-01
-3.919761703251228302e-01
1.000000000000000000e+00
1.000000000000000000e+00
-1.000000000000000000e+00
-1.748244281801816236e-01
1.000000000000000000e+00
9.315781625184916814e-01
-1.000000000000000000e+00
9.107790298081137603e-01
1.000000000000000000e+00
-4.711790643696245340e-02
-3.855223485769687652e-02
-1.000000000000000000e+00
-1.000000000000000000e+00
-1.000000000000000000e+00
-6.900339590127806400e-01
6.114004597145497044e-01
-7.092396707102653908e-01
-6.825532112711556465e-01
3.180007662076735908e-01
1.000000000000000000e+00
1.000000000000000000e+00
7.336251166139844404e-01
-4.274817147075813395e-01
-2.151306659846019542e-01
2.463502125161595169e-01
4.651040469596602334e-01
-4.360013194594368202e-01
1.000000000000000000e+00
-3.195417798672536280e-01
1.000000000000000000e+00
1.000000000000000000e+00
-1.000000000000000000e+00
1.000000000000000000e+00
-1.000000000000000000e+00
-1.000000000000000000e+00
-5.794780101458600896e-01
3.395886701960741938e-01
1.000000000000000000e+00
-4.532581906742627620e-02
-9.856232700412675962e-02
-1.000000000000000000e+00
-9.929939787342734192e-02
1.000000000000000000e+00
-7.413290518387212202e-01
-1.000000000000000000e+00
5.342589615766307753e-01
6.330981763486553948e-01
-7.730712159967116914e-01
6.802936889635744500e-01
2.859942436189243375e-01
-1.000000000000000000e+00
1.000000000000000000e+00
-1.717305927066251625e-01
1.000000000000000000e+00
-5.353232570794759226e-01
-6.197468885715858855e-01
8.626664396036048954e-01
-1.000000000000000000e+00
-5.902575162423892019e-01
-3.404783662823900325e-01
-1.000000000000000000e+00
4.260195769068642058e-02
1.000000000000000000e+00
-8.754872408257452499e-02
-3.710505016107924492e-01
1.759395490749512403e-01
1.000000000000000000e+00
-1.000000000000000000e+00
-5.498813185313466967e-01
-1.889193031347841112e-01
1.000000000000000000e+00
-7.280149005347765767e-01
-1.000000000000000000e+00
-2.893789659597817421e-01
4.287540985868368848e-01
-7.669193891519610062e-02
-1.000000000000000000e+00
1.000000000000000000e+00
-2.032211234269380440e-01
-4.096916962745077440e-01
3.955706555705161831e-01
-8.421240541969937654e-01
1.000000000000000000e+00
1.000000000000000000e+00
5.732117777188261432e-01
1.072914240484823534e-02
-1.000000000000000000e+00
-8.269891555341855049e-01
-1.833364324021622416e-01
2.569758158137646076e-01
1.000000000000000000e+00
-1.124593013770756045e-01
-4.169669451706670138e-01
-9.940405998008197130e-01
4.925227881983564870e-01
9.320477558881601343e-01
-1.000000000000000000e+00
9.810706072898400798e-02
-9.878058681796144658e-01
-1.000000000000000000e+00
1.000000000000000000e+00
-1.000000000000000000e+00
-1.000000000000000000e+00
1.000000000000000000e+00
2.291643603108048932e-01
7.297003643701751585e-01
5.311879971150421653e-01
-9.724422746403569295e-01
1.000000000000000000e+00
-1.000000000000000000e+00
-8.250941091768378977e-01
1.041138614946656160e-01
-4.988336284833293499e-01
4.204181352001621907e-01
-1.000000000000000000e+00
5.474624740547765489e-01
-1.000000000000000000e+00
-1.000000000000000000e+00
5.436392641302516537e-01
1.000000000000000000e+00
-1.000000000000000000e+00
9.786789202866936765e-01
1.000000000000000000e+00
-1.000000000000000000e+00
1.000000000000000000e+00
-1.000000000000000000e+00
5.713488684788192717e-01
1.000000000000000000e+00
1.000000000000000000e+00
1.000000000000000000e+00
-2.530363304562160964e-02
1.000000000000000000e+00
-1.939770449704110167e-01
9.146075467713356000e-01
8.566332908110432243e-01
-1.000000000000000000e+00
2.656860820152329161e-01
-5.143038358900838825e-01
1.000000000000000000e+00
1.000000000000000000e+00
5.241824390430283032e-01
-1.000000000000000000e+00
-1.000000000000000000e+00
2.904956505476206097e-01
1.000000000000000000e+00
-1.000000000000000000e+00
1.000000000000000000e+00
-1.000000000000000000e+00
1.000000000000000000e+00
1.000000000000000000e+00
-1.000000000000000000e+00
-5.548842092653401004e-01
5.239671651516708550e-02
4.246235972355138499e-01
-3.209270748339126955e-01
-1.000000000000000000e+00
-3.040542070567219257e-01
1.000000000000000000e+00
9.962998125828809171e-01
1.000000000000000000e+00
1.000000000000000000e+00
-1.000000000000000000e+00
-4.636314013505659082e-01
6.329450251723489629e-01
-7.931496626237147796e-01
2.053464009384100009e-01
4.744869224955061693e-02
3.372204053202129126e-01
4.215698762802683186e-01
-4.751751848107620968e-01
-1.000000000000000000e+00
1.000000000000000000e+00
-1.000000000000000000e+00
4.579488703279497308e-01
9.169609163532445040e-01
5.169021633527972615e-01
1.701514054600292702e-01
1.000000000000000000e+00
1.000000000000000000e+00
1.000000000000000000e+00
-1.000000000000000000e+00
-1.000000000000000000e+00
-4.866429965008733927e-01
1.000000000000000000e+00
-3.623841691427085454e-01
1.000000000000000000e+00
-4.507120425457910029e-01
-9.323252117441178655e-01
-6.072265508884711060e-01
9.196248400372287746e-01
9.335753047595304333e-01
-1.000000000000000000e+00
7.807238082663512380e-01
1.000000000000000000e+00
3.233673883248179282e-01
6.380950810517873606e-01
-3.348787964095713554e-01
-9.995068448428195973e-01
-1.000000000000000000e+00
3.977589673829634020e-01
-1.000000000000000000e+00
1.917016474952710214e-01
1.000000000000000000e+00
-2.152829714026576746e-01
7.433196244186555113e-01
8.405504339089570065e-02
7.063877767392774398e-01
-6.006455907467909139e-01
-1.000000000000000000e+00
-6.309559671442457329e-01
-1.241350745453643212e-01
7.283224051836578727e-01
-1.000000000000000000e+00
1.000000000000000000e+00
6.329979069019175952e-01
-2.891703719169423370e-01
-1.000000000000000000e+00
-3.487079262098040644e-01
-1.000000000000000000e+00
-1.000000000000000000e+00
-4.995810448876343846e-01
-1.000000000000000000e+00
-7.994372917512030385e-01
3.635986946067509828e-01
-9.993184690283485327e-01
1.000000000000000000e+00
-1.000000000000000000e+00
1.000000000000000000e+00
-6.489036798075082935e-01
1.000000000000000000e+00
-1.000000000000000000e+00
1.470605876606378426e-01
-1.108150671568346457e-01
-1.000000000000000000e+00
-6.900178579192702832e-01
-1.955100409863045896e-01
-3.548289308868546321e-02
1.000000000000000000e+00
1.000000000000000000e+00
6.123823453632293301e-01
-5.842697198170494488e-01
1.000000000000000000e+00
-1.370949635649090226e-01
-7.679230670681369553e-02
1.000000000000000000e+00
-1.497849305730891700e-02
-2.433617325834366296e-01
1.000000000000000000e+00
-4.445282029133765800e-01
8.614884277178953553e-01
-1.000000000000000000e+00
3.194089304080621750e-01
-1.000000000000000000e+00
-1.000000000000000000e+00
-1.000000000000000000e+00
-2.259879715912874176e-01
1.000000000000000000e+00
7.065278729666633062e-01
8.073538139614591103e-01
-4.141549622003718456e-01
6.581116168588897475e-01
1.000000000000000000e+00
4.472660979462992348e-01
-1.000000000000000000e+00
-4.749637719897167876e-01
-8.339775269840283833e-01
-1.000000000000000000e+00
-1.000000000000000000e+00
-2.742329144240243655e-01
-1.202708770187377874e-01
-1.000000000000000000e+00
-4.017587786487449852e-01
1.000000000000000000e+00
1.177256850920999631e-01
1.000000000000000000e+00
-1.000000000000000000e+00
-6.591676333172190594e-01
1.000000000000000000e+00
-5.357494269932551179e-01
-6.521080910441148237e-01
-2.074792208628932766e-01
1.614641644378139729e-02
1.055462494647481098e-01
2.012818814013510038e-01
1.000000000000000000e+00
-8.641144539101534017e-01
-8.827308351016019961e-01
6.274050612229722379e-01
5.922746134831318177e-01
-1.481174059970719048e-01
1.000000000000000000e+00
-1.000000000000000000e+00
4.209387828667479070e-01
-1.000000000000000000e+00
6.069221338052277481e-02
2.288871557249918531e-01
-1.000000000000000000e+00
5.796389423120946738e-01
1.372306206768019732e-01
8.059367243804821390e-02
-2.697504273987248458e-01
4.563641549420184296e-01
1.000000000000000000e+00
-8.144939082677991049e-01
-9.439908490405499730e-01
1.000000000000000000e+00
-4.236756497088071671e-01
5.882020909803860054e-01
-1.000000000000000000e+00
1.000000000000000000e+00
-3.314766852396761054e-01
1.000000000000000000e+00
-5.236202400267528922e-01
-1.000000000000000000e+00
2.129107304707298365e-01
-1.308632910629109469e-01
-1.000000000000000000e+00
6.947159824903702541e-01
7.822283540995833562e-02
4.786690575897035727e-01
-7.287107815718540937e-01
1.113740691535091143e-01
-1.000000000000000000e+00
9.511401521038478357e-01
-6.349233400629639146e-02
3.013294972869466348e-01
-1.000000000000000000e+00
-1.000000000000000000e+00
9.636247889930960042e-02
-1.000000000000000000e+00
6.047397347441454407e-01
-2.338073563151693568e-01
-1.000000000000000000e+00
-3.679768267827533412e-01
7.098693680055795374e-01
5.920167037049763881e-01
1.000000000000000000e+00
3.692590303438207933e-01
-3.746035347091345447e-01
-3.291085166332271550e-01
-1.000000000000000000e+00
2.446071751443037456e-01
-1.000000000000000000e+00
5.033719877712033997e-01
1.509024258615023623e-02
-4.125151844675659096e-01
-1.000000000000000000e+00
1.000000000000000000e+00
-1.434073081067654964e-02
1.000000000000000000e+00
1.000000000000000000e+00
-6.351842662048946819e-02
-4.719128211429179931e-02
-1.000000000000000000e+00
-1.000000000000000000e+00
1.000000000000000000e+00
2.354522732030518706e-02
-7.880395646413225208e-01
-1.000000000000000000e+00
1.000000000000000000e+00
7.843551455924014926e-01
-3.082294072681517338e-01
-1.064514552646242951e-01
6.558259546428191200e-01
3.245021176719420364e-01
-9.215480104634932168e-02
1.000000000000000000e+00
-1.000000000000000000e+00
-4.298270496024297893e-01
-9.273719593327636179e-01
6.385934739565698459e-01
8.705287378987281999e-01
1.000000000000000000e+00
-7.464117519928662459e-01
-1.000000000000000000e+00
6.042635905171785948e-01
-9.745875015661592533e-01
-1.000000000000000000e+00
9.890780385569897248e-01
-1.000000000000000000e+00
1.000000000000000000e+00
9.922272914855327919e-01
1.000000000000000000e+00
1.000000000000000000e+00
-1.347410340892807312e-04
-7.628720365455176067e-01
-6.017613526539389301e-01
-1.000000000000000000e+00
-3.648349434401323421e-01
9.782280458117331712e-01
1.000000000000000000e+00
-2.480409631969702211e-01
-1.000000000000000000e+00
1.000000000000000000e+00
-1.000000000000000000e+00
-1.000000000000000000e+00
1.000000000000000000e+00
-1.380080436686346446e-01
-5.955663496564217452e-01
1.000000000000000000e+00
-8.764113529747441511e-01
-1.000000000000000000e+00
-1.000000000000000000e+00
3.099470314920622638e-01
8.900534588139665804e-01
-9.561394955072619606e-01
-1.000000000000000000e+00
-7.727885973132994080e-01
1.000000000000000000e+00
4.233988268092838680e-01
6.230700469271530650e-01
1.000000000000000000e+00
-1.000000000000000000e+00
-9.792467894369016879e-01
5.384687697041520282e-01
-3.746657034938493114e-01
-2.471570515364760467e-01
1.000000000000000000e+00
-1.000000000000000000e+00
-2.335332706097127398e-01
9.614654509039358699e-01
-1.000000000000000000e+00
3.946075228495157239e-01
1.000000000000000000e+00
1.000000000000000000e+00
1.397599255885262348e-02
-1.000000000000000000e+00
-2.520634568334976233e-01
3.110928028905238785e-01
1.000000000000000000e+00
-1.000000000000000000e+00
-8.328654769561514293e-01
1.758420458404275077e-01
7.913040827791598675e-01
-1.000000000000000000e+00
-7.042546803624891716e-01
3.500014698494796628e-01
9.078660990810708542e-01
-5.601054115328761851e-01
1.000000000000000000e+00
7.902604768872472096e-01
-8.396190686391791225e-01
-1.000000000000000000e+00
-7.954918191091784330e-01
3.351937263451833515e-01
1.000000000000000000e+00
1.000000000000000000e+00
-1.000000000000000000e+00
3.413252562734969686e-02
1.000000000000000000e+00
-1.000000000000000000e+00
1.000000000000000000e+00
-9.247344642929293812e-01
1.000000000000000000e+00
-4.612348744738694051e-01
1.000000000000000000e+00
1.000000000000000000e+00
-7.517125519039181691e-01
-1.000000000000000000e+00
2.554152403116298764e-01
-1.000000000000000000e+00
-8.215671604163694575e-01
-2.406562804400980138e-02
-1.601624739268260322e-01
3.144576464019430695e-01
-1.000000000000000000e+00
5.193074450624832750e-01
-8.141586832105506266e-01
-2.244292309306142597e-01
1.000000000000000000e+00
-1.000000000000000000e+00
6.593488896132588817e-01
4.289793155194678853e-01
-5.341489713416948115e-01
-7.676404274499371017e-02
-4.307914638036989263e-01
1.302712742601140894e-01
-7.478631038311456258e-01
-1.000000000000000000e+00
1.000000000000000000e+00
6.912779593149396273e-01
-1.000000000000000000e+00
1.000000000000000000e+00
5.414509821263135958e-01
-7.512992670408888962e-01
-1.000000000000000000e+00
-1.000000000000000000e+00
-3.560856112435656362e-01
-2.753582359506738797e-01
9.285775143574692692e-02
-8.422551379603915311e-01
7.635997230513640321e-01
-1.000000000000000000e+00
9.713839451435004602e-01
4.240943282116660384e-02
-1.000000000000000000e+00
-7.248957389383232641e-01
8.764429827232609327e-01
1.000000000000000000e+00
-1.000000000000000000e+00
2.992170268727259996e-01
4.413961534105140805e-01
-5.276850780408042230e-01
-1.000000000000000000e+00
-3.710883737429815366e-01
-1.000000000000000000e+00
-5.398321357161985912e-01
-4.264629764596450379e-01
1.000000000000000000e+00
1.000000000000000000e+00
1.000000000000000000e+00
3.020365360592481840e-01
4.177597545781510657e-01
1.000000000000000000e+00
1.000000000000000000e+00
-1.000000000000000000e+00
-1.229399671619467727e-01
3.911775367685700333e-01
3.193685408262536551e-02
1.544316079255113605e-01
-9.458999766595050929e-01
-9.917443223348058057e-01
-7.555431351456443068e-01
-1.000000000000000000e+00
4.065251324754042273e-01
1.714835469535496981e-01
1.000000000000000000e+00
-4.402013589828952522e-01
-1.000000000000000000e+00
1.296997200377536519e-01
1.000000000000000000e+00
1.526897714420233365e-01
-1.000000000000000000e+00
-5.125477186911940874e-01
3.274392108046954020e-01
1.000000000000000000e+00
5.872691643521281701e-01
-1.596302878582570028e-01
-1.000000000000000000e+00
8.483320033646437608e-01
-1.000000000000000000e+00
-1.000000000000000000e+00
1.000000000000000000e+00
-5.317960745221810281e-01
1.000000000000000000e+00
1.000000000000000000e+00
-5.313484268702405311e-01
-8.516996579546898261e-01
-1.000000000000000000e+00
6.915279260465174715e-01
1.000000000000000000e+00
-1.000000000000000000e+00
2.315178445917093208e-01
-2.983593121811377036e-01
4.914194953253706588e-01
9.033733418561400441e-01
2.455833624012775385e-01
8.838827266090620860e-01
-9.794314282157288165e-01
9.494442804724122498e-01
2.693651218947079595e-01
-1.000000000000000000e+00
-1.000000000000000000e+00
3.206598793730439656e-01
-9.137593088294468924e-01
1.000000000000000000e+00
-1.000000000000000000e+00
1.000000000000000000e+00
6.655731950030460142e-01
-2.618086425005475837e-01
-2.314431499395991632e-01
8.989202419380792897e-01
2.876131712211845715e-01
-1.000000000000000000e+00
3.141143760388049322e-01
7.838467424580963794e-01
6.218197400852999435e-01
-4.392098846290691805e-01
1.000000000000000000e+00
9.240909114912718159e-02
-1.000000000000000000e+00
-4.286639343962390658e-01
1.000000000000000000e+00
-1.470455689223303386e-01
-1.000000000000000000e+00
-4.744997885197388965e-01
2.254598183972543746e-01
6.651325335702217290e-01
-1.000000000000000000e+00
-7.021936502887123066e-02
-9.713382257949876308e-01
4.274877729249983993e-01
-8.538070509777906381e-02
-8.950948982683892829e-02
-1.000000000000000000e+00
1.993068190781857596e-01
-1.960875712847245655e-01
1.000000000000000000e+00
1.000000000000000000e+00
6.575382040852824073e-01
1.000000000000000000e+00
6.529605982703812206e-02
-6.476250628937512133e-01
9.199064775173010355e-01
6.542371125806121235e-01
8.349168050281652320e-01
-1.000000000000000000e+00
1.000000000000000000e+00
-1.000000000000000000e+00
1.000000000000000000e+00
9.076673695010231135e-01
3.516076846914524268e-01
4.670445341150397667e-02
-6.186870761791817275e-01
1.000000000000000000e+00
-1.000000000000000000e+00
-1.000000000000000000e+00
-8.828363994840215945e-02
-1.000000000000000000e+00
-1.000000000000000000e+00
8.350152517548000697e-01
1.000000000000000000e+00
9.817013397408480557e-04
7.650385409848781126e-02
-1.000000000000000000e+00
3.157582986460962804e-01
4.615099223714836385e-01
-8.071120048276463343e-01
-7.403658609368635179e-01
3.241719668677018884e-01
3.292664316312263750e-01
-7.760645875422982343e-01
2.300148782514381818e-01
-7.428366788865246040e-01
-5.524058201637751520e-01
1.000000000000000000e+00
-6.728733614270098196e-01
-1.000000000000000000e+00
8.179449101230604757e-01
8.479583800110490621e-01
-1.779189395008750063e-01
1.000000000000000000e+00
-1.000000000000000000e+00
1.000000000000000000e+00
-1.000000000000000000e+00
-4.502955012764167098e-01
-3.700492232149940053e-01
3.163734951863362843e-01
2.567747659739857413e-01
-1.000000000000000000e+00
2.439089342920414683e-01
-2.419393856463517567e-01
-1.000000000000000000e+00
-4.623205559820930399e-01
5.299901638860229358e-01
-9.532220514118860955e-02
5.883567587187493730e-01
6.681688404124086489e-03
1.000000000000000000e+00
-3.640740185031238751e-01
-1.000000000000000000e+00
-1.000000000000000000e+00
1.000000000000000000e+00
-1.000000000000000000e+00
-3.308566344732013498e-01
1.000000000000000000e+00
-1.000000000000000000e+00
8.847495756483779727e-01
-1.000000000000000000e+00
7.672637034785365628e-01
1.000000000000000000e+00
5.491233438644572695e-01
-5.623834403722457465e-01
-1.000000000000000000e+00
-1.000000000000000000e+00
4.182635492745347405e-01
1.000000000000000000e+00
1.000000000000000000e+00
1.000000000000000000e+00
-5.419131662775553693e-01
1.000000000000000000e+00
1.000000000000000000e+00
-1.000000000000000000e+00
1.000000000000000000e+00
-4.109174556172989767e-03
8.151800410922820372e-01
1.350174383440297943e-01
-1.000000000000000000e+00
9.548397124582476136e-01
-5.403270908543091888e-01
3.128744857444835104e-01
1.000000000000000000e+00
-9.450689493500403771e-01
1.000000000000000000e+00
9.813259706498458357e-01
8.404264680798898546e-01
4.181320848915925925e-02
-2.404973958354447161e-01
-9.600682345605631163e-01
-6.344383959480018875e-01
-1.000000000000000000e+00
-1.000000000000000000e+00
-1.000000000000000000e+00
-2.218537383992383871e-01
1.714646898633371830e-01
1.000000000000000000e+00
-8.344864789446415632e-01
-7.957888171581023462e-02
6.384776274056053191e-01
3.452254896566659959e-01
-7.096154332614190707e-02
-1.000000000000000000e+00
-3.526680822766957712e-01
1.945593097670790250e-01
-1.000000000000000000e+00
4.578471470138292809e-01
-7.082015575794617934e-01
-1.000000000000000000e+00
-4.118999276677582921e-01
7.713770743770947957e-01
1.000000000000000000e+00
1.000000000000000000e+00
1.000000000000000000e+00
-6.940455977134925014e-01
8.746722843047185503e-01
6.526167641504425632e-01
1.000000000000000000e+00
9.780955828960440357e-01
7.984336192121754827e-02
-1.000000000000000000e+00
1.000000000000000000e+00
1.916909580610037800e-01
1.607744781195473704e-01
1.000000000000000000e+00
-3.086786791774333016e-01
-1.000000000000000000e+00
3.948430184895564410e-01
9.814479081765499213e-01
-2.942150463584510267e-01
-1.000000000000000000e+00
-1.000000000000000000e+00
1.000000000000000000e+00
-1.000000000000000000e+00
-2.203685197841277477e-01
-1.000000000000000000e+00
6.541134417191069028e-02
1.000000000000000000e+00
-1.000000000000000000e+00
1.513454291109607164e-01
1.000000000000000000e+00
-1.805190827794083130e-01
-3.300631337120230047e-02
-1.053908502873787123e-01
6.617217326037583280e-01
1.000000000000000000e+00
2.569571372846228829e-01
-4.836746782733593042e-01
1.000000000000000000e+00
-1.019202081068615595e-01
-1.000000000000000000e+00
1.264534215924867366e-01
1.000000000000000000e+00
6.643962242844609900e-01
-2.976045060554961541e-01
-1.359491841746462426e-01
-2.799975850173159753e-01
-2.426637335967504194e-01
-1.680989854193320199e-01
1.000000000000000000e+00
-7.266449033887967257e-01
-1.000000000000000000e+00
-1.768043717144998084e-01
3.718447045004826257e-01
4.356923077041249259e-01
3.239928548988236789e-01
2.439390618583480719e-01
-1.000000000000000000e+00
-8.475960900267340281e-02
-1.000000000000000000e+00
-8.676956395047819015e-01
-1.000000000000000000e+00
-1.000000000000000000e+00
5.187122933476902009e-01
1.000000000000000000e+00
-1.482005602216888152e-01
-1.000000000000000000e+00
1.000000000000000000e+00
-3.946467382176820360e-01
-4.022011128476083996e-01
-1.799155069926796635e-01
-3.836043698971519644e-02
-8.393134548876575174e-01
9.817581191848229194e-01
9.356709011484531935e-01
-7.468091297291135078e-02
1.000000000000000000e+00
-6.337889768113359468e-01
-8.067426526480689919e-01
1.872764469223861528e-01
-1.174237113433543866e-01
4.855477252260792520e-01
2.787378827226343336e-01
-1.000000000000000000e+00
8.868346207178532392e-01
1.000000000000000000e+00
-1.000000000000000000e+00
1.000000000000000000e+00
-9.938389735352344267e-01
5.222538172018084124e-01
1.000000000000000000e+00
9.709840946996532995e-01
1.533220716047597465e-01
-1.060610668262376155e-01
1.000000000000000000e+00
-1.000000000000000000e+00
-1.000000000000000000e+00
1.000000000000000000e+00
-1.000000000000000000e+00
-1.000000000000000000e+00
2.606696551625533598e-01
-1.000000000000000000e+00
1.201056489319702880e-01
-6.935607343372709455e-01
1.000000000000000000e+00
-1.950555727497071956e-01
-1.000000000000000000e+00
1.000000000000000000e+00
6.698820623686410070e-01
-4.227464868098031459e-01
-3.452659915885190056e-01
-5.739823134597408227e-01
-4.275746247126520627e-01
-4.970446319438276417e-01
-5.794705514380109612e-01
-9.544058786564255659e-01
-1.000000000000000000e+00
3.134003112644270228e-01
3.408414818469586161e-01
-5.744096497927962952e-01
3.468995466859192689e-01
1.551319871001033412e-02
2.653792843739390950e-01
9.679010424654099776e-02
4.553416524091534745e-01
9.839032162616256905e-01
-1.000000000000000000e+00
-9.872040153409722407e-01
2.357751249098625212e-01
3.920514189683177997e-01
-4.087487246966733379e-01
-5.069919641235196006e-02
1.000000000000000000e+00
-9.406674432219665205e-02
-6.947981424607231338e-01
1.401326715164388226e-01
-9.731533183314778901e-01
-1.000000000000000000e+00
1.000000000000000000e+00
-1.000000000000000000e+00
4.856827424826434814e-01
5.316464280989595670e-01
1.000000000000000000e+00
-8.634897679620812116e-02
-9.101045553849040903e-02
-1.000000000000000000e+00
-6.747026641721212692e-02
-1.000000000000000000e+00
-1.000000000000000000e+00
1.000000000000000000e+00
-5.078021232392804230e-01
1.000000000000000000e+00
5.731395187473704578e-01
-2.944887299940921466e-01
1.000000000000000000e+00
8.642642589187747859e-01
1.000000000000000000e+00
-9.115909942785721531e-01
1.000000000000000000e+00
1.000000000000000000e+00
-1.000000000000000000e+00
1.000000000000000000e+00
