1.000000000000000000e+00
1.000000000000000000e+00
9.198147422321875100e-01
-1.000000000000000000e+00
-5.282915846648381653e-01
-1.000000000000000000e+00
-1.000000000000000000e+00
5.251981017176095001e-01
-4.820505352729410609e-01
9.136965693358151119e-02
9.566468580328224558e-01
1.135487750028723042e-01
4.752492365303058186e-01
2.383757534169339554e-01
-7.874866759490783963e-01
-5.629149009278848759e-01
1.000000000000000000e+00
1.000000000000000000e+00
1.000000000000000000e+00
-1.000000000000000000e+00
9.243203306103713324e-01
1.000000000000000000e+00
4.012254372551929960e-01
1.584378811149830257e-01
-1.000000000000000000e+00
7.666486653980273402e-01
-3.530989942349480604e-01
1.575928070114820390e-01
1.000000000000000000e+00
-1.000000000000000000e+00
1.000000000000000000e+00
1.000000000000000000e+00
1.000000000000000000e+00
1.000000000000000000e+00
-3.173727350766465394e-01
-5.185542256876725098e-01
7.202597007570659127e-01
-1.000000000000000000e+00
6.320481787718204014e-01
-6.924341351332312655e-01
-1.000000000000000000e+00
9.627118244408696679e-01
-4.471677925864714354e-01
1.000000000000000000e+00
-1.000000000000000000e+00
-5.561831366444487390e-01
3.145182476323504783e-02
-4.186247150148250107e-01
-5.387410873012997703e-01
-4.081758661961415457e-01
-1.000000000000000000e+00
-5.133334437629847313e-01
-3.868818040438777306e-01
-7.394156008558026016e-01
1.000000000000000000e+00
9.057447724078635520e-01
-1.402257758060961867e-01
1.000000000000000000e+00
-7.874440954971739792e-01
-1.244634245896313329e-01
5.118633147653065540e-01
-1.000000000000000000e+00
1.000000000000000000e+00
2.077257565874979228e-02
-1.000000000000000000e+00
-4.935665822347458098e-01
-2.261858089441960429e-01
6.718017463086114471e-01
6.315822066211800312e-01
-1.185145353032225901e-01
-3.755893620239912911e-01
-3.407062971272945551e-01
-1.000000000000000000e+00
1.000000000000000000e+00
-2.386033261563491881e-01
2.894676671818996461e-01
-1.000000000000000000e+00
1.000000000000000000e+00
-2.024228741895786055e-01
5.412404334139471196e-01
-1.485300065111856416e-01
-1.000000000000000000e+00
8.022910136916800994e-01
3.324057303636848149e-01
-1.000000000000000000e+00
4.073503334129764397e-01
2.773573807550657189e-01
1.000000000000000000e+00
1.000000000000000000e+00
-1.058424574626848358e-01
1.000000000000000000e+00
-3.616474549560315666e-01
-1.000000000000000000e+00
1.308174576717546778e-01
2.860423753375473943e-01
5.507481388810504530e-01
-5.492153497884630919e-01
-5.068404264774384327e-01
-9.394751428899479340e-01
-2.067145958895345581e-01
8.251462935769600104e-01
-1.000000000000000000e+00
6.420979717412205190e-01
1.000000000000000000e+00
-7.124222447444759077e-01
5.646833058094431479e-01
1.000000000000000000e+00
-2.160376119167529696e-01
-1.000000000000000000e+00
1.000000000000000000e+00
1.000000000000000000e+00
1.552426484602429380e-01
1.179492516096004584e-01
2.132978802450718470e-01
-8.290817346447632019e-02
-5.301090120069351652e-03
-1.000000000000000000e+00
-3.479059692418171590e-01
8.129426967988305774e-01
1.000000000000000000e+00
1.000000000000000000e+00
9.759533705172503959e-01
4.172272329332591401e-01
1.000000000000000000e+00
1.184428770760533600e-01
-1.000000000000000000e+00
2.300299013437385742e-01
-8.583473299478869833e-01
-1.000000000000000000e+00
1.289411407545686394e-01
-2.502863078532868713e-01
5.696742136199198780e-01
-1.000000000000000000e+00
-4.787468586984761632e-01
1.000000000000000000e+00
3.980548324700102780e-01
5.126298490200809077e-02
1.000000000000000000e+00
-1.000000000000000000e+00
-9.119783520500415186e-01
-1.000000000000000000e+00
1.000000000000000000e+00
-8.080099637612047081e-01
7.769482551538952064e-01
-1.272764734704346923e-01
9.697807628849963724e-01
-6.232990653305757744e-01
4.869592739484109867e-01
-1.000000000000000000e+00
-1.000000000000000000e+00
-9.543252195484143163e-01
5.859583680780224846e-01
-4.900481821463908982e-01
-1.000000000000000000e+00
1.000000000000000000e+00
6.912062716492219927e-01
-5.025115791194416648e-01
1.000000000000000000e+00
-1.690247755161929932e-01
1.000000000000000000e+00
1.000000000000000000e+00
1.640751338924917313e-01
1.000000000000000000e+00
1.000000000000000000e+00
7.090329793972292016e-01
1.000000000000000000e+00
4.186082233288701548e-01
-2.455263442603938806e-03
3.375784410119638812e-01
-1.000000000000000000e+00
6.316806834565508177e-01
-1.000000000000000000e+00
-3.131288464186030573e-01
1.000000000000000000e+00
4.076156023370927084e-01
-1.000000000000000000e+00
9.129800272252134308e-01
-3.278980941002339056e-01
-1.675850583041613162e-02
6.551580973892881521e-02
-1.000000000000000000e+00
2.545288763266170817e-01
6.760210362573058074e-01
-1.000000000000000000e+00
-1.000000000000000000e+00
-7.438019089206411305e-01
-1.000000000000000000e+00
-1.000000000000000000e+00
1.000000000000000000e+00
-1.311203857295260566e-01
6.756060856041240514e-01
5.026508125568969199e-01
5.200446098905280312e-01
7.023898631097320600e-01
-1.000000000000000000e+00
-9.012064353181207244e-01
-4.186870864020424410e-01
1.000000000000000000e+00
1.000000000000000000e+00
2.567430263820104086e-01
1.000000000000000000e+00
-9.252142762915033236e-01
-1.512742098329891149e-01
1.000000000000000000e+00
1.000000000000000000e+00
1.000000000000000000e+00
6.518911222293310992e-02
3.543554323259592298e-01
1.000000000000000000e+00
-6.967888433000981596e-01
-1.000000000000000000e+00
-1.000000000000000000e+00
-1.000000000000000000e+00
-1.000000000000000000e+00
-7.949237576573742192e-02
-1.000000000000000000e+00
-3.179983804134502434e-01
-1.000000000000000000e+00
-6.273403538327173568e-01
1.000000000000000000e+00
-1.000000000000000000e+00
-1.901151423259439532e-02
3.223500357812503214e-02
9.407927646288032353e-01
1.000000000000000000e+00
5.117410681116001392e-01
-9.318425647649544175e-01
-1.000000000000000000e+00
-1.668061108668905668e-03
1.000000000000000000e+00
-1.000000000000000000e+00
-1.000000000000000000e+00
1.000000000000000000e+00
-1.000000000000000000e+00
1.000000000000000000e+00
7.960430702469645237e-01
-6.404453420193099156e-01
-1.000000000000000000e+00
-9.674482643021500294e-01
-1.000000000000000000e+00
-1.455282134187651510e-01
1.000000000000000000e+00
-4.056195736504891181e-01
-1.000000000000000000e+00
1.000000000000000000e+00
-3.243895758133755747e-01
-4.943660556721090060e-01
-3.680240900066099607e-01
-2.179934425712309887e-01
-1.000000000000000000e+00
-7.655511667613665860e-01
1.000000000000000000e+00
1.000000000000000000e+00
7.739787500494677008e-01
-5.212489118354921014e-02
-4.791614512122089331e-01
-8.697116321482711854e-01
-3.353707998062621654e-01
2.835159188084107607e-02
-4.312203689963040598e-01
-1.000000000000000000e+00
4.215755352794217647e-01
-4.398112719066737952e-02
1.000000000000000000e+00
6.545094492697227651e-01
5.423500973220387600e-01
-6.363883418827583904e-01
3.910332969271269610e-01
1.000000000000000000e+00
-2.914007055014757874e-01
1.000000000000000000e+00
-7.073183205752731073e-01
-8.215108182250118185e-01
6.075974672661418330e-01
1.000000000000000000e+00
7.033999000883162100e-02
-1.000000000000000000e+00
-2.667503343517781955e-01
-8.810046524560357639e-01
-9.705894832524105675e-01
1.000000000000000000e+00
-1.000000000000000000e+00
-1.000000000000000000e+00
-1.000000000000000000e+00
-6.382610980862012395e-01
6.975588947250480620e-01
1.000000000000000000e+00
1.000000000000000000e+00
-1.000000000000000000e+00
-1.000000000000000000e+00
-1.000000000000000000e+00
1.757134254444853161e-02
-1.000000000000000000e+00
1.000000000000000000e+00
2.180944343459711998e-01
-1.000000000000000000e+00
1.000000000000000000e+00
4.674582404216078291e-01
1.000000000000000000e+00
-1.447080845117695858e-01
-1.000000000000000000e+00
-8.388814699295612520e-01
1.326122742652041386e-01
-1.000000000000000000e+00
9.428327497975736993e-01
9.347072353622263297e-01
4.121854147865506857e-01
-1.000000000000000000e+00
1.000000000000000000e+00
5.363433154181432849e-01
-1.000000000000000000e+00
-1.000000000000000000e+00
-1.000000000000000000e+00
-1.000000000000000000e+00
2.868446106597538625e-02
-5.046849511208384431e-01
7.270615723659268337e-02
6.934207042924543929e-01
-1.000000000000000000e+00
1.000000000000000000e+00
-1.000000000000000000e+00
1.562033994678539983e-01
-1.000000000000000000e+00
6.782390672070963689e-01
2.719191993478680125e-01
1.000000000000000000e+00
-8.804972538834848761e-01
-7.729720262648306361e-01
-1.000000000000000000e+00
-1.000000000000000000e+00
-5.245336119872379133e-01
5.351043310744694192e-01
1.000000000000000000e+00
-1.000000000000000000e+00
-1.000000000000000000e+00
1.537181704566623619e-01
9.723885828708730417e-01
-1.000000000000000000e+00
1.000000000000000000e+00
5.474669473864719471e-01
2.374793298307345257e-01
7.694426559554288225e-01
-1.000000000000000000e+00
6.399803833882816706e-01
-3.682158055341372416e-01
2.915641164503584015e-01
4.065961177607284593e-01
-7.316937861794506892e-01
5.335786729346669865e-01
-5.825144745898166443e-01
-3.055328939944915723e-01
-6.537512148677852020e-01
-5.643237564684060459e-01
-1.565499790346747133e-02
-2.819223641694443838e-01
3.362303988897958340e-01
1.000000000000000000e+00
-1.000000000000000000e+00
8.563062212864441802e-01
1.000000000000000000e+00
1.000000000000000000e+00
-1.000000000000000000e+00
2.607591469247112492e-01
1.000000000000000000e+00
-1.000000000000000000e+00
-7.349279972691495910e-01
-5.955069511921384784e-01
1.000000000000000000e+00
1.000000000000000000e+00
-1.000000000000000000e+00
1.905065518501306288e-01
-5.760566527785008217e-01
5.222243619203671416e-01
-2.268573615513551078e-01
1.000000000000000000e+00
3.223138003352844505e-01
-4.468436950852879841e-01
-6.937099815726345264e-01
1.000000000000000000e+00
5.429159217972464591e-01
-5.951497799380733866e-02
-1.000000000000000000e+00
1.000000000000000000e+00
2.096881200966767000e-01
-1.000000000000000000e+00
-2.778899984142749746e-01
-1.275685372556384922e-01
-5.584228153927550675e-01
1.000000000000000000e+00
1.000000000000000000e+00
1.000000000000000000e+00
7.336543872504662778e-01
-2.378685995682143783e-01
-3.006115756982342679e-01
-4.441706921154190968e-01
-1.000000000000000000e+00
1.000000000000000000e+00
3.429183834135268727e-01
-1.000000000000000000e+00
-1.000000000000000000e+00
3.428402968175873200e-01
1.000000000000000000e+00
-5.531853485168671813e-01
-1.000000000000000000e+00
-1.000000000000000000e+00
-1.000000000000000000e+00
5.091470666455082394e-01
8.592959045141643770e-01
6.031983843735067019e-01
1.000000000000000000e+00
1.000000000000000000e+00
1.000000000000000000e+00
-2.980801222392255312e-01
1.000000000000000000e+00
-1.000000000000000000e+00
-1.751259474574107800e-01
-8.491660482964276113e-01
6.374784606482154503e-01
-9.472013096204305871e-01
8.530264205799009680e-01
-2.105148235524930689e-01
-2.668202742773841396e-01
-1.000000000000000000e+00
7.353982929449484063e-01
-1.000000000000000000e+00
1.000000000000000000e+00
-1.000000000000000000e+00
1.000000000000000000e+00
4.964486767191821359e-01
-1.000000000000000000e+00
-7.476742912618690173e-01
7.704751043375640540e-01
-1.000000000000000000e+00
-6.423626019783778007e-01
-9.126119871646789505e-01
4.723031083224091264e-02
1.000000000000000000e+00
1.000000000000000000e+00
-1.000000000000000000e+00
6.906105971511264929e-01
-1.000000000000000000e+00
7.423581395810131545e-01
-9.248243799479520799e-01
1.000000000000000000e+00
-2.690180478457641078e-01
-1.000000000000000000e+00
1.000000000000000000e+00
1.000000000000000000e+00
-2.464057726369605072e-01
-1.000000000000000000e+00
-2.117393352588871069e-01
-7.797664517633935422e-01
-8.478690421336079752e-02
-2.276070343394472895e-01
1.000000000000000000e+00
-1.000000000000000000e+00
1.000000000000000000e+00
8.320423347120747826e-02
-1.169534302383343771e-01
2.599476859355248637e-01
3.634992631470063129e-01
-1.353183059898306062e-01
-1.000000000000000000e+00
7.552436595967821908e-01
-5.236074600752230190e-02
3.606022247624513510e-01
1.000000000000000000e+00
6.290501466121779517e-01
-1.000000000000000000e+00
3.622760623640620126e-01
1.000000000000000000e+00
-1.000000000000000000e+00
-6.661185887025403152e-02
-5.224073797296724386e-03
-1.000000000000000000e+00
-1.000000000000000000e+00
-1.000000000000000000e+00
7.854701510792896357e-01
1.000000000000000000e+00
-1.000000000000000000e+00
8.453512483971411529e-01
-6.115687187700724614e-01
-1.000000000000000000e+00
1.000000000000000000e+00
8.219083454764595231e-01
1.000000000000000000e+00
1.000000000000000000e+00
-6.505874827350949241e-01
1.389276852765025660e-02
1.000000000000000000e+00
1.000000000000000000e+00
5.632988090263246761e-01
1.000000000000000000e+00
-1.000000000000000000e+00
3.667263964727072167e-01
2.789758405811976205e-01
-4.805301402556324541e-01
7.416885001009098088e-01
-4.407415504217075952e-01
-7.785268575731192353e-01
4.740096120769244359e-01
-2.732101378155998850e-01
1.000000000000000000e+00
-3.353984745287943436e-01
-7.280245843939514572e-01
1.000000000000000000e+00
1.348691767002181963e-01
-4.788706267275637529e-01
3.000987546571878273e-01
-1.000000000000000000e+00
-1.000000000000000000e+00
1.000000000000000000e+00
1.000000000000000000e+00
-2.884785272216986440e-01
-4.100730048086802526e-01
-1.000000000000000000e+00
-1.000000000000000000e+00
6.600461358995400873e-01
1.000000000000000000e+00
4.252274673066967492e-01
-8.967328945657819794e-01
-7.037406107152377466e-01
-1.000000000000000000e+00
-1.000000000000000000e+00
6.956229564030816936e-01
1.262798116140273486e-01
-1.000000000000000000e+00
8.965799560359839493e-01
1.000000000000000000e+00
3.927926873190903390e-01
-1.000000000000000000e+00
-6.707486725395547800e-02
-1.000000000000000000e+00
-8.851448370645758068e-01
1.000000000000000000e+00
-1.000000000000000000e+00
-1.000000000000000000e+00
1.000000000000000000e+00
-1.000000000000000000e+00
1.000000000000000000e+00
-1.000000000000000000e+00
-5.601882992867439626e-01
6.307434152686035578e-01
-1.000000000000000000e+00
-1.000000000000000000e+00
-1.258652591654737529e-01
1.000000000000000000e+00
1.000000000000000000e+00
9.433443865431923037e-01
3.955491373913255782e-01
-6.564192232053348564e-01
-1.000000000000000000e+00
-1.000000000000000000e+00
-3.639241878169612310e-01
1.000000000000000000e+00
-2.858571925897549493e-01
-1.000000000000000000e+00
-5.471856825237526589e-01
1.000000000000000000e+00
1.000000000000000000e+00
-1.000000000000000000e+00
-1.000000000000000000e+00
7.121035147778731478e-01
1.686890936998463597e-01
-4.998004442175629780e-01
-9.509274781951020383e-01
1.000000000000000000e+00
-8.892924773177178777e-01
-6.252107530921990897e-01
-2.669763003470345675e-01
7.268546751407256590e-01
6.662612696439802473e-01
-7.723505808474488976e-01
-1.000000000000000000e+00
1.000000000000000000e+00
1.818030248717448782e-01
-1.000000000000000000e+00
1.000000000000000000e+00
-1.000000000000000000e+00
-1.000000000000000000e+00
1.000000000000000000e+00
-5.660023456771523520e-02
-7.882506221222130849e-01
1.981716076978186358e-01
5.663221218754075359e-01
-4.074265063902884898e-01
1.000000000000000000e+00
4.664284164466114824e-01
-1.000000000000000000e+00
-1.000000000000000000e+00
-3.798548389348580523e-01
-7.860505543911499027e-01
1.000000000000000000e+00
1.000000000000000000e+00
3.069146307496002923e-01
-2.932485363481112661e-01
1.000000000000000000e+00
1.000000000000000000e+00
1.000000000000000000e+00
1.000000000000000000e+00
4.073081060052199387e-01
1.000000000000000000e+00
-1.777825810512603244e-01
1.000000000000000000e+00
-1.000000000000000000e+00
-1.000000000000000000e+00
4.771573923751125657e-01
9.533815491842907441e-01
6.610638266297663712e-02
1.000000000000000000e+00
-1.000000000000000000e+00
3.619996232744826514e-01
-9.046822366429571050e-01
-7.307320309784933743e-01
1.000000000000000000e+00
1.000000000000000000e+00
1.000000000000000000e+00
-1.000000000000000000e+00
-1.000000000000000000e+00
5.964445365315962366e-01
-6.288975999284663887e-01
-1.000000000000000000e+00
-1.000000000000000000e+00
-1.000000000000000000e+00
-1.000000000000000000e+00
6.070137553848213852e-01
-3.320148398256188016e-01
-8.806750925403774577e-01
-4.736123357652172183e-02
1.000000000000000000e+00
-2.537308631918414603e-01
-1.000000000000000000e+00
-1.000000000000000000e+00
3.245495778141056498e-01
-1.000000000000000000e+00
-3.481830945783867537e-01
1.000000000000000000e+00
-1.000000000000000000e+00
8.563477961686589701e-01
-1.000000000000000000e+00
3.615721472167880979e-01
-9.861080589651219919e-01
1.000000000000000000e+00
-8.918572521042276158e-01
-1.000000000000000000e+00
-4.209468780720077574e-01
-9.149913472619003452e-02
-2.633253188109793141e-01
-1.000000000000000000e+00
1.000000000000000000e+00
-4.888416472677835634e-01
-2.472853382296626990e-01
-6.960261397175748765e-02
-1.000000000000000000e+00
9.793481534062629112e-01
1.000000000000000000e+00
-9.868290994649031589e-04
-1.000000000000000000e+00
7.426022271514493012e-01
3.859448615440370656e-01
-1.000000000000000000e+00
6.039266788788870688e-01
3.101026644112562236e-01
3.885684036612706560e-01
-1.000000000000000000e+00
-1.000000000000000000e+00
1.000000000000000000e+00
8.725113759245426426e-01
1.000000000000000000e+00
1.000000000000000000e+00
-2.805113131415643557e-01
1.442215985695236014e-01
7.139364096641347412e-01
1.000000000000000000e+00
-1.000000000000000000e+00
-1.000000000000000000e+00
1.000000000000000000e+00
1.000000000000000000e+00
-1.926391702369437686e-01
6.303670922888642281e-01
-6.627181590244832776e-01
4.713536385008401108e-01
2.607195385753677819e-01
1.094103433779721746e-01
-1.000000000000000000e+00
6.065023648591505445e-02
-6.855746205300323748e-01
1.000000000000000000e+00
1.000000000000000000e+00
-5.516698019471332204e-01
-8.174361597714908667e-01
-7.864654835269004884e-01
-1.000000000000000000e+00
2.152420182075531763e-02
-1.000000000000000000e+00
2.035695239398034317e-01
6.379298742531192001e-01
-1.000000000000000000e+00
-1.000000000000000000e+00
-1.000000000000000000e+00
1.000000000000000000e+00
8.935890169535138927e-01
-1.000000000000000000e+00
-1.000000000000000000e+00
-1.000000000000000000e+00
6.944390602259571388e-01
-6.818734233769371267e-01
-1.478592223033881048e-01
-1.000000000000000000e+00
1.261650588158613751e-01
-1.677384130191164058e-01
8.597113526300503850e-02
8.189272438112326080e-01
-3.294949342549464699e-01
-5.496159597192767921e-01
1.000000000000000000e+00
4.204497248011473953e-02
5.090664127750115231e-01
-9.225057830110263701e-01
-6.672903216298780027e-01
2.019076277841783118e-02
1.000000000000000000e+00
-8.761436833124197632e-01
5.271561428121396276e-01
-1.384695076307840278e-01
-1.000000000000000000e+00
-1.000000000000000000e+00
-1.000000000000000000e+00
-2.639339644755507863e-01
-1.000000000000000000e+00
5.325877032108010667e-01
2.164865574713868979e-01
-3.585007943063948099e-01
1.000000000000000000e+00
-9.584328085138720255e-01
-1.000000000000000000e+00
-1.000000000000000000e+00
-4.249838546768327507e-01
6.185150075498833111e-01
-1.000000000000000000e+00
-8.941798857573435289e-01
-1.000000000000000000e+00
4.817781387845565533e-02
1.000000000000000000e+00
6.110220242318840089e-01
1.000000000000000000e+00
-1.000000000000000000e+00
-2.942711342385512241e-01
1.000000000000000000e+00
5.774070488078034691e-01
1.000000000000000000e+00
-1.000000000000000000e+00
-1.384093571930083977e-01
-1.000000000000000000e+00
1.000000000000000000e+00
2.240295956798965538e-01
3.358036258365847404e-01
-9.192875651196120712e-01
1.000000000000000000e+00
-9.441030047106203638e-01
-8.955683883287571811e-01
9.185113569920251297e-01
-1.000000000000000000e+00
-4.406662566718044238e-01
-1.717649944796684203e-01
6.202334844276927717e-01
1.000000000000000000e+00
6.190480196545744551e-01
8.554106539846764168e-01
1.000000000000000000e+00
6.631942722372462518e-01
7.625006083054057804e-01
-4.625266149973434882e-01
1.000000000000000000e+00
-1.000000000000000000e+00
-1.000000000000000000e+00
1.000000000000000000e+00
-4.252484948501546458e-01
1.000000000000000000e+00
1.609832175385065289e-01
-8.355295211501563291e-01
-1.000000000000000000e+00
-1.000000000000000000e+00
1.000000000000000000e+00
1.000000000000000000e+00
-1.000000000000000000e+00
5.569361425978918145e-01
-9.265977904062715487e-01
2.347808673154062054e-01
4.328180552244997870e-02
8.925985286342206226e-01
-2.609596539970759910e-01
1.000000000000000000e+00
-8.788535813741207292e-01
8.625715332712360350e-01
-1.000000000000000000e+00
-9.041022571593515522e-01
-1.000000000000000000e+00
-3.879282621910399298e-01
-1.000000000000000000e+00
-5.094257274327793628e-01
1.000000000000000000e+00
1.474823334445263256e-01
9.204620773882230544e-01
-4.654810302618201390e-01
4.902359609697462539e-01
2.153637191145065799e-01
-5.967249707131965231e-01
1.141653824190118904e-01
-3.590975143069494724e-01
-3.943475677122570411e-01
7.673490697727651799e-01
-6.543411810736884382e-01
-3.923304138523007190e-01
-9.313956466109689636e-01
1.000000000000000000e+00
-9.332824650535573308e-03
1.000000000000000000e+00
-1.000000000000000000e+00
-1.000000000000000000e+00
-1.463616819295552318e-01
-1.782906106009002345e-01
-5.160761342910836769e-01
9.540062105581690322e-01
-1.034670255818401774e-01
1.000000000000000000e+00
-5.478421809688875932e-01
9.569504526542483847e-01
8.086909616797863798e-01
-1.000000000000000000e+00
5.774977040959272667e-01
1.000000000000000000e+00
1.000000000000000000e+00
1.000000000000000000e+00
-1.000000000000000000e+00
-1.739005693226212124e-01
1.000000000000000000e+00
1.000000000000000000e+00
1.000000000000000000e+00
-3.863236637200629375e-01
-1.652950089524186650e-01
-1.000000000000000000e+00
5.881652609394143472e-01
-1.000000000000000000e+00
-1.052288909104890369e-01
-5.566314088447982256e-01
-1.000000000000000000e+00
-5.972154738708430610e-01
5.879188537917812152e-01
1.000000000000000000e+00
-6.342333639741405404e-01
-4.174249658497142801e-01
-1.000000000000000000e+00
1.000000000000000000e+00
-6.028919903374689859e-01
1.877423778820547229e-01
8.227600920352904357e-01
-2.333744067777077102e-01
-2.473123356458211686e-01
-1.000000000000000000e+00
7.611180097103418252e-01
-1.000000000000000000e+00
1.000000000000000000e+00
-1.000000000000000000e+00
-1.000000000000000000e+00
8.433525017660005174e-01
-5.339674117151910204e-02
-1.541222473336260057e-01
1.040945072185886500e-02
1.000000000000000000e+00
-1.000000000000000000e+00
-1.000000000000000000e+00
1.000000000000000000e+00
1.000000000000000000e+00
-6.689868860877338230e-01
-7.307434105921263301e-01
1.000000000000000000e+00
1.000000000000000000e+00
1.000000000000000000e+00
3.017936488764442204e-01
-7.843594489942026793e-02
-1.000000000000000000e+00
-7.918874024559827696e-01
7.986621859629915443e-01
5.096362954835500503e-01
1.000000000000000000e+00
-1.000000000000000000e+00
-1.000000000000000000e+00
-4.433495289626480096e-01
1.000000000000000000e+00
1.000000000000000000e+00
7.043929660537928683e-01
-1.000000000000000000e+00
-2.039368035184252470e-02
4.194832036372900808e-01
6.836850697838035007e-01
8.010359202631917031e-02
6.140094748774573841e-01
-3.801274890115948768e-01
1.000000000000000000e+00
1.000000000000000000e+00
9.700038442842642272e-01
7.529817667076943444e-03
-1.000000000000000000e+00
4.627897230914855831e-01
9.020588454187410399e-01
-1.000000000000000000e+00
-1.000000000000000000e+00
1.000000000000000000e+00
-7.193365758896923534e-01
1.000000000000000000e+00
8.701789802726933587e-01
4.980539336673370787e-01
6.980915286634173933e-01
-3.746883602492859788e-01
-1.000000000000000000e+00
-1.000000000000000000e+00
6.557563080509463127e-01
-1.000000000000000000e+00
-1.000000000000000000e+00
6.612077782260469272e-01
1.000000000000000000e+00
-1.551117759008882602e-01
-1.000000000000000000e+00
-1.082442554154584569e-01
-1.000000000000000000e+00
-7.124518660999934472e-01
-1.000000000000000000e+00
-1.017261144338783840e-01
6.038551559928081458e-01
-1.000000000000000000e+00
1.000000000000000000e+00
1.133925442715354448e-01
-1.000000000000000000e+00
8.784652429148631647e-02
3.909257477931291636e-01
-1.000000000000000000e+00
-1.000000000000000000e+00
-5.940024131464213819e-02
-2.347842625551760931e-01
5.326572120064126947e-01
-6.648839575289142712e-01
8.188147274692900712e-01
2.201873190839248595e-01
-7.223214963670477884e-01
1.000000000000000000e+00
-5.135497595700240225e-01
-1.000000000000000000e+00
1.526695640579027735e-01
-5.434333883998991865e-01
-1.000000000000000000e+00
-7.822079653689901768e-01
-2.339610314651072720e-01
-1.000000000000000000e+00
9.832834755658814707e-02
-1.000000000000000000e+00
-1.000000000000000000e+00
-6.936071570567265976e-01
-1.000000000000000000e+00
-1.000000000000000000e+00
-9.793671384213552544e-01
-1.805826065054216834e-01
4.424382084074925947e-01
9.983739877338471125e-02
-1.000000000000000000e+00
-4.906366440673958218e-01
-1.000000000000000000e+00
6.125642170444205448e-01
-8.519201588519382806e-01
1.000000000000000000e+00
4.246856512193496469e-01
9.017380487977372239e-01
-1.460428126330967080e-01
-3.897660673643628115e-01
5.460809687795752376e-01
-1.000000000000000000e+00
1.000000000000000000e+00
4.713567473356508608e-01
5.572517293727170529e-01
9.676294652204798785e-01
9.867422444720126418e-01
-5.489188065793061400e-01
-1.000000000000000000e+00
1.000000000000000000e+00
-5.492938609764619340e-01
1.000000000000000000e+00
1.000000000000000000e+00
-1.000000000000000000e+00
1.000000000000000000e+00
5.341246493347435731e-01
1.000000000000000000e+00
-6.572569137520630767e-01
5.648416581205080167e-01
1.000000000000000000e+00
1.000000000000000000e+00
5.205580617191563064e-01
-1.000000000000000000e+00
-1.000000000000000000e+00
1.321338573837750330e-01
-4.278335399814119366e-01
-4.261079182084668293e-01
-9.404307746429885206e-01
1.000000000000000000e+00
8.721620361929717236e-01
-7.776106225162475738e-01
6.871331661182149553e-01
5.218556392954116774e-01
4.652562633732526542e-02
-1.000000000000000000e+00
1.000000000000000000e+00
1.000000000000000000e+00
-1.000000000000000000e+00
9.580820718427165428e-01
1.000000000000000000e+00
3.689607965856311900e-01
1.000000000000000000e+00
-1.725908503479356426e-02
7.052102502834127762e-01
-5.210597816060758003e-01
-1.000000000000000000e+00
-1.000000000000000000e+00
-2.177664057218482996e-01
1.000000000000000000e+00
1.509121554868506909e-01
3.915707465895183481e-01
-4.689421233798030109e-02
-8.293572328662535131e-02
-4.010401587448576555e-01
1.742698240526815434e-01
-1.000000000000000000e+00
1.000000000000000000e+00
-4.272282102690982963e-01
-3.909519476686895700e-01
-3.665478584611214785e-02
2.354962567582400967e-01
-1.000000000000000000e+00
-1.000000000000000000e+00
1.000000000000000000e+00
5.997063640927464689e-01
5.412780319733141443e-01
-1.000000000000000000e+00
1.000000000000000000e+00
1.000000000000000000e+00
-1.000000000000000000e+00
1.000000000000000000e+00
-2.866773589163644775e-01
-1.000000000000000000e+00
-1.000000000000000000e+00
1.523058515091224585e-02
2.073855448030222925e-01
-7.906735940414681973e-01
7.556515866846269525e-02
1.000000000000000000e+00
1.000000000000000000e+00
-1.000000000000000000e+00
-7.121380061508553183e-02
3.944268947411988524e-02
-1.000000000000000000e+00
8.983783888830383368e-01
-5.295737816287779953e-01
1.000000000000000000e+00
1.000000000000000000e+00
-8.752661703106564550e-01
5.937988905053659394e-02
5.329023968528368016e-02
1.923143077899718278e-01
-1.495115636650781177e-01
-1.000000000000000000e+00
-2.417960987975142917e-02
-1.000000000000000000e+00
5.816316464310827827e-01
-1.000000000000000000e+00
1.000000000000000000e+00
1.000000000000000000e+00
1.000000000000000000e+00
3.843632220358167428e-01
1.000000000000000000e+00
-1.000000000000000000e+00
1.000000000000000000e+00
-1.528420147252341765e-01
-1.692125453966297766e-02
4.718938964135910297e-02
7.776914357944580969e-01
-4.748593683454735981e-01
1.000000000000000000e+00
-5.945862344113934661e-01
1.000000000000000000e+00
6.227597261224173675e-01
-9.357627967457780027e-01
3.050478402036569392e-01
-1.000000000000000000e+00
5.266600518854612778e-01
1.000000000000000000e+00
-1.000000000000000000e+00
-7.418642307305755024e-01
-1.000000000000000000e+00
-4.972611346693170398e-02
5.705604039674421202e-01
6.902599510211403500e-01
-1.000000000000000000e+00
2.833347940052594605e-01
1.000000000000000000e+00
1.000000000000000000e+00
-2.245125587734600192e-01
1.000000000000000000e+00
1.000000000000000000e+00
-2.044482446711686219e-01
-9.406650667258587006e-02
-1.000000000000000000e+00
-1.000000000000000000e+00
-5.907886866398187609e-01
1.000000000000000000e+00
-4.962790345780225820e-01
-1.635946497682838618e-01
9.913610214948985755e-01
1.000000000000000000e+00
4.566460931118611066e-01
7.283100828653643610e-01
4.396131784432688594e-02
-1.000000000000000000e+00
-7.349173263360597730e-01
-1.000000000000000000e+00
5.298931913231432755e-01
1.377236091788426320e-01
3.112046528811153179e-01
1.000000000000000000e+00
-8.843672863850607913e-01
1.000000000000000000e+00
-1.000000000000000000e+00
-5.426074751062222035e-01
4.300024003591502719e-01
1.912751270942788517e-01
8.279536445729791527e-01
1.000000000000000000e+00
-1.436237683198198500e-01
-5.898221769103018097e-02
3.471868856120985392e-01
1.351154657722937191e-01
-1.000000000000000000e+00
8.379656596996296614e-01
-1.000000000000000000e+00
1.000000000000000000e+00
-1.000000000000000000e+00
3.367529072587862604e-01
1.000000000000000000e+00
-1.000000000000000000e+00
-1.000000000000000000e+00
-1.000000000000000000e+00
-1.000000000000000000e+00
1.000000000000000000e+00
1.000000000000000000e+00
-1.000000000000000000e+00
-1.000000000000000000e+00
9.804099337418892279e-02
-1.000000000000000000e+00
-1.000000000000000000e+00
-1.000000000000000000e+00
2.626869187458192867e-01
-6.180770953080130248e-01
-5.714058616667838653e-01
2.103032730154887897e-01
1.000000000000000000e+00
-1.000000000000000000e+00
3.561489350927992126e-01
1.000000000000000000e+00
1.000000000000000000e+00
-1.000000000000000000e+00
6.052911708805428503e-01
4.274727789706858072e-01
-3.115690694639316471e-01
1.000000000000000000e+00
7.030031395250164739e-01
-1.000000000000000000e+00
5.430636262314629814e-01
1.000000000000000000e+00
1.000000000000000000e+00
-6.484101738229679501e-01
3.152364469699697747e-02
-1.000000000000000000e+00
-1.000000000000000000e+00
6.395651665560491139e-01
9.965799956966872042e-01
1.000000000000000000e+00
1.000000000000000000e+00
1.000000000000000000e+00
-5.011294207217906749e-01
7.698045144251371985e-01
1.000000000000000000e+00
-1.000000000000000000e+00
-9.446557466940433967e-01
1.994846238760570323e-01
1.000000000000000000e+00
1.000000000000000000e+00
-1.000000000000000000e+00
-6.573541294026763460e-01
6.331395715443673966e-01
-1.000000000000000000e+00
-4.246239606429684788e-01
-8.522952763018021294e-02
-1.000000000000000000e+00
1.000000000000000000e+00
1.000000000000000000e+00
-1.000000000000000000e+00
1.000000000000000000e+00
-1.000000000000000000e+00
3.096332292376051676e-01
2.193029346287548309e-01
-7.382727777081280474e-01
1.000000000000000000e+00
-1.577729656837199568e-01
-1.940266897919989963e-01
-1.000000000000000000e+00
1.991457790533230354e-01
-2.811279369749796753e-01
-1.000000000000000000e+00
1.000000000000000000e+00
-1.000000000000000000e+00
-1.000000000000000000e+00
6.562844105572155362e-01
-1.000000000000000000e+00
-1.000000000000000000e+00
1.968795436950560029e-01
3.333574138099863471e-01
-7.817169112633161054e-01
-1.000000000000000000e+00
-1.000000000000000000e+00
9.677803137060791983e-02
2.111487908247106082e-01
-1.688349488118889852e-02
6.940378063613739101e-01
-4.305471939133960202e-01
-3.941316109182887439e-01
1.000000000000000000e+00
-9.810071776830304735e-01
9.832341592898186100e-02
1.000000000000000000e+00
1.419672089360785039e-01
-5.987891818098896035e-01
-1.369927395323523034e-01
9.780826525595069931e-01
1.761904224163254318e-01
6.011275570319418726e-01
-7.251142832010423200e-01
-3.882631035217938842e-01
-5.161658701467541910e-01
1.000000000000000000e+00
1.815522424594429030e-03
-3.883064653874791494e-01
1.736657376270278608e-01
-1.000000000000000000e+00
-5.749463598901670691e-01
-1.000000000000000000e+00
1.000000000000000000e+00
2.046866627722160326e-01
1.000000000000000000e+00
1.701204918149558654e-01
5.774598042825815902e-01
-6.522878769556562650e-01
2.989267184781420061e-01
2.530377826745576764e-01
8.827350610186379676e-01
1.000000000000000000e+00
6.992739937801482064e-01
-1.000000000000000000e+00
9.031254032303576151e-01
1.000000000000000000e+00
-3.852327599998036645e-01
-5.087769435989984990e-01
1.000000000000000000e+00
1.000000000000000000e+00
7.339152831089429396e-01
-1.000000000000000000e+00
7.994634782442715526e-01
2.431040578804217756e-01
-1.558712610798027587e-01
9.810092559933220047e-02
-8.196549411751254954e-01
-2.405941566157854261e-02
6.862395324601202606e-01
-8.820690681206098116e-01
-1.000000000000000000e+00
6.407098758018670015e-01
3.577967695544387317e-01
-8.072746974678683962e-01
-1.000000000000000000e+00
4.364799751880396039e-01
4.058654269428436656e-01
-3.456458773628440229e-01
-9.359105892724918219e-01
7.223289685581605335e-01
-5.966684058116999978e-01
1.000000000000000000e+00
-9.465460467442081693e-01
-1.000000000000000000e+00
-8.567338718627455219e-01
-1.000000000000000000e+00
-1.000000000000000000e+00
1.787540179002819196e-01
1.000000000000000000e+00
1.168029769587969335e-01
1.000000000000000000e+00
-1.000000000000000000e+00
-6.849433318305864216e-01
2.274217155586120143e-01
2.864350174031482510e-01
8.371345634250824119e-01
-6.221252938094739005e-01
-1.000000000000000000e+00
-1.000000000000000000e+00
-1.000000000000000000e+00
-7.464891177795576205e-01
1.000000000000000000e+00
-1.000000000000000000e+00
-1.270856179692262389e-01
1.000000000000000000e+00
1.944690851787099217e-01
1.000000000000000000e+00
-1.000000000000000000e+00
-3.440671621325238072e-01
-1.000000000000000000e+00
1.000000000000000000e+00
-5.623891096347344298e-02
1.000000000000000000e+00
-6.495198630409675378e-01
-1.000000000000000000e+00
4.112031292455486930e-02
1.000000000000000000e+00
8.449369229580583340e-01
2.442494116206291865e-01
3.784187594723035231e-01
5.878226402653543570e-01
-1.000000000000000000e+00
2.018273305319104871e-01
-1.811287221153067284e-01
5.003414231921413657e-01
-3.038828436776319641e-01
2.023087118379106042e-01
5.149319560326937051e-04
-2.293105470769430942e-01
-5.661054345446918656e-01
2.678189602234045674e-01
-1.000000000000000000e+00
2.556949761390284737e-01
1.000000000000000000e+00
8.345046309548360686e-01
1.142178157045690146e-01
4.657894729929415445e-01
-7.603488804359462838e-01
-4.421900187530810600e-01
-1.000000000000000000e+00
7.118976906667047189e-01
-8.484578040323195181e-01
9.034666626722304139e-01
-5.133828208489294997e-01
-1.000000000000000000e+00
-1.000000000000000000e+00
8.039990902584568389e-01
-1.000000000000000000e+00
1.994626594499442351e-01
-6.607390081820198047e-01
4.683785250338778905e-01
-1.000000000000000000e+00
1.000000000000000000e+00
-2.392504755541691175e-01
-1.000000000000000000e+00
1.311682550914127221e-01
-8.213967219833949729e-01
-1.000000000000000000e+00
-1.000000000000000000e+00
-5.891368505582463833e-01
-1.000000000000000000e+00
5.915426631775833055e-01
1.000000000000000000e+00
-8.821038866529378186e-01
-1.145810014334430749e-02
8.912348644054423064e-01
4.399490435680265543e-01
-2.448671998164262120e-01
1.000000000000000000e+00
-4.216840468628698657e-01
-4.276721750498617691e-01
1.000000000000000000e+00
4.720418052298475109e-01
3.088063523404271926e-01
3.528375580698195901e-01
-8.056109129889216236e-01
-1.000000000000000000e+00
9.585545477835966111e-03
1.000000000000000000e+00
-7.274259748354028332e-01
6.608052155771309000e-01
-1.423964161168365661e-01
1.000000000000000000e+00
-1.000000000000000000e+00
7.560294888371164035e-01
-9.565287135777419403e-01
-1.000000000000000000e+00
1.000000000000000000e+00
-1.000000000000000000e+00
-5.134510805804315403e-01
-6.416651032747366923e-01
-9.221645019595722248e-01
-7.404732204054795819e-01
-1.000000000000000000e+00
1.712931760435338346e-01
-5.835332789093083949e-01
-1.000000000000000000e+00
-1.000000000000000000e+00
1.350546217510866787e-01
-3.525303074001545633e-01
2.726381794940381798e-01
-1.657805851620770543e-01
1.670015970122865623e-01
-1.000000000000000000e+00
2.686744352136518632e-01
1.000000000000000000e+00
-5.208216584944242999e-01
-9.271366234623563685e-01
1.550918027589865966e-01
-1.000000000000000000e+00
1.000000000000000000e+00
1.000000000000000000e+00
-7.856090616077662236e-01
2.113350398450623002e-01
3.068093637314873723e-01
-1.525794688182217640e-01
1.000000000000000000e+00
3.781109752627470622e-01
8.341690107231105600e-01
-6.040615287146081647e-01
-1.000000000000000000e+00
-6.799106636466929476e-01
-7.490884763260265977e-01
-1.000000000000000000e+00
-1.000000000000000000e+00
-7.302665802688937946e-01
-1.000000000000000000e+00
-9.613603745464526229e-01
-1.000000000000000000e+00
-3.160715794353460284e-01
1.000000000000000000e+00
-1.000000000000000000e+00
1.000000000000000000e+00
5.497919577357528453e-01
-1.000000000000000000e+00
1.000000000000000000e+00
6.282907580430107108e-01
-1.297057797834523796e-01
1.000000000000000000e+00
8.914794112591599706e-01
1.000000000000000000e+00
-1.000000000000000000e+00
5.582746642536695614e-01
-2.041582878055570038e-01
7.271580150335577031e-01
-1.571067685170665085e-01
-1.743811194066589298e-01
-1.000000000000000000e+00
8.750606572185760657e-01
-5.939943092002809566e-01
-1.000000000000000000e+00
6.350096850021852424e-01
-2.110755008417986023e-01
-2.488669357539861071e-01
8.881855760975493341e-01
-6.066469456912947367e-01
-3.642647441651881701e-01
1.240335093956161372e-01
5.117156544185663680e-01
-1.000000000000000000e+00
1.000000000000000000e+00
-1.000000000000000000e+00
1.000000000000000000e+00
4.408223865612657111e-01
5.495645152916863729e-01
-7.056632659337362945e-01
9.717959094887910210e-01
-8.550348678809929215e-01
6.291366669910861686e-01
-3.441229512559571546e-01
-1.000000000000000000e+00
1.000000000000000000e+00
2.895207516131197978e-01
1.000000000000000000e+00
-1.000000000000000000e+00
8.625925647222660864e-01
5.537356034144169659e-02
1.000000000000000000e+00
-1.000000000000000000e+00
-1.000000000000000000e+00
-1.000000000000000000e+00
8.874555415890885701e-01
1.000000000000000000e+00
-6.836185567750854286e-01
-5.462221384346646058e-01
7.592397031244063621e-01
1.000000000000000000e+00
-7.961739877652123099e-01
-1.000000000000000000e+00
1.000000000000000000e+00
-9.539647668185359253e-01
9.523945271412652680e-01
-1.000000000000000000e+00
-1.000000000000000000e+00
-6.333536850849518229e-01
1.000000000000000000e+00
-1.000000000000000000e+00
-9.317289634325437442e-01
-1.000000000000000000e+00
1.000000000000000000e+00
-1.002044908395743894e-01
-1.000000000000000000e+00
5.686652991987233285e-01
2.015080201841912277e-02
2.526090917174637074e-01
1.000000000000000000e+00
-1.000000000000000000e+00
1.000000000000000000e+00
8.236086269558573481e-01
8.118980315502568601e-01
-1.000000000000000000e+00
-1.000000000000000000e+00
-1.000000000000000000e+00
1.000000000000000000e+00
1.000000000000000000e+00
1.000000000000000000e+00
9.341589805295911209e-01
-2.015969239708890748e-01
7.845692223386264708e-01
-6.946517176831958906e-01
1.649027250369163866e-01
-1.000000000000000000e+00
-6.725557492653244651e-03
-9.291217719599675906e-01
-1.000000000000000000e+00
4.132089450673204212e-01
1.685580032899898217e-01
-1.000000000000000000e+00
1.000000000000000000e+00
-1.000000000000000000e+00
-1.000000000000000000e+00
1.000000000000000000e+00
8.943271082850285936e-01
1.000000000000000000e+00
9.548800782420627797e-01
-2.173665611033524514e-01
4.343968680264203019e-01
-8.955538271210695678e-01
3.469190634838448251e-01
-1.291477571917989398e-01
1.000000000000000000e+00
1.000000000000000000e+00
-8.758982184703523188e-01
4.905531773832746412e-01
-1.000000000000000000e+00
-7.803195217653795257e-02
1.000000000000000000e+00
1.000000000000000000e+00
1.000000000000000000e+00
1.000000000000000000e+00
-2.955592324513559022e-01
-3.886532962704252192e-01
1.000000000000000000e+00
1.000000000000000000e+00
-1.000000000000000000e+00
-2.895137762440823659e-01
-1.000000000000000000e+00
-1.000000000000000000e+00
3.689589948066838154e-01
1.000000000000000000e+00
1.795464703355931224e-02
-7.042092078030104396e-01
3.381519944371538799e-01
1.000000000000000000e+00
-1.000000000000000000e+00
-1.000000000000000000e+00
5.162127588559954905e-01
-1.000000000000000000e+00
4.990234361887362913e-01
-6.812710017312931798e-01
-1.561831971254338258e-01
-1.000000000000000000e+00
1.127629568324217679e-01
5.768773259001810372e-01
-5.528588836879582136e-01
9.215016266595342787e-01
7.216683983005864889e-01
1.000000000000000000e+00
-1.711412974279492849e-01
3.944263351721852273e-01
4.773804862463272292e-01
1.000000000000000000e+00
-1.000000000000000000e+00
1.000000000000000000e+00
1.000000000000000000e+00
-1.500750643643539717e-01
-1.000000000000000000e+00
-7.291396575175113082e-02
-2.353898738756444176e-01
7.483495637317227889e-01
-1.000000000000000000e+00
4.139676280089550353e-01
5.533601935999249433e-02
1.000000000000000000e+00
1.767976385737001499e-01
6.942459100204125821e-01
6.910499752577847765e-01
-5.628777744477584388e-01
-4.861322519441950707e-01
-4.241515475598885976e-01
1.000000000000000000e+00
1.000000000000000000e+00
5.733640019907423890e-02
5.142568420023945208e-01
6.901497025929022033e-01
8.968294222213988309e-01
-1.000000000000000000e+00
-1.000000000000000000e+00
-1.000000000000000000e+00
-2.805951110473565713e-01
-5.022773876168780127e-01
-1.000000000000000000e+00
1.000000000000000000e+00
1.000000000000000000e+00
1.000000000000000000e+00
-2.061404169936884578e-01
-1.000000000000000000e+00
5.410821188077286070e-02
-6.278608346781819893e-01
1.000000000000000000e+00
-5.048572428265960532e-01
1.000000000000000000e+00
3.751224625536197510e-01
6.995224025630900622e-01
-1.000000000000000000e+00
2.767805805093723759e-01
6.330980954951493933e-01
1.000000000000000000e+00
4.382797345453311455e-01
1.000000000000000000e+00
-4.277865794759120877e-01
3.854521290981850479e-01
-8.716562932035963884e-01
1.000000000000000000e+00
9.710673046453827117e-01
8.012088836159720895e-01
-8.846739887277323966e-01
-2.225560926999371747e-01
-1.000000000000000000e+00
-2.603750745959245716e-01
-3.059788671437688734e-01
3.235273968657956800e-01
1.000000000000000000e+00
-1.000000000000000000e+00
-6.077314794667665332e-01
-1.000000000000000000e+00
-6.585789339808370002e-01
1.000000000000000000e+00
-1.000000000000000000e+00
-2.606454888242029089e-01
1.000000000000000000e+00
-5.183423084938698633e-02
-2.453155937757703631e-01
-9.508654876617089746e-01
2.639282211448985005e-01
1.189919721356443860e-01
-1.000000000000000000e+00
8.834876563640240432e-01
-4.012492379467623715e-01
1.000000000000000000e+00
-9.431583898896322982e-01
1.000000000000000000e+00
-9.863057102497486683e-01
1.000000000000000000e+00
1.000000000000000000e+00
-1.000000000000000000e+00
-1.000000000000000000e+00
-1.000000000000000000e+00
1.000000000000000000e+00
-1.000000000000000000e+00
-1.000000000000000000e+00
-1.000000000000000000e+00
8.484094241967830019e-01
3.409611171672790597e-01
-1.931038234579122992e-01
1.000000000000000000e+00
-1.000000000000000000e+00
-1.000000000000000000e+00
3.622442222991606453e-01
-1.000000000000000000e+00
-1.000000000000000000e+00
-5.547161291107620684e-01
-5.136231369273546177e-01
1.000000000000000000e+00
2.818359369386655988e-01
2.180096774018528416e-01
7.999798945243864479e-01
-1.000000000000000000e+00
-1.000000000000000000e+00
-6.260642964210313410e-01
5.812921868608540432e-01
-4.026282239337736213e-01
-1.000000000000000000e+00
1.000000000000000000e+00
-7.316892553194564996e-02
1.000000000000000000e+00
-4.014162438690156431e-01
1.000000000000000000e+00
-1.000000000000000000e+00
7.859630548357325885e-01
-1.000000000000000000e+00
8.435067441732466142e-02
-1.000000000000000000e+00
3.302388876626300984e-01
1.000000000000000000e+00
-9.356679141658201804e-01
-8.840363989068356076e-02
1.000000000000000000e+00
-1.000000000000000000e+00
-5.269879302844122648e-01
1.000000000000000000e+00
-5.290846293305684345e-01
-1.536846506984523575e-01
3.165917749971732809e-01
-7.620407827769740683e-01
1.000000000000000000e+00
-4.771732363626567941e-01
-3.234228465546161724e-01
-9.474931734103562153e-01
-8.467509208900479978e-01
2.135331752312764064e-01
1.000000000000000000e+00
1.000000000000000000e+00
4.648868477981712433e-01
-7.149915778152523549e-01
1.000000000000000000e+00
-5.308216039267756869e-01
-4.154299383377920707e-01
2.280369164869810450e-01
-7.202351495851455621e-01
4.476969857257321883e-01
1.000000000000000000e+00
-1.000000000000000000e+00
1.024054408264295224e-02
1.127755679441591607e-01
1.000000000000000000e+00
1.000000000000000000e+00
-1.000000000000000000e+00
1.788358484838319939e-01
2.581400578438475257e-02
-8.533140672041983343e-02
-2.443649461377350729e-01
-1.000000000000000000e+00
4.720500997661357667e-01
-3.761953337801795527e-01
-2.004568612352385371e-01
3.380500463101615560e-01
2.510595890151696707e-01
-5.541769652071107943e-01
-4.974591566137245291e-01
6.391347933958316796e-01
-6.590816356991697766e-01
1.000000000000000000e+00
-1.000000000000000000e+00
3.621739008348188182e-01
-4.983233976077272587e-01
-8.077002709008263004e-01
-3.828756083047611947e-01
3.984947752281005617e-01
-1.000000000000000000e+00
7.134822825125191059e-01
9.647468230980686954e-01
1.000000000000000000e+00
1.000000000000000000e+00
-5.380316998781153881e-01
3.940089241895987637e-01
3.183224884954186096e-02
9.396108633676726329e-01
-2.365535066186810198e-01
4.277441403768000860e-01
1.000000000000000000e+00
1.000000000000000000e+00
6.842115418383820646e-02
-1.000000000000000000e+00
1.000000000000000000e+00
1.000000000000000000e+00
1.000000000000000000e+00
-3.735136127569005371e-02
1.000000000000000000e+00
6.892529184068938441e-01
1.000000000000000000e+00
1.000000000000000000e+00
-6.278027218757948891e-01
-3.638168055667825307e-01
4.449863732034272656e-01
-1.000000000000000000e+00
-1.000000000000000000e+00
-9.263840472714113261e-01
5.993493949921102626e-01
-1.000000000000000000e+00
1.000000000000000000e+00
-6.525372688882318251e-01
1.000000000000000000e+00
2.834291243705024943e-01
6.674869725767165196e-01
8.284688751582647281e-02
1.000000000000000000e+00
-1.000000000000000000e+00
6.638002649675410760e-01
1.000000000000000000e+00
1.495350848813055133e-01
-1.449063829887591859e-01
1.850173942220912915e-01
9.656510625953050875e-01
2.905752116189845857e-01
-1.000000000000000000e+00
5.009086700507818790e-01
1.000000000000000000e+00
1.000000000000000000e+00
8.356274856522334371e-01
8.081220148083640975e-01
-5.960076321670377819e-01
6.065531815132472193e-01
4.780944621878659984e-01
1.000000000000000000e+00
5.186192671857492442e-01
-2.149413604392126365e-01
1.000000000000000000e+00
6.198540122107677464e-01
-1.000000000000000000e+00
-1.000000000000000000e+00
8.269235090761823948e-01
1.000000000000000000e+00
1.000000000000000000e+00
-5.750137974640628924e-01
-1.000000000000000000e+00
1.000000000000000000e+00
-3.422485679300703021e-01
-1.000000000000000000e+00
1.000000000000000000e+00
-6.837226307191243135e-01
-1.000000000000000000e+00
1.000000000000000000e+00
2.669185927588452190e-02
8.690221915203011349e-02
-1.000000000000000000e+00
-1.000000000000000000e+00
-1.000000000000000000e+00
-9.518835724083680727e-01
-1.771926265176155257e-01
-7.344297924976395109e-02
1.000000000000000000e+00
-7.227549282488761051e-01
-5.224636790190799740e-01
8.564701255111173417e-02
1.000000000000000000e+00
1.000000000000000000e+00
-5.271642721757876515e-01
-3.280883796978619205e-01
-7.060606724032126857e-01
-1.000000000000000000e+00
4.681479794938138150e-01
4.459032095436296084e-01
-9.820682726958642750e-01
-8.373424455886406825e-01
4.572266090747729717e-01
-1.448672580916761099e-01
4.587502864587500451e-01
-1.000000000000000000e+00
1.000000000000000000e+00
1.000000000000000000e+00
-1.000000000000000000e+00
-3.839790286896396787e-02
-1.000000000000000000e+00
1.000000000000000000e+00
-1.000000000000000000e+00
-1.000000000000000000e+00
-1.000000000000000000e+00
7.434361812873768738e-01
1.000000000000000000e+00
1.000000000000000000e+00
1.000000000000000000e+00
-1.000000000000000000e+00
-1.000000000000000000e+00
-1.000000000000000000e+00
-3.085145043361330885e-01
1.000000000000000000e+00
-1.000000000000000000e+00
1.000000000000000000e+00
-3.634900433374790296e-01
3.848291868038360430e-01
3.407045876631457082e-01
1.000000000000000000e+00
5.119117144084774917e-01
-1.000000000000000000e+00
-3.607464991159960443e-01
-1.000000000000000000e+00
7.616066677349182523e-01
-1.000000000000000000e+00
-1.451910229912334316e-02
-7.195354725493108283e-01
5.209144856322358574e-01
6.441323962911698064e-01
1.000000000000000000e+00
-1.000000000000000000e+00
1.000000000000000000e+00
-5.279456044891289723e-01
-4.720888365989163171e-01
-5.280951600693807313e-01
-1.000000000000000000e+00
-1.000000000000000000e+00
-5.854147479284823596e-01
1.000000000000000000e+00
-1.000000000000000000e+00
1.000000000000000000e+00
1.000000000000000000e+00
1.000000000000000000e+00
-5.909034338516222506e-01
-7.087253515341447319e-01
3.478360194670337968e-01
-2.274121105970007273e-01
1.000000000000000000e+00
1.000000000000000000e+00
-1.000000000000000000e+00
-1.000000000000000000e+00
8.245171073314104815e-01
1.000000000000000000e+00
-9.508897145578545373e-01
-1.000000000000000000e+00
-1.000000000000000000e+00
-5.490394432946060777e-01
-1.000000000000000000e+00
-1.000000000000000000e+00
-2.809357738214265376e-01
1.000000000000000000e+00
-1.000000000000000000e+00
-1.000000000000000000e+00
3.089648159021557428e-02
1.005875557788309671e-01
-1.000000000000000000e+00
-3.463248057162762183e-01
1.000000000000000000e+00
6.930661505538648903e-02
-1.000000000000000000e+00
1.000000000000000000e+00
-2.679440926734036887e-01
1.000000000000000000e+00
1.939068347213845911e-02
1.000000000000000000e+00
-5.084073897607566117e-01
-1.000000000000000000e+00
-2.979838560609521236e-01
-1.000000000000000000e+00
-1.000000000000000000e+00
1.000000000000000000e+00
7.667222232688564176e-01
3.703824509961115563e-01
1.000000000000000000e+00
2.051175109845406186e-01
-1.000000000000000000e+00
-3.859646899204489667e-01
-1.000000000000000000e+00
1.000000000000000000e+00
-5.650479650834048240e-01
7.250568862908332024e-01
7.281452313403009580e-01
-1.000000000000000000e+00
1.977197414039486567e-01
-1.000000000000000000e+00
-6.476481442105819220e-02
9.655195177643460802e-01
-1.000000000000000000e+00
-1.000000000000000000e+00
-1.000000000000000000e+00
-1.000000000000000000e+00
-1.000000000000000000e+00
-1.248684920031055551e-01
6.069021924707330706e-01
1.000000000000000000e+00
-1.000000000000000000e+00
-6.333644871076683502e-01
-1.000000000000000000e+00
7.497671654154354215e-01
-1.000000000000000000e+00
2.702209185773372102e-01
-7.021821045830406449e-01
-1.000000000000000000e+00
1.000000000000000000e+00
-1.117301434417267147e-01
-5.708014815677008302e-01
5.395024978634122004e-02
2.354644968638527347e-01
-9.238685866970341998e-02
1.576962437712153553e-01
-1.000000000000000000e+00
-1.000000000000000000e+00
-1.000000000000000000e+00
1.000000000000000000e+00
-1.000000000000000000e+00
-6.630216253829203099e-01
-1.000000000000000000e+00
-3.678746810179047699e-01
1.000000000000000000e+00
4.880082377772095859e-01
-2.321678165047773579e-01
3.937026331148973379e-01
1.000000000000000000e+00
5.148505520502153487e-01
1.000000000000000000e+00
1.000000000000000000e+00
6.759722825680281044e-01
4.428666691682505707e-01
1.000000000000000000e+00
1.000000000000000000e+00
1.000000000000000000e+00
1.000000000000000000e+00
-1.000000000000000000e+00
-4.194002037752040390e-01
2.808915931495687413e-01
-1.000000000000000000e+00
3.889896661583069903e-02
-1.000000000000000000e+00
5.460925937241080108e-01
7.717211841170459330e-01
1.668283362018965210e-01
-1.000000000000000000e+00
1.000000000000000000e+00
2.071746403826355554e-01
-1.000000000000000000e+00
-1.000000000000000000e+00
8.379248338700207022e-01
1.000000000000000000e+00
3.926136415348899233e-01
-1.000000000000000000e+00
1.000000000000000000e+00
-1.000000000000000000e+00
-5.946231746881375235e-02
7.655747370312068201e-01
-3.614033549152495528e-01
1.222710533748538886e-02
-7.343617572556162543e-01
-1.000000000000000000e+00
-1.550696093635743900e-01
8.571909069084241439e-01
-1.000000000000000000e+00
9.880739478412932097e-01
8.132301567954551835e-01
3.511962255266889432e-01
-1.000000000000000000e+00
-1.000000000000000000e+00
-1.000000000000000000e+00
1.000000000000000000e+00
1.000000000000000000e+00
-8.678395101349775098e-01
-1.000000000000000000e+00
3.613458367241902947e-01
-7.745090545816709637e-01
7.123214009727933949e-01
-1.000000000000000000e+00
-1.098678188774315778e-02
2.913587793102901946e-01
1.000000000000000000e+00
-1.042530397168529577e-01
3.191055107193545570e-01
-5.114259450122540240e-01
-9.053281909233152902e-01
4.130124032533167844e-01
-6.479026907286673520e-01
-7.043461582084394879e-01
-5.386594964663525831e-01
-6.284231453892585861e-01
-8.369842860482835933e-02
1.000000000000000000e+00
-1.000000000000000000e+00
-8.707924177555620426e-01
-1.259424622525414650e-01
-1.000000000000000000e+00
-1.000000000000000000e+00
1.324488361085172095e-01
-4.763470251149477530e-01
1.000000000000000000e+00
4.116995209081382723e-01
-1.000000000000000000e+00
4.568132245664360269e-01
1.000000000000000000e+00
-9.553761472807772437e-01
-3.822131396620218058e-01
3.968819544015972367e-01
5.297104240418619714e-01
-1.000000000000000000e+00
5.616274238675981190e-01
2.750971633925511917e-01
-1.000000000000000000e+00
-1.309475045972885443e-01
9.172227308187130834e-02
4.469722382320603371e-01
2.094723987295750156e-01
-1.000000000000000000e+00
1.000000000000000000e+00
1.000000000000000000e+00
-1.000000000000000000e+00
1.884984982535099496e-01
9.327076258184204827e-01
-1.000000000000000000e+00
1.000000000000000000e+00
6.287721671148643887e-02
5.917478939485005807e-01
1.000000000000000000e+00
1.000000000000000000e+00
2.342277287185775547e-01
1.000000000000000000e+00
-1.135299021615627790e-01
-1.000000000000000000e+00
-1.000000000000000000e+00
-1.000000000000000000e+00
-1.000000000000000000e+00
-1.000000000000000000e+00
-1.000000000000000000e+00
-6.560599592667886171e-01
-5.909950096949438958e-01
1.000000000000000000e+00
8.606069531842927556e-02
4.353755087534783019e-02
-7.946061549917545763e-01
-9.593804287262885921e-01
7.198379727846681009e-01
1.000000000000000000e+00
9.303371173250506443e-01
1.000000000000000000e+00
6.831407206248556463e-01
-1.000000000000000000e+00
1.000000000000000000e+00
-1.000000000000000000e+00
3.177990615152351817e-01
1.000000000000000000e+00
2.840082647440022035e-01
-7.675500773768044738e-01
-7.530929453638873783e-01
1.000000000000000000e+00
-1.000000000000000000e+00
-1.000000000000000000e+00
1.000000000000000000e+00
-1.000000000000000000e+00
-3.556774316290889359e-01
-7.689507394699977016e-01
8.372534037279762975e-01
1.000000000000000000e+00
1.000000000000000000e+00
1.000000000000000000e+00
1.000000000000000000e+00
-1.238341860067988520e-01
-7.695878326881490095e-01
-1.000000000000000000e+00
-2.223743352800351680e-02
-1.000000000000000000e+00
1.000000000000000000e+00
1.000000000000000000e+00
6.058918348035342571e-01
1.000000000000000000e+00
1.000000000000000000e+00
-1.000000000000000000e+00
-5.591252018506406296e-01
1.000000000000000000e+00
-4.054668385733618541e-01
1.000000000000000000e+00
8.482805591657982536e-02
-1.000000000000000000e+00
-1.000000000000000000e+00
1.000000000000000000e+00
1.000000000000000000e+00
5.967532616422193126e-01
-3.559946447605646380e-01
4.422836666003200357e-01
1.000000000000000000e+00
5.592068065526233367e-01
-4.838742711133083851e-01
-1.000000000000000000e+00
-4.642367699675746806e-01
-1.000000000000000000e+00
-1.000000000000000000e+00
9.154275944960843514e-02
-1.000000000000000000e+00
1.000000000000000000e+00
7.808638467136175265e-02
6.270073399323355945e-01
1.000000000000000000e+00
-1.460995869193793539e-01
-7.331841829441674285e-01
6.786201582618522909e-02
-1.000000000000000000e+00
-2.154675255999467520e-01
-1.000000000000000000e+00
4.668316015169154953e-01
-6.565182619584422063e-01
-1.000000000000000000e+00
-1.000000000000000000e+00
-8.069775121870367274e-01
-1.000000000000000000e+00
-1.000000000000000000e+00
2.303856506046993990e-01
-1.000000000000000000e+00
-1.000000000000000000e+00
-1.000000000000000000e+00
3.990121667133400551e-01
9.770710653870294804e-01
2.077122304721731594e-01
9.022896205346920828e-01
6.544577346574814714e-01
-6.777764099191728731e-01
1.000000000000000000e+00
2.490392161821787242e-01
1.000000000000000000e+00
1.000000000000000000e+00
-1.237187935005309436e-01
-4.963465280366134019e-02
-8.854974802040358473e-01
1.000000000000000000e+00
-3.345275890908243066e-01
3.326708078299228655e-01
1.000000000000000000e+00
-2.714827471888199839e-01
7.957964204752931980e-01
-5.081600450329804008e-01
1.000000000000000000e+00
-1.000000000000000000e+00
-7.952581964303296891e-01
-9.933305337131709267e-01
-6.683012837924474647e-01
7.484029562040594996e-01
1.723420812846133687e-01
-1.000000000000000000e+00
-6.142091709932810950e-01
-1.000000000000000000e+00
4.070359154765750276e-01
-1.000000000000000000e+00
4.063160705324084798e-01
-4.477149422694310932e-01
-7.485407022654881615e-02
-1.000000000000000000e+00
-6.132149457636182355e-01
5.011546926311385430e-01
-1.000000000000000000e+00
6.144949740826377571e-02
1.000000000000000000e+00
-8.198589348870319871e-01
-1.000000000000000000e+00
1.000000000000000000e+00
1.000000000000000000e+00
-2.896180046636077643e-01
-4.396872954909678555e-01
1.000000000000000000e+00
-6.914135809922752340e-01
-1.000000000000000000e+00
-7.839539303432692119e-01
-4.656264799124035791e-01
-1.000000000000000000e+00
-1.526026684631303643e-01
-1.000000000000000000e+00
5.607714754675354740e-01
-8.482539626612725092e-01
1.000000000000000000e+00
-5.918392088029169607e-01
-3.898722082622677054e-01
6.549617357776347237e-01
-1.000000000000000000e+00
-4.087050670232483807e-01
-1.000000000000000000e+00
1.000000000000000000e+00
9.304971488061523077e-01
-7.716137004332617177e-01
1.000000000000000000e+00
1.000000000000000000e+00
1.000000000000000000e+00
1.366911113205178108e-01
1.000000000000000000e+00
-1.000000000000000000e+00
1.650442355974304220e-01
1.000000000000000000e+00
1.000000000000000000e+00
-3.204246364337516306e-01
-9.517882747208391558e-01
2.463625064496832717e-01
-1.000000000000000000e+00
-1.000000000000000000e+00
-1.000000000000000000e+00
1.000000000000000000e+00
-8.314878645363801279e-01
-1.000000000000000000e+00
-6.251547022796244413e-01
-3.166387803660697386e-02
-1.000000000000000000e+00
1.000000000000000000e+00
-1.000000000000000000e+00
-1.000000000000000000e+00
-1.338480478432667597e-01
-3.799401988150461484e-01
-2.409262861887337404e-01
1.693201650731700481e-01
-1.185408204309014168e-01
4.938243001962399625e-01
6.304695114412817158e-02
9.624165508568383043e-01
1.000000000000000000e+00
-5.387858281426383122e-02
6.127936831236924231e-01
1.000000000000000000e+00
1.000000000000000000e+00
-1.000000000000000000e+00
-1.000000000000000000e+00
-5.732198604721968627e-01
-1.000000000000000000e+00
7.040612590110020275e-01
-1.000000000000000000e+00
6.663796768627269218e-01
-1.000000000000000000e+00
1.000000000000000000e+00
1.000000000000000000e+00
-1.000000000000000000e+00
-1.000000000000000000e+00
-1.000000000000000000e+00
9.432209941158955502e-01
-1.000000000000000000e+00
2.203529050979941839e-01
-6.600414241301919560e-01
-5.093025327583551309e-01
-2.159437755841216999e-01
-6.839091656551314902e-01
1.000000000000000000e+00
-5.870650888623528685e-01
-1.000000000000000000e+00
1.000000000000000000e+00
1.000000000000000000e+00
-6.717885396153755462e-01
-1.000000000000000000e+00
2.731997844807851905e-01
1.951770418892376791e-01
1.738821349145766026e-01
-7.356278064796201166e-02
-7.344209606541831636e-01
-1.000000000000000000e+00
8.296117917427789923e-01
-2.031368585599342413e-01
1.000000000000000000e+00
-1.158525226955564591e-02
-1.000000000000000000e+00
-3.089775966755303749e-02
-3.599690380960314240e-01
-5.028305790515751328e-01
-1.000000000000000000e+00
1.000000000000000000e+00
-2.162981981503492301e-02
-6.906315229289485824e-01
-9.787857366593217812e-01
1.000000000000000000e+00
-5.064959505774557780e-01
-1.000000000000000000e+00
1.000000000000000000e+00
5.063751979276021054e-02
-3.611191350667053435e-02
1.000000000000000000e+00
-1.000000000000000000e+00
-1.000000000000000000e+00
-5.333136252384198528e-01
-1.000000000000000000e+00
-1.000000000000000000e+00
-7.452543762506869118e-02
2.354525504118981094e-01
1.000000000000000000e+00
-9.554092315362044951e-02
1.000000000000000000e+00
4.611650961897091339e-01
1.000000000000000000e+00
8.710019353962757949e-01
8.353451527042294877e-01
-5.336094823638890539e-01
-1.000000000000000000e+00
-1.000000000000000000e+00
9.391939507486565253e-01
-2.176151252353026866e-01
1.000000000000000000e+00
-1.000000000000000000e+00
9.428658949343965423e-01
1.000000000000000000e+00
-1.000000000000000000e+00
-5.788442369159435552e-02
1.000000000000000000e+00
3.452792820670685936e-01
1.000000000000000000e+00
-1.000000000000000000e+00
-1.000000000000000000e+00
-1.000000000000000000e+00
-1.000000000000000000e+00
1.000000000000000000e+00
-1.000000000000000000e+00
3.838903866769421969e-01
-7.089580747162987917e-01
1.000000000000000000e+00
-1.000000000000000000e+00
3.079453015997767329e-01
-1.000000000000000000e+00
-1.768603867552128728e-01
6.154216341967502224e-01
1.000000000000000000e+00
-1.000000000000000000e+00
-1.000000000000000000e+00
-6.731900929989800275e-01
-1.000000000000000000e+00
2.100330606678204592e-01
-2.671867595078984969e-01
1.000000000000000000e+00
9.645873926597313686e-01
1.742093957150603889e-01
1.000000000000000000e+00
-1.000000000000000000e+00
8.084083399552735028e-01
4.138836279386982064e-01
2.655762985879168703e-01
-5.923688229327053190e-01
-1.000000000000000000e+00
8.997755564561578101e-01
1.000000000000000000e+00
-1.000000000000000000e+00
1.000000000000000000e+00
8.827848860460882907e-01
-5.109511228632422908e-01
-1.235878482127786837e-01
-4.495906956788178199e-01
-6.438286156405441663e-01
-4.944017536998572826e-01
1.000000000000000000e+00
-1.711278204468927311e-01
1.000000000000000000e+00
-5.171916300963559365e-01
-1.000000000000000000e+00
-1.000000000000000000e+00
-1.000000000000000000e+00
-9.590695418588915944e-01
1.000000000000000000e+00
1.000000000000000000e+00
-6.835145470162489190e-01
-1.000000000000000000e+00
-1.000000000000000000e+00
1.000000000000000000e+00
3.750717265794751842e-01
-1.000000000000000000e+00
-2.041227138070614289e-01
1.974632752602245578e-02
2.019410134512685806e-01
-6.759907513371472554e-01
6.153878225296349758e-01
1.000000000000000000e+00
-1.000000000000000000e+00
-1.000000000000000000e+00
7.075877431302557419e-01
7.534592270532192160e-01
1.000000000000000000e+00
-8.325082592545542948e-01
-1.000000000000000000e+00
3.585866848631718007e-01
-1.000000000000000000e+00
1.856834436539110955e-01
-1.000000000000000000e+00
1.000000000000000000e+00
1.000000000000000000e+00
-1.393826020819898259e-01
1.000000000000000000e+00
-1.000000000000000000e+00
-4.528952876626928248e-01
-1.000000000000000000e+00
1.358111785635010837e-01
-6.906630082286164818e-01
1.000000000000000000e+00
9.235691281326293689e-01
1.000000000000000000e+00
9.959996249538677349e-01
-4.843552581731602746e-01
-1.000000000000000000e+00
-1.000000000000000000e+00
-4.460246040882482887e-01
-5.389578548723215068e-01
6.294005389893542191e-01
-1.000000000000000000e+00
4.324637339813766634e-01
9.100294156859806138e-01
1.000000000000000000e+00
8.788809971537333565e-01
8.559667047137220486e-01
1.000000000000000000e+00
1.123044478978506566e-01
3.604366806453643823e-01
-1.000000000000000000e+00
-3.270790955347330220e-01
-1.000000000000000000e+00
1.130015648193279931e-01
1.720011953908640034e-01
-3.245814081777662619e-01
-5.020329075509942784e-01
3.432499038397596181e-01
1.000000000000000000e+00
-1.000000000000000000e+00
1.000000000000000000e+00
-1.000000000000000000e+00
-1.000000000000000000e+00
-1.000000000000000000e+00
-3.246143140144558403e-01
-7.229301268063863528e-01
2.605858497224907699e-01
-3.540004938470300289e-01
-5.882175389434673995e-02
1.000000000000000000e+00
2.931714596755052860e-02
-1.000000000000000000e+00
1.000000000000000000e+00
-1.000000000000000000e+00
3.096473165938035121e-02
-1.000000000000000000e+00
-8.166824564254056007e-01
-1.000000000000000000e+00
-1.000000000000000000e+00
-1.000000000000000000e+00
1.134415363410744004e-01
1.000000000000000000e+00
1.646248060149166914e-01
-9.291899077549274910e-01
-9.187262204305212121e-01
-9.015132273373633875e-01
-6.156116705305328951e-01
-4.341296473729772121e-01
1.000000000000000000e+00
3.191068191347030680e-01
1.000000000000000000e+00
7.046985849504472377e-01
2.536138178427194134e-02
-4.244695886055409595e-01
1.000000000000000000e+00
7.025410343995671658e-01
-9.863360367502259640e-01
1.000000000000000000e+00
8.874878418691225512e-01
-1.000000000000000000e+00
-5.692947214320760452e-01
-2.444950633826854514e-01
-1.366684247035754307e-02
-1.000000000000000000e+00
-1.000000000000000000e+00
-3.903751561830350880e-01
-1.000000000000000000e+00
1.000000000000000000e+00
4.487872170157126694e-01
-6.690604573985954318e-01
4.452072931191061178e-01
1.000000000000000000e+00
5.508468766217230472e-01
-9.116767039637210246e-01
1.000000000000000000e+00
-1.000000000000000000e+00
-1.000000000000000000e+00
3.376668359247317341e-01
1.000000000000000000e+00
7.407427310308474233e-01
4.911813050861469909e-01
9.051606144268794507e-01
1.933632780220100322e-01
4.272878008867458943e-01
-1.000000000000000000e+00
-1.952702768163138980e-01
1.000000000000000000e+00
8.949108464838595456e-01
-1.000000000000000000e+00
-1.000000000000000000e+00
9.523848669209268314e-01
-3.279192760417315999e-01
-7.631426141838820731e-01
1.000000000000000000e+00
9.035734306734535259e-01
-1.000000000000000000e+00
1.000000000000000000e+00
-4.268809541778010308e-01
1.000000000000000000e+00
-6.831634849453364078e-01
6.611310957556717494e-01
1.000000000000000000e+00
-5.526829122756816703e-01
3.086811611269867361e-01
-1.000000000000000000e+00
1.000000000000000000e+00
-1.000000000000000000e+00
6.564451473664332237e-01
1.000000000000000000e+00
-1.000000000000000000e+00
-1.000000000000000000e+00
-6.105160944254672817e-02
1.000000000000000000e+00
-1.000000000000000000e+00
1.000000000000000000e+00
2.559181616052722541e-01
8.055084251509694315e-01
1.564411700968543206e-01
1.000000000000000000e+00
4.314882041710238481e-01
4.740775041671063672e-01
-7.049355139352097011e-01
-1.000000000000000000e+00
1.000000000000000000e+00
7.898295241786884580e-01
1.000000000000000000e+00
-9.199539823440971986e-02
4.060409688999918609e-01
-7.467592938482521259e-01
1.000000000000000000e+00
7.333151129267759805e-01
-4.173892587322839409e-01
-9.973656268646207135e-01
-3.420718181387995549e-01
-5.558969955280884667e-01
-9.127904061392833057e-02
2.502536640700984139e-01
2.236542235185901006e-02
1.000000000000000000e+00
-1.000000000000000000e+00
-8.198672825677695286e-01
1.000000000000000000e+00
-1.000000000000000000e+00
1.000000000000000000e+00
1.000000000000000000e+00
-5.804837764448469439e-01
4.554204800084582505e-01
-1.000000000000000000e+00
1.682133482457743856e-01
3.649765768362771556e-01
4.940157446560822230e-02
-8.100300779032052478e-01
4.289409121666488689e-01
-3.293652067151970897e-01
-5.229518962830610462e-01
7.303878473836855623e-01
3.389296869765496822e-01
7.107649931415480626e-01
-1.000000000000000000e+00
4.786833525061542360e-01
-1.370084905012450283e-01
2.723071704569626217e-01
1.000000000000000000e+00
1.055921631878721234e-01
1.369147985959575653e-01
1.812224994519838484e-01
1.000000000000000000e+00
-1.314818385381892052e-01
-1.817663449806727893e-01
1.000000000000000000e+00
-9.951818113422491452e-01
1.000000000000000000e+00
-1.485666009494172046e-01
-3.906618046742111883e-01
1.000000000000000000e+00
-1.000000000000000000e+00
1.000000000000000000e+00
-1.000000000000000000e+00
1.000000000000000000e+00
2.075121467316749513e-01
3.196971718826047137e-02
1.000000000000000000e+00
7.854351661383973671e-02
-7.983187377095352089e-01
-1.000000000000000000e+00
-4.089411219744807369e-01
7.444355205623069960e-01
4.767410491374268755e-01
2.433091774029709220e-01
-1.000000000000000000e+00
1.000000000000000000e+00
7.347512170021472944e-01
1.000000000000000000e+00
1.000000000000000000e+00
-1.000000000000000000e+00
1.000000000000000000e+00
-9.952366627421380674e-01
2.242743611754893784e-01
3.704070737885180042e-01
-1.000000000000000000e+00
5.755482528733930625e-01
4.381230396683785111e-01
-1.000000000000000000e+00
1.000000000000000000e+00
-1.000000000000000000e+00
-1.000000000000000000e+00
7.121462337785389174e-01
-2.420392281894212239e-01
1.000000000000000000e+00
-1.000000000000000000e+00
8.304988295138010512e-01
5.138258201840760764e-01
-1.776649378651286026e-01
-9.118355895000131994e-01
-1.000000000000000000e+00
-1.000000000000000000e+00
1.000000000000000000e+00
-2.043526713467507250e-01
1.000000000000000000e+00
-1.000000000000000000e+00
-1.000000000000000000e+00
3.771633255353611380e-01
1.000000000000000000e+00
7.201998949893287927e-01
-2.862909591332674086e-01
1.128311705679901911e-01
1.000000000000000000e+00
2.040898329394597033e-01
1.000000000000000000e+00
1.764165692170984734e-01
-2.305279848829552281e-01
3.975974581289276610e-01
2.254041524386243278e-01
-8.347417228574974257e-03
-8.760776444566902299e-01
3.800980051816947314e-01
1.000000000000000000e+00
-1.000000000000000000e+00
-7.122734147177565145e-01
-1.000000000000000000e+00
-3.007940965160181834e-01
1.000000000000000000e+00
3.005533418809673840e-01
-1.553301001214766330e-01
5.359522638879216094e-01
-9.405953153263719724e-01
3.405990545269442782e-01
2.510502300411482923e-01
-5.043204441058121157e-01
-1.000000000000000000e+00
1.000000000000000000e+00
-6.731044599390033634e-01
1.593501198532387142e-01
-6.619026840826144342e-01
6.061481657778863275e-01
8.934356617495805564e-01
-2.011197597806873016e-01
-7.844226906011382283e-01
-6.323964697381523337e-02
-1.000000000000000000e+00
-1.000000000000000000e+00
-1.380951145644760958e-01
-1.451288393108232100e-01
-3.022549356633139617e-01
-1.000000000000000000e+00
5.300633283644101690e-02
1.000000000000000000e+00
4.788497116752854499e-01
1.000000000000000000e+00
7.648643367933987136e-01
4.292223187933448258e-01
-1.000000000000000000e+00
-7.849754259983039717e-02
-1.000000000000000000e+00
6.211559590419772903e-01
4.984264334063541746e-01
4.616262743704562244e-01
-6.926169539116309171e-01
-1.365645662311720798e-02
1.000000000000000000e+00
-7.259597385787253110e-01
-6.502759898487968648e-01
-1.000000000000000000e+00
-7.863905017613637138e-03
-1.000000000000000000e+00
-1.000000000000000000e+00
1.000000000000000000e+00
-1.000000000000000000e+00
-1.000000000000000000e+00
-1.000000000000000000e+00
5.507041828539204209e-01
-9.269020075515866930e-01
1.000000000000000000e+00
1.000000000000000000e+00
-4.627008107746766186e-01
4.276476933480778397e-01
-8.153213161284509347e-01
1.220793775858377561e-01
-5.376813344138426931e-01
1.000000000000000000e+00
6.950009552235703048e-02
1.000000000000000000e+00
-2.160872305153992423e-01
-1.000000000000000000e+00
1.000000000000000000e+00
2.229971556841366942e-01
-1.425257397531269898e-01
-8.628692474502359655e-01
1.000000000000000000e+00
1.000000000000000000e+00
1.000000000000000000e+00
-1.000000000000000000e+00
1.000000000000000000e+00
1.089092609594059513e-01
1.410472072735358129e-02
9.155980829107137620e-01
1.000000000000000000e+00
1.000000000000000000e+00
-1.000000000000000000e+00
1.000000000000000000e+00
3.551924384122039369e-01
1.410125200565748305e-02
-6.423114500285729278e-01
-9.191783142601004375e-01
-1.000000000000000000e+00
1.000000000000000000e+00
1.000000000000000000e+00
-1.000000000000000000e+00
-4.889492839960828396e-01
5.087358819868251780e-01
-1.000000000000000000e+00
1.474411289694625982e-01
-2.662349106294762402e-01
-1.000000000000000000e+00
1.000000000000000000e+00
-4.388352247507747439e-01
1.000000000000000000e+00
1.000000000000000000e+00
-1.000000000000000000e+00
-3.448882355508763320e-01
-3.692210373346679342e-01
-1.000000000000000000e+00
-3.648194797113024634e-02
-1.000000000000000000e+00
-1.000000000000000000e+00
8.622020182388873133e-02
-1.000000000000000000e+00
5.369734558479966058e-02
9.836167511344795500e-01
-7.468918269141582300e-01
-1.000000000000000000e+00
-1.000000000000000000e+00
-7.920216557039173599e-01
1.000000000000000000e+00
1.000000000000000000e+00
-1.000000000000000000e+00
-1.000000000000000000e+00
2.223199242209896731e-01
-1.000000000000000000e+00
7.277059434097914448e-01
-1.000000000000000000e+00
-1.000000000000000000e+00
-1.000000000000000000e+00
1.000000000000000000e+00
-7.265920775779871610e-02
1.000000000000000000e+00
-1.000000000000000000e+00
-6.432726005784181744e-01
1.000000000000000000e+00
1.000000000000000000e+00
4.663682757109408050e-01
5.360529570821719325e-01
-5.878489048263824124e-02
-1.000000000000000000e+00
-1.432593277128483278e-01
1.000000000000000000e+00
-4.195414077924510821e-01
-8.944593081557477010e-01
1.000000000000000000e+00
1.000000000000000000e+00
-1.000000000000000000e+00
9.881753381451678919e-01
-4.813898976500751159e-01
-7.519225937980271723e-01
-1.000000000000000000e+00
9.707370281339497975e-01
-1.000000000000000000e+00
-1.000000000000000000e+00
-9.536072429159775377e-01
-6.303432998076590188e-01
-2.631246429617798421e-01
9.451707151547134034e-02
-1.000000000000000000e+00
-5.479539134162511038e-01
-1.951824582472901914e-01
-6.108997920964873707e-01
1.000000000000000000e+00
1.000000000000000000e+00
-3.382626634624140705e-01
9.467984333444328104e-01
1.000000000000000000e+00
-5.827347987168211008e-01
2.468700233364307661e-01
1.000000000000000000e+00
-1.245577142521783198e-01
-1.315077014578927006e-01
-1.000000000000000000e+00
-2.821840767562270313e-01
7.022291029870781909e-01
6.206802557104862395e-02
7.053265936071850817e-01
1.929918005800033143e-01
-5.887915870011395381e-01
-5.511248918138609287e-01
-8.215041249315778726e-01
-9.072504107398434714e-01
-1.000000000000000000e+00
-4.200671623916595321e-01
2.491983362932325141e-01
8.515059700975015078e-01
7.490065691461751385e-01
2.194716039895955872e-01
-4.024627776671279022e-01
-2.322401727623524259e-02
-7.413105792053542586e-02
4.627813581074351479e-01
-4.876547439774376880e-01
1.000000000000000000e+00
5.661304821849237889e-01
1.000000000000000000e+00
8.362603268271143753e-01
6.101712256856161032e-01
1.000000000000000000e+00
-7.446357939246531776e-01
-9.568052739617580738e-01
-9.300949867318034636e-01
1.325742026055096723e-01
-1.000000000000000000e+00
-1.000000000000000000e+00
-1.000000000000000000e+00
-3.249665834207897674e-01
-7.672072382499550702e-01
-3.798919056875756928e-01
4.854577940478110865e-01
4.551910518057021848e-01
-9.615223319067711660e-01
-1.000000000000000000e+00
2.236804647101746646e-01
1.000000000000000000e+00
1.000000000000000000e+00
1.000000000000000000e+00
-1.000000000000000000e+00
-1.000000000000000000e+00
9.914359378289783198e-01
-1.000000000000000000e+00
8.561012212033902724e-01
8.610418227170980598e-01
-6.269539046375995905e-01
1.000000000000000000e+00
-7.725075513947264882e-01
7.632912677636839449e-01
-1.207725301812528906e-01
-3.059108658268288594e-01
1.000000000000000000e+00
3.147658122190962748e-01
3.867626127786516488e-01
-3.421051881081066393e-02
1.000000000000000000e+00
-1.000000000000000000e+00
-5.795194037418062161e-01
1.000000000000000000e+00
1.000000000000000000e+00
-4.603097642689011892e-01
1.000000000000000000e+00
8.577913423637021362e-01
-1.000000000000000000e+00
-3.159299166109053036e-01
-1.000000000000000000e+00
-6.479472978377476267e-01
-8.113219691759699925e-01
1.312450707836284314e-01
-1.000000000000000000e+00
-5.820438066563085044e-01
1.000000000000000000e+00
-1.000000000000000000e+00
-6.174938123294747561e-01
-1.000000000000000000e+00
-6.341571661166243157e-01
1.451298853338969241e-01
4.478711057783203997e-01
-7.503334791543680993e-01
4.439285421990118441e-01
-1.000000000000000000e+00
1.830521390117778591e-01
-3.510574910875090549e-01
7.737047407196939730e-07
-5.748966793763077288e-01
-1.000000000000000000e+00
-8.154183837738123719e-01
1.000000000000000000e+00
1.000000000000000000e+00
1.000000000000000000e+00
1.000000000000000000e+00
-1.000000000000000000e+00
1.000000000000000000e+00
-4.852010608379750956e-01
-1.000000000000000000e+00
-1.000000000000000000e+00
-1.000000000000000000e+00
1.000000000000000000e+00
1.000000000000000000e+00
-1.000000000000000000e+00
-9.489640815113371541e-01
-1.834599153172740138e-01
-1.000000000000000000e+00
1.000000000000000000e+00
6.875836772865496771e-01
8.375157128774757265e-01
-9.084384314591993359e-01
-5.933479649240068765e-01
-7.572889437218405240e-01
1.000000000000000000e+00
1.000000000000000000e+00
-7.805838512667312434e-02
-5.062070057466189210e-01
4.183147875697813545e-01
-1.000000000000000000e+00
7.269703091115234939e-01
1.000000000000000000e+00
1.000000000000000000e+00
-8.714277219645957251e-01
-6.816647738334790096e-01
1.000000000000000000e+00
-9.357059065905271034e-01
-1.000000000000000000e+00
-1.000000000000000000e+00
-2.596632828088574763e-01
1.000000000000000000e+00
-1.000000000000000000e+00
1.000000000000000000e+00
1.000000000000000000e+00
-1.000000000000000000e+00
-1.000000000000000000e+00
-1.000000000000000000e+00
-9.127269388366068270e-01
1.000000000000000000e+00
-9.697214266838389829e-01
-1.000000000000000000e+00
-7.147086044610846400e-01
-1.000000000000000000e+00
1.000000000000000000e+00
-3.319357937660399327e-01
-1.931008989168154777e-01
8.409105455987974098e-01
5.925515915134691447e-01
-8.262471768117112259e-01
1.000000000000000000e+00
-1.000000000000000000e+00
1.396370197337017671e-01
1.000000000000000000e+00
-4.396302787895841058e-01
1.000000000000000000e+00
1.000000000000000000e+00
1.000000000000000000e+00
1.000000000000000000e+00
-5.818145622082272483e-01
-1.000000000000000000e+00
4.891000888714058803e-01
1.000000000000000000e+00
1.000000000000000000e+00
-2.228857680980388389e-01
-8.624700552407532639e-01
1.000000000000000000e+00
1.000000000000000000e+00
-1.000000000000000000e+00
-9.239729896160417955e-01
-1.978871879775520315e-01
-9.344586323760236679e-01
8.603676674010247716e-01
-1.000000000000000000e+00
-9.891576793865540784e-01
-1.000000000000000000e+00
-1.000000000000000000e+00
1.000000000000000000e+00
-1.000000000000000000e+00
3.100491720940616938e-02
-8.344747149629566652e-01
-8.603208781854407294e-02
-1.000000000000000000e+00
-5.362824774207344269e-01
5.261650488542313209e-01
-1.000000000000000000e+00
4.064671885498666315e-01
6.406274363079891287e-01
6.652280191222396111e-01
5.174738363964137555e-01
-2.174746063055905676e-01
1.616911408109641402e-01
2.873978996712267531e-02
4.470405866445066323e-01
1.758711339049481015e-01
-1.000000000000000000e+00
2.516339198545886058e-02
-1.990446547844166858e-01
1.000000000000000000e+00
3.934641464803163569e-01
6.863972241481524073e-01
-3.553723304667517624e-01
1.000000000000000000e+00
-8.943075648672855760e-01
1.000000000000000000e+00
1.856824634486997638e-01
-7.732224600185458874e-01
1.000000000000000000e+00
-1.000000000000000000e+00
4.420969184738057223e-01
-8.700239917699351677e-01
1.000000000000000000e+00
-7.985994242651390795e-01
2.414209248262438878e-02
1.000000000000000000e+00
-3.979689968594579130e-01
1.000000000000000000e+00
-1.000000000000000000e+00
1.000000000000000000e+00
-1.861413072144046943e-01
3.115878545414809686e-01
1.000000000000000000e+00
-1.000000000000000000e+00
-1.000000000000000000e+00
2.777403781087732781e-01
1.000000000000000000e+00
-1.000000000000000000e+00
-1.000000000000000000e+00
8.671803969974665183e-01
1.050411753962381123e-01
-8.342320116413739495e-01
1.107389508166414793e-01
-6.780515845963724919e-01
-1.000000000000000000e+00
-8.361799962554672394e-02
2.260368624425549977e-01
3.543594035337014336e-01
1.000000000000000000e+00
1.000000000000000000e+00
-1.000000000000000000e+00
1.000000000000000000e+00
1.000000000000000000e+00
-8.417622220303038194e-01
-1.000000000000000000e+00
8.532569654811560378e-01
-3.556000403612429861e-01
-6.874117794432669237e-01
-7.960360194465392336e-01
-9.586474661498309846e-01
1.529740831841597259e-01
-1.962874869603037364e-02
6.605025868976490688e-01
-1.000000000000000000e+00
2.856730261582681729e-01
8.891855546832969637e-01
1.000000000000000000e+00
-6.326637726280384122e-01
-9.183486949579631187e-01
-1.568673637257113618e-01
-1.000000000000000000e+00
8.183491948513910152e-01
1.000000000000000000e+00
-5.795060998652944440e-01
-1.000000000000000000e+00
-5.991710803988681278e-01
-1.000000000000000000e+00
-1.612702023821677155e-02
-5.398611554073760033e-01
1.000000000000000000e+00
1.000000000000000000e+00
-9.668841203274880503e-01
-4.182820501646026257e-01
1.000000000000000000e+00
8.995241873247228348e-02
9.234331404963236345e-01
6.242167592557401612e-01
1.000000000000000000e+00
-1.000000000000000000e+00
-1.829315348983251988e-01
-9.621393600154032333e-01
9.673760996456477468e-01
-5.031858312010478729e-02
4.966141558541307122e-01
-6.179537162173571740e-01
-8.296201297817696885e-01
-1.869744057738372822e-01
-4.451615970191313831e-02
-6.264566147922069339e-01
-4.768717098834822088e-01
-1.015258725494683489e-01
-1.000000000000000000e+00
1.000000000000000000e+00
-1.000000000000000000e+00
-2.086705830738083689e-01
-9.848981669373357839e-02
9.003452395220942206e-01
-1.000000000000000000e+00
1.000000000000000000e+00
-8.392331535103623175e-01
-8.408974790033802993e-01
1.000000000000000000e+00
-1.000000000000000000e+00
2.800670123494325425e-01
4.509671898934982659e-01
-9.160473229726527888e-01
-1.000000000000000000e+00
-1.000000000000000000e+00
1.172424045378873680e-01
-1.000000000000000000e+00
1.000000000000000000e+00
1.000000000000000000e+00
-9.931517272713270561e-01
-8.616053725624150950e-01
-1.000000000000000000e+00
7.502690715183202297e-01
-9.797847793726626175e-01
-1.000000000000000000e+00
3.359934494064124033e-01
-9.770186758950955008e-01
1.000000000000000000e+00
-7.980252706786750139e-02
5.419948215163937766e-01
-8.571283559003418651e-01
3.319327571741924054e-01
-5.394535465263354812e-01
1.000000000000000000e+00
4.343695429351820403e-01
5.426591229443804565e-01
6.562143522842521781e-01
-6.656572745992339613e-01
1.000000000000000000e+00
-4.788910185735804070e-01
4.462935004432954100e-01
-6.348323227273969804e-01
-2.394833145908372707e-01
-7.686161624101119916e-01
4.193769719509727878e-01
1.000000000000000000e+00
-1.000000000000000000e+00
-1.000000000000000000e+00
-4.115983030187132519e-01
-1.000000000000000000e+00
-1.000000000000000000e+00
1.000000000000000000e+00
-4.286991384950924466e-01
1.000000000000000000e+00
-1.000000000000000000e+00
9.871719978749210478e-01
-1.487254104325137494e-01
3.981455018913560018e-02
-9.314619884706628605e-01
1.000000000000000000e+00
-1.000000000000000000e+00
-1.000000000000000000e+00
5.359675756218070797e-01
5.709064935718453082e-01
3.681416857669880249e-01
-1.000000000000000000e+00
-1.000000000000000000e+00
1.000000000000000000e+00
5.450767336507751359e-01
-2.092213078389146830e-01
1.000000000000000000e+00
-6.529501108278196186e-01
6.710101055362427402e-01
5.895935242573235868e-01
-8.252741891822774623e-01
3.259191671786731970e-02
-9.201447651050980170e-01
1.000000000000000000e+00
7.142411472893370750e-01
-9.929042489731998433e-02
-1.532646178458291208e-01
8.822327855866958224e-01
-6.776965177431357734e-01
1.000000000000000000e+00
1.000000000000000000e+00
5.140186357797070782e-01
1.000000000000000000e+00
-7.725307658732694094e-02
-6.715016446284882701e-01
-5.027073250131888216e-01
4.137391821454755592e-01
1.558958313642256899e-01
2.211630724896979094e-01
1.000000000000000000e+00
7.875166391957346690e-01
-1.000000000000000000e+00
7.115530216915746387e-01
3.339555804029492592e-02
1.000000000000000000e+00
1.000000000000000000e+00
7.173385260794093998e-01
4.387730419638558033e-02
2.295873972392306062e-01
8.517286921281943535e-01
1.000000000000000000e+00
6.608343172717731084e-01
-1.000000000000000000e+00
4.327345147565200278e-01
-5.551332754330129404e-02
1.000000000000000000e+00
5.991045227455554789e-01
-4.798591170372535908e-01
2.246066455385106186e-01
1.000000000000000000e+00
-1.000000000000000000e+00
-6.951057150227917258e-01
-4.396873539071552983e-01
2.942393087953856234e-01
-3.590562185081674351e-01
-1.000000000000000000e+00
-9.778712540696760103e-01
1.000000000000000000e+00
1.000000000000000000e+00
-4.362960930227917089e-01
7.675058093366435852e-01
1.000000000000000000e+00
1.001559251350652158e-01
1.000000000000000000e+00
6.334052896082896789e-01
1.000000000000000000e+00
-7.052773954059277095e-02
-1.000000000000000000e+00
-3.312915070749493651e-01
1.000000000000000000e+00
-7.369990781083896048e-01
-1.000000000000000000e+00
7.199330126962635301e-01
-4.591756451782919024e-03
-1.000000000000000000e+00
1.000000000000000000e+00
1.722172368161342115e-01
1.000000000000000000e+00
-4.234877740891129227e-01
-7.992668246680910693e-01
-3.996998630431057853e-01
-1.000000000000000000e+00
1.000000000000000000e+00
-1.000000000000000000e+00
-1.000000000000000000e+00
1.000000000000000000e+00
-1.896626870385190455e-01
-1.000000000000000000e+00
-2.619716148843355755e-02
-9.958888998343365939e-01
-1.000000000000000000e+00
