1.000000000000000000e+00
3.260116664580525736e-02
-1.000000000000000000e+00
4.969446459592221643e-01
5.422923922531277530e-01
2.482695381407648005e-01
9.162871455149332878e-01
8.492361210937862115e-01
5.945091389287433525e-01
-4.467624420240619010e-01
-3.920551848083572155e-01
-1.000000000000000000e+00
-1.395683532447959951e-01
-1.000000000000000000e+00
1.000000000000000000e+00
1.000000000000000000e+00
-1.000000000000000000e+00
-5.790674724165182363e-01
-3.743647740247119104e-02
-1.000000000000000000e+00
-8.529414156955095194e-01
1.000000000000000000e+00
-1.000000000000000000e+00
1.129593816451378019e-01
6.474820088203853130e-01
-4.727525011064694915e-01
1.052785912164698745e-01
6.575418480490580198e-01
-5.184721942093611924e-02
-1.000000000000000000e+00
-4.731809593092601851e-01
6.348923279449544821e-02
1.000000000000000000e+00
1.000000000000000000e+00
1.000000000000000000e+00
2.486531358859489504e-01
-1.816600439628957009e-02
-1.911616491298593346e-01
9.945534097160794174e-01
7.130357028431751898e-01
-1.942457735514145634e-01
2.768996752437327680e-02
-6.633862188981752839e-01
2.264300481731464920e-01
1.000000000000000000e+00
-4.473165952951018154e-01
1.302388206611675148e-01
1.000000000000000000e+00
5.458212966973103875e-01
3.951501201196829793e-01
-6.078827817280085810e-01
-2.888173142794193127e-01
-1.000000000000000000e+00
-7.052225602947885530e-02
5.659339698582852574e-01
1.000000000000000000e+00
1.000000000000000000e+00
-1.829794617396147127e-01
3.012279088090774604e-01
1.000000000000000000e+00
3.875512879155929014e-01
-4.424700947811727181e-01
-8.649797883746427329e-01
9.572147779911993615e-01
-6.892750884025827807e-01
1.000000000000000000e+00
-1.000000000000000000e+00
4.542650497708720925e-02
-5.495023355792685305e-01
-2.985209497623375619e-01
3.678810423692834841e-01
1.000000000000000000e+00
9.530691961399962997e-01
2.552382937610968572e-01
-9.989906413018412312e-01
-3.334322437841806819e-01
4.507559720118828328e-02
-8.147882271916658814e-01
-8.926838562742724914e-01
-3.809348605851478053e-01
1.000000000000000000e+00
6.303288002978832960e-01
-5.891852151969980689e-01
-5.033647145286836988e-01
-1.000000000000000000e+00
-1.000000000000000000e+00
-1.000000000000000000e+00
8.339415518105582903e-01
-4.942175063448878691e-01
2.043772997883726850e-01
1.000000000000000000e+00
-1.000000000000000000e+00
-4.922717711511032102e-01
-3.234282339402535511e-01
4.767216211124294944e-01
3.153221627199621069e-01
6.413409274638656177e-01
4.665517708851868450e-01
-1.000000000000000000e+00
1.245495831462378050e-01
-9.485724358137891388e-01
-4.500957338700531385e-01
1.000000000000000000e+00
-4.508475405648592615e-01
3.036448642593561620e-02
-1.000000000000000000e+00
-6.156163125787752488e-01
-1.216416106692113641e-01
1.000000000000000000e+00
1.000000000000000000e+00
-2.015827155375031210e-01
1.000000000000000000e+00
-4.505041713456768293e-01
-2.307058203166245380e-01
-1.000000000000000000e+00
-1.000000000000000000e+00
1.000000000000000000e+00
1.000000000000000000e+00
-8.894557746019055022e-01
1.000000000000000000e+00
4.292503043235140758e-01
-7.446720315380672695e-01
-3.577691996096695193e-01
2.911236727473749397e-01
7.103673871315301369e-01
-1.000000000000000000e+00
-7.969908647682063529e-01
-2.079478352097913763e-01
-6.363351564936290394e-01
-1.000000000000000000e+00
6.025807449589017928e-01
-1.000000000000000000e+00
-4.245086867789514828e-01
-1.000000000000000000e+00
-1.000000000000000000e+00
-1.000000000000000000e+00
-2.525770383338181713e-01
-7.347300668632403831e-01
2.732869745693811137e-01
-2.566329034693105582e-01
1.000000000000000000e+00
-1.000000000000000000e+00
2.459271539690862096e-01
-5.649986283133490161e-01
7.965775899014391204e-01
3.312281355086367229e-01
4.956903437317489169e-01
1.000000000000000000e+00
-5.690205244446621125e-01
-1.000000000000000000e+00
-1.000000000000000000e+00
-8.700086655115394363e-01
1.000000000000000000e+00
-1.000000000000000000e+00
4.348710290101710507e-01
1.000000000000000000e+00
-1.000000000000000000e+00
1.000000000000000000e+00
6.279910945893568686e-01
5.798292810457048585e-01
5.596272773821010516e-01
6.149790210441239413e-01
1.000000000000000000e+00
-3.958481156551107438e-01
1.000000000000000000e+00
6.176348379530688382e-01
-2.193078062495419922e-01
-1.662703414763169185e-01
-1.000000000000000000e+00
-1.000000000000000000e+00
-8.576229360029157256e-01
1.000000000000000000e+00
7.877367886739151670e-01
1.000000000000000000e+00
1.000000000000000000e+00
1.000000000000000000e+00
5.578679178581408271e-01
-3.124044419435577646e-01
4.825978084174683547e-01
6.815587027802215703e-01
7.319628429358475685e-01
-1.000000000000000000e+00
-1.000000000000000000e+00
1.250195464726064631e-01
1.000000000000000000e+00
6.567302527001388501e-01
6.830026236589669120e-01
1.000000000000000000e+00
-4.929507734113485751e-01
3.266643723603500082e-01
1.000000000000000000e+00
-5.544428735570973155e-01
-1.000000000000000000e+00
7.233633263636612964e-01
6.310943048931240140e-01
1.000000000000000000e+00
-5.324272892927725542e-02
1.731007042941248297e-01
4.451810870921959484e-01
-3.381015057490728837e-01
4.428045015990701438e-01
-1.491005811838541639e-02
6.245057624352285952e-01
1.000000000000000000e+00
-1.110554605211752921e-01
1.000000000000000000e+00
9.890547612858547888e-01
1.000000000000000000e+00
-1.821343894804901553e-01
-1.291051939419258776e-01
-1.000000000000000000e+00
1.000000000000000000e+00
6.954784143667139817e-01
6.720511772173194398e-01
3.190813211463721655e-01
9.394192002185427492e-01
-8.694766632655998029e-02
-8.920014566602391115e-01
-3.718620974325367312e-01
1.000000000000000000e+00
-2.963892912501861487e-01
-1.000000000000000000e+00
-6.935081496293978853e-01
-5.384950180937024822e-01
-1.000000000000000000e+00
4.404069113116544365e-01
2.757484253645026140e-01
-4.593969988094147028e-01
-8.621707977585377769e-01
1.000000000000000000e+00
-5.012667978352705056e-01
-1.751622640393824537e-01
3.916631974113382597e-02
5.939387611090969354e-01
1.000000000000000000e+00
-8.882767112300850032e-01
-7.693494123805533214e-01
-1.000000000000000000e+00
-1.067201690126000357e-01
-4.123729691515721218e-01
-1.000000000000000000e+00
-5.456612727527397622e-02
7.017323870953870446e-02
1.000000000000000000e+00
-5.364442816723475893e-01
-1.000000000000000000e+00
-1.000000000000000000e+00
5.191545655078088073e-01
9.322151518649164637e-02
-6.839468129934274110e-01
1.000000000000000000e+00
7.757627328453460258e-01
-7.440357556529839655e-01
-3.924809109882622105e-01
-6.321127565236562829e-01
5.281900382616941392e-02
-1.000000000000000000e+00
-4.718112361884856387e-01
4.434109336159613446e-01
-2.884970330552946716e-01
4.003558912866228559e-01
1.723219238101614814e-01
-9.186800004422422949e-01
1.182990339001674385e-02
9.510307081248701166e-01
8.656775704315515796e-01
-7.809233223611919961e-01
5.736103321728797111e-01
3.066110875641670508e-01
4.329350523992067101e-01
-7.411614223262961154e-01
1.944559457220040311e-01
6.523931379658103324e-01
8.184769387015432551e-01
-9.916202361205523896e-01
1.000000000000000000e+00
-3.398066379081358113e-01
1.000000000000000000e+00
-4.463349885411730944e-01
5.699669789931597341e-01
8.568746246971343794e-01
1.000000000000000000e+00
-7.626228721302452662e-02
-1.000000000000000000e+00
-5.373351999548615643e-01
1.000000000000000000e+00
1.046780844340069599e-01
4.165725297855905618e-01
8.011323565712311634e-01
2.854479055586807701e-01
7.934551286029045691e-04
-3.449218659926949204e-01
-1.000000000000000000e+00
-1.307533198716617218e-01
-1.000000000000000000e+00
1.743877619984325333e-01
-3.672411481474743833e-02
-2.484027838895245394e-02
4.522988630303763080e-01
-7.924663552147690471e-01
-9.334976100357321727e-01
-6.098849611363281742e-01
-2.167965235592889395e-01
-2.425915002572592294e-01
-6.322452468108272772e-01
9.214099706171458015e-01
1.583697693072179391e-01
1.142718100777069812e-01
1.000000000000000000e+00
3.213319228435596031e-01
1.000000000000000000e+00
1.000000000000000000e+00
-2.911938538867189785e-01
-6.060398279662183585e-01
6.587880909047618694e-01
-5.052249271385896856e-01
-4.011108441940702818e-01
2.483126321685472648e-01
-1.000000000000000000e+00
9.955045592458411363e-01
4.682230821236106344e-01
-2.486643693595442794e-01
-2.324668479438620483e-01
-1.000000000000000000e+00
6.830280514397265579e-01
-1.000000000000000000e+00
-1.648122583009863640e-01
5.482668984087384068e-02
-3.090030393612518411e-01
2.959646345241535026e-01
-3.207340637426006058e-01
7.139558259328345757e-01
-1.000000000000000000e+00
1.000000000000000000e+00
-1.072342228809550629e-01
-1.317334027158345855e-01
3.625806273356574905e-01
2.345734595857019156e-01
-2.886969688592546657e-01
-6.458112816255806576e-01
-5.452982563951773720e-01
8.646932557242990036e-01
-1.000000000000000000e+00
-3.151333901984390007e-01
4.837568187301590772e-01
7.297060219773182643e-02
-3.032550643043197547e-01
6.639007306544918441e-01
1.000000000000000000e+00
-5.485804932160870395e-01
-4.116405372885643676e-01
-1.469573265055021671e-01
-7.964476141589522662e-01
5.753369045077604271e-01
-3.046037005033948031e-01
-9.698840946960281262e-02
-1.000000000000000000e+00
-1.000000000000000000e+00
-1.000000000000000000e+00
1.526765754540240771e-01
6.435531100199394228e-01
-5.931522074857856763e-01
-8.938509740766021894e-01
4.128526696897751314e-01
5.501019511021141284e-01
6.011627220268206395e-01
5.019812897015182296e-01
-5.166204092416393223e-01
8.633342053763070068e-01
-2.885613536979120611e-02
-7.808032056217926176e-01
9.513485065400072438e-01
1.000000000000000000e+00
-2.504987082819931099e-01
3.960427293614249278e-01
5.988470955387371619e-01
6.774199665017414107e-01
-5.524539694925527655e-01
-1.000000000000000000e+00
-7.225521952063856945e-03
-3.583275190300436730e-01
7.932361488731538568e-01
5.174009226285596341e-01
-8.505692869295287117e-01
3.120488649056217811e-01
-1.000000000000000000e+00
9.681190456921160425e-01
-1.284926671048447211e-01
8.092746210167977017e-01
1.000000000000000000e+00
3.941301028424405439e-01
1.834270356208716479e-01
3.459227209821360560e-01
1.000000000000000000e+00
9.886831092791302789e-01
2.515179615279791725e-02
-1.000000000000000000e+00
1.000000000000000000e+00
-1.000000000000000000e+00
-1.000000000000000000e+00
4.322070834689015206e-01
-8.526744705230192567e-01
8.506401181496934250e-01
1.029239261420858143e-01
1.000000000000000000e+00
8.245006024655274768e-01
-4.851769470954018226e-01
1.000000000000000000e+00
-8.103367889854845574e-01
-2.697797742628584294e-01
-1.886690795514854579e-01
1.000000000000000000e+00
1.000000000000000000e+00
-1.000000000000000000e+00
3.702134217470928190e-01
9.267907636868062404e-01
1.000000000000000000e+00
-3.162144026002863817e-01
8.327827236180943560e-01
1.000000000000000000e+00
-1.347359205117820979e-01
-4.941068688718581181e-01
-1.000000000000000000e+00
1.000000000000000000e+00
-1.000000000000000000e+00
8.696975726532512052e-01
-1.000000000000000000e+00
1.000000000000000000e+00
1.000000000000000000e+00
-8.233971765885267358e-01
-9.049261847571580253e-01
-9.394125682194566507e-02
6.003241892607893426e-01
3.202472366950957494e-01
-4.291967154831127784e-01
-1.967289808130375794e-01
6.902866807945416960e-01
1.000000000000000000e+00
8.820870115245739163e-01
-3.813504017898595722e-01
8.532599204001064530e-01
1.000000000000000000e+00
1.000000000000000000e+00
1.000000000000000000e+00
1.000000000000000000e+00
-1.965066956549132993e-01
6.578300362778735089e-01
7.238555697413555645e-01
1.216141642305324233e-01
8.671239962733487960e-01
2.522341275865822574e-01
-6.371504854756532277e-01
5.550099231167356928e-01
1.000000000000000000e+00
7.955197547519878842e-01
-1.912822641748534169e-01
2.552201507470766573e-01
-2.336359803382845046e-01
-6.944037800672165917e-01
5.590372579830709121e-01
5.586927308398573766e-01
1.000000000000000000e+00
-1.656952330707794907e-01
1.397334843557042627e-01
1.000000000000000000e+00
-3.230768133999928349e-01
3.177306655274474978e-01
9.970225173421037868e-02
-8.115547266672271665e-01
4.410408193558601475e-01
1.000000000000000000e+00
6.333165550063444282e-01
1.000000000000000000e+00
3.448831889173430976e-01
-4.955822915508180659e-01
4.536158663602165020e-01
-3.776564019382098181e-01
3.134438866037220217e-02
-1.000000000000000000e+00
2.268444890988041696e-01
-5.647933595994161227e-01
1.000000000000000000e+00
2.703802574282382909e-01
5.614027171630620039e-01
-1.759252781880259187e-01
1.000000000000000000e+00
-2.625308091857900261e-01
1.804880994144236750e-02
1.000000000000000000e+00
8.035562834029809087e-01
1.000000000000000000e+00
5.653600457688099379e-01
-6.652848987388551016e-01
-3.473111352723785572e-01
1.000000000000000000e+00
8.267514658960388729e-01
2.719184816421007511e-01
-1.000000000000000000e+00
9.904251217810218222e-01
6.909542995620826522e-03
1.471661559493841753e-01
7.397026439028592248e-02
1.000000000000000000e+00
-3.933489351122749778e-01
-1.000000000000000000e+00
5.895090941620850788e-02
-8.411926534405932410e-01
6.680476173424033659e-01
6.742765671317404452e-01
-2.554657848312631985e-01
-6.058704291635557126e-01
6.282805317927409039e-01
3.429609623043804456e-01
1.000000000000000000e+00
-5.047552791159888308e-01
1.000000000000000000e+00
-5.515870910791976778e-01
-3.070653239919339805e-01
-6.870854458251101082e-01
-9.401991745423283753e-01
-1.000000000000000000e+00
-7.295758674153938195e-01
1.000000000000000000e+00
-1.000000000000000000e+00
-1.000000000000000000e+00
1.000000000000000000e+00
-4.531526767538385791e-01
-1.000000000000000000e+00
1.000000000000000000e+00
6.938492839409882151e-02
1.000000000000000000e+00
1.000000000000000000e+00
-8.213295365304487117e-01
1.000000000000000000e+00
4.138775824155846439e-01
6.150484032899178333e-02
-1.000000000000000000e+00
2.930061929969517420e-01
-2.574673033892985741e-01
3.459560716222697119e-01
-7.547000331454555289e-01
-1.000000000000000000e+00
1.000000000000000000e+00
-1.000000000000000000e+00
-1.142737796789956017e-01
1.022495021858167707e-01
4.882433910490001638e-01
1.000000000000000000e+00
-6.735547902078683480e-01
6.780720137358641209e-01
-7.089679192900517624e-01
1.000000000000000000e+00
-1.000000000000000000e+00
-4.872978240756197787e-01
-7.548680711307794722e-01
-7.779594381401649938e-01
6.557260112569022192e-01
2.261616422357420886e-01
9.293606121923435603e-01
-1.000000000000000000e+00
-2.431124465121096423e-01
-1.000000000000000000e+00
-1.000000000000000000e+00
-1.382749744789790736e-01
1.000000000000000000e+00
-1.832957956397801569e-01
9.279817409528128280e-01
2.597658294112833999e-01
6.559759562253515419e-01
1.772277488536506129e-01
-8.361019345794885593e-01
-1.000000000000000000e+00
-1.000000000000000000e+00
1.000000000000000000e+00
-7.792629400678273699e-01
4.694671582466337645e-01
4.696048119837527013e-01
2.265152310451022666e-01
-1.000000000000000000e+00
-1.000000000000000000e+00
1.000000000000000000e+00
4.954349479809470047e-01
1.000000000000000000e+00
-1.381751561849053067e-01
7.713554272995221117e-01
6.278033109605899442e-01
9.606627775582100570e-01
4.661759049884783845e-01
-1.000000000000000000e+00
8.131392557040729718e-01
-1.788793851179359684e-01
8.085933869337519342e-02
1.810408997284518318e-01
-2.925746122370587732e-01
-1.000000000000000000e+00
-6.114108638937428841e-01
5.221983452274338022e-01
-7.487535635656035193e-01
1.000000000000000000e+00
-4.435213230483306956e-01
8.216738149363279620e-01
-9.906263222083921960e-02
2.272981940417934110e-01
-6.504285482223032266e-01
2.803767625564119181e-01
-8.530020457311427995e-01
9.533999483936572705e-01
1.000000000000000000e+00
-9.882609581418214661e-01
1.000000000000000000e+00
-4.291982769796309216e-01
2.223935067973557000e-01
-3.907876050408420898e-01
-8.189959190504014774e-01
-3.805575611535855218e-02
-5.148921829843269293e-01
1.000000000000000000e+00
8.142737907263458697e-01
-3.725903392567695982e-01
1.430698768138032317e-01
1.000000000000000000e+00
-6.746013317842095569e-01
4.318616187464092704e-01
-3.483888030000111824e-01
-5.091851605488518784e-01
-1.000000000000000000e+00
-9.348892803512195426e-01
2.053181743240867219e-01
-1.327553383190582803e-01
-1.000000000000000000e+00
7.333330688062631442e-01
-1.218999725764332853e-01
-6.110065710452202703e-01
-1.000000000000000000e+00
8.659362481528629640e-01
-4.977327907586259759e-03
-6.569602460559632595e-01
7.602166998741816117e-01
-2.310006625765808064e-01
5.227537340039629665e-01
-4.918766642097255892e-01
9.338129462769224620e-01
5.740786328209515066e-01
-4.056126872770376979e-02
5.740979533836053639e-01
-5.950465421035361357e-01
1.000000000000000000e+00
1.000000000000000000e+00
9.373728782680529337e-03
-1.000000000000000000e+00
-1.000000000000000000e+00
-6.876813086195575631e-01
6.357287314247720422e-01
-1.000000000000000000e+00
1.000000000000000000e+00
8.322877845761472715e-01
-7.320320206664641116e-01
-2.850554579187749571e-01
2.897801533605416369e-01
-2.529937680864387528e-01
3.120659033267527693e-01
-3.021118600122131292e-01
5.599906040475997049e-01
1.000000000000000000e+00
-1.000000000000000000e+00
-2.886324396511397508e-02
-9.384904964540650152e-01
9.904447724962568422e-01
-6.636369731234119662e-01
-6.517957635059280497e-01
9.253778838824616715e-01
1.851240574607541933e-01
1.000000000000000000e+00
-6.650897078574877774e-01
1.408611764363239260e-01
-1.731584592850719806e-01
3.281596043838691523e-01
1.519479056280613749e-01
1.000000000000000000e+00
-1.000000000000000000e+00
-9.991605312890290413e-01
-4.402894805850309790e-01
-1.000000000000000000e+00
-2.090364367434990045e-01
4.306118075368651210e-01
-4.326541040359905832e-01
-4.407092742483919579e-01
2.365404771837948950e-01
2.268344396396429208e-01
6.223078705093726404e-03
-1.000000000000000000e+00
1.000000000000000000e+00
-3.559235807780550820e-01
9.028376547288353704e-01
-9.718409797602118871e-01
2.358851860452965687e-01
1.000000000000000000e+00
1.000000000000000000e+00
1.000000000000000000e+00
2.555489993589426523e-01
-2.355179915150421022e-01
6.917152553871084297e-01
1.452443187005845182e-01
1.000000000000000000e+00
-2.949489732700844580e-01
-9.306837531814581010e-02
-7.380508950522569889e-02
-8.854280559116668448e-01
-8.804480086420485296e-03
-1.000000000000000000e+00
8.333658805949545334e-01
-3.280644169586107162e-01
-9.334329959070819527e-02
-4.306755662742411950e-04
-3.673202688801934235e-01
-5.078625472467885871e-01
-2.024815550384764795e-03
2.661654187842752428e-01
8.325274433113166728e-01
-1.000000000000000000e+00
1.000000000000000000e+00
-2.349547275165199678e-01
1.000000000000000000e+00
-3.273485316260698053e-01
1.842172565181593447e-01
-1.829122638344439777e-01
9.670476738261587490e-01
5.247170420393602042e-01
6.133067432794075957e-02
2.523305091328200134e-01
9.130452937380754141e-01
2.045127530796430060e-01
3.292778801255100141e-02
-8.175817959137466895e-01
-7.679696369849386972e-01
-4.693189558810116901e-01
-1.294994557904700638e-01
-9.023134932793086538e-01
-5.439863336181578468e-01
-4.519660626972031581e-03
1.000000000000000000e+00
-5.735022761988640694e-01
-1.000000000000000000e+00
2.183337117788852477e-01
-3.620037694464009470e-01
4.325091694247967800e-02
5.838957035518030914e-01
9.063199500051404289e-01
-7.782458957338503347e-02
-1.000000000000000000e+00
-1.000000000000000000e+00
1.000000000000000000e+00
-1.000000000000000000e+00
7.925936125002316368e-01
9.885885061730542711e-01
2.470092802922067010e-01
-4.746022551171785731e-01
-1.000000000000000000e+00
-1.000000000000000000e+00
4.527326372554214551e-01
1.000000000000000000e+00
8.821558573015952920e-01
-6.137567851520066009e-01
3.700647355581471176e-02
2.753649702869986338e-01
6.208503531694109512e-01
-1.000000000000000000e+00
-6.018897171018717795e-01
-1.000000000000000000e+00
-1.000000000000000000e+00
-1.000000000000000000e+00
-3.443600255986427050e-01
-3.679224305312327470e-01
-1.000000000000000000e+00
1.000000000000000000e+00
-1.000000000000000000e+00
1.000000000000000000e+00
-3.519805951587058890e-01
-4.656754841924350963e-01
-1.000000000000000000e+00
-9.530301071178914896e-01
-1.000000000000000000e+00
7.872431456898127955e-01
-1.000000000000000000e+00
-1.000000000000000000e+00
1.000000000000000000e+00
-1.000000000000000000e+00
-6.647088629673466587e-01
-2.266167400918360220e-01
-2.386103793788048599e-01
-1.000000000000000000e+00
-1.000000000000000000e+00
-1.964966528591347017e-01
-1.000000000000000000e+00
6.292262725848695171e-01
1.000000000000000000e+00
-8.760783601913900709e-01
7.652422765728743581e-01
3.564534512787685960e-01
7.249993282589757282e-01
-3.697999990237561541e-01
-2.473740705149096719e-02
1.000000000000000000e+00
-9.024242320149162833e-01
1.000000000000000000e+00
-8.462959468992610201e-01
9.450689934658946800e-01
-4.661776775770259951e-01
-2.130379047617999566e-01
-4.989161450594306046e-01
3.151648142765250959e-02
3.833801799128442322e-01
1.000000000000000000e+00
5.291731454893604525e-01
-4.685732513697509205e-01
-1.855212284485857621e-01
1.000000000000000000e+00
-1.000000000000000000e+00
-1.000000000000000000e+00
-1.916207208037454257e-01
-1.000000000000000000e+00
4.461514853540186065e-01
-1.540175967607078644e-01
9.038509198137509859e-01
1.000000000000000000e+00
1.000000000000000000e+00
-4.895902253506715374e-01
3.322465551482600699e-01
1.000000000000000000e+00
1.000000000000000000e+00
-5.805063084410264640e-01
-1.000000000000000000e+00
2.217372655598850439e-01
1.929516739557854410e-01
2.377410221177378991e-01
-1.000000000000000000e+00
7.834776175285207422e-01
-1.000000000000000000e+00
-5.163798076924546177e-01
-9.339883659465294530e-01
9.764284780543591724e-02
2.525227079603641067e-03
-1.000000000000000000e+00
-9.274827245619031713e-01
4.453419619920013783e-01
-9.979787025337909512e-01
1.000000000000000000e+00
2.001250687720932953e-01
1.000000000000000000e+00
-1.226082570549185818e-01
1.091122391239353617e-01
1.487753476531648023e-01
9.216527207042681802e-01
-4.002865389115551897e-01
2.709933682785375941e-01
3.601855483205351760e-03
-6.894243321879234276e-01
-7.642108916127234863e-01
-1.000000000000000000e+00
-5.077176247707552159e-01
-8.623819195583595221e-01
7.850571217077190189e-04
5.528862299837206118e-01
6.404139975906129045e-01
3.481849734425411791e-01
1.833206526728602959e-01
8.232981743855201096e-01
1.047128891613177820e-01
-7.080098656901603338e-01
1.000000000000000000e+00
-6.329597440864714875e-01
-3.403056553496873748e-01
-1.000000000000000000e+00
6.688251223456781469e-01
-2.063634069981684638e-02
1.000000000000000000e+00
3.120153257703879301e-01
3.301735747709594326e-01
4.796700609248965574e-01
5.808365967119571982e-02
-1.000000000000000000e+00
-1.000000000000000000e+00
1.000000000000000000e+00
-9.170811917483933096e-01
1.000000000000000000e+00
-1.000000000000000000e+00
-6.595797284375026770e-01
2.033682498966407626e-02
-1.000000000000000000e+00
-1.000000000000000000e+00
6.655851796712478063e-02
-7.344816761544220585e-02
-6.783140919538788172e-01
6.071483855049876199e-01
-1.000000000000000000e+00
-5.518003174455961002e-01
-1.000000000000000000e+00
-7.715319178223147834e-01
1.000000000000000000e+00
-1.000000000000000000e+00
-1.230859503031829644e-01
2.067379965557225863e-01
2.571905250552417588e-01
1.000000000000000000e+00
-1.000000000000000000e+00
4.105932798732344624e-01
2.054399064383288787e-02
-8.666250227046617960e-02
-1.000000000000000000e+00
-1.000000000000000000e+00
-2.971834545501108593e-01
-3.104130817934410702e-01
-8.166974059502355443e-01
1.000000000000000000e+00
1.000000000000000000e+00
-7.073549450369990277e-01
1.989971947364252980e-01
-1.000000000000000000e+00
1.000000000000000000e+00
-5.340523044956350107e-01
1.000000000000000000e+00
1.000000000000000000e+00
7.890619700938231174e-02
-1.000000000000000000e+00
-7.106451899334926825e-01
4.218241800864724889e-01
3.568218687447153870e-01
7.291620917601999985e-02
6.765790674564785556e-01
6.788798077452834479e-01
5.904169010525570638e-01
-1.000000000000000000e+00
-9.564127197742091635e-01
3.587204839274388268e-02
-1.000000000000000000e+00
-7.151180341368472693e-01
-5.842991171527583960e-02
1.000000000000000000e+00
1.000000000000000000e+00
1.000000000000000000e+00
-1.000000000000000000e+00
9.460322746166490715e-01
-9.902692129416565403e-02
1.000000000000000000e+00
-5.105954685258582426e-01
1.000000000000000000e+00
-4.698041547125721418e-01
4.869153323091462982e-01
1.000000000000000000e+00
-4.164494531324759996e-01
-1.000000000000000000e+00
6.326647456010842108e-01
-6.556778333666728464e-01
6.080118395261262521e-01
-1.000000000000000000e+00
1.315780709730008935e-01
4.896933453328001784e-01
3.553089491716331927e-01
1.000000000000000000e+00
3.703314516996294992e-01
1.831146152475372768e-02
7.319586041349932515e-01
1.000000000000000000e+00
1.000000000000000000e+00
-6.490502977201140222e-01
-6.633168164561570324e-02
-1.000000000000000000e+00
-1.000000000000000000e+00
-3.053026644018794200e-02
1.000000000000000000e+00
1.000000000000000000e+00
-7.046247405072080250e-01
-2.679381475567510149e-02
-1.000000000000000000e+00
3.352163018107060521e-01
1.000000000000000000e+00
1.000000000000000000e+00
-1.000000000000000000e+00
3.740852551466801179e-01
1.000000000000000000e+00
5.692727515349210732e-01
1.000000000000000000e+00
-2.187043694357808654e-01
-5.198803909518128208e-01
-8.416749850253986143e-01
1.000000000000000000e+00
-1.000000000000000000e+00
-9.045398825451442248e-02
-9.104653736421257637e-01
9.677203443446008579e-01
-8.593688023673076160e-01
1.201600449578607566e-01
-2.319510322807247504e-01
2.344973482645392737e-01
-1.405533800721287530e-01
-7.397334550921298713e-02
1.000000000000000000e+00
5.494926448122487983e-01
8.989784877240627470e-01
-1.628088803461796574e-01
-1.000000000000000000e+00
-1.000000000000000000e+00
3.508623993473982683e-01
8.586398442137689324e-01
2.095671312428393773e-01
-1.000000000000000000e+00
-1.000000000000000000e+00
1.335140162971260036e-03
-1.000000000000000000e+00
1.000000000000000000e+00
5.342970776334258209e-01
3.846520538543167778e-01
-6.221525961897361734e-01
-5.210146012125133064e-01
2.303420090622091965e-01
1.000000000000000000e+00
1.182352591025727651e-01
-1.000000000000000000e+00
8.786624323641478718e-01
-2.192909317373979428e-01
-1.000000000000000000e+00
5.365981589693952919e-02
5.490729582820321752e-01
4.552537170613409900e-01
-2.025355363062192326e-01
3.201713963398811758e-01
1.000000000000000000e+00
1.000000000000000000e+00
-6.967584130646422569e-01
1.000000000000000000e+00
2.298148115289274374e-01
9.909152921944442971e-01
6.791149384109881337e-01
6.595153848732113744e-01
-1.000000000000000000e+00
-1.000000000000000000e+00
1.449816907373837893e-01
1.000000000000000000e+00
1.000000000000000000e+00
1.474307372566261432e-01
-8.594801471413827665e-01
-1.000000000000000000e+00
-9.391725969241910832e-01
-6.983122450473903120e-01
1.667130554096394324e-01
1.000000000000000000e+00
-1.091318210280003975e-01
-1.000000000000000000e+00
-3.612642528069400782e-01
-7.113260616326764207e-01
-9.645254067124287012e-01
1.000000000000000000e+00
5.073952012061193617e-01
-9.549807732584481013e-01
3.534399476136714791e-01
-2.314890836070813696e-01
3.582751219733861792e-01
-3.344543599836861114e-01
-1.947941211412399509e-01
-1.000000000000000000e+00
-5.240447586122701784e-01
3.247201220325158233e-01
-9.891959054227874581e-01
5.499898761502929334e-01
1.000000000000000000e+00
-2.212153739964952126e-01
3.962127241521207210e-02
1.072832858781115339e-01
1.089358937106277292e-02
1.000000000000000000e+00
-1.000000000000000000e+00
-1.000000000000000000e+00
1.000000000000000000e+00
7.740501094489028455e-01
1.000000000000000000e+00
1.000000000000000000e+00
-1.000000000000000000e+00
8.536050862303290465e-01
-4.174771609414734685e-01
7.628422117227429133e-01
6.489360839663859126e-01
-1.000000000000000000e+00
3.694555873277727276e-02
-1.000000000000000000e+00
5.434550605689857372e-01
1.000000000000000000e+00
1.446301867605646607e-01
-1.000000000000000000e+00
4.891575177971668742e-02
-1.000000000000000000e+00
6.446541043541775817e-01
5.708736601947027589e-01
-8.111794608113558347e-01
-3.106544709337252241e-01
-3.227197717986171055e-01
1.000000000000000000e+00
-1.000000000000000000e+00
1.118451241950538244e-01
7.610039602812279647e-01
1.000000000000000000e+00
-3.791715470527325937e-01
1.000000000000000000e+00
-4.663321132818637471e-01
-3.729499192226323201e-01
-8.935821746609068361e-01
-1.700583995777972257e-01
1.000000000000000000e+00
1.000000000000000000e+00
-1.000000000000000000e+00
4.026858324716884319e-01
6.415378703092466939e-01
-5.116511135142527422e-01
1.000000000000000000e+00
-1.000000000000000000e+00
-5.103155070552797268e-01
6.756801431145059711e-01
1.000000000000000000e+00
5.460763967284780751e-01
-1.000000000000000000e+00
-1.944892309174889311e-01
-1.000000000000000000e+00
3.640571163976841773e-01
4.540408480770367072e-01
-3.294720834204264981e-01
-1.000000000000000000e+00
5.732324730821319880e-01
1.000000000000000000e+00
6.883432030985530137e-01
8.734045592436191496e-01
1.000000000000000000e+00
-1.000000000000000000e+00
-2.109976633555674108e-01
-1.000000000000000000e+00
1.000000000000000000e+00
-1.000000000000000000e+00
8.344864101291500358e-01
6.771721474277554442e-01
2.035955674237465152e-01
-1.000000000000000000e+00
7.007946134092699619e-01
-1.000000000000000000e+00
-9.593557299558044260e-01
1.000000000000000000e+00
1.000000000000000000e+00
8.873094697378413054e-01
-3.794483825185521741e-01
1.000000000000000000e+00
1.971531491491879118e-01
1.000000000000000000e+00
5.540537177125173240e-01
-4.178238091826178002e-02
-9.484184049265609318e-01
-1.000000000000000000e+00
-2.805769892619192074e-01
-1.000000000000000000e+00
5.609731659577035096e-02
-3.487095440195021601e-01
-1.000000000000000000e+00
6.452734386203621275e-01
-2.630909872146614537e-01
-2.784922788023608264e-01
-1.000000000000000000e+00
7.991041287285106653e-01
1.000000000000000000e+00
-6.494664384118576939e-01
1.000000000000000000e+00
-4.558125111779409711e-01
1.238866174000226028e-01
-4.292691098498939151e-01
1.473568775273529918e-01
1.000000000000000000e+00
6.142558326009063541e-02
1.000000000000000000e+00
2.485521407103968849e-02
-5.366076392059253575e-01
-9.515441473615500190e-01
5.750981962841669182e-01
-1.000000000000000000e+00
1.000000000000000000e+00
-9.558076585529980962e-01
7.515067594883411140e-01
1.975887606139263841e-01
-5.971135713096881181e-01
-2.500378179985123794e-01
-1.687141379690011433e-01
-7.720878975156268975e-01
-4.172431185681929611e-02
-1.000000000000000000e+00
-1.000000000000000000e+00
-1.000000000000000000e+00
-1.000000000000000000e+00
1.000000000000000000e+00
4.496827980739067643e-01
-1.000000000000000000e+00
2.423935039292985094e-01
-1.000000000000000000e+00
-4.618198357417456767e-01
8.062144809255680222e-01
-1.000000000000000000e+00
-1.000000000000000000e+00
6.415222265576336902e-01
1.000000000000000000e+00
1.000000000000000000e+00
4.463578254442863158e-01
6.616924420523379036e-01
1.981020588877098754e-01
-1.000000000000000000e+00
2.872692832192947354e-01
3.175333287231361101e-01
8.524557768098961485e-02
-4.314256955108747849e-01
1.053499597329944637e-02
-1.000000000000000000e+00
-2.375294500977656043e-01
8.285325820226393523e-01
-1.000000000000000000e+00
1.000000000000000000e+00
8.042827073845713048e-01
5.110264536759916432e-01
-5.276484574941897598e-03
-1.000000000000000000e+00
1.669876564097390326e-02
-9.612825002384770556e-01
1.000000000000000000e+00
-1.000000000000000000e+00
-1.000000000000000000e+00
2.080259681028523711e-01
-8.190874742560507737e-01
9.015501870413280550e-01
-8.096071971299740877e-01
1.223449953411258617e-01
1.000000000000000000e+00
-4.621930031163158370e-01
3.239124748589053970e-01
1.000000000000000000e+00
8.645894415704961922e-02
3.997885879686696731e-01
-3.035351374105090261e-01
-1.000000000000000000e+00
-3.580724251043819195e-01
5.606983307326962596e-01
2.492382522378269183e-01
-4.639138888333618205e-01
-1.961204798349517331e-01
-6.597587376189751884e-01
-7.353944865375591222e-01
-1.767007195275486220e-01
-7.704588533617845458e-02
-6.205575533207754457e-01
1.528953785243325481e-02
7.730027390993859937e-01
-1.000000000000000000e+00
-7.849300277660846703e-01
1.000000000000000000e+00
-6.534874462794049155e-03
8.358043446278962119e-01
-6.855532902391621164e-01
-1.000000000000000000e+00
5.331163971683637870e-01
-1.000000000000000000e+00
1.000000000000000000e+00
-1.000000000000000000e+00
-8.140521666708669946e-01
-6.475259858195876461e-01
1.402190876907901673e-01
-3.891633353981558963e-01
4.337643723321947253e-01
-1.000000000000000000e+00
-5.837569198653095315e-01
-9.801700348280983910e-01
-1.098275702103125306e-01
-4.433852906725659904e-01
-4.772241460558255821e-01
-1.972802792058714338e-01
1.000000000000000000e+00
-4.794604754899204346e-01
5.926473020459105574e-03
3.872100461310628017e-01
-9.113078173839223028e-02
4.670907142975737614e-01
-6.892319192784461812e-01
1.000000000000000000e+00
1.000000000000000000e+00
-1.000000000000000000e+00
6.893460575799170709e-01
8.271792353685130106e-01
-1.000000000000000000e+00
-2.608497389304120784e-01
-4.891479951629215117e-01
-1.000000000000000000e+00
-1.000000000000000000e+00
-7.501667309790048810e-01
1.000000000000000000e+00
3.248247608188256086e-01
3.288708001256474556e-01
1.000000000000000000e+00
-3.361225032531728329e-01
2.015532344179287449e-01
-8.061685467220766066e-01
-5.379857890666925879e-01
-4.942036058083073002e-01
-3.514189137218688974e-01
5.637397155732140064e-01
-1.000000000000000000e+00
-5.692297327954078945e-01
-9.760313781905142205e-01
1.000000000000000000e+00
1.000000000000000000e+00
-1.000000000000000000e+00
-3.559632883866806763e-01
-1.000000000000000000e+00
-4.593023041330939193e-01
5.147026867952381179e-01
-2.285840529191807136e-01
3.461098495386898954e-01
-3.436272726130327193e-01
1.000000000000000000e+00
-6.662098016286881474e-01
2.482427525065848961e-01
9.563115760094789697e-02
-3.294665507708214314e-01
1.000000000000000000e+00
2.104034370155599687e-02
2.513539212944178314e-03
4.503423479297682386e-01
-1.000000000000000000e+00
3.935969238104229384e-01
-8.569524294685346710e-01
-1.000000000000000000e+00
1.312414782568480098e-02
-4.764236143598916118e-01
-2.772814190517662314e-01
-1.000000000000000000e+00
-9.552813316851608283e-01
3.706976297418757005e-01
1.000000000000000000e+00
1.000000000000000000e+00
-1.605339371676638704e-01
-1.000000000000000000e+00
1.000000000000000000e+00
-2.549585782145172841e-01
1.000000000000000000e+00
1.000000000000000000e+00
-5.335864184554198753e-01
3.407994426112409547e-02
1.303357846485722893e-01
8.814701177041115443e-01
-4.836699357164623292e-01
-1.000000000000000000e+00
-1.000000000000000000e+00
-1.000000000000000000e+00
6.936206171813127930e-02
4.335686456619229912e-01
-5.818265188466015259e-01
-2.644035126953312997e-01
-1.000000000000000000e+00
-4.088719498981581157e-01
7.103045115396392495e-01
-8.891134077785343148e-01
4.763383710094701851e-01
-3.871875800194379824e-01
-8.892526528054438550e-01
1.000000000000000000e+00
-4.732474503724323212e-01
-1.000000000000000000e+00
-5.787524006245863273e-01
1.113824914722469084e-01
6.652818698614375581e-01
4.055130716327172147e-01
-6.433412050434215157e-01
-2.781428402967995872e-01
1.000000000000000000e+00
-1.984711851838034113e-01
7.664789874111201939e-01
-9.871906006363325714e-01
2.437994466224509549e-01
1.000000000000000000e+00
-8.007250435389788867e-01
1.000000000000000000e+00
-1.608112944364125385e-01
1.481087350868564023e-01
1.000000000000000000e+00
-7.018669989978186807e-01
-5.854775616022303009e-01
1.263030050425000828e-01
4.052568835301038203e-02
-6.034287443950618890e-01
5.422440407420550113e-01
-1.000000000000000000e+00
-1.000000000000000000e+00
-1.000000000000000000e+00
-1.000000000000000000e+00
-1.661683045297836225e-01
-1.000000000000000000e+00
-1.000000000000000000e+00
-1.000000000000000000e+00
-6.103843301005643790e-02
7.895099477541824839e-01
1.000000000000000000e+00
1.005917971714671011e-01
1.000000000000000000e+00
3.535348642961085863e-01
1.000000000000000000e+00
-9.801767379225255761e-01
7.257555911192931086e-02
-1.227261783492168273e-01
-1.000000000000000000e+00
4.317259316023440707e-01
4.718202189953185632e-01
-8.242095196654998235e-01
-4.755531672300553625e-01
2.125255133155948273e-01
9.922561243902375816e-01
-1.000000000000000000e+00
-1.697324316097089877e-02
-9.494739076440342207e-02
-4.320364601098334312e-01
-4.085159141356041468e-02
1.000000000000000000e+00
-3.523178709550861543e-01
-6.593452037199969418e-01
-1.000000000000000000e+00
-1.000000000000000000e+00
-7.841605410978005897e-02
-9.916209042524122552e-02
9.031993344623636677e-01
-5.586866140775563760e-01
1.000000000000000000e+00
-2.875872410059219231e-01
-3.652724265864467634e-01
1.000000000000000000e+00
-6.980107782943087980e-01
5.810275697797255834e-01
1.873656953304891903e-01
-1.000000000000000000e+00
-9.610982357669554110e-01
2.206114140076352870e-01
3.604989841089249469e-01
1.000000000000000000e+00
-8.922682128995806927e-01
-1.041970591050836725e-01
-2.906513450695548673e-01
1.000000000000000000e+00
1.265112861222011942e-02
5.195614885502725100e-01
-6.592093780886709720e-03
9.574759622358182121e-01
6.192079993151790029e-01
7.424403233785773493e-01
7.934568356465382388e-01
-4.172105498670443668e-01
7.061978699605231391e-01
1.000000000000000000e+00
1.000000000000000000e+00
-1.000000000000000000e+00
9.271339016844319936e-01
-4.079726949940061242e-01
-1.000000000000000000e+00
-4.950443682635201625e-01
2.567819088196676702e-01
5.034349200307079997e-01
-8.728662910780886630e-01
1.000000000000000000e+00
5.696915919473277690e-01
3.419952099899096210e-01
2.047802311505496631e-01
1.000000000000000000e+00
2.012199885920121778e-01
-1.000000000000000000e+00
1.000000000000000000e+00
-9.429698754587543252e-01
-4.981673537312917843e-01
-8.899571261399399358e-01
-4.197253387473331987e-01
-3.362605448911304418e-02
-1.438374275498879862e-03
2.248955077437611583e-01
-1.000000000000000000e+00
-1.000000000000000000e+00
1.000000000000000000e+00
1.000000000000000000e+00
2.925155929775225538e-01
-1.000000000000000000e+00
-6.882130906487446964e-01
1.000000000000000000e+00
-1.000000000000000000e+00
-1.000000000000000000e+00
5.000672271288611470e-02
5.587986442281985822e-01
-4.531779018949535498e-01
1.000000000000000000e+00
1.000000000000000000e+00
-7.252969854789204085e-01
7.187772201655997506e-01
9.843315843455752168e-02
-7.922101471576367127e-01
-3.974963513661859960e-01
-9.743219643278411279e-01
-1.000000000000000000e+00
3.697496224191202385e-01
-5.507055381010043105e-01
7.456617302496154620e-01
-6.308318354103317205e-01
6.283716170412072533e-01
-6.444497840609024752e-01
6.064380964998852264e-01
2.410684350575602042e-01
3.474515577935260446e-01
6.196717425226498932e-01
2.523389493660523897e-01
5.900897952459251972e-01
4.505456703010495279e-01
-2.717430002432320579e-01
-1.380726738732718228e-02
3.246030025834512056e-01
-4.377964519941418553e-02
1.000000000000000000e+00
-3.438076106910660235e-01
-6.702509940838768943e-01
-1.000000000000000000e+00
9.648148610495094202e-01
7.391756509255518193e-01
-7.072485772273886528e-01
-1.000000000000000000e+00
1.000000000000000000e+00
-9.715236107520064390e-01
-9.647275064691243074e-01
-7.841026148177112631e-01
1.000000000000000000e+00
1.000000000000000000e+00
-1.192351384632008848e-01
1.000000000000000000e+00
-4.833315025351124783e-01
1.000000000000000000e+00
1.000000000000000000e+00
-2.239087626270579445e-01
5.144994143375976048e-01
3.700182939023695106e-01
-9.817932885180958857e-01
5.347592951545516726e-01
4.932414066294346089e-01
5.208167199448826556e-02
-4.840281634115373710e-01
-4.377604826399809079e-01
1.000000000000000000e+00
2.328734241034250418e-01
-6.459586057245743085e-01
5.896055594422111579e-01
-3.317008109404223637e-01
7.914545376799325682e-02
1.000000000000000000e+00
-2.014812059247517162e-02
-6.010328424206028419e-01
1.000000000000000000e+00
-4.971619155515655253e-02
1.000000000000000000e+00
-7.761486784957438712e-02
-6.588693196398285323e-01
1.819339165466578867e-01
-1.000000000000000000e+00
-3.584818201967341911e-01
1.000000000000000000e+00
1.000000000000000000e+00
7.867490056973331924e-01
-9.085445936547850154e-01
7.382856411559159948e-01
2.141600077127202850e-01
-6.531644394726089375e-01
-5.252289998391395098e-01
6.996060481597911052e-01
1.000000000000000000e+00
1.188498675521358072e-01
1.266266991060276126e-01
-4.131413361638503479e-01
1.000000000000000000e+00
2.115917463946306865e-01
-5.006847285120912261e-01
-1.000000000000000000e+00
-9.668210993557154742e-01
-1.000000000000000000e+00
1.000000000000000000e+00
2.279595610346217271e-01
1.000000000000000000e+00
-8.798215561462372492e-01
4.326177666968078483e-01
-6.242130606769492607e-01
4.003468727452137443e-01
6.823037190451133882e-02
6.243244836426316002e-01
-2.676593161382104236e-01
5.265055424705475939e-01
-2.394134976555771233e-01
1.098759206274394218e-01
3.033935854789352460e-01
4.074558376068579402e-01
-8.123489076037098133e-01
-8.039057391298954913e-01
-1.000000000000000000e+00
2.259895416617309083e-01
-9.857145389416974712e-01
1.000000000000000000e+00
-1.562200368123323191e-01
7.104675749899747039e-01
-4.781892447400051260e-01
-1.000000000000000000e+00
4.379768728642196574e-01
-5.470913595892885617e-01
6.995678288695799107e-01
6.107185477782227645e-01
-4.981889846618073880e-01
1.256634906096281978e-01
-1.615932011453931061e-01
1.976574295617410937e-01
1.000000000000000000e+00
3.799259042372932771e-01
-1.000000000000000000e+00
1.000000000000000000e+00
-2.068128648574454054e-01
-5.771713143111928401e-02
-8.579986999803307368e-02
-5.172752528576046727e-02
-6.454718358550162183e-01
-1.000000000000000000e+00
-4.193451303499089455e-01
5.219988980849599169e-01
3.828829353607471342e-01
1.000000000000000000e+00
1.000000000000000000e+00
9.213035249382629521e-01
1.000000000000000000e+00
1.000000000000000000e+00
7.795913542491963444e-01
-1.000000000000000000e+00
1.000000000000000000e+00
-2.143602877722640410e-01
-1.000000000000000000e+00
-1.000000000000000000e+00
-1.000000000000000000e+00
1.000000000000000000e+00
-1.000000000000000000e+00
-1.000000000000000000e+00
1.000000000000000000e+00
1.956973278982070408e-01
-8.101394512255359892e-01
7.514157980867997022e-01
1.000000000000000000e+00
-1.000000000000000000e+00
-1.000000000000000000e+00
7.645770526665807143e-02
6.233736594283072197e-02
3.608427701340964355e-01
1.000000000000000000e+00
-1.000000000000000000e+00
1.000000000000000000e+00
-1.000000000000000000e+00
-6.995750680042981395e-01
-1.274583004820505350e-01
-8.246746092343373857e-02
1.015713602649145342e-01
1.000000000000000000e+00
6.203874861561922138e-01
-5.642346994900479529e-02
4.185342861299840012e-01
7.188745731390508986e-01
-1.000000000000000000e+00
1.000000000000000000e+00
7.349438837260447999e-01
-1.399817005622924215e-01
-5.994538010191113875e-01
-1.000000000000000000e+00
1.000000000000000000e+00
-5.146212659317939142e-01
-3.822964627046693264e-02
-1.000000000000000000e+00
6.375403572157752052e-02
-1.000000000000000000e+00
2.774995462837305249e-01
-8.648909398607218524e-01
5.712313082028462885e-01
1.000000000000000000e+00
4.078357974533012298e-01
5.382781820941442419e-01
1.000000000000000000e+00
1.000000000000000000e+00
4.603329500375674677e-01
-7.088434011247621847e-01
-5.651056802494724973e-01
-9.136630229863266228e-01
1.772081728552857005e-01
1.000000000000000000e+00
-3.544143675847055697e-01
-1.000000000000000000e+00
-3.398012839882820491e-02
-1.000000000000000000e+00
-1.000000000000000000e+00
1.000000000000000000e+00
-7.991576889255397331e-01
-1.000000000000000000e+00
1.000000000000000000e+00
1.938311479084477151e-01
-1.706947270384810145e-01
1.000000000000000000e+00
-1.000000000000000000e+00
-3.885975989087492311e-01
1.000000000000000000e+00
1.000000000000000000e+00
2.320917692872688509e-01
7.293218495454492079e-01
-1.000000000000000000e+00
9.782850839275167854e-01
1.000000000000000000e+00
1.000000000000000000e+00
2.687484963610476951e-01
6.699530846904031556e-01
6.872720831206513559e-01
-1.000000000000000000e+00
-4.789505131747584521e-03
1.617745491141418523e-01
-3.975339056394819326e-01
-4.067631533514398656e-01
-7.999253928009733006e-01
-4.014105901118598663e-01
1.000000000000000000e+00
-1.914148782794714287e-01
1.000000000000000000e+00
2.377575276211496558e-01
7.162664286757668419e-01
1.393862081358476779e-02
7.167650241870932026e-01
4.636606991783167597e-01
-1.000000000000000000e+00
-1.000000000000000000e+00
1.552014215385334461e-01
9.440079475104024009e-01
-7.973955950946470805e-01
1.738032525699323705e-01
-2.255048340443682464e-01
1.326378388525224772e-01
-1.000000000000000000e+00
-1.000000000000000000e+00
-7.876315765219339404e-01
1.000000000000000000e+00
1.153940616939340552e-01
6.047580900693717565e-01
1.000000000000000000e+00
2.507402252640744678e-01
5.786731615353464531e-02
-1.000000000000000000e+00
-7.600630998884096989e-01
-3.389362215372674347e-01
6.391790845081626316e-01
4.681051133003013565e-01
-9.998431390308358535e-02
-6.399410657893399579e-01
-3.383266491936003373e-01
-4.807930627636073928e-01
4.772599241332409203e-01
-1.000000000000000000e+00
1.000000000000000000e+00
5.289788006724298608e-01
6.473742266565652992e-01
-1.000000000000000000e+00
1.000000000000000000e+00
-1.320192819479797663e-01
3.315673210501974832e-01
4.415213471255702293e-01
-4.129372784604535829e-01
-7.209221294824333381e-03
-7.065622033943552704e-01
1.000000000000000000e+00
3.692763088916712344e-01
1.466501937573536085e-01
1.194583674880014545e-01
1.281605939087753221e-01
-6.876850739282422964e-01
-5.366022090027219305e-01
1.000000000000000000e+00
5.130828377932421525e-01
1.000000000000000000e+00
1.575151472242120321e-01
-2.475507893332650478e-01
-3.075948218571969428e-02
-1.000000000000000000e+00
2.960727047193906225e-02
-8.397965718968340987e-01
1.000000000000000000e+00
-8.793987610337647420e-02
2.821178978899098189e-01
6.972286354350970550e-02
4.570091029998473720e-01
-6.497597932505270180e-01
-1.000000000000000000e+00
-1.075884253345677777e-01
1.000000000000000000e+00
7.406083681563992993e-01
6.082765633014282081e-01
-8.310380777811395836e-01
-1.000000000000000000e+00
1.468285511655627040e-01
-3.317523795978949419e-01
-1.475543690232201111e-01
7.509416688004345586e-01
3.085509092656008034e-01
-1.000000000000000000e+00
1.000000000000000000e+00
4.767915483420792633e-02
6.855897027750081918e-01
6.031384847349009481e-01
1.000000000000000000e+00
7.483368205261016204e-01
1.000000000000000000e+00
1.000000000000000000e+00
-9.406518360259108480e-01
-8.470886044879643029e-01
5.493595107930648869e-02
1.606126540416722981e-01
-9.027064011713703540e-02
4.143268220114603717e-01
6.688417936923509721e-01
5.341985725379110317e-01
-4.774071937235901952e-01
-1.000000000000000000e+00
-1.648981052148401905e-01
-1.000000000000000000e+00
-3.505979024877779737e-02
1.950074418579681446e-01
1.000000000000000000e+00
-1.918671138853877967e-02
7.696445445604958024e-01
1.000000000000000000e+00
6.586041615786868419e-01
-9.182882655383545201e-02
2.556890000548660002e-01
-1.794015329786257107e-01
9.264228490692966167e-01
-1.000000000000000000e+00
-7.213323823291956094e-01
6.387374795193454524e-01
5.378584068834733056e-01
1.000000000000000000e+00
-4.841163553140518938e-01
1.000000000000000000e+00
6.978804713418465533e-02
-5.968647873560706252e-02
-3.592324583613342170e-01
7.566422384736315454e-01
8.853032864004983793e-01
7.062376948785018538e-01
-7.976861134711796808e-01
-1.000000000000000000e+00
-4.011891859503053936e-01
1.281374349115288747e-01
-2.326799600239058685e-01
1.000000000000000000e+00
-1.083410456214492779e-01
-1.000000000000000000e+00
-1.000000000000000000e+00
3.025311323116636752e-01
4.203143375790767688e-01
2.274866120954803506e-01
-5.174078132654431617e-01
-4.919826119223457694e-01
1.000000000000000000e+00
5.382782366324869727e-01
-1.000000000000000000e+00
1.000000000000000000e+00
9.381220681580419996e-01
1.000000000000000000e+00
-1.000000000000000000e+00
6.976460716436250209e-01
-3.974368644876038470e-01
5.465148538896135166e-01
-5.902281911122618518e-02
9.696494407399388615e-01
-4.262670432696394895e-01
1.000000000000000000e+00
6.659902556486368974e-01
-1.000000000000000000e+00
-3.949538748255759790e-01
2.174547773693622232e-01
-3.851107905784356689e-02
1.000000000000000000e+00
-5.092415508722083484e-01
2.059361333899211721e-01
-7.554569256514680198e-02
-4.244702872464380938e-01
2.932854377913476918e-01
5.999683117800481691e-01
-6.855456850094460153e-02
-1.039299779373574206e-01
-1.000000000000000000e+00
4.910275015027375511e-01
-1.000000000000000000e+00
4.161553548498514998e-01
-3.212630495425331523e-01
6.041494877543085451e-01
-1.000000000000000000e+00
1.000000000000000000e+00
7.968199357938228200e-01
-1.608361508644731430e-01
3.994450176406098008e-01
-2.644689954005676746e-01
-1.423073806238887851e-01
-5.102635106389492581e-01
7.222708828191130026e-01
-6.463705895047275329e-02
7.717037680207858852e-01
1.000000000000000000e+00
1.965000269571454683e-01
5.135999873662747128e-02
-1.000000000000000000e+00
4.469612303415378962e-01
-5.068131212612565495e-01
1.000000000000000000e+00
-3.613567790222777520e-01
1.000000000000000000e+00
-6.207821329918929987e-01
-6.878304448880705468e-01
-1.000000000000000000e+00
1.000000000000000000e+00
-6.301146339558730269e-02
-1.000000000000000000e+00
1.000000000000000000e+00
-1.000000000000000000e+00
-1.000000000000000000e+00
-8.489544277483921375e-01
-1.000000000000000000e+00
2.548706886099646463e-01
-1.000000000000000000e+00
-9.192468254776695602e-01
-1.000000000000000000e+00
-5.897815946846771684e-01
-6.179419317361721786e-01
8.789861051329145303e-04
-1.000000000000000000e+00
-1.000000000000000000e+00
-8.011240975522249119e-01
-1.000000000000000000e+00
1.000000000000000000e+00
-1.162458068285316948e-01
-1.000000000000000000e+00
1.265472091861907789e-01
1.000000000000000000e+00
1.000000000000000000e+00
-1.766221747765348571e-01
-1.000000000000000000e+00
-1.459647566071907709e-01
-7.995336096266054682e-01
-3.104793189653460295e-01
-1.000000000000000000e+00
3.792925244377295391e-01
1.000000000000000000e+00
6.043918419018241561e-01
1.471929916381464754e-01
-8.827945417226485958e-01
1.139937413210685424e-01
-4.479927467404745123e-01
-6.529964623076123242e-01
-1.000000000000000000e+00
9.996857809453862931e-01
6.939516003462653515e-03
-1.000000000000000000e+00
1.000000000000000000e+00
-1.921949172049992605e-01
-1.000000000000000000e+00
7.555839097784922131e-02
9.715266305640836153e-01
6.002693543349842953e-01
2.322535614131158166e-01
2.857884011166808014e-01
-1.000000000000000000e+00
-3.050826485282059353e-01
-6.479941724486273369e-01
1.000000000000000000e+00
-1.000000000000000000e+00
1.000000000000000000e+00
1.000000000000000000e+00
-1.000000000000000000e+00
-1.000000000000000000e+00
1.000000000000000000e+00
4.464347997050707173e-01
-1.750334041515925199e-01
-1.000000000000000000e+00
-7.692488408732645055e-02
-2.938778690691155049e-01
-3.188903009095056529e-01
1.000000000000000000e+00
1.000000000000000000e+00
8.795846300099489090e-01
-1.000000000000000000e+00
7.645168756953355516e-01
6.255329106240228310e-01
1.000000000000000000e+00
5.965501485411954796e-01
-3.769422806880964316e-01
-7.025478432385998673e-01
-1.000000000000000000e+00
-1.000000000000000000e+00
1.000000000000000000e+00
-3.988893017152865816e-01
-1.000000000000000000e+00
-5.750095057707846902e-01
5.384566319027586090e-01
-1.000000000000000000e+00
-1.236822171223360689e-01
-5.231768941721529620e-01
6.403745651621726154e-01
-6.826504137758634405e-01
1.000000000000000000e+00
-1.842920975682981188e-01
1.000000000000000000e+00
-4.386227648728580064e-02
6.820578693022705252e-01
-1.000000000000000000e+00
1.000000000000000000e+00
-1.000000000000000000e+00
9.513444046941549326e-01
-7.826964236583753287e-01
-3.774520622644079726e-01
-6.381525215113366123e-01
1.000000000000000000e+00
-1.000000000000000000e+00
1.000000000000000000e+00
-8.012072197912780691e-01
-1.084347995429377765e-01
-1.950453024373588473e-01
5.705664996403785327e-01
-3.597733427767391134e-01
9.898730595668718824e-01
-3.690245004729009737e-01
8.993473921068094734e-01
4.998667320599647912e-02
6.683954484763616755e-01
3.103066895502833433e-01
8.644180524343419991e-01
-3.083004656404930710e-01
1.000000000000000000e+00
1.000000000000000000e+00
1.000000000000000000e+00
-1.000000000000000000e+00
-8.605169832024877064e-01
-3.120751564525068300e-01
1.000000000000000000e+00
-1.041908052200395396e-01
-2.324120699332878903e-01
7.113675233286540500e-01
-5.175601108524625626e-01
-1.000000000000000000e+00
5.283448972884343675e-01
3.533266618942391135e-01
-8.866928926692435597e-01
6.356535082347791743e-02
-1.000000000000000000e+00
-1.000000000000000000e+00
1.000000000000000000e+00
1.000000000000000000e+00
-2.577940103553648665e-01
-1.000000000000000000e+00
8.504874924049889984e-01
3.176055405298111589e-01
-7.123266981760114636e-01
-9.012815713583094412e-02
-3.404093868658889521e-01
2.264993312966879224e-01
5.076522816864131871e-01
-1.000000000000000000e+00
3.838955567040924777e-02
-4.821791738706056596e-01
2.247701662002633272e-01
1.176245355059905573e-01
-6.569039530393954163e-01
-1.000000000000000000e+00
3.532591283367148005e-01
-1.000000000000000000e+00
-2.683728950998984786e-01
9.472419591469992683e-01
6.769066200072180184e-01
-1.000000000000000000e+00
1.000000000000000000e+00
1.000000000000000000e+00
4.417968128973717157e-01
-1.000000000000000000e+00
-1.000000000000000000e+00
-1.000000000000000000e+00
1.000000000000000000e+00
5.806085379218972609e-01
1.000000000000000000e+00
-1.000000000000000000e+00
1.000000000000000000e+00
-1.000000000000000000e+00
1.000000000000000000e+00
1.000000000000000000e+00
-4.158528349084497089e-01
1.000000000000000000e+00
5.257823444807940838e-01
4.308672561044358251e-01
8.281261325695008502e-01
1.000000000000000000e+00
1.000000000000000000e+00
4.455695920453034420e-01
-4.636522003305638684e-01
-1.000000000000000000e+00
1.000000000000000000e+00
-3.155737530973405924e-01
-1.000000000000000000e+00
1.631580539253204565e-01
5.591675567916568057e-02
-1.000000000000000000e+00
3.127056826512052967e-01
-1.000000000000000000e+00
-1.000000000000000000e+00
1.974361110679816456e-01
1.000000000000000000e+00
-1.000000000000000000e+00
-1.000000000000000000e+00
-1.000000000000000000e+00
1.000000000000000000e+00
1.000000000000000000e+00
-5.523611604668450248e-01
1.000000000000000000e+00
-1.000000000000000000e+00
4.280946613962448577e-01
1.264723701229144293e-01
7.567590484021674557e-02
4.911673850207397274e-02
-1.000000000000000000e+00
5.411363817197778481e-01
1.000000000000000000e+00
-4.561948733577727566e-01
2.114624283753513967e-01
-1.000000000000000000e+00
1.000000000000000000e+00
-1.000000000000000000e+00
-7.076413753553469910e-01
1.000000000000000000e+00
1.000000000000000000e+00
-8.813870451307308507e-01
9.448976497625914961e-01
-1.000000000000000000e+00
2.480559920517601824e-01
-9.619433288917788039e-01
-1.000000000000000000e+00
-8.304414369503543281e-02
-1.000000000000000000e+00
1.000000000000000000e+00
-1.000000000000000000e+00
1.000000000000000000e+00
3.926199291624836718e-01
4.132554486719390852e-01
2.109698058782424335e-01
1.000000000000000000e+00
-9.817382952546688246e-01
-5.921566227850150188e-01
8.360601006470351759e-01
-1.000000000000000000e+00
1.000000000000000000e+00
-1.000000000000000000e+00
2.698307663832011372e-02
6.307892603663781683e-01
-1.000000000000000000e+00
1.000000000000000000e+00
1.000000000000000000e+00
-1.000000000000000000e+00
3.443254882363188107e-01
1.000000000000000000e+00
1.000000000000000000e+00
4.657976722690850835e-01
-5.154548306704431759e-01
-1.000000000000000000e+00
-1.000000000000000000e+00
1.000000000000000000e+00
-9.865852655753645228e-01
3.032073512589613662e-01
5.657151181225213987e-01
5.427082938566040182e-01
7.403093729861394134e-01
-8.928360682432947559e-01
1.000000000000000000e+00
3.641672083980402319e-01
-1.000000000000000000e+00
5.756011555146159919e-01
9.925582809337840651e-01
-8.746173523589471088e-01
5.423235104051735700e-01
1.000000000000000000e+00
1.472502825241869262e-01
-1.000000000000000000e+00
9.394064711154425096e-01
-1.940279810993651710e-01
-1.000000000000000000e+00
6.041970706246493350e-01
9.085354249361234924e-01
1.962740087882507423e-01
-7.664983055966225756e-01
9.252777194911074865e-01
-1.000000000000000000e+00
3.296276859361321199e-01
1.000000000000000000e+00
-3.770881836093509243e-02
5.860879435104968671e-01
-6.237527925328418821e-01
1.000000000000000000e+00
-1.056697819786486248e-01
-4.399572948295085162e-01
1.000000000000000000e+00
1.000000000000000000e+00
-1.000000000000000000e+00
1.000000000000000000e+00
8.496017620020224204e-01
1.000000000000000000e+00
-1.000000000000000000e+00
-3.002360107829514790e-01
-1.472975504547411885e-01
-1.950890532097259156e-01
-1.057889443189077294e-01
-5.106497010501355183e-01
-8.841990260100009991e-01
6.169364313641818587e-01
-8.330887712849412985e-01
-5.816851525195831929e-01
2.051761063599268908e-01
-1.000000000000000000e+00
-9.769784531466849109e-02
-1.980960291824420683e-01
1.000000000000000000e+00
8.325954008194952349e-02
-3.075603483330560106e-01
-1.000000000000000000e+00
6.115742986681969029e-01
4.719259859392266332e-02
7.118831401220895305e-01
-4.733360292338648079e-02
1.000000000000000000e+00
4.945090054282609282e-01
-6.641623075904757867e-01
-3.214232011751756435e-01
1.365081670265642644e-01
-1.000000000000000000e+00
1.000000000000000000e+00
2.281629890933000171e-01
6.139938069235941764e-01
8.402211892191473463e-01
-7.788553311209870378e-01
1.000000000000000000e+00
7.362559291544168438e-03
-5.052601805221981213e-01
1.000000000000000000e+00
1.000000000000000000e+00
-1.000000000000000000e+00
-1.000000000000000000e+00
-1.000000000000000000e+00
1.000000000000000000e+00
-4.917644887605077120e-01
1.000000000000000000e+00
-1.000000000000000000e+00
-1.000000000000000000e+00
7.644842520877448422e-01
-1.000000000000000000e+00
1.000000000000000000e+00
1.000000000000000000e+00
6.222514720070212307e-02
1.000000000000000000e+00
-5.203493925947784149e-01
8.369161823171757941e-01
1.000000000000000000e+00
-1.000000000000000000e+00
4.790586466853833936e-01
1.000000000000000000e+00
-9.023928582405875698e-01
-1.181732188837248398e-01
-1.000000000000000000e+00
-1.055712909710647684e-01
-3.711403725071781845e-01
2.841382952957531849e-01
5.769275929376845857e-01
5.838833106770913162e-02
-9.927772693660708025e-02
-4.164310833646093224e-01
9.213181818838815929e-01
-1.000000000000000000e+00
-4.138714235718988776e-01
7.558222218971927253e-01
-6.702533063358214749e-01
4.057989120906501102e-01
-4.299786259151336387e-01
3.056639304666152746e-01
-8.063275020484033107e-01
-1.833072589897821736e-01
6.117782686893278310e-01
5.144042613148376297e-01
-2.239390267588898809e-01
-1.000000000000000000e+00
-5.746062833308970275e-01
9.232019353403522199e-01
-2.571706745926473359e-03
1.000000000000000000e+00
-1.000000000000000000e+00
8.936822898198808485e-01
-4.460095722288581754e-01
-1.000000000000000000e+00
-1.000000000000000000e+00
1.000000000000000000e+00
1.000000000000000000e+00
4.746193160169985825e-01
3.080930240122852215e-01
1.000000000000000000e+00
-6.799728999775542793e-01
-1.000000000000000000e+00
-4.470784898156947018e-01
6.181552569275934328e-01
-6.815441890155126137e-01
-1.000000000000000000e+00
-7.276086414450190221e-01
1.000000000000000000e+00
-4.115310030163556454e-01
-9.070994919205588314e-01
1.000000000000000000e+00
-3.103171593756117730e-01
-1.000000000000000000e+00
1.000000000000000000e+00
1.000000000000000000e+00
6.055929700309310437e-01
9.178122673268688247e-01
-1.000000000000000000e+00
-4.254395636350279952e-01
1.000000000000000000e+00
6.182043699648434032e-01
-1.000000000000000000e+00
1.000000000000000000e+00
-1.000000000000000000e+00
-9.394573628054250225e-01
3.245730100204979873e-01
4.086981502613520334e-01
-3.346042855943623939e-01
1.000000000000000000e+00
-4.818956444661172123e-01
1.000000000000000000e+00
-7.405286972650668709e-01
-6.355597583884584068e-02
5.507805043576847748e-01
1.000000000000000000e+00
4.480604296819130639e-01
-1.000000000000000000e+00
-1.000000000000000000e+00
1.000000000000000000e+00
-1.000000000000000000e+00
1.000000000000000000e+00
2.614930775684820574e-01
-1.000000000000000000e+00
-7.512600632091291919e-01
1.000000000000000000e+00
1.000000000000000000e+00
1.366432667738397277e-01
1.000000000000000000e+00
-1.000000000000000000e+00
-1.000000000000000000e+00
-1.000000000000000000e+00
1.000000000000000000e+00
-1.000000000000000000e+00
1.000000000000000000e+00
-7.557268584280529833e-02
1.623353527473858082e-01
-1.430238920887868526e-01
1.928987229489312893e-01
1.000000000000000000e+00
8.725411061611442198e-01
-1.000000000000000000e+00
7.859745478546300568e-01
7.289860781593515693e-01
2.426156957191372143e-01
-1.000000000000000000e+00
-2.672420054313985882e-01
-6.272790065893940614e-01
1.000000000000000000e+00
1.000000000000000000e+00
1.000000000000000000e+00
-3.263954119561687239e-01
-1.000000000000000000e+00
-1.000000000000000000e+00
-3.058828724452556380e-01
-1.000000000000000000e+00
-4.985810780724706515e-01
1.000000000000000000e+00
5.803911877421756849e-01
1.000000000000000000e+00
-1.000000000000000000e+00
1.000000000000000000e+00
-1.000000000000000000e+00
-4.526783996254895026e-01
-1.000000000000000000e+00
6.522643044792344469e-01
1.000000000000000000e+00
6.443824711125738514e-01
1.000000000000000000e+00
1.000000000000000000e+00
1.000000000000000000e+00
-4.443235314623803500e-01
-3.546098657972424073e-01
-1.187619828842858549e-01
1.000000000000000000e+00
-1.000000000000000000e+00
1.000000000000000000e+00
-4.108792112666291296e-01
1.000000000000000000e+00
7.840569482343430208e-01
6.671278051817184362e-01
6.087256943137802079e-01
-5.951432885860568067e-01
7.001425926713579218e-01
-2.112727105201021027e-01
-1.512578339176999798e-01
-1.000000000000000000e+00
-1.000000000000000000e+00
4.016602364160348770e-01
1.000000000000000000e+00
-3.365970738397319195e-01
-2.685796672201257729e-01
-8.946211274264149749e-01
4.178102111429322640e-01
1.000000000000000000e+00
7.337978653461655343e-01
6.647210693556582228e-02
-2.076142885881090416e-01
-6.018831665208068671e-01
3.066017752236385729e-01
-5.753564314253966083e-01
1.000000000000000000e+00
-1.000000000000000000e+00
-1.000000000000000000e+00
1.584263691633114313e-02
-3.067506590944469869e-01
9.598044446730443768e-01
1.000000000000000000e+00
1.000000000000000000e+00
7.916664137517421818e-01
-1.000000000000000000e+00
-1.000000000000000000e+00
5.151571066314327707e-01
-1.000000000000000000e+00
-2.533510451924480544e-01
1.000000000000000000e+00
-5.538273894712647527e-01
1.000000000000000000e+00
-3.177890406496786113e-01
5.456139477293480144e-01
3.151489866915989646e-01
6.640532395653326869e-01
-2.416654689932187239e-01
-9.550588268904159905e-01
9.670189594922674603e-01
1.000000000000000000e+00
-6.838739315862624180e-02
-9.282479634589588802e-01
1.000000000000000000e+00
-1.000000000000000000e+00
2.481432979845226150e-01
1.748507962435507102e-01
-7.783952871651393934e-01
-2.653760614303551923e-01
-1.000000000000000000e+00
-1.000000000000000000e+00
-9.553752301573654737e-01
2.294546971440934169e-01
3.634634467651229883e-01
2.172653452933945850e-01
1.000000000000000000e+00
9.380077173731140583e-01
1.261693381550663684e-01
5.477875105806147005e-01
-7.019593197275382224e-01
-1.606082442401401966e-01
-1.000000000000000000e+00
-1.250547354072327755e-01
1.000000000000000000e+00
8.737378388340613089e-01
-1.223154030897743993e-02
-6.782682022444602721e-01
-1.000000000000000000e+00
-2.292194610498924645e-01
-1.000000000000000000e+00
-9.802657626583753947e-01
-1.000000000000000000e+00
-1.000000000000000000e+00
-8.081037902552778984e-02
3.081412992194876854e-01
-2.953375202379211473e-01
1.000000000000000000e+00
-8.498477873615939426e-01
-1.000000000000000000e+00
-1.000000000000000000e+00
1.000000000000000000e+00
-1.000000000000000000e+00
1.000000000000000000e+00
-5.075295365373403422e-01
-3.304701925822739472e-01
1.000000000000000000e+00
-4.510568047770227018e-01
-5.476850574102989366e-01
-1.000000000000000000e+00
-1.662254910639716643e-01
6.370650144977605400e-01
8.821814362407983667e-01
-1.000000000000000000e+00
-9.811499989269882871e-01
-9.196063261233200503e-01
-1.000000000000000000e+00
1.000000000000000000e+00
1.000000000000000000e+00
1.520911345019229088e-01
-1.000000000000000000e+00
-1.485699432781035778e-01
-1.000000000000000000e+00
-5.633756004124923500e-01
-4.693896459305837432e-01
-6.480565779173361740e-01
-1.000000000000000000e+00
3.365802745154355957e-01
4.890156169642989603e-01
1.000000000000000000e+00
-1.000000000000000000e+00
-4.037736200010820786e-01
-1.000000000000000000e+00
-2.641454877193115669e-01
2.820175688829330007e-01
2.614413598548193107e-01
1.000000000000000000e+00
6.631346876857231454e-01
-7.103098359888051494e-01
-5.405703688858315425e-01
1.000000000000000000e+00
-1.000000000000000000e+00
4.739718782421073473e-01
-8.354209399782253076e-01
4.877280493071304290e-01
3.585821835958024617e-01
1.000000000000000000e+00
4.351594593390156751e-01
-1.000000000000000000e+00
-2.160506991860692283e-01
-1.000000000000000000e+00
9.148475670628021250e-01
8.769473406034833385e-02
5.514123112889705025e-01
1.000000000000000000e+00
1.000000000000000000e+00
3.859635671245543742e-01
-1.000000000000000000e+00
-1.000000000000000000e+00
-1.000000000000000000e+00
-7.460223507559848866e-02
6.049773718973920911e-01
-1.000000000000000000e+00
1.392928190174946845e-01
-3.690759723300991446e-01
-1.000000000000000000e+00
8.352986366421746300e-01
-4.342047061532064989e-01
-5.590833920725487571e-01
3.222897189689621911e-02
2.512986902728647776e-01
2.377362662945948779e-01
4.775613923009440209e-01
-7.510000253920718905e-01
4.152849074976519006e-01
9.397920455078950797e-02
-6.660024537532085454e-01
1.000000000000000000e+00
4.993884567605455516e-01
-1.000000000000000000e+00
-7.537722169462079957e-02
-4.838016490206529241e-01
8.589234117159482151e-01
4.555077462174839109e-01
-1.203087024661291249e-01
-1.000000000000000000e+00
1.000000000000000000e+00
-1.000000000000000000e+00
1.000000000000000000e+00
1.000000000000000000e+00
1.000000000000000000e+00
9.169992776194255679e-01
1.000000000000000000e+00
2.451935991354299293e-01
1.000000000000000000e+00
5.435362832423284996e-01
5.397242818516715390e-01
8.976421477098479595e-01
-5.180787438896788943e-01
9.989182597075922931e-01
-8.060122444281125897e-01
-1.000000000000000000e+00
6.358004025432381079e-01
5.245807644470376618e-02
1.000000000000000000e+00
3.447654524369272444e-01
-6.616816618423037033e-01
2.666855828820540175e-01
7.468344558358773755e-01
8.798767443571892111e-01
2.575261844324483462e-02
-2.247549172997346245e-01
-1.000000000000000000e+00
8.554856286609151539e-01
-1.000000000000000000e+00
1.188565301573913380e-01
7.666880839352210320e-01
4.015337447266964510e-01
-1.000000000000000000e+00
-1.000000000000000000e+00
-2.877911039156019202e-01
-1.000000000000000000e+00
6.240764211070872758e-01
-1.000000000000000000e+00
1.000000000000000000e+00
6.039127482807808978e-01
3.405136815322968857e-01
-1.000000000000000000e+00
6.246925880742415504e-02
1.000000000000000000e+00
5.960241807280781678e-01
-2.277311691496864965e-01
6.808156500771749275e-01
1.000000000000000000e+00
-5.354537298507572318e-01
1.600639108825569479e-01
4.542290336467746936e-01
1.435640814278857924e-01
-5.892376090316839843e-01
5.468915612430960138e-01
1.000000000000000000e+00
9.936154172230660109e-02
1.269783203862867860e-01
-1.642184109502742295e-01
1.000000000000000000e+00
-3.228316985188948163e-01
1.000000000000000000e+00
-6.083343444890019214e-01
-1.000000000000000000e+00
-2.993464717229208372e-01
5.669308339633535310e-01
3.387026196866488315e-02
7.723978474325867705e-01
1.000000000000000000e+00
-1.000000000000000000e+00
1.000000000000000000e+00
7.798024813099851960e-01
6.559983938095983458e-01
-7.078364065201314670e-01
8.353202190693603812e-01
1.000000000000000000e+00
-1.000000000000000000e+00
-1.000000000000000000e+00
1.000000000000000000e+00
1.000000000000000000e+00
-5.315828340220349890e-01
-4.446357440872972244e-02
9.594910716104376736e-01
-1.000000000000000000e+00
5.539222551689002572e-01
7.622323142910172322e-01
-9.746737699262443266e-01
-4.036179168937497619e-01
-2.002121973223827123e-01
4.122113730565039047e-01
-1.000000000000000000e+00
-1.426691145556452378e-01
-4.587776881573771837e-01
-4.555005885497503404e-01
-4.109708092380042199e-01
-1.712998253199498055e-01
1.000000000000000000e+00
1.000000000000000000e+00
3.822622461866713728e-01
-1.000000000000000000e+00
-1.000000000000000000e+00
1.000000000000000000e+00
2.964378343265308136e-01
7.266998958893520211e-01
1.000000000000000000e+00
1.000000000000000000e+00
1.000000000000000000e+00
-6.185934502143086711e-01
-9.400526319030075850e-01
-1.000000000000000000e+00
1.257490639992537851e-01
-3.775896772338815932e-01
6.126519304524917775e-01
-1.000000000000000000e+00
6.397997011709969373e-01
1.000000000000000000e+00
1.000000000000000000e+00
7.218814417637728909e-01
-1.000000000000000000e+00
-1.000000000000000000e+00
7.595698945063722451e-01
6.822670448326129122e-01
1.000000000000000000e+00
1.000000000000000000e+00
-3.578657364102845184e-01
-6.998297172776908326e-01
-5.053978257864203405e-01
-3.333377326460802426e-01
-8.895541814901448685e-01
-1.000000000000000000e+00
2.276150784644092873e-01
1.000000000000000000e+00
2.926118927414413928e-01
1.000000000000000000e+00
6.715514656601728749e-02
2.288216237977375167e-02
-2.737494288028960998e-01
1.000000000000000000e+00
-1.000000000000000000e+00
-1.000000000000000000e+00
-2.303437689386159670e-01
1.000000000000000000e+00
5.636225287893092961e-02
-5.167269652390891199e-01
-7.212638096862278303e-02
-4.808742430387309419e-01
5.289570064158046758e-01
-2.392607035220727651e-01
-8.410691388421345227e-01
1.000000000000000000e+00
-8.861669315349629539e-01
-1.000000000000000000e+00
1.000000000000000000e+00
6.002750186454164361e-01
4.422721379152550480e-01
3.698631974790782539e-01
-1.000000000000000000e+00
2.457246008250292824e-01
-1.000000000000000000e+00
3.766947098108389125e-01
1.000000000000000000e+00
-1.000000000000000000e+00
-1.000000000000000000e+00
-6.854903517089931952e-01
-8.223479108368891843e-02
1.000000000000000000e+00
-1.000000000000000000e+00
4.502481805073359489e-01
-7.105529497682718798e-01
-6.756732542506452832e-01
9.028573288431473998e-01
1.000000000000000000e+00
3.495922245079291502e-01
-8.033792719393484383e-02
-1.000000000000000000e+00
5.633421899273477473e-01
-8.299565069358366687e-01
3.632147531686676922e-01
3.848003324243874368e-01
-1.000000000000000000e+00
-6.087907144279451899e-01
7.415850405321383620e-01
4.111065062912886425e-01
-2.920236678938533670e-01
-1.000000000000000000e+00
1.000000000000000000e+00
8.087482884831760366e-01
6.702374135119217868e-01
1.000000000000000000e+00
-3.293323878279484918e-01
1.000000000000000000e+00
1.000000000000000000e+00
1.000000000000000000e+00
-8.707969596296810666e-01
4.373145326788988596e-01
-1.991347854561941466e-01
-1.020983895913367134e-01
1.393921263550675915e-01
-1.000000000000000000e+00
-2.308289878222100910e-01
1.000000000000000000e+00
1.000000000000000000e+00
8.969961679990906545e-01
1.000000000000000000e+00
6.680873023660207632e-01
5.121113480340997448e-01
-4.166550353756086622e-01
-1.000000000000000000e+00
-3.520304850322480972e-01
1.000000000000000000e+00
-1.000000000000000000e+00
1.000000000000000000e+00
-9.870279645958406345e-01
1.000000000000000000e+00
-1.000000000000000000e+00
1.000000000000000000e+00
-1.521209036720841956e-01
-1.000000000000000000e+00
3.222317766437857722e-01
1.000000000000000000e+00
-1.000000000000000000e+00
-1.000000000000000000e+00
1.456403500333485201e-01
1.000000000000000000e+00
8.188731639874309298e-01
1.000000000000000000e+00
1.193300383870605774e-01
1.000000000000000000e+00
-1.000000000000000000e+00
1.000000000000000000e+00
5.128489182596132068e-01
6.033098240841657800e-01
-1.634550953424465103e-01
-1.160167270241002080e-01
1.000000000000000000e+00
-3.812533297448330583e-01
5.293826932835291044e-02
2.349994065361453166e-01
-1.000000000000000000e+00
4.593655524219135700e-01
4.009242214083379441e-01
-1.000000000000000000e+00
1.000000000000000000e+00
1.000000000000000000e+00
1.000000000000000000e+00
-1.000000000000000000e+00
-1.000000000000000000e+00
-3.008213924586360388e-01
2.020279511473325462e-01
-6.099180916399031815e-01
-1.000000000000000000e+00
2.612307274800462764e-01
1.000000000000000000e+00
1.471880257635221900e-01
1.791283933360169334e-01
6.868829787766768113e-01
1.686113393690382711e-01
1.000000000000000000e+00
1.000000000000000000e+00
-1.000000000000000000e+00
1.000000000000000000e+00
8.048745190552453188e-01
-1.000000000000000000e+00
-2.428777954696036412e-01
-9.305340176514049766e-01
-1.000000000000000000e+00
-1.000000000000000000e+00
-1.000000000000000000e+00
1.000000000000000000e+00
-1.000000000000000000e+00
9.312243366914929599e-01
-5.622414496824849062e-01
-5.758412913125039445e-01
-1.453569734424367821e-01
1.000000000000000000e+00
3.148163979813675128e-01
1.000000000000000000e+00
-8.774702689210499562e-01
-1.673392206630767431e-01
-6.425849867731834308e-01
-1.233380957440015080e-01
1.000000000000000000e+00
-1.434295364490720814e-01
1.000000000000000000e+00
-1.000000000000000000e+00
-2.558266590759278869e-01
1.000000000000000000e+00
1.000000000000000000e+00
-8.612573976740560688e-01
1.433907379554117956e-01
7.877612204196153822e-01
-1.000000000000000000e+00
-1.000000000000000000e+00
8.184469839671566493e-01
-1.000000000000000000e+00
-5.033590514077131983e-01
-3.280999407412182878e-01
-4.773745623057069620e-01
1.849913174764226120e-01
9.932687265103248286e-01
-2.098521180796408814e-01
-8.487948957360935687e-02
-3.585174356843939814e-01
9.393195924389798890e-01
-1.000000000000000000e+00
-6.706868223544281138e-01
-1.000000000000000000e+00
1.000000000000000000e+00
-1.000000000000000000e+00
1.254828088946722264e-01
1.000000000000000000e+00
6.648205355216743051e-01
1.000000000000000000e+00
-1.000000000000000000e+00
5.558041809210882978e-01
3.401120516106586056e-01
-1.000000000000000000e+00
-1.041563916505572618e-01
6.644578757774106670e-01
1.000000000000000000e+00
1.000000000000000000e+00
1.000000000000000000e+00
8.756411874326257561e-01
9.418371939804416337e-01
6.222115383414357215e-01
-8.721777887699779797e-01
3.956211432328519129e-01
-1.000000000000000000e+00
-1.000000000000000000e+00
1.000000000000000000e+00
-1.000000000000000000e+00
4.107514786099737414e-01
-1.000000000000000000e+00
1.000000000000000000e+00
1.758545463478643489e-01
1.000000000000000000e+00
2.164118130648780003e-01
-6.059293775887450995e-01
1.000000000000000000e+00
-2.986503511724707960e-01
5.414156370356352221e-01
-1.594153424785753614e-01
-1.000000000000000000e+00
-1.000000000000000000e+00
-8.239931211999168559e-01
4.230333064668915233e-01
2.485475480778102098e-01
3.978606004036286947e-01
1.000000000000000000e+00
-1.000000000000000000e+00
1.000000000000000000e+00
1.000000000000000000e+00
1.000000000000000000e+00
1.000000000000000000e+00
-5.321110599500273874e-01
-8.900990567449851287e-02
-1.000000000000000000e+00
-1.000000000000000000e+00
-7.983897581189607351e-01
4.397422643688930766e-01
-1.490059806794388209e-01
1.000000000000000000e+00
-1.000000000000000000e+00
-2.921881033754546442e-01
-1.000000000000000000e+00
2.752194229664444158e-01
1.000000000000000000e+00
-8.564027401414295859e-01
5.133914294646508836e-01
-1.956105218611176033e-01
9.724639857344116178e-01
-1.000000000000000000e+00
-1.000000000000000000e+00
-1.000000000000000000e+00
1.000000000000000000e+00
-1.000000000000000000e+00
-1.000000000000000000e+00
8.104397357015280523e-01
-9.650303840117466780e-01
-4.960091072326442418e-01
-4.479142033473521023e-01
7.111088867937456204e-01
7.129806754706677907e-01
-1.000000000000000000e+00
2.226051341439716502e-03
-6.447530466887168021e-01
2.142782888176562039e-01
1.000000000000000000e+00
8.831619279290614521e-01
-1.000000000000000000e+00
-1.000000000000000000e+00
-1.000000000000000000e+00
5.130523343092039390e-01
1.000000000000000000e+00
-1.000000000000000000e+00
-1.000000000000000000e+00
-1.000000000000000000e+00
2.416898744282183209e-01
6.097293862806841824e-01
-9.283663345772386055e-01
9.470210666227103502e-01
8.381347476296883148e-01
-1.000000000000000000e+00
-1.000000000000000000e+00
-1.000000000000000000e+00
-2.019781774350584147e-01
-1.000000000000000000e+00
9.808064287158204664e-01
6.976886531882742215e-02
5.079107707703534036e-02
1.000000000000000000e+00
-1.000000000000000000e+00
-1.652772038335676430e-01
1.000000000000000000e+00
6.442188847726947332e-01
2.837787001157117128e-01
-9.439455041526401136e-02
9.388015163061729229e-01
-3.696672305442196826e-01
-1.000000000000000000e+00
5.084543342448158976e-01
1.000000000000000000e+00
-1.000000000000000000e+00
6.560087919774286735e-01
-7.426792861243945998e-01
-1.000000000000000000e+00
-1.000000000000000000e+00
8.491161269228593156e-01
-1.000000000000000000e+00
-4.309652760307047803e-02
-1.000000000000000000e+00
7.850239941358417850e-01
-1.212859870781127780e-01
9.771038857550252699e-01
-1.000000000000000000e+00
-1.000000000000000000e+00
1.000000000000000000e+00
1.000000000000000000e+00
-1.000000000000000000e+00
6.938589478143570854e-01
-3.562599195214587455e-01
6.374528624237418839e-02
1.000000000000000000e+00
1.000000000000000000e+00
-1.000000000000000000e+00
-1.000000000000000000e+00
1.721325578167588466e-01
-7.787989414422422652e-01
5.597470194501531493e-01
3.886788292640210862e-01
-9.277110186906091238e-01
1.000000000000000000e+00
-6.290697751761983314e-01
5.416927375226341379e-01
1.000000000000000000e+00
-1.000000000000000000e+00
-9.713116346292892667e-01
2.703662085591678199e-01
-1.000000000000000000e+00
-4.623043496132390739e-01
-1.000000000000000000e+00
8.304227776954633544e-01
-1.000000000000000000e+00
-8.182728800289311710e-01
1.000000000000000000e+00
-4.130674222505388293e-01
1.000000000000000000e+00
-1.000000000000000000e+00
-1.000000000000000000e+00
-6.099356660492802895e-01
-1.000000000000000000e+00
2.097656942966825144e-01
4.115896677222193323e-01
9.928222718525514523e-02
7.800843710171090351e-03
-1.000000000000000000e+00
-1.000000000000000000e+00
-3.006523896867638879e-01
1.000000000000000000e+00
-6.497045755763108943e-01
5.524338869760887505e-01
-1.000000000000000000e+00
1.000000000000000000e+00
-1.000000000000000000e+00
-1.000000000000000000e+00
-7.377407966699413011e-01
2.828901778332028605e-01
1.321939998502283942e-01
-1.000000000000000000e+00
-1.000000000000000000e+00
6.143556638241811640e-01
1.000000000000000000e+00
1.000000000000000000e+00
-5.856507894565894379e-01
2.569717319633089136e-01
-1.000000000000000000e+00
1.000000000000000000e+00
1.000000000000000000e+00
1.000000000000000000e+00
1.000000000000000000e+00
1.000000000000000000e+00
7.544319072849280383e-01
1.000000000000000000e+00
8.284660811491104671e-01
1.000000000000000000e+00
8.044697029725542681e-01
1.636076576241126124e-01
7.241177896962733840e-01
-3.785981427889866247e-01
-2.910179114974081882e-01
2.693434358825302910e-01
-1.000000000000000000e+00
-1.000000000000000000e+00
-5.511336777933459885e-01
-1.432246015739657707e-02
6.407293845689296941e-01
2.547818774142588394e-01
1.000000000000000000e+00
-1.000000000000000000e+00
-7.548081687464851530e-01
-1.000000000000000000e+00
-4.569066245758884315e-01
2.340787487532978162e-01
2.015362105526026792e-01
-1.000000000000000000e+00
1.000000000000000000e+00
-5.989205935116623802e-01
-2.884197820219602804e-01
-1.872449590616904747e-01
7.807555004605615245e-01
3.492952392240734616e-01
-5.565671541809024125e-01
1.000000000000000000e+00
-1.000000000000000000e+00
-1.000000000000000000e+00
-5.121378115369581430e-01
-1.000000000000000000e+00
5.729091222531140781e-02
-5.533345059757619477e-01
-7.873920189877985365e-01
-1.000000000000000000e+00
2.079906818816102954e-01
1.336719884616321963e-01
-3.941814107870056372e-02
-1.000000000000000000e+00
7.331878259674726728e-01
1.674307502743452303e-01
1.000000000000000000e+00
3.773554739105409173e-01
-5.977398275581085052e-01
-1.000000000000000000e+00
-1.000000000000000000e+00
-1.943608646017414010e-02
-1.000000000000000000e+00
1.000000000000000000e+00
-3.110978143303781418e-01
-2.578543099586478871e-01
-1.000000000000000000e+00
-1.418431146122830500e-01
1.000000000000000000e+00
1.000000000000000000e+00
-4.438100646938039073e-01
-9.718998627425349257e-01
1.000000000000000000e+00
-1.000000000000000000e+00
-4.328438702793088178e-01
9.556152894275626863e-01
-3.337138821055836146e-01
7.252019196855625793e-01
-1.053156582411867159e-01
-7.075424694600920272e-01
2.658640943422757585e-01
1.000000000000000000e+00
1.000000000000000000e+00
2.231224388185020224e-01
-5.619267736808449820e-01
1.000000000000000000e+00
1.000000000000000000e+00
2.990645299762662024e-01
1.325292750348858184e-01
-8.954913527422028174e-01
1.000000000000000000e+00
-8.325558159909178801e-01
-1.000000000000000000e+00
1.000000000000000000e+00
1.000000000000000000e+00
-1.000000000000000000e+00
1.700959501634038418e-01
-4.992976619228473023e-02
-2.741065575580046154e-01
-2.889372698444368504e-01
7.867876407478567868e-01
1.000000000000000000e+00
9.157536514126987104e-01
-8.098534644740434940e-01
1.000000000000000000e+00
-7.899874866646694471e-01
-1.000000000000000000e+00
1.000000000000000000e+00
-1.000000000000000000e+00
-1.000000000000000000e+00
1.000000000000000000e+00
1.960234409532812805e-02
-1.202675740986279829e-01
1.000000000000000000e+00
-1.000000000000000000e+00
-1.129411029488631701e-01
9.585856808196473455e-01
1.000000000000000000e+00
-1.000000000000000000e+00
1.000000000000000000e+00
-9.900005314230697628e-01
-1.000000000000000000e+00
-1.000000000000000000e+00
-1.000000000000000000e+00
1.000000000000000000e+00
1.000000000000000000e+00
1.000000000000000000e+00
1.000000000000000000e+00
7.494240084990269057e-01
1.000000000000000000e+00
-1.214012880157620822e-01
3.524523426037534657e-01
1.000000000000000000e+00
5.007191855843111661e-01
-2.671341214680836851e-01
-1.000000000000000000e+00
2.084640319774109796e-01
9.621839263300309142e-01
-1.000000000000000000e+00
-7.403066676091949461e-01
-8.417872103339416601e-01
4.033332111960566957e-01
8.380825021048998735e-02
2.232891148171091689e-01
-5.199849306487209777e-01
-2.175573051523483903e-01
5.528513722878506398e-01
1.413952465389662905e-01
-9.202588861127880548e-02
1.000000000000000000e+00
1.000000000000000000e+00
1.129391684270145413e-01
1.000000000000000000e+00
-5.251059180375927671e-01
-1.000000000000000000e+00
-5.183768408688506080e-01
1.000000000000000000e+00
-7.056222805456127123e-01
1.000000000000000000e+00
-1.000000000000000000e+00
3.422487350347021007e-01
5.638347551061532181e-01
1.000000000000000000e+00
-1.000000000000000000e+00
-6.035857846047097963e-01
9.798797766868310166e-01
5.881616529340518706e-01
1.000000000000000000e+00
-1.000000000000000000e+00
2.815792520183101333e-01
7.855408972967394821e-01
-6.630413756026112271e-01
-1.000000000000000000e+00
-5.116485444583809272e-01
-1.000000000000000000e+00
1.000000000000000000e+00
1.000000000000000000e+00
5.133168347863178438e-01
8.361489591258947085e-01
-1.000000000000000000e+00
1.000000000000000000e+00
-6.603532903024588174e-01
2.245167506088964204e-01
6.779547687691339641e-02
4.828640520234522837e-01
-1.319574438800916183e-01
-1.000000000000000000e+00
1.000000000000000000e+00
-1.000000000000000000e+00
-1.000000000000000000e+00
-2.674638989299492620e-01
-7.813364861479554779e-02
1.000000000000000000e+00
-7.778981026266565957e-01
-1.000000000000000000e+00
-2.763122218691889120e-01
-1.000000000000000000e+00
4.548712053559660906e-01
-4.877579575424736413e-01
-1.000000000000000000e+00
2.099063861773641237e-01
9.869353971488268318e-01
-5.642341591289083969e-01
1.000000000000000000e+00
-5.007606453831959792e-01
-1.000000000000000000e+00
-2.870947207866766382e-01
-1.681225509462673795e-01
-8.843988793709213203e-01
1.000000000000000000e+00
-7.572713704140255908e-01
4.262939080262772018e-01
5.686380163803382848e-01
1.000000000000000000e+00
1.000000000000000000e+00
-1.000000000000000000e+00
-5.945128212307817517e-01
7.568317532562962580e-02
-1.000000000000000000e+00
7.996531937669595358e-01
7.634459402232813829e-01
-1.000000000000000000e+00
-1.000000000000000000e+00
-1.000000000000000000e+00
8.928761143446599657e-01
5.635986186998540592e-01
1.085960650237219882e-01
2.501635663495002104e-01
-1.000000000000000000e+00
-8.039017440319065066e-01
-3.566479391927395159e-01
3.354063475722273147e-01
1.000000000000000000e+00
-1.000000000000000000e+00
-7.208444978366259637e-01
1.000000000000000000e+00
8.439539196545272626e-01
6.073068648905304290e-01
1.000000000000000000e+00
-1.000000000000000000e+00
1.000000000000000000e+00
1.000000000000000000e+00
-1.000000000000000000e+00
1.893519747386400720e-01
-4.600068236872846272e-01
-3.903579609558667229e-01
-3.278331157845211230e-01
5.022319207424241760e-02
1.000000000000000000e+00
-5.270373065372475629e-01
1.000000000000000000e+00
-1.137939562322345388e-01
-8.778698470024348666e-02
-1.000000000000000000e+00
-3.599857918912211519e-01
-1.000000000000000000e+00
6.469017410316089123e-01
1.713147733919317406e-01
-8.301240553743284289e-01
-1.000000000000000000e+00
-5.242042456082983692e-01
1.000000000000000000e+00
1.000000000000000000e+00
-1.000000000000000000e+00
-1.000000000000000000e+00
-1.000000000000000000e+00
1.363281763222733423e-01
-2.021167938397623320e-01
