-5.995524720451603784e-01
3.089744829715126428e-01
1.260535136780916998e-01
5.246267843515679541e-01
-7.459999363103808623e-01
-6.075101415292425422e-01
-1.000000000000000000e+00
4.140583310403596617e-01
7.553712854003369337e-01
1.000000000000000000e+00
-1.000000000000000000e+00
-2.518260539169209222e-01
-1.000000000000000000e+00
3.197151751985596313e-01
1.000000000000000000e+00
-1.000000000000000000e+00
-1.378440225874146829e-01
-1.352051371384722089e-01
-1.000000000000000000e+00
4.887681605636843285e-01
3.064844807506682534e-01
-1.000000000000000000e+00
6.251072784967426355e-01
-1.000000000000000000e+00
1.000000000000000000e+00
-1.000000000000000000e+00
-7.912405075685762235e-01
1.000000000000000000e+00
-1.000000000000000000e+00
1.000000000000000000e+00
3.892290801180012805e-01
-6.449218039140895975e-01
-6.054778133691700592e-01
1.000000000000000000e+00
-1.000000000000000000e+00
2.900147191654048884e-01
-7.547939203854594492e-01
1.745521980450333022e-01
7.329481024977790860e-01
5.892441230094297433e-01
-1.000000000000000000e+00
-1.000000000000000000e+00
-1.000000000000000000e+00
-1.000000000000000000e+00
-1.928311425151263414e-03
7.693562630512764677e-01
-8.381456970428382558e-01
-1.000000000000000000e+00
-1.000000000000000000e+00
-9.590465691295555484e-01
-1.000000000000000000e+00
2.485593589989858465e-01
9.558333566563785855e-01
-6.033956123456430953e-01
-4.494562981922785999e-02
8.023982627606245366e-01
-1.000000000000000000e+00
-6.062865942105639672e-01
-4.108732941496233138e-01
1.000000000000000000e+00
-9.177389960442227101e-01
-1.000000000000000000e+00
1.000000000000000000e+00
-3.105504259877126527e-01
-1.000000000000000000e+00
-6.523808539748997548e-01
-8.691537254666171775e-01
1.000000000000000000e+00
-1.000000000000000000e+00
-1.000000000000000000e+00
-1.000000000000000000e+00
-2.690189895292223188e-01
8.017284589097591896e-01
-3.491305094436450984e-01
-6.232008936531368004e-01
4.835783191293632211e-01
1.000000000000000000e+00
3.528351156525144638e-02
-1.000000000000000000e+00
-6.949105177648061682e-01
1.000000000000000000e+00
-1.000000000000000000e+00
1.000000000000000000e+00
4.054208941594049653e-01
-1.000000000000000000e+00
1.000000000000000000e+00
-8.018842424961006854e-01
-1.000000000000000000e+00
-1.000000000000000000e+00
-1.000000000000000000e+00
7.361323580046991166e-01
1.000000000000000000e+00
-4.112049596870418489e-01
-7.781028259323037322e-01
1.000000000000000000e+00
-1.000000000000000000e+00
-1.000000000000000000e+00
1.393051614950115979e-01
-1.000000000000000000e+00
-8.126065972774876300e-03
1.000000000000000000e+00
1.000000000000000000e+00
-7.067670461679553817e-01
-1.000000000000000000e+00
-1.000000000000000000e+00
-6.289667419517859237e-01
7.289717567273754639e-01
9.493724827672753719e-01
-6.947227491580958425e-01
-1.000000000000000000e+00
5.925015298816523890e-01
1.000000000000000000e+00
1.621766006169589325e-03
2.388727555050037532e-01
-8.939357373982690369e-01
-6.729371212011978631e-01
-8.977558893042556498e-01
1.000000000000000000e+00
1.000000000000000000e+00
5.661546585347689842e-01
-1.000000000000000000e+00
-3.597637785139357058e-02
4.600739961035527070e-01
-1.629824572498370649e-01
1.000000000000000000e+00
-1.311144793766869654e-01
1.000000000000000000e+00
-4.866890074891412343e-01
-2.458615812220013019e-01
1.000000000000000000e+00
-1.001761057940643296e-01
4.396771391471030466e-01
1.083538043272227469e-01
-5.798700764750343017e-01
8.246437646622348794e-01
1.000000000000000000e+00
-4.475175854317474111e-01
5.923522232178164426e-01
1.000000000000000000e+00
-1.000000000000000000e+00
1.000000000000000000e+00
7.689638398969838029e-01
-8.695084750749789704e-01
-8.633255792758138814e-01
2.753631549337572926e-01
-3.725058056993674205e-01
1.672028289451668037e-01
-5.878284030382970871e-01
4.720533714674810533e-01
-4.246325330651374852e-01
2.146731387635463228e-01
-1.000000000000000000e+00
1.568482081109040249e-01
-9.876120218321338129e-02
-1.000000000000000000e+00
8.657392941321001567e-01
1.000000000000000000e+00
-9.163179189161296812e-01
-1.000000000000000000e+00
4.694929837965057251e-01
-5.265442438214844589e-01
-3.032568429797380949e-01
3.218441902522531928e-01
1.000000000000000000e+00
1.000000000000000000e+00
1.000000000000000000e+00
1.000000000000000000e+00
6.632195012452383187e-01
-1.000000000000000000e+00
5.870741539236195017e-01
1.244546388207621312e-01
-1.000000000000000000e+00
-4.816651035153275417e-01
2.705571664426694167e-01
1.614507120535170204e-01
-1.000000000000000000e+00
-6.613849640986991796e-01
1.000000000000000000e+00
8.791375298401353788e-01
1.000000000000000000e+00
7.248695103906621640e-01
-1.000000000000000000e+00
1.000000000000000000e+00
-7.287289803183866210e-02
-5.516278687850142415e-01
-1.000000000000000000e+00
-1.000000000000000000e+00
-6.035713547435490600e-01
1.000000000000000000e+00
1.000000000000000000e+00
4.231976879467594932e-01
2.176554703495318099e-01
-2.928374709675329868e-01
-1.000000000000000000e+00
1.000000000000000000e+00
9.771293856362575636e-02
-1.000000000000000000e+00
-9.610357247022157656e-01
-1.000000000000000000e+00
1.000000000000000000e+00
-6.353150892935441885e-01
5.799326716688943950e-01
1.000000000000000000e+00
1.000000000000000000e+00
-5.626531245634731615e-01
5.086393429332969340e-01
7.088849259147221860e-01
-6.397674369542658557e-01
-1.000000000000000000e+00
-9.173625025472589289e-01
6.596760309189562133e-01
-1.949665746936430910e-01
8.980771960726053882e-01
1.000000000000000000e+00
1.405225447144674289e-01
1.000000000000000000e+00
-1.000000000000000000e+00
-1.000000000000000000e+00
-1.000000000000000000e+00
1.000000000000000000e+00
3.362109571283368736e-01
1.000000000000000000e+00
-1.000000000000000000e+00
-1.000000000000000000e+00
9.677171950892371477e-01
5.085999691513706233e-01
-1.000000000000000000e+00
1.000000000000000000e+00
-9.485316283472238208e-01
-3.875553075733851882e-01
-4.330350162070373266e-02
-1.000000000000000000e+00
-1.487030028142653504e-01
1.000000000000000000e+00
3.744464007337777733e-02
-1.000000000000000000e+00
1.000000000000000000e+00
-7.047900250169092384e-02
-7.292576164124078275e-01
1.000000000000000000e+00
1.000000000000000000e+00
2.054452347477300767e-01
-1.000000000000000000e+00
4.939001784145498619e-01
-4.962589681662953889e-01
-9.990723678222499515e-01
-3.842910313591989535e-01
4.068435636167544445e-01
-4.117301443176060727e-01
-5.118001242077170332e-01
-2.127186073786004328e-01
-1.000000000000000000e+00
-1.000000000000000000e+00
-2.318107182315222725e-01
-4.947029113221614871e-01
-1.000000000000000000e+00
1.000000000000000000e+00
-6.292213774169332918e-01
4.501990244363013316e-01
6.179012416828921772e-01
-1.000000000000000000e+00
-3.746796825807969245e-01
5.704050004110006178e-02
-1.298608768870245234e-01
-4.034521217204201093e-02
-1.000000000000000000e+00
-2.396469137133018790e-01
1.000000000000000000e+00
1.208922876736910901e-01
-4.196174479119927359e-01
1.000000000000000000e+00
-1.059909060416229787e-01
5.667449472148109457e-01
-1.000000000000000000e+00
-9.228871007295238460e-01
-6.668115312820561691e-01
2.746064155626637415e-01
-2.312770742476313313e-01
-1.000000000000000000e+00
-4.811265760210590159e-01
-1.000000000000000000e+00
-8.779815431214124111e-01
-6.008379035291407932e-01
2.873333070715329285e-01
4.106054437884296693e-01
1.000000000000000000e+00
-1.305138757088857848e-01
-2.396292010804923489e-02
-1.000000000000000000e+00
5.321344774121583576e-01
6.002022014786640991e-01
1.000000000000000000e+00
-5.708466893999086800e-02
2.055466499422592408e-01
-8.686377304222239193e-01
-1.000000000000000000e+00
-3.168399367290731794e-01
9.819172909491328261e-01
-1.000000000000000000e+00
1.000000000000000000e+00
2.683141295494519962e-01
4.586122073604300686e-01
-9.131518435602359318e-01
-1.000000000000000000e+00
7.412933220139988899e-01
-1.000000000000000000e+00
1.000000000000000000e+00
1.000000000000000000e+00
-7.679947543837903901e-01
-1.000000000000000000e+00
-1.000000000000000000e+00
1.000000000000000000e+00
6.731131779609932364e-01
4.826268685798182911e-01
-1.000000000000000000e+00
-1.000000000000000000e+00
-7.436809740351971731e-01
-4.443617372654831144e-01
6.433203558345819140e-01
-1.000000000000000000e+00
1.012966801238339709e-01
-7.643375647368269021e-01
-7.673653271338400916e-01
-7.716357558367396008e-01
-8.216636176204131781e-01
-5.725177146962941166e-02
-1.000000000000000000e+00
-1.000000000000000000e+00
-8.206954045858331215e-01
6.367303820025658201e-01
9.227015430563523246e-01
4.536815363870615458e-01
1.000000000000000000e+00
7.399994334886759173e-01
-1.190987968787974166e-01
-3.758329672308969305e-01
2.911014920094189273e-01
-6.447576177009859411e-01
-1.401164748024793794e-01
-1.000000000000000000e+00
1.000000000000000000e+00
-1.000000000000000000e+00
-1.000000000000000000e+00
-1.000000000000000000e+00
-1.807288072631558773e-01
-1.000000000000000000e+00
1.000000000000000000e+00
6.486181475452115208e-01
1.000000000000000000e+00
1.000000000000000000e+00
1.626639638051265713e-01
-9.096480736704173342e-01
1.000000000000000000e+00
6.520691017073361184e-01
7.802276753819981092e-01
-1.000000000000000000e+00
-1.156202488470106926e-01
-1.000000000000000000e+00
-6.378391826422551147e-02
4.088296630052755676e-01
1.206924100063400118e-04
7.800453882087512447e-01
-1.000000000000000000e+00
2.727261742719994109e-01
-1.133225816162783950e-01
-4.084246625514779128e-01
5.936948511168993470e-02
-1.000000000000000000e+00
-1.000000000000000000e+00
-9.827806007634449781e-01
-1.000000000000000000e+00
-1.000000000000000000e+00
1.425793946190409556e-01
-1.000000000000000000e+00
-3.921334413608121294e-01
-6.137650104510916638e-01
1.000000000000000000e+00
9.493719893629919415e-01
-6.189336798261002581e-01
5.242844694886930057e-01
-6.367646551478711725e-01
2.303946068200468655e-01
-4.907992154795927098e-01
1.000000000000000000e+00
8.318291715829546629e-01
1.000000000000000000e+00
-2.307854702045923911e-01
-1.000000000000000000e+00
-1.000000000000000000e+00
-1.000000000000000000e+00
6.962160138035300427e-02
-2.298437257013379309e-01
1.000000000000000000e+00
4.204183505013625588e-01
1.000000000000000000e+00
-1.000000000000000000e+00
1.000000000000000000e+00
1.000000000000000000e+00
7.835066645801429530e-01
-5.733608066235297285e-01
1.000000000000000000e+00
1.000000000000000000e+00
4.523512988155620196e-01
-3.758389489980638043e-01
-1.000000000000000000e+00
3.944250463117802696e-01
1.000000000000000000e+00
-2.348408757817364023e-01
-1.000000000000000000e+00
1.000000000000000000e+00
6.799122247979572098e-01
1.000000000000000000e+00
8.551125246070897523e-01
4.403534529789071561e-01
9.982730990368453572e-01
2.650827519008445154e-01
1.000000000000000000e+00
1.000000000000000000e+00
-4.771873727540056898e-01
8.259024051477728001e-01
-8.223947290144072442e-01
-1.000000000000000000e+00
-4.497372529570221600e-01
1.000000000000000000e+00
1.000000000000000000e+00
-1.710929503546796404e-01
1.000000000000000000e+00
6.745399031763225084e-01
2.949751608916884038e-02
-1.000000000000000000e+00
-1.028451482075912332e-01
-4.949002897632398534e-01
-1.000000000000000000e+00
4.160177416359254199e-01
-1.000000000000000000e+00
-1.000000000000000000e+00
1.000000000000000000e+00
1.000000000000000000e+00
-9.121389085275795061e-01
1.000000000000000000e+00
3.089570619293776077e-01
1.000000000000000000e+00
-6.545153497516635888e-01
1.000000000000000000e+00
-3.466578646266961772e-01
1.000000000000000000e+00
-1.394923515035000339e-01
-1.000000000000000000e+00
7.349230845663421441e-01
-1.000000000000000000e+00
-1.000000000000000000e+00
-1.482583723842792744e-01
1.000000000000000000e+00
-8.291643121473882827e-01
-1.371289746930124398e-01
-4.110841818829098493e-01
4.894069920214579317e-01
-6.484866100792268107e-01
-4.294237232635976786e-01
2.161230802224941572e-01
7.238247480834091307e-01
-6.187224440311627216e-01
-9.965835636553028731e-01
1.000000000000000000e+00
-5.320396433431721084e-01
-1.000000000000000000e+00
5.377684761202944363e-01
1.000000000000000000e+00
-4.451524328098200867e-01
-1.000000000000000000e+00
-5.034858171770204560e-01
-4.777726566176010436e-02
-1.000000000000000000e+00
-5.598020042222731085e-01
2.369705520506426577e-01
-2.318721246507868816e-01
1.000000000000000000e+00
-8.631535362619824348e-01
1.000000000000000000e+00
-1.000000000000000000e+00
-1.000000000000000000e+00
1.000000000000000000e+00
6.020129810247105695e-01
-1.000000000000000000e+00
-1.567590442844576382e-01
1.000000000000000000e+00
8.614851880502827353e-01
1.000000000000000000e+00
-1.000000000000000000e+00
-1.000000000000000000e+00
-1.000000000000000000e+00
1.000000000000000000e+00
-1.000000000000000000e+00
2.222333731418044689e-01
-6.525980015918774191e-01
-5.609474297858865199e-01
1.000000000000000000e+00
1.000000000000000000e+00
1.000000000000000000e+00
2.459302943523449247e-01
1.000000000000000000e+00
-7.703567519420024823e-01
1.000000000000000000e+00
-1.000000000000000000e+00
-1.000000000000000000e+00
4.633206373466379757e-01
-1.000000000000000000e+00
8.968461431095503533e-02
-7.721650106861278617e-01
7.021708934830811488e-01
-1.000000000000000000e+00
-4.534427831842345880e-01
6.435898203309275978e-02
7.251609669900864752e-01
-4.109588776187079184e-01
-1.000000000000000000e+00
3.031279971680787000e-01
3.787316788961292424e-01
-9.739784414199579299e-01
-3.063873243878481589e-02
1.000000000000000000e+00
-2.132702746904725499e-01
-5.816295842937748706e-01
-5.087270103348349171e-01
3.539904802886096324e-01
-1.178003290271534276e-01
-1.122318375249813371e-01
-1.369419845995984986e-01
-7.714120461500864057e-01
-1.000000000000000000e+00
1.000000000000000000e+00
-1.000000000000000000e+00
-6.916176997477001542e-01
-1.000000000000000000e+00
-1.000000000000000000e+00
-1.000000000000000000e+00
-1.000000000000000000e+00
-1.000000000000000000e+00
-1.000000000000000000e+00
4.410786975446460700e-01
5.337758884979389995e-01
1.000000000000000000e+00
-4.530037581019774606e-03
1.000000000000000000e+00
-5.455300696746705480e-01
-1.000000000000000000e+00
-1.201178722369556917e-01
9.175475679964288922e-01
-1.000000000000000000e+00
8.300051236192406146e-01
2.929446903137900016e-03
-1.000000000000000000e+00
-6.583759583703883145e-01
7.010256245603447844e-01
1.000000000000000000e+00
4.057268666950895053e-01
-1.000000000000000000e+00
-1.038925092355613700e-02
-7.803076703948607085e-01
2.656592766257613314e-01
-1.000000000000000000e+00
9.120827208245327888e-01
-1.000000000000000000e+00
9.159409998403371667e-01
-5.384413736569853004e-01
-1.000000000000000000e+00
1.000000000000000000e+00
-7.197681834913756127e-01
-3.598783358613607541e-01
-1.963876044123860631e-01
-6.294919325944663413e-01
5.168587338596107861e-01
-1.000000000000000000e+00
1.000000000000000000e+00
4.734294837626141783e-01
-1.000000000000000000e+00
-3.829329191816574496e-01
7.999486021022989002e-02
1.000000000000000000e+00
1.000000000000000000e+00
4.859447853276238627e-01
-2.060996053042125631e-01
-7.535517001823321959e-02
1.731680077437226517e-01
1.000000000000000000e+00
8.999485338453161454e-01
-3.322500533460339689e-01
1.447312588299098923e-02
-1.000000000000000000e+00
-5.439735041087885303e-01
-1.000000000000000000e+00
-1.000000000000000000e+00
3.690159757263216100e-01
-3.930132339895536786e-01
1.000000000000000000e+00
-9.844736999675379741e-01
8.071842773483354216e-01
5.325574661681158339e-01
-1.000000000000000000e+00
2.499191370944850443e-01
3.027824643813220584e-01
4.788387661415116625e-01
-8.141546798538024099e-02
1.000000000000000000e+00
1.000000000000000000e+00
1.000000000000000000e+00
-9.556445979603721552e-01
-7.581348385629804731e-02
7.945284322039857239e-01
-5.034480167553452290e-01
-1.007868053247274465e-01
-8.461250537363277369e-01
2.720895816163931835e-01
-3.360140808388960565e-01
4.899912181441792858e-02
-1.000000000000000000e+00
-1.000000000000000000e+00
1.000000000000000000e+00
3.852100855789111766e-01
-6.166654677864837897e-01
-6.170896583574374539e-01
6.575196195746493277e-01
-3.563034168338899965e-01
-1.000000000000000000e+00
-1.000000000000000000e+00
-1.619039804913688929e-01
3.197940072895333330e-02
1.000000000000000000e+00
-6.933989404967404457e-01
-3.479071867666139184e-02
1.000000000000000000e+00
3.815205791381084399e-01
1.000000000000000000e+00
-5.679261501313659366e-01
-6.614550615790228960e-01
-1.000000000000000000e+00
6.465763409851178478e-01
6.435500871734547434e-01
5.001937691854881907e-01
-1.000000000000000000e+00
1.511419396160888773e-02
-1.000000000000000000e+00
-4.805317968178214327e-01
-1.000000000000000000e+00
1.000000000000000000e+00
1.395256064712275812e-01
-1.000000000000000000e+00
1.000000000000000000e+00
-1.000000000000000000e+00
3.393346516572962601e-01
1.000000000000000000e+00
1.000000000000000000e+00
-1.000000000000000000e+00
-1.000000000000000000e+00
-4.774754158121589098e-01
1.000000000000000000e+00
-1.000000000000000000e+00
7.489278860710144592e-01
1.000000000000000000e+00
-4.435914283742194986e-01
1.000000000000000000e+00
1.116759082791538571e-01
7.056680413504312632e-01
-8.404131818714669633e-01
1.000000000000000000e+00
-1.000000000000000000e+00
4.018165619922172693e-01
-1.000000000000000000e+00
-1.000000000000000000e+00
2.631480129752201691e-01
-1.000000000000000000e+00
3.559899424140573476e-01
-3.093076882174621289e-01
-7.065533934427070673e-01
-5.063986012812456972e-01
4.613528135471285374e-01
-1.000000000000000000e+00
-8.191684804731578229e-01
-1.000000000000000000e+00
-9.330211618204187207e-01
5.977258965607428198e-01
4.058399469302631513e-01
-1.000000000000000000e+00
3.960890408926491801e-01
-1.000000000000000000e+00
3.479813345518125711e-01
-3.099376193686200209e-01
5.983406840093271617e-01
-2.452338424995332833e-01
4.382590086332213142e-01
1.000000000000000000e+00
1.000000000000000000e+00
1.000000000000000000e+00
2.473911204884826631e-02
1.211269158314604022e-02
2.863696203446330912e-01
-7.305662573705737906e-01
3.859580039057523004e-01
8.543365516304275431e-01
9.041878084223925471e-02
2.477508777732817524e-02
-1.000000000000000000e+00
4.267714799414213389e-01
-7.279775312739600324e-03
-7.287897226277403329e-01
1.000000000000000000e+00
4.478037552549658518e-01
-1.000000000000000000e+00
1.000000000000000000e+00
1.000000000000000000e+00
-8.197962522420630949e-01
-1.000000000000000000e+00
-4.631189388847665178e-01
5.816035023867947018e-01
9.426250404581273390e-01
-1.668361227006732728e-01
-7.964130797504607173e-01
-3.261107456243930169e-01
1.000000000000000000e+00
-1.530745888683693323e-02
-1.000000000000000000e+00
1.000000000000000000e+00
-3.659995180364636891e-01
-1.976361695547399489e-01
8.542648511431651936e-01
1.000000000000000000e+00
1.000000000000000000e+00
1.000000000000000000e+00
1.000000000000000000e+00
8.272361135086442330e-01
3.344626450115210092e-01
-3.096198808816065795e-01
-7.492031406719117381e-01
-8.265963150328436981e-01
1.000000000000000000e+00
-1.000000000000000000e+00
-7.460309751505438403e-01
-7.520291939201609877e-01
1.000000000000000000e+00
-5.975689567152311366e-01
1.000000000000000000e+00
2.792955336760010177e-01
-4.009990962023566308e-01
1.000000000000000000e+00
7.220073451656456864e-01
5.442893053159392203e-01
-1.000000000000000000e+00
-1.000000000000000000e+00
-5.618183045298580369e-01
4.625228445953281087e-01
2.403947976927253150e-01
-4.350526052690568135e-01
4.041132492128114428e-01
-8.286737966810493461e-01
1.000000000000000000e+00
1.000000000000000000e+00
-7.891523830807051221e-01
1.000000000000000000e+00
-1.000000000000000000e+00
-7.229958003852170467e-01
-1.000000000000000000e+00
-6.047950558649310970e-01
8.541014229386341139e-01
1.000000000000000000e+00
-1.000000000000000000e+00
-6.786054273774936307e-01
-1.000000000000000000e+00
1.811959965524523319e-03
1.000000000000000000e+00
1.108178162981673376e-01
-7.007447180019710231e-02
-1.000000000000000000e+00
-3.192341439081458621e-01
4.134857009764653091e-02
-1.000000000000000000e+00
-7.321967963843138971e-01
1.000000000000000000e+00
1.000000000000000000e+00
-1.000000000000000000e+00
-2.148246938136450512e-01
8.989146545062942639e-02
-1.666638440411362665e-01
-1.000000000000000000e+00
2.606711334617906051e-01
7.876434568687152860e-01
1.000000000000000000e+00
-4.540916560664589041e-01
1.000000000000000000e+00
-1.000000000000000000e+00
1.000000000000000000e+00
-1.000000000000000000e+00
9.622717932001189078e-01
-4.582113168667245606e-02
9.970995369355706295e-01
5.921002789994922466e-01
-1.325502794431132059e-01
8.304247044979937709e-01
-3.941102971806138555e-01
-3.882696406921076759e-01
1.000000000000000000e+00
4.364114305049062170e-01
-1.000000000000000000e+00
-9.675754543058936452e-01
1.000000000000000000e+00
-1.000000000000000000e+00
-1.078180605907030909e-03
4.119060849462140572e-01
-8.160766732627151576e-01
-5.325950079050569830e-01
-1.000000000000000000e+00
5.865242840731259566e-01
-5.073068560816902384e-01
-3.207020591419367239e-01
7.219344625781065616e-02
6.180595512842611550e-01
1.644361944319796542e-01
-1.000000000000000000e+00
-1.000000000000000000e+00
1.000000000000000000e+00
-2.315163993790392283e-03
-6.578177166680129195e-01
1.000000000000000000e+00
-5.989615760932841537e-01
1.000000000000000000e+00
1.000000000000000000e+00
8.630912803236964193e-01
-1.000000000000000000e+00
-1.000000000000000000e+00
-1.891929075681491601e-01
-1.000000000000000000e+00
-1.000000000000000000e+00
1.000000000000000000e+00
1.000000000000000000e+00
1.845909880335710185e-01
1.000000000000000000e+00
1.000000000000000000e+00
1.922834393952416177e-01
-1.000000000000000000e+00
-8.147472337156909106e-01
8.259122679442445492e-01
1.000000000000000000e+00
2.958848930179712733e-01
1.000000000000000000e+00
5.144988785660622455e-01
3.019808338911581513e-01
-1.000000000000000000e+00
6.728826927451784234e-01
-1.000000000000000000e+00
-1.000000000000000000e+00
-9.014802339512001383e-02
1.000000000000000000e+00
1.596258087206197523e-02
-6.524108814570588333e-01
8.541593044103450438e-01
1.042875802773071126e-01
-2.283676047417217692e-01
-2.327775826751288246e-02
-1.000000000000000000e+00
1.000000000000000000e+00
1.473499809027627450e-01
-9.338576579882130746e-01
-2.352878068987625249e-01
1.000000000000000000e+00
5.473640233014338552e-01
-1.000000000000000000e+00
3.023890454588868959e-01
-3.391893889905590043e-01
5.424606266680492839e-02
-1.000000000000000000e+00
1.000000000000000000e+00
-1.000000000000000000e+00
-1.599282047397796447e-01
-1.263086651017160111e-01
-8.062312381078856616e-01
-6.075027349871646720e-01
1.000000000000000000e+00
-5.166802086120776405e-01
-1.000000000000000000e+00
1.000000000000000000e+00
-1.000000000000000000e+00
-1.000000000000000000e+00
-1.000000000000000000e+00
-1.000000000000000000e+00
8.135840034585715141e-01
-1.340035137496093931e-01
9.120634711199219202e-01
4.077859801571007692e-01
-1.108747051242575665e-01
-5.981817610219513082e-01
2.309505335635458068e-01
-4.583662506464890596e-01
6.686678012986229103e-01
1.000000000000000000e+00
1.000000000000000000e+00
7.233161515842251310e-01
-2.517360316099033213e-01
-1.000000000000000000e+00
-2.379217111462530454e-01
-1.000000000000000000e+00
7.655867018776296717e-02
8.834948781734037748e-01
-1.000000000000000000e+00
1.000000000000000000e+00
-1.000000000000000000e+00
4.298151820905038445e-02
-2.741586233124327920e-01
8.694285462646451634e-01
-1.000000000000000000e+00
9.980728808155014953e-01
-2.547173690375751920e-01
-1.000000000000000000e+00
8.735497872486924775e-02
-1.000000000000000000e+00
-1.000000000000000000e+00
1.000000000000000000e+00
1.000000000000000000e+00
-1.858941246593837082e-02
1.000000000000000000e+00
-1.000000000000000000e+00
8.864964552843948020e-01
1.000000000000000000e+00
-1.000000000000000000e+00
-1.000000000000000000e+00
-4.138039222271658879e-01
1.000000000000000000e+00
-2.809398300793430892e-02
-1.000000000000000000e+00
-4.881218324252151186e-01
1.000000000000000000e+00
-1.000000000000000000e+00
3.704093514675512733e-01
-8.250280212542653313e-01
-1.000000000000000000e+00
3.138025728491411481e-01
-4.945209058398128965e-01
-5.196652219022919184e-01
7.656106421622168590e-01
1.000000000000000000e+00
5.034855311980257486e-01
6.908026405428306926e-01
-1.000000000000000000e+00
4.600001835599227817e-01
-1.000000000000000000e+00
-1.000000000000000000e+00
5.380309526019682043e-01
1.000000000000000000e+00
-4.093220747488015565e-01
5.985161577522000176e-01
1.000000000000000000e+00
6.925277341083240223e-01
-2.736918943523185543e-01
-1.000000000000000000e+00
-1.000000000000000000e+00
-1.000000000000000000e+00
-6.845297245967210120e-01
-1.000000000000000000e+00
-5.868896851654441527e-01
-7.174077569632186790e-01
-1.000000000000000000e+00
-5.994946594110159843e-01
-2.223144037685125252e-01
-1.000000000000000000e+00
1.000000000000000000e+00
-2.155557080092662670e-01
-8.183415956784052536e-01
1.359418255457295888e-01
-1.000000000000000000e+00
4.660269338922353732e-01
5.288314091210140067e-01
-4.893692028098611257e-01
1.000000000000000000e+00
-1.000000000000000000e+00
-1.000000000000000000e+00
1.000000000000000000e+00
1.000000000000000000e+00
-1.485440454271993449e-01
-5.337245509869545934e-01
5.846120714525950834e-01
7.055632663316402375e-01
3.954840299028984374e-01
-4.660722403572424843e-01
1.853648207300765960e-01
1.000000000000000000e+00
-1.000000000000000000e+00
-1.000000000000000000e+00
2.845567937140115466e-01
1.000000000000000000e+00
-8.474613202852895322e-01
3.230458436273386802e-02
-7.568865394212324071e-01
1.602217388232300976e-01
-1.000000000000000000e+00
1.000000000000000000e+00
8.912316805931729258e-01
8.165677326136531189e-01
1.000000000000000000e+00
-2.678353027859617930e-01
4.540431664317155086e-02
5.300616296596522004e-01
-3.149864230986416658e-01
-1.000000000000000000e+00
1.000000000000000000e+00
4.741461311255819044e-01
8.939559059176930278e-01
7.634789675821972432e-01
1.000000000000000000e+00
-9.283948085633585423e-01
1.000000000000000000e+00
-6.871945921620445930e-01
3.008139019825046834e-01
3.642611298038950229e-01
-1.000000000000000000e+00
-1.000000000000000000e+00
-6.137041281346425903e-01
7.543277072271759032e-02
6.885327888953652886e-01
1.000000000000000000e+00
-1.000000000000000000e+00
6.751986351504291051e-01
1.000000000000000000e+00
1.000000000000000000e+00
1.000000000000000000e+00
-1.000000000000000000e+00
-1.979358807659081787e-02
1.000000000000000000e+00
-1.000000000000000000e+00
5.891512453385208126e-01
3.121023299164221720e-01
7.900478371436366887e-01
4.773392160091005643e-02
-1.000000000000000000e+00
-1.000000000000000000e+00
-7.507775436578708605e-01
-1.000000000000000000e+00
1.000000000000000000e+00
-7.548495598674431761e-02
-1.000000000000000000e+00
-1.000000000000000000e+00
-8.538224761121753215e-01
-6.808284008730689507e-01
-4.186339574887918413e-01
1.000000000000000000e+00
1.000000000000000000e+00
1.835881414800397682e-01
1.000000000000000000e+00
-1.000000000000000000e+00
-1.000000000000000000e+00
2.837734495500368603e-01
3.352056307512629729e-02
-1.000000000000000000e+00
4.712917521652094099e-01
6.080094335061337896e-01
-1.000000000000000000e+00
-2.782420711428323923e-02
1.000000000000000000e+00
-1.000000000000000000e+00
-3.064011657092881036e-01
4.101234484337882846e-01
-1.000000000000000000e+00
-1.000000000000000000e+00
-1.000000000000000000e+00
-6.621603555914333805e-01
4.100068333435643586e-01
-6.080344507296134848e-01
-9.388063070708250191e-01
8.300205095113710740e-01
8.039732688386591608e-02
-1.000000000000000000e+00
3.682418145191996839e-01
-1.000000000000000000e+00
1.000000000000000000e+00
-4.591642345562503835e-01
3.183343563689127187e-01
-7.188520764238059968e-02
-9.634731060049901430e-01
4.217109765881410510e-03
-1.000000000000000000e+00
3.981956978500253985e-01
-2.297197233672555461e-01
4.638335166840328871e-01
-4.248253708741491774e-01
-3.231142062479789301e-01
-1.000000000000000000e+00
-3.050204764086844600e-01
-1.000000000000000000e+00
1.722027295897766708e-01
-6.172957237197214120e-01
7.116953960866817530e-02
-1.000000000000000000e+00
-1.000000000000000000e+00
4.621582495480347497e-02
-2.955156103510279131e-01
-1.000000000000000000e+00
2.874982035850621731e-01
-3.060305203142891228e-01
4.624364659021962254e-02
-1.000000000000000000e+00
-1.000000000000000000e+00
-1.000000000000000000e+00
-1.000000000000000000e+00
-6.730722038749312741e-01
-2.556616156717874677e-01
-4.846295723136239131e-01
3.932178873715733158e-01
7.072795692524282973e-01
8.961659276536320107e-01
-9.008016270986564100e-01
7.938833657969346369e-01
5.674870859692826564e-01
1.000000000000000000e+00
1.000000000000000000e+00
-1.000000000000000000e+00
1.000000000000000000e+00
1.622274344424401438e-01
5.495026791446406822e-01
1.000000000000000000e+00
-1.000000000000000000e+00
-3.254754920632282333e-01
-2.791627384990513217e-01
-4.565443821121694112e-01
-1.000000000000000000e+00
1.000000000000000000e+00
1.000000000000000000e+00
-5.246882839841846558e-01
-1.000000000000000000e+00
1.131766824771879010e-01
6.957816490750519112e-01
-1.000000000000000000e+00
8.380335050307030631e-01
8.638419334890672374e-01
-7.214009841099064957e-01
-5.189909956636618027e-01
-9.169833286326389832e-02
7.483479779122346187e-01
3.593569064684045133e-01
-7.952171486433723402e-01
-1.000000000000000000e+00
-1.000000000000000000e+00
-9.663147268829967995e-01
3.745812120869728146e-01
-1.000000000000000000e+00
-3.965470040289432729e-01
-1.000000000000000000e+00
1.000000000000000000e+00
-1.000000000000000000e+00
1.000000000000000000e+00
1.540275952104290247e-01
-7.601751578352711203e-01
1.000000000000000000e+00
-5.234732163465614097e-01
1.000000000000000000e+00
-1.000000000000000000e+00
-8.292598923813931933e-02
-1.000000000000000000e+00
1.956999017205838243e-01
3.092386202060637412e-02
-1.000000000000000000e+00
1.000000000000000000e+00
6.843938021326545496e-01
3.529148296718833677e-01
5.882782531649295432e-01
9.738408868499401905e-01
-1.000000000000000000e+00
-7.872471027391589882e-01
-1.450300931167622931e-01
-1.000000000000000000e+00
-1.000000000000000000e+00
-1.000000000000000000e+00
-1.000000000000000000e+00
1.000000000000000000e+00
6.436190915332099527e-01
5.885988428239294912e-01
-1.000000000000000000e+00
2.334604605930195032e-01
-4.994675682151172857e-02
9.307018878331031475e-01
-1.000000000000000000e+00
1.000000000000000000e+00
2.353621113673533272e-01
1.556168905245873813e-01
-1.894064360732661267e-01
8.897266168716789769e-01
-1.939856850554599887e-02
3.202850617617498674e-01
1.013124407282143952e-01
-1.000000000000000000e+00
6.897096460021093778e-01
1.000000000000000000e+00
9.766611281453096982e-02
1.843386540310502086e-01
4.378995484016798834e-01
1.000000000000000000e+00
1.000000000000000000e+00
-1.000000000000000000e+00
-1.000000000000000000e+00
1.000000000000000000e+00
-4.171304669101469909e-01
-1.000000000000000000e+00
-2.906560120950114623e-01
-1.000000000000000000e+00
-1.864494850929185876e-01
9.907118389024363037e-01
-1.000000000000000000e+00
1.000000000000000000e+00
1.000000000000000000e+00
-1.000000000000000000e+00
1.000000000000000000e+00
-1.000000000000000000e+00
-7.482460685627424501e-01
-1.000000000000000000e+00
3.928671227486735251e-01
9.756464735323447934e-01
-3.727611263461473312e-01
-3.407432429821261599e-01
1.000000000000000000e+00
-1.000000000000000000e+00
3.327972757051966268e-01
-8.533281523750670949e-01
9.783022412762528708e-01
-1.000000000000000000e+00
1.000000000000000000e+00
8.152723633485994270e-01
-6.584521573526990190e-01
1.000000000000000000e+00
1.000000000000000000e+00
-5.353662819636755277e-01
3.786116560797285757e-01
-1.199709385268979966e-01
-2.115324541934512359e-01
1.000000000000000000e+00
1.000000000000000000e+00
1.000000000000000000e+00
-1.000000000000000000e+00
1.000000000000000000e+00
1.000000000000000000e+00
-1.000000000000000000e+00
-7.667800352448667089e-02
2.621467819182415893e-01
-6.049477084028973550e-01
2.079823957639304055e-02
1.000000000000000000e+00
-2.635389371350836951e-01
-6.586240251646224841e-01
-7.265578134607011407e-01
-1.000000000000000000e+00
-3.290319755401036605e-01
1.000000000000000000e+00
7.632268904834266232e-01
7.088426459247127998e-01
1.000000000000000000e+00
1.000000000000000000e+00
1.795982282117290774e-01
-1.000000000000000000e+00
1.000000000000000000e+00
-8.032681176224859554e-01
-8.667323602987108133e-01
-1.000000000000000000e+00
-6.000474896013430204e-02
-4.449797460634533630e-01
2.387631759552148458e-01
-1.000000000000000000e+00
-1.391938126006680987e-01
-1.000000000000000000e+00
-5.673264999866378666e-01
1.000000000000000000e+00
1.000000000000000000e+00
1.000000000000000000e+00
4.603318866252694708e-01
-6.779884058613400155e-01
1.000000000000000000e+00
-1.000000000000000000e+00
-2.297094541436546233e-01
1.000000000000000000e+00
-1.000000000000000000e+00
-1.000000000000000000e+00
1.000000000000000000e+00
-6.924201334992017287e-01
-7.736271791102379281e-01
-1.000000000000000000e+00
-7.590371719825166341e-01
-1.000000000000000000e+00
-1.000000000000000000e+00
7.909968635321515396e-02
-1.000000000000000000e+00
1.000000000000000000e+00
-3.347582468918165466e-01
1.000000000000000000e+00
1.000000000000000000e+00
-1.177374767065419991e-01
-1.000000000000000000e+00
-8.055152057824488399e-02
-1.000000000000000000e+00
-5.441358393285095074e-01
-8.849623688834211688e-01
-5.860376956797350712e-01
5.043904937123973031e-01
8.302420269786930929e-02
-6.932595942142900647e-01
6.969494921961781886e-01
-1.000000000000000000e+00
1.000000000000000000e+00
-1.000000000000000000e+00
-1.000000000000000000e+00
-1.000000000000000000e+00
-1.000000000000000000e+00
-1.000000000000000000e+00
6.483938678914930032e-01
1.000000000000000000e+00
-6.090146428116662847e-01
-2.274569898666259915e-01
1.000000000000000000e+00
-7.876560456181340708e-01
-5.891281961874745843e-01
-4.128405226541734252e-01
-1.000000000000000000e+00
-6.505122816156838628e-01
5.050157096430099024e-01
3.919824190282404364e-01
8.363684602661525247e-02
4.625311218913867872e-01
2.321520888351062961e-01
-1.000000000000000000e+00
2.030874834936082785e-01
6.239142221716563741e-01
1.389311391851888455e-01
-1.000000000000000000e+00
1.000000000000000000e+00
3.152306075354185388e-01
-1.978491022952254541e-01
-2.970707794890843911e-01
-9.640585793305125328e-01
1.000000000000000000e+00
-4.493350775246954809e-01
4.987617813393770416e-01
-1.000000000000000000e+00
1.000000000000000000e+00
2.803334160234691175e-01
1.000000000000000000e+00
-6.888880077763015475e-01
1.000000000000000000e+00
-1.000000000000000000e+00
1.000000000000000000e+00
-1.038495597797718384e-01
-1.000000000000000000e+00
-8.710694780580473529e-01
7.161861665684643441e-01
-1.000000000000000000e+00
6.476719071696817043e-01
8.874111798608064205e-02
1.000000000000000000e+00
3.822308280459858487e-01
5.874624767505720602e-02
2.483998596205158615e-01
-1.000000000000000000e+00
1.000000000000000000e+00
-1.000000000000000000e+00
1.000000000000000000e+00
-1.000000000000000000e+00
1.000000000000000000e+00
7.835795052395000404e-01
-6.667578503411299984e-01
3.753615394905650549e-01
-2.385481139348257784e-01
5.370855634200466522e-01
7.640834706621277839e-01
3.661898560020986348e-01
3.077894992830391696e-01
-1.204598170372638832e-01
-9.204953778149591592e-01
2.229901043410187356e-02
-1.000000000000000000e+00
-7.886864921310280385e-01
-1.000000000000000000e+00
-4.063212228310331131e-02
1.000000000000000000e+00
5.359377147551337428e-01
1.000000000000000000e+00
-1.000000000000000000e+00
8.461412367188834160e-01
-1.000000000000000000e+00
-9.391057119886081495e-01
1.000000000000000000e+00
1.000000000000000000e+00
1.000000000000000000e+00
-4.071660366275006160e-01
-3.901694545241689571e-01
-4.789791908188570924e-01
-1.000000000000000000e+00
5.252264096101788571e-01
-6.751974874864599130e-01
-2.434323139444033168e-01
-7.286943726523128495e-01
-8.469507824484132641e-01
-4.990048218683689751e-01
-7.591676851758294431e-01
1.574768151073736022e-01
-7.784530926874398682e-02
9.839327077893389450e-02
-1.000000000000000000e+00
1.000000000000000000e+00
-2.099015544656180898e-01
1.000000000000000000e+00
1.000000000000000000e+00
-9.379530687493848884e-01
-3.732678757650406132e-01
-5.689969979272211376e-01
-2.292417436100693262e-01
-8.040958545528783530e-01
1.000000000000000000e+00
-1.000000000000000000e+00
-2.757486367932268645e-01
-1.000000000000000000e+00
1.134009273033139698e-01
6.043227264597934578e-01
1.000000000000000000e+00
1.477662989231189883e-01
1.000000000000000000e+00
-2.497691128788039061e-01
-1.000000000000000000e+00
-1.000000000000000000e+00
1.000000000000000000e+00
8.373981904303561263e-01
-2.358961662856695618e-01
1.000000000000000000e+00
1.000000000000000000e+00
4.790988654186004725e-01
2.016201927614589273e-01
1.000000000000000000e+00
-1.000000000000000000e+00
-1.000000000000000000e+00
-2.695670348498104829e-01
-1.000000000000000000e+00
7.957658844526817044e-01
-9.928888902593762111e-01
-8.050967891086772132e-01
1.000000000000000000e+00
8.896207872095518443e-01
1.000000000000000000e+00
-1.164394947080402698e-01
1.000000000000000000e+00
-5.154406416587744566e-01
7.859110870822153538e-01
-9.114701128878754943e-02
-2.363073016618148503e-01
1.000000000000000000e+00
-4.093602304507648615e-01
-1.000000000000000000e+00
5.584451959741949523e-01
-3.276353788255912391e-01
1.000000000000000000e+00
9.881144546271504181e-01
1.000000000000000000e+00
4.816022055005295677e-01
1.000000000000000000e+00
1.000000000000000000e+00
-6.715365221393925221e-01
3.681282211621001443e-01
8.469442899993695484e-01
5.261171683895162765e-01
4.165224150799093916e-01
-1.000000000000000000e+00
-8.879184444405929799e-02
1.920719217711709947e-01
-1.000000000000000000e+00
4.670845973321076650e-01
-3.501444324208604630e-01
8.969591843640881690e-01
7.247256828374820659e-01
1.645878711541343686e-01
1.000000000000000000e+00
2.809617465440792383e-01
1.000000000000000000e+00
4.730436359466231866e-01
-1.000000000000000000e+00
1.000000000000000000e+00
1.000000000000000000e+00
-6.506240490828530953e-01
-6.356739912484625776e-01
-2.063569397431477270e-01
1.000000000000000000e+00
-7.971068045656491963e-01
-9.568847244464874224e-01
-1.000000000000000000e+00
7.404248650287432731e-01
6.589998635958216333e-02
-1.000000000000000000e+00
3.899413936427085225e-01
-1.000000000000000000e+00
7.936664222831288917e-01
-5.200586677748691988e-01
1.746035900136006236e-01
-1.000000000000000000e+00
-1.000000000000000000e+00
-1.000000000000000000e+00
-1.000000000000000000e+00
-1.000000000000000000e+00
9.469194561530303034e-01
6.357684270150298911e-01
8.609228417304521930e-01
1.000000000000000000e+00
-5.719924699343523766e-01
1.000000000000000000e+00
8.555948140706374216e-01
1.897044747533871423e-02
-1.000000000000000000e+00
-1.000000000000000000e+00
-2.842805907465690840e-01
4.285974688335996707e-01
-4.373776766369531499e-01
1.144139572465303623e-01
-1.000000000000000000e+00
-2.602908903557893394e-01
1.000000000000000000e+00
1.000000000000000000e+00
-6.847767481238598020e-01
1.883463695369363977e-01
-7.544575908240519491e-02
2.406883327188081845e-01
7.711371057002784912e-01
-1.000000000000000000e+00
4.768883670861211455e-01
4.348114611061008605e-01
1.000000000000000000e+00
1.000000000000000000e+00
1.000000000000000000e+00
-4.718951184266857446e-01
-1.000000000000000000e+00
3.340570659347469329e-01
-1.000000000000000000e+00
1.000000000000000000e+00
-3.232640091486128631e-01
-1.000000000000000000e+00
-3.455014868461860900e-01
1.000000000000000000e+00
-8.977717586642655068e-01
-5.177929947577103453e-01
1.000000000000000000e+00
1.000000000000000000e+00
-2.051951870020026769e-01
-6.515994133743292505e-01
8.452772409116868779e-01
1.000000000000000000e+00
1.000000000000000000e+00
1.000000000000000000e+00
-6.604231844526341488e-01
-1.000000000000000000e+00
-3.521165185663167607e-01
4.953290974415880399e-03
9.680855144811755242e-01
4.119002426955247209e-01
4.964099683435988508e-01
-2.745532044685032869e-01
-1.000000000000000000e+00
-1.726993804052438519e-01
9.187300600633153680e-01
3.803013532832306698e-01
5.683226014583437902e-01
1.094865087249941027e-02
1.000000000000000000e+00
3.586431078769918845e-01
-3.596206890198841988e-01
-7.080965235860917639e-01
-9.036694592079486110e-01
1.000000000000000000e+00
6.906521972968648893e-01
-6.858867191540398700e-01
5.204299291500675828e-01
2.465701420263355925e-01
-1.237657934662483861e-01
1.000000000000000000e+00
-3.697243437391571907e-01
-3.611273695907113446e-02
-1.000000000000000000e+00
-1.000000000000000000e+00
9.824155607306908067e-01
2.038098200300719753e-01
-2.144806349055686789e-01
-7.270112468846037235e-01
5.999449630471396233e-01
-1.000000000000000000e+00
-1.000000000000000000e+00
6.024785465953284014e-01
1.477519510729690122e-01
-6.775768459944753186e-01
-3.989892475153077323e-01
4.019216026752013837e-01
-1.000000000000000000e+00
-1.000000000000000000e+00
3.875263585702078961e-01
-1.745236002303931500e-01
-6.925538541015821004e-01
1.000000000000000000e+00
2.485564541536114946e-01
1.000000000000000000e+00
7.096649850641725266e-01
-1.000000000000000000e+00
-1.000000000000000000e+00
2.103953365452376767e-02
-1.000000000000000000e+00
9.657965061849658195e-01
-2.256043306919197633e-03
1.000000000000000000e+00
1.385161473365984497e-01
-1.000000000000000000e+00
-1.000000000000000000e+00
-4.761376906312658752e-01
5.739951939976337680e-01
1.889823431181182345e-01
1.000000000000000000e+00
1.000000000000000000e+00
9.651163574273011747e-01
-6.117513766273613429e-01
2.994877923211760606e-01
-1.000000000000000000e+00
8.461064616023981078e-01
4.274476051751344707e-01
4.718866905097671705e-01
-1.000000000000000000e+00
-1.201524874315722108e-01
-5.124832736854126880e-01
4.517269833208980012e-01
1.694710154897936805e-01
1.000000000000000000e+00
8.622642812925429556e-02
1.104362352530804670e-01
4.794399570321709048e-01
-2.326882217504844252e-01
3.148364987326282005e-01
1.060116835084060627e-01
5.582285319857644978e-01
1.000000000000000000e+00
-1.000000000000000000e+00
2.933908826761696398e-01
4.071031107818745554e-02
2.912949634857730508e-01
1.561978303121805411e-01
1.418362996983635327e-02
-1.028749357816878679e-01
7.338493765417795078e-01
-3.009821070486193295e-02
2.416909227083962886e-01
1.000000000000000000e+00
-9.647671851527445108e-01
1.000000000000000000e+00
-1.000000000000000000e+00
8.186447069748629124e-01
-8.521283344635203205e-01
1.472317380400879339e-01
8.273525031091664150e-01
9.838473002518320909e-01
-4.115821465053444150e-01
6.265617503964473478e-01
-1.056404192967162897e-01
9.351341917330305842e-01
1.000000000000000000e+00
-7.532373898207822549e-01
1.000000000000000000e+00
-3.174312227479543780e-01
-4.149504434537976127e-01
-1.000000000000000000e+00
2.049239275504533275e-01
-5.031263897804528762e-01
-1.000000000000000000e+00
1.000000000000000000e+00
-6.108190414314622618e-01
-8.897938250399521909e-01
4.690866223941202451e-01
5.377621443789548650e-01
7.719561157985020683e-02
1.000000000000000000e+00
5.701773326366671446e-02
-1.000000000000000000e+00
-7.398430409197502555e-02
-1.000000000000000000e+00
1.000000000000000000e+00
-1.000000000000000000e+00
8.024820125915942404e-01
-1.000000000000000000e+00
7.225578833568326864e-01
-6.724630122171963986e-01
-1.850269181943939023e-01
-5.671551976697413178e-01
8.295804590211638962e-02
1.000000000000000000e+00
7.475932097398190201e-01
3.564929946830270868e-01
6.222336353805256737e-01
-1.000000000000000000e+00
4.052262908056226132e-01
-3.256228034971183627e-01
-1.000000000000000000e+00
1.000000000000000000e+00
-1.000000000000000000e+00
-1.000000000000000000e+00
-5.529199732915043297e-01
1.219203589314826752e-02
-1.000000000000000000e+00
-1.000000000000000000e+00
7.479139088903019594e-02
1.449104758948436267e-01
-1.000000000000000000e+00
-3.511072914650034127e-01
-1.000000000000000000e+00
6.531229837338767830e-01
-7.688087394107803729e-02
6.723222906073348382e-01
-5.226006772314313320e-01
1.000000000000000000e+00
-6.796647473124921568e-01
1.000000000000000000e+00
1.000000000000000000e+00
-1.628420558741240365e-01
5.999914203652925160e-01
-1.000000000000000000e+00
6.856404051425843971e-01
-1.000000000000000000e+00
-8.929448937719812740e-01
-7.307622329249030546e-01
2.315219697758321427e-01
9.614838332422885880e-01
-1.000000000000000000e+00
1.000000000000000000e+00
1.000000000000000000e+00
2.926975392262640696e-01
-2.871581194001784354e-01
-1.000000000000000000e+00
4.591570079341109611e-01
-1.000000000000000000e+00
1.000000000000000000e+00
-8.827357033785476759e-02
-8.301539766401894171e-01
3.311791247592986709e-01
5.092901004151976219e-01
1.000000000000000000e+00
7.630319826081572998e-01
9.011492600315962331e-01
6.948221888477587038e-01
1.573756683435054704e-01
-1.000000000000000000e+00
-7.729059293702623679e-01
-1.000000000000000000e+00
-1.000000000000000000e+00
-1.000000000000000000e+00
1.000000000000000000e+00
4.980433078464535646e-01
1.733390247340582113e-01
9.217456235420149468e-01
-3.949793838688527847e-01
-1.000000000000000000e+00
-6.713845889576788850e-02
-8.866872476316274287e-01
1.000000000000000000e+00
1.688787055205011878e-01
-9.443957293764198013e-01
-1.000000000000000000e+00
8.880933422457796267e-01
-5.386020709827152864e-01
5.574976200133885396e-02
1.000000000000000000e+00
3.534519216021241306e-01
-1.000000000000000000e+00
1.000000000000000000e+00
1.000000000000000000e+00
-4.870670235930938952e-01
-1.000000000000000000e+00
-5.667759337145711340e-01
1.000000000000000000e+00
1.000000000000000000e+00
1.000000000000000000e+00
2.624099647134452429e-01
8.687576887487613586e-01
1.000000000000000000e+00
1.000000000000000000e+00
7.914422747100680056e-01
-9.115546965599212736e-01
5.624913933682509359e-01
8.799782743158959253e-01
-8.532728470820702960e-01
1.000000000000000000e+00
-2.592057312243170042e-01
2.169431472539812833e-01
-5.825915445204721266e-01
1.000000000000000000e+00
2.132578607321545250e-01
-1.000000000000000000e+00
-1.509035938218561412e-01
-1.000000000000000000e+00
1.000000000000000000e+00
1.000000000000000000e+00
-1.000000000000000000e+00
1.000000000000000000e+00
-7.878899859732024780e-01
-5.287047202966537185e-01
-1.000000000000000000e+00
1.000000000000000000e+00
8.864676574524311681e-01
5.926904775937238412e-01
6.536824697791976391e-01
-7.408424548865250037e-01
-3.254384196598522072e-01
8.093260396556400948e-01
-3.371329825887860454e-01
2.817075365484623672e-01
-1.000000000000000000e+00
-7.881046442988848266e-01
-1.000000000000000000e+00
6.244371998761079068e-01
1.167668513998195712e-01
6.333300459956213713e-01
6.521322639624224649e-02
-1.000000000000000000e+00
2.171014082458959660e-01
-6.933528529660067941e-01
7.061804892608370965e-01
-2.878737960588061834e-02
9.684181946803545049e-01
1.000000000000000000e+00
1.000000000000000000e+00
8.868403017392878507e-01
-6.042839604420081612e-01
5.424387343898693370e-01
-1.000000000000000000e+00
-1.000000000000000000e+00
-8.056008402276094715e-01
-7.857894802706396620e-01
6.862232246037980321e-01
1.000000000000000000e+00
3.078437037368215723e-01
-4.532612709357679570e-01
1.000000000000000000e+00
1.000000000000000000e+00
3.309496664423564050e-01
-7.304618381676669658e-02
-1.000000000000000000e+00
-1.000000000000000000e+00
-1.000000000000000000e+00
-1.000000000000000000e+00
-1.353116528730144985e-01
1.000000000000000000e+00
1.000000000000000000e+00
1.000000000000000000e+00
-1.000000000000000000e+00
1.000000000000000000e+00
5.566828817120104134e-01
-1.000000000000000000e+00
3.932487719187612862e-01
-2.536290801505323711e-01
-2.468256691852744877e-01
-7.296094311810573663e-01
-8.154174065083430456e-01
-1.000000000000000000e+00
1.000000000000000000e+00
-8.360802899813892797e-01
-5.507012008420260063e-01
1.000000000000000000e+00
6.186890948979990590e-01
1.423246498068829746e-01
-2.380307747305773214e-01
5.949738565895714704e-01
1.000000000000000000e+00
-1.000000000000000000e+00
1.000000000000000000e+00
4.284424003383012214e-01
4.221210148987043498e-01
1.000000000000000000e+00
1.000000000000000000e+00
-5.630386201395565227e-02
-1.000000000000000000e+00
1.000000000000000000e+00
3.123003841153109139e-01
-3.047227746814049065e-01
4.522779633974887137e-01
9.116204112302062068e-02
-1.000000000000000000e+00
4.344663895462354264e-02
3.987740026642200286e-01
2.743809506203278570e-01
1.000000000000000000e+00
-8.603244227318740389e-01
-6.867370114093960254e-01
-2.642522920337204706e-01
1.000000000000000000e+00
1.000000000000000000e+00
8.226404718478986799e-01
-1.000000000000000000e+00
1.000000000000000000e+00
-7.576298731201843717e-01
1.000000000000000000e+00
-2.129994793393066299e-01
6.467746630069038938e-01
1.710745931792831964e-01
5.197665771615999075e-01
2.362968620782928408e-01
-1.000000000000000000e+00
-1.000000000000000000e+00
1.000000000000000000e+00
5.003284052070124943e-01
-1.000000000000000000e+00
-3.294132287142177984e-01
1.000000000000000000e+00
1.000000000000000000e+00
-1.000000000000000000e+00
-6.090414589145654034e-01
-1.000000000000000000e+00
-1.437208062284461851e-01
-8.902038733368581314e-01
-2.107531914415690100e-01
6.654404388260295455e-01
5.172571142499007291e-01
-1.687055706754980733e-02
1.000000000000000000e+00
-8.253707967923340494e-02
1.000000000000000000e+00
-3.455101759416001062e-01
3.739963520095929139e-01
-7.777379353286872909e-01
-1.000000000000000000e+00
6.688673055570248938e-01
1.000000000000000000e+00
-1.469083805218167060e-01
6.060231761252159455e-01
6.819098536954127932e-01
2.439508933858110795e-01
-9.225098567207021816e-01
-1.000000000000000000e+00
-7.696839595631519426e-01
-1.000000000000000000e+00
4.537761846809384991e-01
-1.000000000000000000e+00
-8.266412753734440066e-01
3.334970626402355975e-01
1.000000000000000000e+00
-1.000000000000000000e+00
-2.784536577168078564e-01
-1.000000000000000000e+00
-4.973399731646155342e-01
1.000000000000000000e+00
6.693594880302112804e-01
1.000000000000000000e+00
-8.056751983670706885e-02
1.000000000000000000e+00
1.000000000000000000e+00
6.615843101240965751e-01
-8.550427337879707990e-01
-7.079956595539538267e-02
-4.428942338193488926e-01
-2.147767311214158759e-01
1.000000000000000000e+00
-1.000000000000000000e+00
1.000000000000000000e+00
5.641104295877317210e-01
2.724199007088055069e-01
6.752924629263704626e-01
6.446927228421976963e-01
1.000000000000000000e+00
5.591610235511148552e-01
8.392073249401128532e-01
-7.429812164198881241e-01
-2.920226650672296254e-01
-5.796910313354417532e-01
1.000000000000000000e+00
-6.150901733141931338e-01
-3.041775662125081325e-01
-8.593272491626595677e-01
-1.000000000000000000e+00
6.540952487947271354e-01
-1.000000000000000000e+00
-5.573271156857098063e-01
3.824354722788859129e-01
-1.000000000000000000e+00
1.000000000000000000e+00
5.622034278476373270e-02
-5.037282151140565212e-01
-2.090389890603777945e-01
-8.701608082507867881e-01
1.000000000000000000e+00
-6.380153628091324025e-01
-1.000000000000000000e+00
2.598201074853129233e-01
-5.790302673368963315e-02
-3.207914304434025254e-01
2.762329633504014836e-01
-1.368435913226642708e-01
1.000000000000000000e+00
1.000000000000000000e+00
5.520507858722214500e-01
1.119400292420733023e-01
6.773198281254445563e-01
-1.000000000000000000e+00
3.920428730121265914e-01
1.000000000000000000e+00
7.461037980108831125e-03
4.938364781909088119e-01
-1.000000000000000000e+00
-6.609298175470273984e-01
-7.722713262526899047e-01
-9.308907933986982908e-01
1.000000000000000000e+00
-1.000000000000000000e+00
1.000000000000000000e+00
-1.000000000000000000e+00
5.397349850091117673e-01
-1.000000000000000000e+00
9.965292391960626217e-01
-1.422006834708187117e-01
-1.465348697582561921e-01
7.635021500618501822e-01
-6.206514600158008488e-01
1.000000000000000000e+00
-4.246934226211709351e-01
-1.000000000000000000e+00
6.898644167075896894e-01
-1.000000000000000000e+00
5.123347232494147585e-01
-1.000000000000000000e+00
-1.000000000000000000e+00
-1.000000000000000000e+00
-1.213418401548405079e-01
-3.280281286847945288e-01
-3.424435332032730317e-01
1.467673990970960463e-01
-1.000000000000000000e+00
2.675163416634100955e-01
5.762159827300169512e-01
1.000000000000000000e+00
-3.809267648853620347e-02
8.207458711374104876e-01
-7.247429860704226456e-01
5.433996200515045505e-03
1.000000000000000000e+00
1.000000000000000000e+00
-1.017517599668416040e-02
-3.444463555966547075e-01
-1.000000000000000000e+00
1.000000000000000000e+00
-2.082861484843068212e-02
3.665490735621141916e-01
-1.000000000000000000e+00
-2.732330388533267818e-01
1.551347554783508720e-01
-9.644507206638658348e-01
-1.093238699490406418e-03
-1.000000000000000000e+00
2.412518493657989649e-01
9.018070590826235966e-01
6.149918252957637943e-01
1.000000000000000000e+00
-1.000000000000000000e+00
5.991402851751137515e-02
4.424316741782604590e-01
-5.934561728984532047e-01
2.431718031575745842e-01
8.669029304868268726e-01
-7.255031039946835403e-02
-5.627716593779884535e-01
3.061484854402448663e-01
-4.450837397479590618e-01
-1.000000000000000000e+00
-1.000000000000000000e+00
8.761152278484767297e-01
-6.029920870343461470e-01
-1.000000000000000000e+00
-1.000000000000000000e+00
1.000000000000000000e+00
-4.424501923119117386e-02
3.423141128195619221e-01
-1.000000000000000000e+00
9.637689868234153856e-01
-2.544406115767922083e-01
-3.887312345310257600e-01
4.378502167224345709e-01
-8.450492494182703096e-01
6.699568245155038682e-01
-1.000000000000000000e+00
1.000000000000000000e+00
-1.000000000000000000e+00
-1.000000000000000000e+00
1.364636944516164352e-01
-6.252546752975256528e-01
3.992421192168021937e-01
-3.404118311243038431e-01
-1.000000000000000000e+00
1.000000000000000000e+00
8.082070636271252440e-01
4.742372261308391845e-02
-1.000000000000000000e+00
-1.000000000000000000e+00
-3.151707773596925111e-01
-2.923792179911318123e-01
-4.602603293220006719e-01
1.000000000000000000e+00
-1.000000000000000000e+00
-5.443931077152392994e-01
-1.000000000000000000e+00
3.635183130134814755e-01
-2.473141187199644486e-01
1.000000000000000000e+00
4.801082159653535797e-02
6.533872450876341276e-01
-4.170181041360435659e-01
-6.049839072870002443e-01
-1.000000000000000000e+00
1.000000000000000000e+00
-9.957281276785065471e-02
-7.091800283837914609e-01
-1.000000000000000000e+00
-4.642371677040237898e-01
1.000000000000000000e+00
-6.796942918139114997e-01
1.000000000000000000e+00
-7.376633478467882199e-01
1.761595214730019565e-01
3.704673201764179247e-01
-1.000000000000000000e+00
-3.388266084421120983e-02
1.000000000000000000e+00
1.000000000000000000e+00
1.000000000000000000e+00
1.000000000000000000e+00
-1.000000000000000000e+00
5.990157236165515320e-01
-1.000000000000000000e+00
-9.336232618630654345e-01
8.522181785295342982e-01
-1.000000000000000000e+00
1.000000000000000000e+00
-1.000000000000000000e+00
1.908997154890293979e-01
-4.194135292995304631e-02
-1.000000000000000000e+00
-1.000000000000000000e+00
1.000000000000000000e+00
1.000000000000000000e+00
1.000000000000000000e+00
-8.978736227884717702e-02
-1.000000000000000000e+00
-4.365551946436909136e-01
-1.000000000000000000e+00
-5.024051509233050661e-01
1.000000000000000000e+00
-8.014958134973386716e-01
-1.000000000000000000e+00
-1.000000000000000000e+00
-1.000000000000000000e+00
2.582325921861676754e-01
8.207428537293350868e-01
1.271452607069756269e-01
-8.330465482604291205e-01
-1.000000000000000000e+00
5.283547506042653996e-01
-2.677649972235559561e-01
-5.708210309150526518e-01
3.791154272800388858e-01
-1.000000000000000000e+00
7.579730471421303184e-01
-1.000000000000000000e+00
-1.000000000000000000e+00
-1.000000000000000000e+00
-1.508436957492326203e-02
4.213762631888845478e-01
1.000000000000000000e+00
-1.582770710542283910e-01
1.000000000000000000e+00
-3.241914939511709726e-01
1.000000000000000000e+00
9.890635933655501644e-01
8.908219413441580414e-01
-9.936494126954530381e-01
7.399194252110335990e-01
5.999603600140916981e-01
-4.932582215020919758e-02
1.617949695341198146e-01
-1.000000000000000000e+00
6.496623497402953529e-01
-1.000000000000000000e+00
3.327222497679587221e-01
-1.000000000000000000e+00
1.000000000000000000e+00
-4.631824830937897319e-01
-1.000000000000000000e+00
-6.170124940760447485e-01
1.000000000000000000e+00
1.000000000000000000e+00
4.905118365386584856e-01
-1.000000000000000000e+00
1.000000000000000000e+00
-1.000000000000000000e+00
5.762726968053952792e-01
1.000000000000000000e+00
2.583938017099502993e-01
-7.745378998148586547e-01
-1.000000000000000000e+00
-1.000000000000000000e+00
-6.504192644744175578e-01
7.859831444264445688e-01
1.589563626720774669e-02
9.566044305974082951e-01
4.844741230934502818e-01
-6.973730384596870113e-01
-1.000000000000000000e+00
1.400067765926513719e-01
4.051019302559866198e-01
-1.000000000000000000e+00
-1.344746083239345413e-01
1.000000000000000000e+00
-1.000000000000000000e+00
1.000000000000000000e+00
7.564902731837829242e-01
-1.000000000000000000e+00
-1.000000000000000000e+00
1.000000000000000000e+00
5.917318004682078358e-01
-7.777677843035550875e-01
-1.000000000000000000e+00
-1.000000000000000000e+00
1.000000000000000000e+00
-1.000000000000000000e+00
-6.367705456732036806e-01
-1.000000000000000000e+00
-2.258682098463761223e-01
6.978981087733182598e-02
-7.653145520335568053e-01
-1.000000000000000000e+00
9.057286492166751746e-01
6.751938641708106204e-01
3.998044564466496364e-02
5.067412719548227695e-01
9.735018790849943038e-01
-1.000000000000000000e+00
-3.425490915120426028e-01
1.000000000000000000e+00
-2.791812756273754914e-01
-3.702941297180470381e-02
1.000000000000000000e+00
-1.000000000000000000e+00
-1.000000000000000000e+00
1.000000000000000000e+00
1.939832000021781688e-01
7.629806455423833178e-01
8.915134884802320414e-01
8.241330396001265157e-01
3.596057123533865085e-01
-3.893893969711197944e-01
-1.000000000000000000e+00
-1.000000000000000000e+00
6.379378018551833396e-01
1.000000000000000000e+00
4.288661888532272481e-01
7.338205389188229288e-02
-1.137912640394200814e-03
3.730134991003000167e-01
-1.000000000000000000e+00
-1.000000000000000000e+00
9.247122336906010709e-01
-5.792182251165476359e-01
5.465844644469008973e-02
3.566247889106545221e-01
8.094823366517418517e-01
9.644678532132056059e-01
-6.443740276543785672e-02
3.785199367787446811e-01
-4.427017453832959859e-01
-6.230234406300150241e-02
-9.050038635358322869e-01
-1.000000000000000000e+00
-3.579002870956460303e-01
-3.038694475601879663e-01
-1.000000000000000000e+00
-3.790725604275386740e-01
-9.155691951790835281e-01
9.143602637608734263e-01
-7.478760272098490258e-01
2.239942506028348435e-01
6.743422123507921695e-01
1.000000000000000000e+00
2.933903531150161559e-02
4.837764493142900357e-01
-6.735530144570438527e-01
1.000000000000000000e+00
-1.000000000000000000e+00
7.210638622731131431e-01
-1.000000000000000000e+00
-9.968974071060349162e-01
-7.786838500561057419e-01
-1.000000000000000000e+00
1.000000000000000000e+00
-1.000000000000000000e+00
-3.589698691893042359e-01
-5.443996381699391929e-01
3.860441564507723911e-01
4.783968483979632591e-01
-2.655124412612979157e-01
2.185401927829269120e-01
-1.000000000000000000e+00
-7.984949742822294860e-01
-7.479569639642005274e-01
6.231642796047044408e-01
-1.000000000000000000e+00
-9.402309077301200801e-01
-8.615885339738178494e-01
-1.000000000000000000e+00
3.041298224616730828e-01
-1.000000000000000000e+00
2.562463251331769665e-01
7.589019989375289654e-01
4.879965127328327323e-01
-5.335449665621654347e-01
-3.022716000607774678e-01
1.000000000000000000e+00
4.207809524919725597e-01
-4.632341116028651506e-01
9.467062486704285185e-01
3.848164772449264026e-02
-1.303513977523688139e-01
4.616009621529312268e-01
1.000000000000000000e+00
1.000000000000000000e+00
-9.825004197486980617e-01
-1.000000000000000000e+00
-4.529785324983974515e-02
-1.000000000000000000e+00
-5.645873386597350940e-01
-1.000000000000000000e+00
-8.770510064252692306e-01
3.859149153058983872e-01
-1.000000000000000000e+00
7.828058042329587574e-01
5.792720961571045102e-01
-1.000000000000000000e+00
1.000000000000000000e+00
-1.969054663037356767e-01
-1.000000000000000000e+00
1.000000000000000000e+00
1.000000000000000000e+00
-6.266090227388330103e-01
5.454116126253372165e-02
-1.823192000194759632e-01
-4.186638456057929503e-01
-1.000000000000000000e+00
-1.000000000000000000e+00
1.000000000000000000e+00
1.000000000000000000e+00
1.000000000000000000e+00
-4.641682207914752945e-01
8.616892849243840136e-02
-1.000000000000000000e+00
7.988772714891891891e-01
-1.000000000000000000e+00
-5.843932512160955328e-01
-6.231151103137284597e-01
1.000000000000000000e+00
-1.000000000000000000e+00
-1.000000000000000000e+00
9.144039644292661917e-01
-1.000000000000000000e+00
1.000000000000000000e+00
1.000000000000000000e+00
-1.000000000000000000e+00
-1.000000000000000000e+00
3.452987967768761379e-02
2.949602610196047081e-01
-1.000000000000000000e+00
-1.000000000000000000e+00
1.000000000000000000e+00
-1.000000000000000000e+00
-1.000000000000000000e+00
3.017473599096153203e-01
-4.785615100773721320e-02
1.000000000000000000e+00
1.000000000000000000e+00
-3.544374711110024889e-01
-4.843688802056611564e-02
1.000000000000000000e+00
1.000000000000000000e+00
-7.806217969431956671e-01
4.301788254316040727e-01
8.644662797134781140e-01
8.079804387348142880e-01
-2.015622850602435401e-01
-4.121048476891331358e-01
6.792122643311560015e-01
9.690444934481602379e-01
1.000000000000000000e+00
-4.466433387792018705e-01
-1.863862235738154571e-01
1.000000000000000000e+00
-4.888875135555705853e-01
-8.684466970112834083e-01
-3.244597763851290728e-01
-2.406605153024287125e-01
-1.000000000000000000e+00
8.686122745196507289e-01
1.000000000000000000e+00
2.440569365595580409e-01
-1.000000000000000000e+00
-1.000000000000000000e+00
-2.487945098517250209e-01
-9.055851849186660196e-01
4.666668015353581667e-01
1.000000000000000000e+00
-4.628058005869635227e-01
-1.000000000000000000e+00
-9.572898658276884909e-01
-1.000000000000000000e+00
1.000000000000000000e+00
-1.000000000000000000e+00
-2.309067311802810718e-01
5.471908163116139256e-01
3.327409837113105562e-01
-1.000000000000000000e+00
-6.554825840100944045e-01
-1.000000000000000000e+00
1.000000000000000000e+00
1.000000000000000000e+00
-1.058060574278044119e-02
1.000000000000000000e+00
-1.000000000000000000e+00
-1.000000000000000000e+00
1.000000000000000000e+00
2.679722903688913638e-01
7.072464445301769320e-01
-1.000000000000000000e+00
-7.631307611359399168e-01
-1.000000000000000000e+00
4.350039504684515834e-01
-3.921232711699462747e-01
-1.555892948689556743e-01
-1.000000000000000000e+00
-1.000000000000000000e+00
5.143099973458391538e-01
1.000000000000000000e+00
6.287365980618360162e-01
1.000000000000000000e+00
-1.000000000000000000e+00
-1.000000000000000000e+00
1.000000000000000000e+00
-1.000000000000000000e+00
9.248714214318329851e-01
7.847772942998142431e-01
4.160939326121799731e-01
-1.000000000000000000e+00
-1.000000000000000000e+00
-5.585824276058475313e-01
-1.000000000000000000e+00
-1.000000000000000000e+00
7.690734530532068458e-01
-1.000000000000000000e+00
-1.000000000000000000e+00
4.530064885197877533e-01
1.000000000000000000e+00
2.747565092380472307e-01
1.000000000000000000e+00
-1.000000000000000000e+00
-1.000000000000000000e+00
-7.492352880342945110e-01
-8.258862650663447713e-01
1.000000000000000000e+00
6.503167815604615765e-02
-6.099519460026452400e-01
-7.347218485259288112e-01
1.573654247631698921e-01
9.734523205062811657e-01
-1.000000000000000000e+00
-4.626742709991372715e-01
1.000000000000000000e+00
-1.000000000000000000e+00
7.269027906900777936e-01
1.000000000000000000e+00
1.000000000000000000e+00
-1.000000000000000000e+00
-1.000000000000000000e+00
3.135717158944066885e-01
4.595539332456818338e-01
1.534848888794463906e-01
-1.000000000000000000e+00
-1.000000000000000000e+00
-5.491548640442900364e-02
-2.920580681077660223e-01
3.980543948319864578e-01
-3.842843923292398878e-01
-4.964985669454112793e-01
1.000000000000000000e+00
-1.000000000000000000e+00
1.000000000000000000e+00
3.719283480923106788e-01
-2.431346876967818149e-01
1.000000000000000000e+00
3.490747088661363406e-01
-1.000000000000000000e+00
-6.276779663691598454e-01
1.397524039483399871e-01
2.649217323037580396e-01
-1.727406578651478619e-01
-1.000000000000000000e+00
-1.000000000000000000e+00
-4.079960143134636064e-01
-1.000000000000000000e+00
-4.646441611049965115e-01
3.037286480757249718e-01
1.000000000000000000e+00
7.108745312838898878e-02
1.000000000000000000e+00
-8.272670288707447694e-01
1.000000000000000000e+00
-2.026579549450573392e-01
1.000000000000000000e+00
3.770327270047433288e-01
-1.000000000000000000e+00
-1.000000000000000000e+00
-5.898001564920307693e-02
6.510653916855374534e-01
-1.000000000000000000e+00
6.543721521405247987e-01
-5.614803114121924565e-02
-5.585849678086773906e-01
-1.000000000000000000e+00
-1.000000000000000000e+00
-1.000000000000000000e+00
4.046228763046941790e-01
-1.000000000000000000e+00
1.993625967817927447e-01
3.699161357042879406e-02
-2.395916341998182153e-01
3.074709515687038541e-01
7.321428570487054088e-02
-1.000000000000000000e+00
-6.254571638073058715e-01
1.000000000000000000e+00
-1.000000000000000000e+00
-1.000000000000000000e+00
1.000000000000000000e+00
1.000000000000000000e+00
-1.000000000000000000e+00
3.239971839208753979e-01
1.000000000000000000e+00
9.826128061465513319e-01
-4.925696055090744707e-01
1.000000000000000000e+00
1.000000000000000000e+00
-1.000000000000000000e+00
-4.277260176556956228e-01
-2.814571507316911969e-01
1.530201242568662856e-02
-7.723708088569229968e-01
-2.346212505695753903e-01
-1.000000000000000000e+00
-2.099106840900810678e-01
-1.000000000000000000e+00
1.000000000000000000e+00
-3.806514447530517931e-01
7.900429063169207566e-01
-1.000000000000000000e+00
9.391628839169252618e-02
5.649861875716595261e-01
-7.038547573137993174e-01
-1.000000000000000000e+00
6.341138180743317587e-01
-4.119986241413768902e-01
-7.948841522066669718e-01
1.000000000000000000e+00
5.440345855583310630e-01
-1.000000000000000000e+00
-9.564739537170440231e-01
-1.000000000000000000e+00
-1.000000000000000000e+00
-1.785697921644581188e-01
-1.000000000000000000e+00
-1.000000000000000000e+00
6.089522407034614337e-01
-1.000000000000000000e+00
-4.857035018519531566e-01
8.478152321260465918e-01
-1.000000000000000000e+00
-9.150121622697018342e-01
-2.548425786299718387e-01
-1.000000000000000000e+00
1.000000000000000000e+00
-1.000000000000000000e+00
5.737863185805308630e-02
-1.000000000000000000e+00
5.209820997277130328e-01
1.000000000000000000e+00
-1.000000000000000000e+00
1.000000000000000000e+00
1.000000000000000000e+00
-9.038215729841669877e-01
1.000000000000000000e+00
-7.632896489126528294e-01
-8.974046974653349107e-01
5.192359355044584568e-02
-2.280342407817195216e-01
1.000000000000000000e+00
7.850892586954777430e-02
3.424100746892673741e-01
1.000000000000000000e+00
6.359487701617716482e-01
-7.137607274775057409e-01
-3.903991245597462356e-01
8.162856247929101139e-02
-6.800628520833789104e-01
7.631999342168582778e-01
6.786337824363299909e-01
1.000000000000000000e+00
1.000000000000000000e+00
-1.923081542931159849e-01
4.696806385317409127e-01
4.557380260044938680e-01
-1.000000000000000000e+00
-2.201878014219036395e-01
-2.781989880874035093e-01
-1.000000000000000000e+00
2.235948733067891214e-01
-1.000000000000000000e+00
1.566566451978794738e-01
6.841057763377735856e-01
-2.768337667498732557e-03
1.000000000000000000e+00
-1.000000000000000000e+00
1.089141277115901474e-03
1.720942140337856641e-01
1.753387348574096949e-01
-4.777994037225794521e-01
-5.526139600238222371e-02
-1.000000000000000000e+00
-9.655588004784171341e-01
2.279130589261881834e-01
1.000000000000000000e+00
-4.493246921595912546e-01
-1.000000000000000000e+00
1.000000000000000000e+00
4.018517118453592829e-01
-6.093195493916004901e-01
-1.000000000000000000e+00
1.000000000000000000e+00
1.975256782006022949e-01
-4.288775511420368503e-01
1.000000000000000000e+00
-7.913613027341301898e-01
-1.000000000000000000e+00
5.881079247013461242e-02
3.956216517629862484e-02
-1.000000000000000000e+00
7.464361893264734871e-01
1.000000000000000000e+00
-4.090540572918782702e-01
-7.362176412855663266e-01
-1.000000000000000000e+00
4.542712466860043818e-01
-1.000000000000000000e+00
1.000000000000000000e+00
-4.864882000695051056e-01
-5.500765040663819772e-01
4.991415587071295068e-01
-1.000000000000000000e+00
9.629661914001788059e-01
1.000000000000000000e+00
-1.000000000000000000e+00
1.507013808827133428e-01
-1.484356150794902129e-01
3.588031517008580251e-01
3.843044346124885324e-01
-6.285435647792492198e-02
7.384622514324290510e-01
-2.925772923980823892e-02
-7.852399955945701393e-01
1.000000000000000000e+00
-5.084495244336759701e-01
-1.051612384194139937e-01
1.000000000000000000e+00
4.225013986241389352e-01
-1.000000000000000000e+00
2.827946447169510380e-02
1.000000000000000000e+00
1.000000000000000000e+00
-1.000000000000000000e+00
-1.000000000000000000e+00
7.670792695322521393e-01
6.293710713026768877e-01
-7.019371978910051713e-01
2.277239620149882349e-01
-3.521318578130503418e-01
6.460298974486574641e-01
1.000000000000000000e+00
-1.000000000000000000e+00
-2.642826972568902422e-01
-7.214676745885634235e-01
-1.000000000000000000e+00
-2.218485387235708539e-01
-6.418815300903368826e-02
-1.000000000000000000e+00
1.000000000000000000e+00
1.000000000000000000e+00
1.000000000000000000e+00
1.000000000000000000e+00
-5.693452896080047898e-01
-1.000000000000000000e+00
-4.837022430844057919e-01
3.338534041705804589e-01
1.000000000000000000e+00
-1.000000000000000000e+00
3.419085129239580745e-01
-1.000000000000000000e+00
1.000000000000000000e+00
1.000000000000000000e+00
1.000000000000000000e+00
1.000000000000000000e+00
-4.229041990616315694e-01
-1.000000000000000000e+00
-1.000000000000000000e+00
-1.000000000000000000e+00
-1.000000000000000000e+00
-8.729024882991461842e-01
1.329302659916196117e-01
1.000000000000000000e+00
1.000000000000000000e+00
-4.760148555868459752e-02
1.000000000000000000e+00
-1.000000000000000000e+00
-1.000000000000000000e+00
-9.765483101585470394e-01
2.818591759308470834e-01
9.449268452129185869e-01
-9.711463903939664410e-01
-2.435316362662590661e-01
7.660858136712053179e-01
1.000000000000000000e+00
-9.745065486141021305e-01
1.000000000000000000e+00
-7.517204560350032594e-02
-2.397862072920353693e-01
-1.000000000000000000e+00
3.476875476327820902e-01
-1.000000000000000000e+00
2.551582577605021052e-01
-1.000000000000000000e+00
-1.000000000000000000e+00
-3.923378378157275082e-01
-1.000000000000000000e+00
-3.380419209126408475e-01
6.930452245027308722e-01
-5.220151562869113082e-02
7.844833113517289958e-01
1.000000000000000000e+00
-5.120997454910737323e-01
1.000000000000000000e+00
6.491191291143925124e-01
-4.308412080439358860e-01
9.478622642382572572e-01
1.000000000000000000e+00
-1.000000000000000000e+00
-1.000000000000000000e+00
8.493083030548296275e-01
1.000000000000000000e+00
-5.799786101418364925e-01
-2.099515050232023672e-01
-1.000000000000000000e+00
1.000000000000000000e+00
-1.000000000000000000e+00
2.535695763874590281e-01
-1.000000000000000000e+00
9.445716820138624903e-02
7.131258004922151894e-01
6.127930999990941485e-01
1.116885480385186313e-01
3.660610873428955525e-01
-1.000000000000000000e+00
-1.000000000000000000e+00
9.819439029613545866e-01
6.419196109819601537e-01
-1.000000000000000000e+00
6.773685182584469056e-01
1.000000000000000000e+00
-1.000000000000000000e+00
-1.000000000000000000e+00
-2.570440882786948489e-01
-9.461619315263620766e-01
-1.000000000000000000e+00
1.000000000000000000e+00
-1.000000000000000000e+00
-3.713568756385959846e-02
1.000000000000000000e+00
3.635424158997159205e-01
-5.659047882802465956e-01
-1.000000000000000000e+00
-6.649904738898819723e-01
1.919813415006231261e-01
-3.750156479501068896e-01
-7.657916921907734764e-01
-1.000000000000000000e+00
-1.076930445461095065e-01
-9.742235454205522283e-01
-1.000000000000000000e+00
-1.011761084846043435e-01
1.000000000000000000e+00
-3.454886934012832977e-01
-1.000000000000000000e+00
-3.864330979867747762e-01
-7.216916097057594071e-01
-1.000000000000000000e+00
-1.826275535786739956e-01
1.000000000000000000e+00
1.000000000000000000e+00
1.000000000000000000e+00
4.536867455022058349e-01
1.000000000000000000e+00
6.245804043849587650e-01
1.000000000000000000e+00
-7.831413635005677332e-01
-6.869123002367112374e-01
5.865667934571957565e-01
-7.430331311961573260e-01
7.146618404673632519e-01
-1.000000000000000000e+00
-1.000000000000000000e+00
2.642752294516618194e-01
-9.527786858726527974e-01
-4.193171048306625348e-01
4.678401163951717567e-01
7.703403615495658663e-01
9.629520878695838615e-01
-1.000000000000000000e+00
-1.000000000000000000e+00
-1.097624785465938224e-01
-6.553086446110134577e-01
1.000000000000000000e+00
-1.348944495831293500e-01
6.499400220617961299e-01
1.247307547226873259e-01
1.000000000000000000e+00
-1.000000000000000000e+00
5.410538934546781364e-01
2.637099501675337354e-01
5.433339928821386833e-01
-1.844992239162701053e-01
-8.561814859173765280e-01
-6.567801899503533658e-01
1.000000000000000000e+00
-7.970803845618139594e-01
-9.046881497053542720e-01
-2.249257190593244027e-01
4.084105886285636089e-01
-4.035128540951893328e-03
1.000000000000000000e+00
1.000000000000000000e+00
-1.000000000000000000e+00
5.219389825278124562e-01
-7.539737215418840233e-01
-7.246198149254714505e-01
8.297458910425967726e-01
1.000000000000000000e+00
3.550588428277217656e-01
-1.000000000000000000e+00
5.776649824991686444e-02
-5.219825476387547347e-01
-1.000000000000000000e+00
-5.728155435838329090e-01
1.000000000000000000e+00
6.954316153796673561e-01
1.000000000000000000e+00
1.000000000000000000e+00
-9.065595769840257834e-01
5.588483345728763041e-01
-1.000000000000000000e+00
1.000000000000000000e+00
-9.666195488916192735e-01
3.156061235305142598e-01
-1.000000000000000000e+00
1.000000000000000000e+00
-6.806605134482113240e-01
-1.000000000000000000e+00
-5.458571135083754022e-01
-1.000000000000000000e+00
-4.159110244668230427e-01
7.991937164118328996e-01
-1.000000000000000000e+00
-8.367681245889246888e-01
9.725554416069466246e-01
-9.547712748151927498e-01
-4.981671618911595045e-01
-4.798469829611422544e-01
1.000000000000000000e+00
-1.594211324981316125e-01
1.000000000000000000e+00
-1.240957048457900225e-01
1.000000000000000000e+00
5.353841503788892009e-01
6.277347300619400272e-01
-3.274248357338800930e-01
-1.113261217174142392e-01
1.000000000000000000e+00
-8.805581561648039290e-01
-6.992823142856573471e-01
1.000000000000000000e+00
-1.085910238605873879e-01
-4.006927626901640727e-01
-1.000000000000000000e+00
-9.985088277611295915e-01
-1.000000000000000000e+00
-6.916274292476441987e-01
8.039571926914462763e-02
-1.000000000000000000e+00
2.605012429096142945e-02
6.890563615962836952e-01
5.059999005346649259e-02
3.378487191595032080e-01
-9.749240819119575630e-01
-1.000000000000000000e+00
-7.065252662185619315e-01
-1.000000000000000000e+00
9.866336172550631556e-01
1.000000000000000000e+00
-1.501589213894863883e-01
-5.429696050604129187e-01
-5.777513432245868774e-01
9.585839530709484579e-01
-1.000000000000000000e+00
-4.919103603061244501e-01
1.000000000000000000e+00
-8.574918407062172010e-01
9.502716271719304775e-01
-1.000000000000000000e+00
-7.314470959678573969e-01
-2.445538465877739043e-02
-9.473752324914247458e-01
-1.735404121347678963e-01
9.544881594534462277e-01
1.000000000000000000e+00
9.218692064608389192e-01
-1.000000000000000000e+00
7.595620789092272229e-01
-1.000000000000000000e+00
-1.533872646811629270e-01
-1.000000000000000000e+00
-1.353282171363585640e-01
-7.067097116413247893e-01
-8.877423695224251343e-01
-8.347821956694461143e-01
-1.000000000000000000e+00
-8.745370720480075688e-01
1.000000000000000000e+00
9.357742245138990222e-01
1.000000000000000000e+00
-5.255983272041022669e-01
-6.032548303337328388e-01
7.269934800995524471e-01
-1.000000000000000000e+00
1.000000000000000000e+00
-8.416098684273891628e-01
-1.000000000000000000e+00
-1.000000000000000000e+00
1.000000000000000000e+00
-5.649163093549562920e-01
1.000000000000000000e+00
-1.000000000000000000e+00
4.764412444083143683e-01
-9.317552508715561954e-01
-9.842264757224395977e-01
1.000000000000000000e+00
-1.641933823483068267e-01
1.000000000000000000e+00
1.000000000000000000e+00
3.215639109715171529e-01
1.000000000000000000e+00
-1.000000000000000000e+00
3.582485640991813214e-01
1.000000000000000000e+00
-1.000000000000000000e+00
4.098692204381068627e-02
-5.891922812597005787e-01
-1.000000000000000000e+00
-9.061016526342048349e-01
1.000000000000000000e+00
-1.000000000000000000e+00
3.258299434086739943e-01
3.744560986473191022e-01
1.000000000000000000e+00
8.039215681474385367e-01
-1.000000000000000000e+00
-3.904592548346468295e-01
-1.000000000000000000e+00
8.253918977684544522e-01
5.123187452717380408e-01
5.229434737613989359e-01
1.000000000000000000e+00
-7.070661996696496754e-01
-2.894391598397803023e-01
-2.802414606070855463e-01
-1.000000000000000000e+00
1.000000000000000000e+00
1.000000000000000000e+00
1.000000000000000000e+00
-1.000000000000000000e+00
-1.363209409579438647e-01
-1.000000000000000000e+00
6.038221464817432604e-01
4.164997412036360869e-01
1.000000000000000000e+00
-5.049647832381251034e-01
2.805659838850356191e-01
1.000000000000000000e+00
1.000000000000000000e+00
1.100622368617706903e-01
-6.444172923993748414e-01
5.631491210056824848e-01
1.000000000000000000e+00
1.000000000000000000e+00
-1.000000000000000000e+00
1.000000000000000000e+00
1.072372880200113121e-01
9.965064401811640771e-02
1.000000000000000000e+00
-7.493580275314298822e-01
4.209682960655488637e-01
-1.000000000000000000e+00
6.227304888494078483e-01
-1.000000000000000000e+00
-4.887122151772482770e-01
-1.000000000000000000e+00
1.000000000000000000e+00
1.000000000000000000e+00
-2.254488783473049263e-01
-6.007108220978281121e-01
-7.832399399825684672e-02
6.798301677309479540e-01
6.646857233439719126e-01
-1.000000000000000000e+00
-4.792976195392292249e-01
-9.002137922673556503e-01
-4.079165516269334102e-02
2.904619529991905313e-01
1.488433983416304063e-01
-7.484890666881882648e-01
6.756863229939414905e-01
-5.882205847399938348e-01
-1.000000000000000000e+00
1.768636091579247061e-01
-1.000000000000000000e+00
1.000000000000000000e+00
6.571571681813457300e-01
-1.000000000000000000e+00
1.000000000000000000e+00
1.000000000000000000e+00
-1.000000000000000000e+00
-4.386134371503356277e-01
-1.000000000000000000e+00
2.590002472280255041e-01
-7.283008846822343063e-01
-6.218210125524894494e-01
1.000000000000000000e+00
2.789417593829577324e-01
9.496958393581299562e-01
-1.000000000000000000e+00
-7.947535489618093862e-01
-1.000000000000000000e+00
7.088694336101666327e-01
6.435758009955703240e-01
5.531047936009383381e-01
1.000000000000000000e+00
1.000000000000000000e+00
1.000000000000000000e+00
-5.542054406138707812e-01
1.000000000000000000e+00
3.902017262032930756e-01
-5.478967843889968048e-01
-1.000000000000000000e+00
1.000000000000000000e+00
6.557465250761980169e-01
1.000000000000000000e+00
1.084067294913875629e-02
-1.000000000000000000e+00
1.000000000000000000e+00
6.254770566461651526e-01
6.517331750191983630e-01
3.842191968984383088e-01
-1.173313474430713876e-01
-7.348510004281169072e-01
-1.000000000000000000e+00
1.000000000000000000e+00
8.750361635769050572e-01
1.000000000000000000e+00
-7.466825525163710564e-01
1.000000000000000000e+00
2.192588667989374684e-01
-4.938863717283580312e-01
8.725251628187211672e-01
-1.000000000000000000e+00
2.640933200098727340e-02
-1.000000000000000000e+00
-6.979429787042794597e-01
-2.185947965115189184e-01
-7.184245922810884588e-01
5.579800763970450550e-01
-1.000000000000000000e+00
5.642630650458904107e-01
-1.000000000000000000e+00
-9.760981676998139456e-01
-1.000000000000000000e+00
-4.106870983727306523e-02
-8.980325927712586864e-01
-1.000000000000000000e+00
-2.948032636786157568e-02
1.000000000000000000e+00
-1.000000000000000000e+00
-1.000000000000000000e+00
-2.960692345365145695e-02
9.934743440158899652e-02
1.000000000000000000e+00
-1.000000000000000000e+00
1.000000000000000000e+00
-1.000000000000000000e+00
-4.003444672486080602e-01
-8.612268543437446855e-01
-1.000000000000000000e+00
2.956648854890938649e-01
2.054997420990391510e-01
1.000000000000000000e+00
1.000000000000000000e+00
1.000000000000000000e+00
2.106023267077625771e-01
-8.136796970104031024e-01
-6.897387779374610783e-01
1.000000000000000000e+00
-6.809806178657199505e-01
8.935448758080102305e-01
-2.333884857352824804e-01
-7.750467037690075278e-01
-5.486439623135330734e-03
5.947724370445497399e-01
4.355432828454062211e-01
2.441274551473769927e-01
-1.000000000000000000e+00
1.000000000000000000e+00
-7.584989294983843777e-01
-1.000000000000000000e+00
-3.337561739864833843e-01
-5.601842311972893285e-01
9.347668727292575142e-01
-1.000000000000000000e+00
1.000000000000000000e+00
6.624323338222704027e-01
-2.703875504484415937e-01
4.337468120425592710e-01
-1.000000000000000000e+00
-1.910289090911637677e-01
-1.436026855849479311e-01
4.498846136641971305e-01
1.234600421769614931e-01
1.000000000000000000e+00
1.000000000000000000e+00
-9.200711051234387039e-01
1.000000000000000000e+00
9.672366193909052168e-01
2.397510608379155861e-01
1.000000000000000000e+00
3.092328971366901103e-01
-1.000000000000000000e+00
-3.334648071612262843e-01
8.094840708186941125e-01
-4.951418319289928593e-01
1.000000000000000000e+00
-4.730129799980569705e-01
3.937240434775862719e-01
1.000000000000000000e+00
-6.431027996547034054e-01
5.176518753287514540e-01
4.646656567449258812e-01
6.558222462934693020e-02
3.579526376067870275e-01
-1.274674089490337447e-01
1.000000000000000000e+00
-1.000000000000000000e+00
-7.043472242648183279e-01
3.555849076684446386e-01
3.908085534230076874e-01
-1.000000000000000000e+00
4.815377564279507694e-01
1.000000000000000000e+00
6.030921502451727090e-01
3.117010724140591993e-01
7.480042458185462984e-01
-6.148512245853290370e-01
3.763595299838886632e-01
1.000000000000000000e+00
-4.481587432216146971e-01
-8.635437477484354529e-01
1.000000000000000000e+00
-2.870203073125690563e-02
-1.000000000000000000e+00
8.873076204006449252e-01
1.000000000000000000e+00
-7.550462906787356321e-01
-1.000000000000000000e+00
-1.000000000000000000e+00
-1.000000000000000000e+00
1.000000000000000000e+00
1.000000000000000000e+00
5.428459831563634541e-01
1.000000000000000000e+00
-1.000000000000000000e+00
8.267992845404438240e-01
5.350704092467237771e-01
-1.000000000000000000e+00
-6.580543353587279265e-01
-4.052133145186338492e-01
-1.000000000000000000e+00
-1.421170210752444873e-01
-3.315618765670289569e-01
-1.000000000000000000e+00
-5.349397952211814022e-01
-1.000000000000000000e+00
-1.000000000000000000e+00
1.000000000000000000e+00
-6.993563822540028729e-01
1.000000000000000000e+00
-9.020751386403980110e-01
4.462684723034415768e-01
-5.560748897354531595e-01
2.659388324502276468e-02
9.618277461493989211e-01
1.000000000000000000e+00
1.000000000000000000e+00
-1.000000000000000000e+00
-1.000000000000000000e+00
-1.000000000000000000e+00
-1.114403565012856978e-01
-2.178911821747457345e-01
1.179960552933991824e-01
-1.000000000000000000e+00
-1.000000000000000000e+00
9.761753607792595933e-01
9.232930679022325338e-01
-1.000000000000000000e+00
-3.241235818573039440e-01
1.000000000000000000e+00
-2.169132498560099875e-01
-4.802889813892131654e-01
-7.880610386375048737e-01
-1.000000000000000000e+00
1.000000000000000000e+00
5.080880917582165646e-01
9.468384310326585229e-01
1.000000000000000000e+00
5.705483895322627230e-01
-4.807570340505166184e-01
-1.000000000000000000e+00
-6.051227871843516404e-01
6.108058015004276253e-01
-1.000000000000000000e+00
-8.304678384103357791e-01
-3.534696341907872519e-02
8.087745201110385640e-01
-5.286433792494229511e-01
1.000000000000000000e+00
1.000000000000000000e+00
-7.357855046044226022e-01
-3.363330864460907232e-01
-7.933508643072878508e-03
4.594656725595306357e-01
1.000000000000000000e+00
1.000000000000000000e+00
1.000000000000000000e+00
1.000000000000000000e+00
5.099371094474036692e-01
8.568058689840747366e-01
5.147105181235662741e-01
-2.533749029465757197e-01
1.000000000000000000e+00
1.663079237751164396e-01
-2.101186110225805592e-01
-1.000000000000000000e+00
6.060035335857307803e-01
-1.000000000000000000e+00
-1.000000000000000000e+00
1.000000000000000000e+00
-1.000000000000000000e+00
-1.000000000000000000e+00
4.602613991251577330e-01
1.000000000000000000e+00
-2.000484039992840302e-01
-4.721674712656701578e-01
-1.000000000000000000e+00
-1.000000000000000000e+00
-4.174133716003852745e-01
1.000000000000000000e+00
-1.000000000000000000e+00
-1.000000000000000000e+00
-2.091728865206463617e-01
-1.000000000000000000e+00
1.000000000000000000e+00
1.000000000000000000e+00
-1.000000000000000000e+00
-1.000000000000000000e+00
-4.030267580449220510e-03
-5.755959602744470383e-01
-1.000000000000000000e+00
-1.000000000000000000e+00
-1.000000000000000000e+00
-1.000000000000000000e+00
7.269671664768786457e-01
1.000000000000000000e+00
1.000000000000000000e+00
-1.586754169792581048e-01
-1.000000000000000000e+00
-1.274896962431821823e-01
-2.712477418613080671e-01
6.552071907886460878e-01
6.696362872964611856e-01
4.019706015988860903e-03
-7.847725336773972993e-01
1.000000000000000000e+00
-4.370403057160568427e-02
1.000000000000000000e+00
3.541244867414261588e-01
1.000000000000000000e+00
-2.348043217499561353e-01
1.000000000000000000e+00
1.000000000000000000e+00
1.000000000000000000e+00
-1.000000000000000000e+00
1.000000000000000000e+00
-8.200312217611248622e-01
-3.465197724206225960e-02
-1.000000000000000000e+00
-9.496636639719979733e-01
-1.000000000000000000e+00
-5.849624322222093387e-01
1.000000000000000000e+00
8.038001191676926727e-01
-4.471027584158870916e-02
7.842842540171224286e-02
9.693492815948567820e-01
-1.000000000000000000e+00
4.296254543147124960e-01
