3.942431476484297703e-01
2.520286852615121198e-01
2.732651890149691565e-01
-1.584354577077668746e-01
-1.369510406748822851e-01
7.358416437570329538e-02
-3.200185283656455382e-01
9.093797635492838205e-02
-2.540036218181322969e-01
-1.874056951834565388e-01
-6.365633800932685160e-02
4.367995543648320322e-02
-1.794062989077180315e-01
-1.125707959852886575e-01
-6.983435138399793352e-02
-1.194490447140535427e-01
-1.517645917552035151e-01
4.903216139670930895e-02
1.631608591601110270e-01
3.283714212562330870e-01
-1.038666324228318671e-01
1.021421535325988013e-02
-1.933730941300407236e-01
-1.047979353289554307e-02
-1.984599484501594624e-01
-4.302585189301392776e-01
-3.167055945658502902e-01
9.771269299785990958e-02
3.874466034612103482e-01
-1.769362043823407421e-02
4.997332600013829756e-02
1.468624600355611766e-03
1.203055695348770049e-01
2.823665101059670557e-02
-3.965572324420237049e-02
-9.205085635349555262e-02
5.704941352180940839e-02
-8.896043170183663695e-02
1.008259293930724998e-01
-1.699177183183939732e-01
4.363743014656198266e-02
-5.193515378412771888e-02
-2.985290326691408813e-01
-3.073885629942632036e-01
5.668806768617302982e-02
-1.355708540188850786e-01
-2.340228663463588821e-01
-1.375859470401812334e-01
-2.252450456084978125e-01
5.390094982419624606e-03
1.442044168820273142e-01
-3.449204913950944251e-02
3.880031432785405882e-02
2.692720749252660584e-01
-4.428586521633778167e-02
3.706614146559358836e-01
3.043443473292725687e-01
5.182608886186062906e-03
-2.507304418080485431e-01
2.479737414080059391e-02
-2.508257411078883004e-01
2.958306747257327118e-01
-2.065712379108212149e-01
1.345154381558101853e-01
-2.208968452435614571e-01
1.174256574279922000e-01
-2.572598003415059176e-01
1.200927691175659451e-01
9.907696578213624761e-02
1.733015184149837573e-01
-3.050042658441485810e-01
-6.886794426200803718e-03
-1.939404104054629624e-02
4.502355022604780099e-02
-5.163853886753567296e-02
1.632703039664892553e-01
1.283241461209871093e-01
2.206346745568420198e-01
-2.601887697282331130e-02
-3.308930681563695964e-01
-3.517834781696976831e-01
-8.572307765453116013e-02
4.627648256338752486e-02
-1.797845235124362617e-01
1.987273169594535108e-02
-1.236581910473425056e-01
9.095254593983323477e-02
-4.168225375808284894e-01
6.854215536084735938e-02
1.761579484637451065e-01
-1.999156010633617586e-01
-1.971196056852053680e-01
-1.632051101530509751e-01
2.635884715410801160e-01
-4.076261270120912217e-01
8.098927634379483875e-02
5.046232831346004755e-01
-1.753549023165156678e-02
3.671840894721926096e-01
4.748662952829944828e-02
-2.426322268670555449e-01
-5.369320166413030226e-02
-2.713552666048103523e-01
8.139916194426154161e-02
1.773115378711677126e-01
1.642035904649721545e-01
-2.059666034848635710e-02
-1.253674394250133273e-01
-8.991156994178119144e-02
-3.499720493275638722e-01
-1.669565136967825492e-01
1.805368705082019687e-01
1.360522803363964639e-01
-5.888025675281516325e-02
-2.029918266541084204e-01
1.803667740559933633e-02
-4.794506636706661468e-02
1.295624687439673461e-01
-3.538457732155651514e-01
1.425035455406112039e-01
-4.721329017962522800e-01
2.081640588941146564e-01
2.992817891949174636e-02
1.705537535269806004e-01
4.679541598850366774e-02
-2.302463340333364000e-02
-1.396165329942504196e-01
2.559106840957354745e-01
-2.659788924847757419e-01
7.708469674648010111e-03
-1.001325434892698374e-01
3.510533153228907466e-01
-2.791215990962656046e-01
-1.743481641995506259e-01
3.922227089523248056e-01
-1.422052228590173738e-02
1.227598476022813134e-01
-1.722709514233643491e-01
6.335453288090064916e-02
2.100381625289905463e-01
-1.838929707989359064e-01
-2.006174567672556197e-01
-4.552392010098741393e-01
1.781811296300563063e-01
-3.822675889561751722e-03
-1.405998768244708375e-01
-2.462575319995501666e-01
-2.826312746594029576e-02
-4.458022823057308792e-01
-2.480891605801951172e-01
2.610346511829204075e-01
2.554421301673423517e-01
7.838676152119997131e-02
-3.359846486190345427e-01
3.585366409227557644e-02
1.346737159336674206e-01
9.606409199493659568e-02
-1.860861310778493764e-03
-3.567252369007208324e-01
-6.090016178922097456e-01
8.721239839022794371e-03
4.792470088495651703e-01
-2.375167687854727316e-01
6.503437667663389266e-02
3.505021810853489045e-02
-7.717450749119106335e-02
-1.497650324549007483e-01
1.156781916610011562e-01
5.976351802173020950e-02
-2.374708105413239449e-03
5.547108262357343562e-03
1.704622142393545647e-01
-3.014232838333116837e-01
2.327892083495111952e-01
-7.601281563458382740e-02
-1.003519048449741657e-01
2.070754105867674000e-01
-6.440363512386476641e-02
1.516054064802066781e-01
2.897166564275717171e-01
3.604294991261541153e-02
-5.551936725137929241e-03
7.675700204128567405e-02
-3.500109011899996680e-01
3.656318683773371325e-02
2.018930286403253227e-01
-1.557179443892751647e-01
-2.485232794372359555e-01
-1.548063788169598831e-01
1.175899669554979071e-01
-2.279069617454677898e-01
1.373289203611587073e-01
2.280978347923483945e-02
-1.675410051635899122e-02
2.644956582863545146e-03
-2.362776519356913352e-01
2.370810307156207691e-02
2.079393345539314736e-02
2.148884927713253234e-01
8.868902040085716032e-02
-3.380622732080458270e-01
3.046720359877792550e-01
1.709022084982356193e-01
-1.357290493742813742e-01
-1.533193476566840907e-01
-2.078356192757670473e-01
-1.028706419398057459e-01
7.967670677303442806e-02
-7.784908009042938726e-02
-1.256762106229690479e-01
6.889069333633213339e-03
-3.861700260782883198e-01
-2.722461055054966050e-01
4.130894844380314512e-01
1.857153523937335737e-01
6.038784514997260627e-02
-2.006794392497324511e-02
-4.310643707017188797e-01
1.805019530581433718e-01
1.730612226790948227e-01
3.943299228619527863e-01
2.102376197237940808e-02
9.934190771647381790e-02
1.521059998633961241e-01
2.405900689559888894e-01
-2.499965915836702829e-02
9.122170847742176736e-02
-2.650667345418608600e-01
3.811776632668759657e-01
1.057176708062449455e-01
-2.757406878500202052e-01
-3.859227878450864901e-01
4.648657463329851636e-01
-1.346908902988716294e-01
-2.271438331212247974e-01
6.457648189456424714e-02
2.396887636946895828e-01
3.960869346552482045e-02
-5.761433719327066494e-02
-1.063785041554034805e-01
1.389032530755048012e-02
-1.824987448485133057e-01
-4.481453765137152212e-01
3.474347562960685143e-01
-8.658539756618603700e-02
1.103568764568769733e-01
-1.267181401607301583e-01
-1.608307105538282766e-01
1.718016952444862550e-02
-8.673345621189332277e-02
6.945003944959625419e-02
-4.716782968398224030e-02
-4.848489534281207880e-01
3.783957636930483925e-01
-5.490200229972182905e-02
-7.849523530357298273e-02
1.957434878090280883e-01
-1.707928577566867889e-01
-4.931641011929145946e-01
-1.837725096481953313e-01
2.238268906101855138e-01
-8.284328481308358277e-03
1.427854092891927829e-01
-6.022340773914360706e-02
-7.810358981404912082e-02
-1.448058831601838625e-01
-2.135507568737756989e-01
-2.076771418121509949e-01
-1.331096704151167875e-01
-2.128192809312547396e-01
2.282095664021814574e-01
-1.370318924962441176e-01
1.734205332062070393e-01
-4.379365688271228546e-02
-3.356410990814732986e-02
-1.490941560572407454e-01
2.257996713053004104e-02
-1.504973401496535190e-01
-2.135927792189782071e-01
-4.983179652240862789e-03
-1.500416466611325939e-01
2.846328437860660282e-02
1.873947474625468901e-01
8.352166770958630027e-02
-8.576173248051004172e-02
-1.377684065624988352e-01
4.799711866833836771e-01
-1.668406525665157292e-01
3.129732232587232876e-01
-3.678551118350430194e-02
-1.049462269449331908e-01
8.987966635097051349e-02
6.898671818681718221e-03
1.085976662077796535e-02
-2.776141082441739294e-01
1.748572480623629688e-01
-1.249488227923896411e-01
-3.707524093793411746e-01
-2.000104100075829061e-01
1.153951900552501256e-02
1.397064235078121497e-01
-6.584444250112635177e-02
-2.209085071057880212e-01
9.999496860696897860e-02
3.536266173294608239e-02
5.685702141819243965e-02
-1.074095909494392070e-01
8.018019287968002062e-02
-2.222627987866082067e-01
2.941339758404089288e-02
8.627375484154976848e-02
-1.283238459635588913e-01
5.646461743925878379e-02
3.510942442748584691e-01
-2.425760213939673060e-01
-2.877445835703118515e-01
-1.893168572686398377e-01
3.702618393312175904e-01
-2.669027677238271501e-01
-4.968862077487182227e-02
-2.767276023120810932e-02
-6.413912993502028648e-02
-1.079080920985172748e-01
-1.652033883071691023e-01
-1.860998043336150320e-01
-1.589475654386836301e-01
-1.120054357554520486e-01
4.258595952919241312e-01
-2.738509763837106981e-01
6.172627252376660517e-02
5.135709149340835639e-02
-1.336290507788220894e-01
1.561289808511413524e-01
-2.288557074146247150e-01
-4.463979365081796047e-01
6.856680023594827200e-02
-2.280918959379414079e-01
5.078719594407795496e-02
-1.400976007295870740e-01
4.028919390207762463e-01
-2.531210474591040760e-01
-7.618255752824765192e-02
-6.698748520962843900e-02
5.299435492114432655e-01
8.474108378780735020e-04
2.443107615581028846e-01
-1.192493159894893462e-01
-1.247993292205930721e-01
-2.425381875084045846e-01
8.380720001745366188e-02
-1.822152885360340743e-02
-4.573134254718599911e-02
6.738326795697623106e-02
2.233959154181770768e-01
-2.972246996914875150e-01
-2.493115627898615239e-01
1.248433353106518096e-01
4.254561671027137781e-02
-2.269699044164424639e-01
2.252762961591456004e-01
1.854951526836722264e-01
1.429706075780234065e-01
-2.302223284283306248e-01
-1.242526983026908810e-01
-4.517562976113294500e-03
-2.040493218414364540e-02
1.085659786793684717e-01
1.200198996471008445e-01
-6.789822162126225684e-03
3.662878583285534423e-02
-1.171821183611136130e-01
-1.956867361167770813e-04
8.936862294833781972e-02
-1.469793187313973015e-01
8.974522733021003673e-02
-1.168361104613388768e-01
3.765113953409333081e-01
3.131409807622476116e-01
-4.117594252634002028e-01
1.990549971165972154e-01
-8.362475179797522473e-02
9.650043635650776275e-02
2.403028801953753513e-01
4.214779847573488780e-01
3.743189181288423262e-01
1.490596393871124886e-02
4.363268775024193857e-01
2.706702420689702793e-01
-1.708427015868133753e-02
-1.201145111494109907e-01
-2.659921421412566600e-01
-2.473375834866422540e-01
-1.166677224856272482e-01
-6.210431048396038156e-02
-1.041448787734998299e-01
2.155325492417537181e-01
-8.348221108735150511e-03
-2.162335699335580785e-01
-5.675166934514194184e-01
-3.531959749242268853e-01
2.767542823023472764e-01
2.555753385873843486e-02
-3.511848748633319972e-02
-3.380569351183006499e-01
3.262433656384354230e-01
2.491008124202803986e-01
1.109845563834705034e-01
7.968761463291748615e-02
1.632689115302506100e-01
-7.731419131836880787e-02
2.240664321563090866e-01
3.049256573146803539e-01
1.748464374041945046e-01
-2.144381555702711550e-01
3.427948813331060940e-01
-1.290397855912369662e-01
-3.044519551529650814e-01
1.494585332904824482e-01
-2.201683300528055331e-02
2.728802826560737249e-01
-1.670269470044219995e-01
2.005546105975508087e-01
2.113497823752325533e-01
3.964889141503026293e-01
-3.718306685970035330e-01
5.225085958544038039e-02
-4.599254697978188977e-02
3.489849864986001304e-02
2.287907678815355728e-01
2.029779538304977982e-01
-3.728689259656210453e-01
2.688973474343489545e-01
-4.511121480407580958e-02
-3.930259578463207171e-01
-4.384617264986057084e-02
-2.049288607369121606e-01
-3.969556318477243662e-01
2.451009882119359884e-01
-2.948354872002695859e-01
-1.686662138499974428e-01
-3.102544276474846208e-01
1.034554023437899983e-01
8.468264569823739929e-02
-1.962238708949616550e-02
1.060424127487348128e-01
-5.275153656494945276e-01
-1.149922155636204923e-01
-9.326421378153082475e-02
2.215052241865317698e-02
4.374197672845065719e-06
-8.269644300400198766e-02
7.468566992185860648e-03
-1.183561544223818082e-02
-8.344805059027234073e-02
9.336289468100794631e-02
-1.609235488626122867e-01
-2.229593148722038565e-01
2.487491798491472395e-01
-1.970979522773098624e-01
-1.197802263139191858e-01
1.729406896987454104e-02
3.983276822036960207e-01
-1.461665373493922226e-01
1.091628554007779556e-01
-8.980520897485823328e-02
2.159842373912091440e-01
1.579173511752520465e-01
1.426477191092550556e-01
-1.531966661747864999e-01
-1.697419706824133123e-01
1.414432130383089931e-02
-2.811443010366188600e-01
-1.455872163269898434e-01
-2.270585009356050621e-01
1.206757851602657285e-02
-2.113652044124189264e-02
3.043481293580254099e-01
5.182007523429111862e-01
2.612623844288931504e-02
1.191950419742356243e-01
-2.202092015089110177e-01
-7.840952741339142495e-02
3.227105030072197067e-01
1.523390447969396599e-01
-1.689639497434048954e-01
2.608324674742562577e-01
-2.758644242765248902e-02
-2.093558037374434466e-01
-1.020059157743982148e-01
1.249832144267990081e-01
2.305128449911630628e-01
-2.147295838504821308e-01
-6.443654714094444735e-02
-1.484788445426658554e-01
2.221440644931601816e-01
-3.621342430360243170e-01
-1.926384117329913714e-01
-6.535135594671064030e-02
3.940156954257546112e-02
2.100385100827992513e-01
-1.584272650661014414e-01
2.184667015644267407e-01
9.836935425829594626e-02
-1.458105881318426944e-01
-3.119665219243868415e-01
-2.688780489001659224e-01
1.355729946785753925e-01
-4.271143375272832415e-02
-1.745600604066242789e-01
4.744595577532464276e-02
1.941302943468559139e-01
-4.032504526525831356e-01
8.422923241153869311e-02
-2.428315036609127453e-01
5.016151164191866990e-02
4.997897020364884257e-01
1.367608162909418057e-01
-9.275076099144430666e-03
2.405203583685073046e-02
-3.494971395785883006e-01
-2.101053329424155958e-02
-5.636583518629074974e-02
3.267324757347975228e-01
8.626290741810359666e-03
1.863458457401105939e-01
-2.202813625549504897e-02
4.908362369813020210e-01
2.087161514726005307e-01
3.680153120252848686e-01
5.405034172459459441e-03
1.488851067666266126e-01
-1.722954204016340640e-01
3.230297507773077226e-01
7.610610013089837145e-02
-3.029859934541718203e-01
-2.492928069057234394e-02
2.658901668023613829e-01
-5.650892485129022091e-01
1.954299552459506928e-01
7.834756353411426004e-04
2.579124126505111247e-01
-5.496723085858500751e-02
4.735429768209222651e-02
4.401719075505695633e-01
2.849472607609825903e-01
2.140768358081517400e-02
1.958150807208302591e-01
4.334762916162799296e-01
-2.477192258231711020e-01
1.415925119245430852e-01
7.074061449639498789e-02
2.746758165218966125e-02
4.226167937094680860e-01
2.672459717490414666e-01
8.860007302229425119e-03
2.222282240723279234e-01
-2.992550221713913272e-01
2.716321788667739323e-01
1.854607613440271419e-01
-4.104999954030043030e-01
3.678520899029556479e-01
-3.041755840512760933e-01
-1.420594267021277890e-01
-1.485727690725095473e-01
9.083693491027867994e-02
1.491558821173629146e-01
-2.063205998584353718e-01
3.519521808846251543e-02
2.453591449332781504e-02
2.617630904085200827e-01
1.889082499927225434e-01
-3.609766160295856396e-01
-2.144351020420122711e-01
3.230390212304016379e-02
2.222296262268755873e-01
-8.522585114827931074e-02
-8.441235895594052796e-02
1.623410238833706276e-01
-1.774074005487250305e-01
2.252376279940827841e-01
-8.435452836954519112e-03
3.608909523931329300e-02
-3.937162176969216665e-02
1.193595083004357488e-01
-1.492134452191079819e-01
-2.366787150516176316e-02
-2.426791686203487453e-03
9.181989893551641135e-02
-3.005309504581877844e-01
1.702472252093985006e-01
-2.888404520921528662e-01
1.589292527716150150e-01
3.566253281621143412e-01
-1.613452269041829590e-01
-1.622439974804629204e-01
5.381047096839195604e-02
-2.868696771674873469e-01
-2.146109320583650948e-01
5.745714555470052970e-02
-2.827572126404588881e-01
9.049374622570265092e-02
-2.032766328074307183e-01
-1.095400997478166299e-01
1.823440146536130582e-02
-3.285193405934316857e-01
1.883024113754055429e-01
-1.812502107753725666e-01
-2.946640487136941711e-01
-5.282594699864164717e-02
-4.443605799179822097e-02
-1.604488781858667140e-02
-1.281413248958624684e-01
1.960141692259182722e-01
1.902059720288205580e-01
5.380312591885717116e-02
1.706116361589169947e-02
9.349865643738222709e-02
-2.966611489305333027e-01
-5.405761928884353917e-01
-3.991263953381037899e-01
1.448077201830970662e-01
-3.083993536349861064e-01
2.140958314535588436e-01
-4.122578894099357960e-01
-5.789788974326663673e-02
3.678302687669249282e-02
3.189579527642704138e-01
-3.235272779197147230e-02
1.123296869320673658e-01
1.470958808203313428e-01
-3.854270025546388534e-01
1.720687970058474014e-01
-3.653723235353934506e-01
-7.476338665382355197e-02
5.878014691016085758e-01
-1.381755360341122840e-01
1.583257907382662200e-01
-2.961370857745132881e-02
3.623509243293122628e-01
-6.031418014228090430e-01
-3.339028230623956595e-01
7.611876708882503451e-02
1.664810322868640613e-01
-1.735534431943762945e-01
2.314054828413580622e-01
1.294389976477632875e-01
2.658606849384400062e-01
-1.034076115888742792e-01
2.617746674673917529e-01
2.126038849616047610e-01
2.340835133259289991e-01
2.020419954174194066e-01
1.631358361288422765e-01
-6.790702818216486081e-02
-3.147413287669734855e-02
-9.265178852952894728e-03
-5.622435354104989014e-02
7.433000600738440267e-02
-6.193454354599963185e-01
-4.424452836729349942e-02
-7.921989841413148992e-02
2.661918830370377798e-01
2.810227051567333947e-02
6.180606480863196778e-02
7.981029705091244320e-02
-1.415937566792560276e-01
4.058149734548394116e-01
2.382021216020376586e-01
8.781932269000158886e-02
-2.672229588047898563e-01
1.236703648333497829e-01
-2.243659453983616950e-02
1.352006793690758435e-01
-2.905813872903622360e-03
6.065234890548430735e-02
3.473037931633777831e-01
1.138080944832376568e-01
-1.049912900481234229e-01
6.741425560718893040e-02
6.011736399218031712e-02
-1.384613467388338959e-01
3.703531008909341504e-02
-8.567261994371884459e-02
4.836168465439522057e-02
-3.459503366513833611e-01
1.715424181353520372e-01
-4.824780949635343319e-02
-3.322489061794092757e-01
-3.610391510405505655e-02
-2.038644496273154041e-02
-2.549438161232928102e-01
-3.260812285124591869e-01
-4.990141748432850299e-01
5.677863980975863395e-02
-5.696969766690853504e-02
-7.789815318620982310e-02
-1.196876601439541277e-01
9.797348738833115689e-02
1.484927856591559125e-01
4.785530063710844439e-01
-2.986783022219445805e-01
-3.073249538636828038e-01
8.031382977095301301e-02
2.354390468239765388e-01
2.450560304942495105e-01
-1.530617175824526000e-01
-7.036350168817381845e-02
2.308508828780659328e-01
-1.412672456736308313e-01
-1.204229122853885114e-01
-1.781059028815263345e-01
1.130394449659876122e-01
1.844620012110758933e-01
1.184492389655763117e-01
3.766449839814178246e-01
4.904876891144619999e-01
-2.255550249884865910e-01
1.029713523882509058e-01
-1.255533243520918774e-01
-7.051321256665868398e-03
-1.885182204701976449e-01
-3.145960084973539739e-01
-1.120688307836047864e-01
-1.502501768016562822e-01
-1.163672561189167953e-01
-3.169875817918915151e-01
3.106522759175809889e-01
2.708951463867803056e-01
-2.557700066097424729e-01
-1.095255121833780820e-01
-4.520210499884490946e-02
-3.277950646854657091e-01
-1.870861738233498828e-01
-4.914595745927596848e-02
-3.983311941391284861e-02
-2.452690670456395688e-02
-1.441309180856328587e-01
-2.823207549495402799e-02
7.245275132459613743e-02
-2.940839039176700309e-01
-3.566510114270767806e-01
2.607435715294763590e-01
-3.669149696971981678e-01
2.631913628082024892e-01
1.848529117969278934e-01
-2.425322790554854668e-01
-6.414764708172815411e-01
2.915852326844245446e-01
-3.637734099603220309e-03
-8.433134513877363347e-02
7.561457808961331850e-02
1.156900065632571473e-01
1.329562162225516320e-01
-2.006730193613699420e-01
-1.868831049915538334e-02
7.525993475673911637e-03
-1.531223954909830820e-01
-8.678775357697963988e-02
1.666379001658135073e-01
3.577079363539431567e-02
2.628129672291973917e-01
2.776439956786644347e-01
-8.861592676562710102e-02
2.439464097084357436e-02
-6.862862726698604199e-02
5.115483735933079763e-03
1.257430451031626428e-01
-3.509655460342904487e-02
1.836129660645280381e-01
1.380117686756241746e-01
-2.776708008475725076e-01
-1.759995319994104440e-02
-1.563671621293764302e-01
-1.561636244136847818e-01
-1.168796768868560210e-01
4.055660092294859909e-01
3.329154834481338199e-01
-2.861154850942266847e-01
1.051668337217034066e-01
-1.418358084590364554e-01
3.832329125376260359e-02
-1.097105844022674276e-01
-4.385629667051566538e-01
-1.991548145826912419e-01
-2.918161584000294462e-01
2.889313933755262576e-01
-1.428400849277632349e-04
1.807373324109901383e-02
2.421482524856806984e-01
-9.736022527741318433e-02
3.354227632250646185e-02
7.024101209752545150e-02
-2.143672217354549159e-01
4.835633516956118760e-01
-2.310721456389034367e-01
4.801066438418891830e-02
1.917014155907818818e-01
-7.122049556717276186e-02
1.554452110425185440e-01
-1.162918968186533585e-04
7.121629384503294635e-02
-1.447684594627419163e-01
7.987174845835023906e-02
-4.185832087487918046e-02
-3.641194884396256257e-03
1.401652765087167962e-01
2.110568240129095385e-01
3.488875469798083384e-01
-7.499432868433146548e-02
-1.326165764557155416e-02
2.086526551140956490e-02
6.505311688625475819e-02
-2.305279338855445725e-01
2.292174678872773985e-01
9.025903676251445518e-02
-1.143980751929606771e-01
8.474065214258287571e-02
3.160998727899515248e-02
-4.328601486355632688e-01
2.248868587517227069e-01
9.088684003971345127e-02
3.893247388759553396e-02
1.229152214708374713e-01
-5.280589646459390996e-02
-2.256152321885680490e-01
2.003728782092114025e-01
1.705351223642770885e-03
9.696591165537279955e-02
1.463195953260200965e-01
-2.259555519923464040e-01
-1.506100684357705444e-01
-2.782804809015171355e-01
3.952173192149359693e-01
1.105050175885942815e-01
-2.356191576209109295e-01
3.907469116997401293e-01
1.114103386837075049e-01
-2.767453661246641605e-01
5.591156824909686573e-01
-9.199871506337385652e-02
1.572310891182258363e-01
-1.091124623505167340e-01
-6.636412767386486167e-02
1.850225155348495659e-02
-7.991897218135726733e-02
7.467710428745649720e-02
5.688006107955202034e-02
2.958971389454284062e-01
-1.431255107235900048e-01
1.082026503590969579e-01
-9.143796105376887640e-02
-1.313724744183850275e-02
1.109480017572035820e-01
2.083148940087123924e-01
1.593371325441681474e-01
-1.399505350520736657e-01
1.381550829665783298e-01
-1.524089583809063175e-01
-9.544418463669575303e-02
2.954731234624035086e-01
3.890575712244043194e-02
3.641501264853708175e-01
-1.611780980042206157e-01
-1.985157545818873881e-01
-1.996685254863979075e-01
-1.796771006031911422e-01
-2.533972901096926966e-01
-1.152179623054984947e-01
5.808550566361049272e-01
2.997809854517283559e-02
8.612676337007710292e-02
4.326901052079090704e-02
-3.537970801054163283e-02
1.889427713737223402e-01
1.542193691933520516e-01
-4.575703023835370892e-02
-3.512411882360141901e-01
1.183212939746058623e-01
2.166853903422981120e-01
-2.108977111031363760e-01
-5.953318977728632583e-02
-1.173684753352563850e-02
-6.978850540411620784e-01
-3.164485226758368408e-01
3.297449661759105921e-01
-1.944849107336047711e-01
2.201519061474999095e-02
4.030752231977619005e-01
7.161970645214142672e-02
-9.937244734785571909e-02
-4.019320682556500879e-01
8.513254252316315718e-02
9.629836087126876498e-02
3.844622022083057367e-01
-8.618966027705894650e-02
-3.671186848729113827e-01
-1.710428683622459978e-01
-2.116878303120229565e-01
1.719105256862275555e-01
1.069573891362508300e-01
-2.947249361459994277e-01
-1.771286833132771077e-01
1.021864228221504474e-02
-6.962404908109899593e-02
-1.127229269939045153e-01
-3.076952004217798908e-01
-1.648728511406805097e-01
2.898383218503700065e-01
-4.032552434362439153e-01
3.918421844346346439e-01
-1.991636218797349644e-01
2.483329164990055182e-01
4.415895618712928905e-01
-2.967422456789011176e-01
-1.126930382865391073e-01
-1.055908417014886219e-01
-1.853813610037893800e-02
-2.797915655333385598e-01
2.528289102888239270e-01
5.750975240950615547e-02
-7.716471040522882019e-02
-1.188739121290162404e-01
-3.983289888487726027e-01
2.296226765760561450e-01
2.691485137838268149e-01
2.406395329019398732e-01
-8.544093326255106091e-02
3.355116847374784994e-01
-2.715769850819700348e-01
-3.536138468865727968e-02
-2.031779982000982976e-01
-5.545456446943711204e-02
-1.699915701677288948e-01
2.207024748055310681e-01
-6.080963481912833417e-04
1.854925606483118217e-01
-1.798397924096751532e-01
1.417025180681426022e-01
-4.994435741027950515e-01
3.170483940636223408e-01
-2.603714986145992324e-02
1.999524899758447789e-03
-2.094879583882270357e-01
-3.880527935340977730e-01
-1.668688165207817820e-01
-1.544596724497726559e-01
-2.287466403770544998e-01
1.455096573239612889e-02
-2.386870283961051165e-01
-9.117930415556609047e-02
3.580278418904425664e-01
-3.229268456383228153e-02
9.136689644707653157e-02
-2.813562862731300851e-01
3.166496545104124927e-02
1.343261954269808212e-01
-2.355671697057083736e-01
5.629974928889467378e-01
-4.214648108532701998e-01
1.757825243431891671e-01
-4.050669634018186360e-02
-3.756800382046497355e-01
1.848976864808651865e-02
-1.420724990959532086e-01
2.702869197697492162e-02
1.954714800543548570e-01
-4.541706534363390557e-02
4.753882673458240671e-01
1.090650094957899552e-01
2.012510128865102887e-01
1.503184230099504637e-01
4.964326423876012639e-01
7.065260867909371745e-02
-1.199378883602942453e-01
-4.695915620475786534e-02
2.558573786800136252e-01
1.191675222752592578e-01
-1.985841561124631061e-01
1.218000193610045551e-01
-4.239064307641602497e-02
-2.437877097571931606e-01
4.065007573197656487e-01
-7.774286938912570999e-02
4.019975599779462283e-01
-1.333411579589800500e-01
-4.135041130057189873e-01
3.586583951504345585e-02
6.483786785845832568e-02
1.929378214084004617e-01
3.049262138775232778e-01
-1.909370663120871503e-01
3.086807245552345980e-01
2.412900781660764701e-02
-1.679141036900525241e-01
1.027726913401831171e-01
-2.446608929238089924e-01
-1.012992519997394092e-01
-2.108421895326598738e-01
2.478699872995673847e-01
2.722806979046823450e-01
-2.576548912586246274e-03
-7.589311776080664984e-02
-1.621814340318747660e-01
-5.051035266204570995e-01
1.888356147814853336e-01
-2.038381814871294273e-01
1.703974208262797052e-01
2.146319404909848363e-02
1.595279457000327583e-01
-8.771905908724114687e-02
-4.765384399151650907e-01
6.042483483290294471e-02
-2.216401401142685801e-01
-4.892054664600610503e-02
1.188705413501898872e-01
-8.609936858960429151e-02
2.384302886115648862e-02
1.886352304533885360e-01
8.269005064554954543e-02
2.776072773251463399e-01
-7.986607792487479540e-02
1.584953322123094921e-01
-1.685595880913860478e-01
-1.426947507250887481e-01
-2.181830512596367733e-01
-7.754549637259984703e-03
1.769190101958664219e-01
9.014534863972963746e-03
1.581229512552624616e-01
8.038506501394210302e-02
-6.134485098958165211e-02
1.167304290862211241e-01
-1.735689977480935065e-01
6.893756727032261666e-02
1.086349584906515092e-01
6.013977449174603279e-02
-2.443069229457726227e-02
-2.323702261485999510e-01
3.560641935137640046e-02
-1.554646757607884011e-01
4.879429509159975420e-01
-3.746563420878356448e-02
1.467652263062113049e-01
6.673830531438910973e-02
-2.108605276509220305e-01
-7.977893247637063423e-02
3.292837800310194352e-01
-7.037146139483156648e-02
8.025554849564578430e-02
-1.561558472620641902e-01
1.681349789122163485e-02
-3.534208889376075358e-01
8.289133141945496941e-02
6.824708473031591838e-02
4.933856360519863760e-01
3.240564619400435054e-02
-8.131360124816716661e-02
1.340853465762051056e-01
-3.148860493272780114e-02
2.670028352015121897e-01
4.778922952479834341e-01
1.468060032185050934e-01
-1.657711436693286022e-01
3.535652613053801296e-01
5.196880108540951060e-01
2.580527926632847358e-01
-1.386427278520148410e-01
2.814537694580789284e-01
1.026074575535466243e-01
1.449619334665587234e-01
5.132415156250631771e-02
-1.038302374743327455e-01
1.099205948780370146e-01
-1.006014557053576675e-01
3.399959466301794020e-01
-2.784557540144696475e-01
-1.512283938720770937e-01
3.835614197803766112e-01
2.232812916454142704e-01
1.614886456420960847e-01
1.191195520118736029e-01
-2.385976460703062019e-01
-1.235542936196166730e-01
4.495691715963035517e-01
-7.975558273721757019e-02
-2.184773578669115326e-02
2.046321286545208229e-01
2.515011879578545884e-01
2.789086582659940361e-01
-3.657994741299835234e-02
-1.425286114758830269e-01
1.225694489097506248e-03
-3.216232742604840933e-02
1.754383717638277607e-02
2.928534434847646639e-01
-1.185032139231717851e-01
-1.523667394087816762e-01
3.419340460546798077e-01
-1.942129691127549296e-01
-2.673412850408023456e-01
6.715734657014221787e-02
3.547360463895218308e-01
1.160838906367527290e-01
-7.977519538726499798e-03
1.546312027340271920e-02
4.894773221021900267e-02
-3.593860008632668995e-02
1.404675518017232116e-01
2.979634419239551857e-01
-7.426249551946031979e-02
1.493598728240949636e-01
-1.576981556048204572e-02
-1.372648424353071772e-01
1.976673769685226845e-01
2.851343344392214818e-01
1.726882697406485478e-01
4.060831334643849599e-01
1.389587012191070836e-01
6.012284433645186110e-02
-5.353079933850616312e-01
1.693126892912319437e-01
-3.843050114272226342e-02
2.947229315060173049e-01
-1.586337463830161665e-01
-2.645984208056302855e-01
3.058289629901916884e-01
-2.867003124991813756e-01
-3.370988266390732013e-01
-2.059761669399440276e-01
7.452789697127469061e-03
-1.461181637573202852e-01
-1.479863887105159481e-01
-3.112696798765051676e-01
-1.013883451205317004e-01
-2.260296256720318309e-01
-4.914689116371837724e-02
8.047320746992913873e-03
-5.902552902844518390e-02
-2.157650209636528815e-01
1.944210357249877563e-01
7.812678467172613772e-02
-1.720758143617614755e-01
-4.287212873254064860e-01
3.584887828304892943e-01
-8.372041330679580451e-02
-4.049774822352265602e-01
2.083966671658087910e-01
-1.398484980591850335e-01
-7.629424370371995501e-02
-6.224999614820855148e-02
-2.479286550043718063e-01
-1.306301335159723853e-01
8.002129351168886517e-02
3.693587986225680964e-01
-5.939805279047009889e-02
2.861059318270375296e-01
1.726849877241203035e-01
1.623389924733800171e-01
-1.141171832921440282e-01
4.252640809723303161e-01
-4.604752141794342390e-02
-1.441974111686582238e-01
-1.340319633945648570e-01
-1.802372457586896293e-01
-2.621270276182294245e-01
-1.977749893329358022e-01
1.250693645037327939e-01
-2.207792914220786384e-01
1.863467721087503082e-01
1.840685757140867740e-01
-2.939988769377871458e-01
1.962587030924840131e-02
-2.011764240610612875e-01
1.377154044980123115e-01
8.961967332503244232e-02
8.884063513921165722e-02
4.723915539134381225e-01
1.134924531834798217e-01
-1.793361375479339548e-02
1.392586959953656389e-01
-2.093776854820885713e-01
-8.827504866074428747e-02
-1.759096772036339851e-01
6.675061175344022650e-03
3.291525082142758296e-01
1.659553839846157897e-01
7.156341724167140927e-02
1.992638111445736993e-01
1.383146758564493539e-01
2.100715518691939621e-01
2.384065116492068148e-01
2.806703347952255179e-01
-1.293444723294286669e-01
-1.492187242361403265e-01
3.065678431914617419e-01
-2.533334767416167699e-01
9.094419687390362106e-02
-1.806991844344279230e-01
-3.016309633468673701e-02
5.039712558241242479e-02
-1.593140307854421511e-01
-1.959576647156531792e-01
3.088755743779982299e-01
2.386791257038413105e-01
-2.017483208506290482e-01
2.026963013594448026e-01
3.922670494321345847e-01
-2.539580080567871989e-01
1.214705024475999304e-03
1.712849941072382143e-01
1.791709164892577866e-01
3.492063388729461093e-01
1.817779953853032315e-01
5.414894364971883228e-02
-2.177628044967193088e-01
1.349124482848985673e-01
-6.376672651596122787e-02
1.764169860373493992e-01
6.462409223866834307e-02
-2.747086662566797233e-01
-2.137145235190003600e-01
-3.324605494718416848e-02
-1.604602260578495698e-01
-3.597220069394197611e-02
3.873053091758179578e-01
-4.126564520523808705e-02
-1.593610442732419988e-02
3.895104321349160958e-01
-1.246117052390268432e-01
-1.142859273563550798e-01
3.621880368993725119e-01
1.308234686902600696e-01
5.467280063744799773e-02
-1.139592111133773539e-01
1.537875463670493326e-01
-1.651150192830180274e-01
1.325017698996677484e-01
1.370982894031078647e-01
-3.121147221930358762e-01
-1.270673500949090762e-01
2.066648283282061516e-01
-3.630436582093176656e-01
1.141800728499600542e-01
3.048174528536385930e-01
7.081953416424043024e-02
-6.493109801236648937e-02
-8.295846725763415808e-02
8.497964371709806897e-02
-3.995073031985507117e-01
-9.378973033689486094e-02
1.179972665965007585e-03
-5.002965828934637926e-01
3.351334696942404046e-01
1.022883679632294318e-01
-4.373883706343925648e-02
-1.319319211450836193e-01
-1.166621680465514260e-01
2.752483623940256141e-01
-1.800804276212673305e-01
2.407894913377068569e-01
3.133093555668275410e-01
-4.297527809531376947e-02
1.456752885745410120e-01
-1.491029082554154728e-01
-8.040600136396842956e-02
3.014394251107099243e-01
1.915391074947611072e-01
6.391412068127377832e-02
-6.882526885123127491e-02
-1.646427956491069711e-01
7.261346012574257380e-02
2.241599193025317627e-01
1.351250698275129059e-01
-5.834584002295736122e-02
-2.610079069216492687e-01
1.781020761987643364e-01
2.192590634276828376e-01
-3.227177772467469952e-01
-2.510370781429606124e-01
-4.953746764547514725e-02
-1.138659317259024667e-01
-1.502971641709788531e-01
5.055834665000091821e-02
-2.798270160232851217e-02
-3.292721169064677378e-02
5.864991076640662104e-01
-2.127653607833044636e-01
-3.222030929651005793e-01
-9.903747713808034453e-03
1.499620998488724044e-01
-1.241005720936054352e-01
-1.813789612891341385e-01
-2.398352092375969080e-01
-5.410903383851295434e-02
3.602322684507924810e-01
-1.100622142204134429e-01
4.762766440410244606e-02
-9.656046532651804681e-02
5.192579091826752397e-02
-2.056299138964715403e-02
1.346434044654876150e-01
5.672230609444176563e-01
-5.461721476492586297e-02
-2.218532016795428941e-01
-2.004666892472083684e-01
2.128825428577746370e-01
2.871762757230629168e-02
6.930519939880201707e-02
3.405606591723382703e-02
-7.130082134162075806e-03
6.556838583156372746e-02
1.379673279802600024e-02
3.143080797932703008e-01
-2.781554310396535667e-01
1.251640466278179653e-02
5.322885824501562974e-02
-5.451152536968740386e-02
1.605685226436762425e-01
1.593190210107713056e-02
-2.062707062622843313e-01
1.067497343272086618e-01
-2.359623583490562948e-01
-1.629828937972341574e-01
7.687386923736599931e-02
3.855250560089484857e-01
-2.843151107819063550e-01
-4.325728264939207590e-02
5.658607356059720817e-02
-3.516998030400347308e-01
9.385947369226144144e-02
-1.031040160427735553e-01
1.177585633439714730e-01
5.852170743167045552e-02
-2.096497036305746131e-01
1.305149903363341524e-01
-8.615715674612606234e-02
1.258709734420269677e-01
-3.759441060663558098e-01
-1.773183361611991027e-01
-2.449738308064264292e-02
-1.850459622292830175e-01
-4.166433873638716867e-01
2.328525143203185460e-02
5.835506685992789683e-02
-2.805287007766434360e-01
-5.548983568883436579e-02
5.408311315101501510e-02
-7.189069609974831077e-02
2.657629475068994454e-02
1.451605416898643086e-01
-3.220135522095244895e-01
-2.065608543870972036e-01
1.939458625458133356e-01
1.552111266209158236e-01
-7.835227213927298262e-02
6.612386751614084124e-02
1.742052822735259410e-01
7.570370628382158684e-02
-9.870306267075916462e-02
-3.130345793096014212e-02
1.970483399824967119e-01
-2.592365034808837357e-02
1.553368585094503651e-01
-1.891269949902233197e-02
5.873620923871520488e-02
3.126670567634357023e-01
7.669345122787359081e-02
-5.964445874489497645e-02
-1.584889906526168735e-01
-3.596360533038705509e-01
1.491923199085841700e-01
-7.203652547528897714e-03
-3.413108098987097799e-02
-6.653087688389208720e-02
-2.228172674764803685e-01
2.647843919502201326e-01
1.774392546790687711e-02
-1.040078368461973268e-01
5.858501700421659374e-03
-6.498187437020113560e-03
3.037416833956440576e-01
-1.005323368283561059e-01
4.314141917293805584e-01
-7.614526211579578097e-02
-4.264106897446200833e-02
4.661653880687034734e-02
-5.815853256320380887e-02
-2.148606439854605088e-01
-2.291256623436987161e-01
-3.094425618727430702e-02
-2.002615346476094849e-01
1.388607147237537753e-01
-1.084392000443084175e-01
-1.058799074231881326e-01
-5.795301484675666193e-02
6.186064850847407953e-02
2.074639622345501606e-03
-8.591788428381343101e-02
5.010335151329357861e-02
-5.473239126272332056e-02
1.476140060168918133e-01
-6.217078292433247944e-02
-2.357714108138999898e-01
7.949235572065439098e-03
-3.176109093539658534e-02
1.395780810889785117e-01
-6.645119505974020346e-02
7.058537388466498697e-02
-1.466783559029245509e-01
-2.927016818528200837e-01
-1.887737863070661215e-01
8.686191216773940516e-02
2.514011585986185571e-01
-1.359374238459332140e-01
-3.848555891447926203e-01
4.575466101263445107e-02
-3.149297499349129059e-01
4.855040607833139427e-02
4.084982942174571474e-01
-1.987818847452223481e-01
1.671666387849641278e-01
8.138343823286582276e-03
2.122089369459406460e-01
2.079437439788302255e-01
-3.894938673342433488e-01
1.794694940237287206e-01
1.336802308537106132e-01
2.977491514162938779e-01
1.107406152558297052e-01
-1.945699651266631636e-01
-1.575479047283148137e-01
1.721183295421972043e-02
-5.317216303450048587e-01
3.501758543029218629e-01
2.171809054514995119e-01
-3.566632521525102684e-01
1.827181967940526008e-01
-4.399991585073096401e-01
-2.782807754467414574e-01
-3.522001010425479528e-01
-1.446845422245809920e-01
-3.145449394546707689e-01
-5.347273776364243059e-01
-8.538131796489042968e-02
1.661380410187062173e-01
3.230711189819480134e-01
-2.970829219646303199e-01
-2.202293213980935083e-01
4.660265774063759303e-01
-1.818136561206783741e-01
-1.238323576882980823e-02
4.052592382489273448e-01
1.045521674568633680e-01
-2.974865566065721389e-01
-2.573877826361788412e-01
-3.520744987826825850e-02
-6.864269931320117046e-04
-3.591437558548105785e-02
1.370376403672336207e-01
-1.011877504211749351e-01
-2.553988735959444867e-01
1.253826145009533655e-01
-1.526183437547206367e-01
2.176170570658690351e-01
1.244040423059876166e-01
-2.402601517774881623e-01
1.953041505487007057e-01
1.730416685547480071e-01
4.403038474641647604e-02
-6.867169717778419391e-02
-2.400680742167175530e-01
5.770812150097967552e-02
-1.735753376375787083e-01
2.736846333679964216e-01
-2.476133173746094818e-01
-1.532397578226079027e-01
-6.137551799984305306e-02
1.234958885869400363e-01
2.328550020390846853e-01
4.086214517372536159e-01
4.385144543241900617e-02
-1.829585439274838687e-01
2.354026928823749198e-02
1.203633720384934547e-01
2.225291465954524484e-01
4.923563825342538447e-01
-4.909823891697276399e-02
6.175691683616924867e-03
-2.634663237782785550e-01
-2.108036731257743046e-01
1.110820059288585154e-01
7.464102561244318618e-03
5.469666269147350768e-01
-2.898583487775808765e-01
-1.663632928426995450e-01
8.418740261076711195e-02
3.582975039080849577e-01
-1.336304634585343265e-01
3.119252632548596416e-01
7.739653723356319792e-02
2.513662939253925033e-01
-3.585477070205125849e-02
-2.069405727199205014e-01
-1.637769862998432746e-01
4.328437803739848544e-02
-2.093531082221806450e-01
-2.301820919021115713e-02
2.277432937075986596e-01
2.735322516038452695e-02
-1.271574194995714890e-01
-4.609650655717397599e-02
1.551479929073686370e-01
5.077324596989468697e-01
2.630356497417067341e-01
2.756031665323429095e-02
2.914435549815713178e-01
-1.559310655000259171e-01
9.112833666360536933e-02
-1.531680482740782334e-01
2.654577088303290422e-01
-5.346264209882486268e-02
-3.338010257153512655e-02
5.039576596478326787e-01
-1.059468501993634515e-01
1.263889426648291403e-01
-1.027547470206087721e-01
-5.408295132459222110e-01
8.538498336971495073e-02
-1.505430804745149509e-01
-4.199930116494268173e-01
6.150059864549850541e-01
-5.902376392175968239e-02
8.591670813022671271e-02
-1.270042134988600413e-01
-2.862053733372542721e-02
-4.784939330880363245e-02
-3.430232720423003756e-01
4.755546103728417601e-03
2.596161813524155981e-01
-9.798968016743372922e-02
3.505204953415483882e-01
2.084601906913119765e-02
-1.183131400521079263e-01
-3.640295454312927111e-03
-1.589010409365081700e-01
-4.953106382713862721e-01
-1.041102441254865424e-01
1.126230481181286908e-01
4.299986304332896747e-01
-2.965648288965481716e-01
4.243147048770202212e-01
-2.432698333489077269e-01
1.060213436256821629e-01
-2.380359253578665235e-01
-7.691926252742842252e-02
-2.223109876767121462e-01
4.271749415310485132e-01
-2.447254632406703767e-01
2.588682419242817057e-01
-1.337279407090545547e-01
1.998084531375604600e-01
4.032270787979096160e-02
3.493075862465078174e-02
3.048236006311347973e-02
-3.064941612318817232e-01
7.877642593812997363e-02
1.310957574437156270e-01
4.917482090485753021e-01
-7.739230291404071427e-02
2.550123339651432230e-01
3.701131534528596667e-01
-2.535846375511850437e-01
-4.326433156136250124e-01
-4.041033759428262762e-02
-1.891115508777795329e-01
5.878536309200264529e-04
-2.412532946135226564e-01
-1.177964828209252836e-02
-1.371850476510454164e-01
-1.478160876694945836e-01
4.628232508157015257e-02
-3.137215148309236423e-01
4.399672805521234048e-02
-2.272721818674892647e-01
1.110737188764712724e-01
6.111308800755642758e-04
8.094522263443675036e-02
2.114989685019930954e-01
-3.282223505755724746e-01
2.305379956492172588e-01
-1.742698851993853271e-01
4.332047904324178023e-02
2.566883203411416403e-01
3.118444193719112634e-01
-3.537537426561204179e-01
-1.029947812247482275e-01
1.570116101164498179e-01
1.290652815255752817e-01
-3.120130294469731017e-02
4.071223020564403994e-01
4.006664601831025907e-01
7.817338604721453532e-02
-1.619115533964984865e-01
-5.132878086385238570e-01
-2.454177062825995681e-01
7.422577701214802537e-02
-3.893202830341860321e-01
2.817724462762559723e-01
8.265091535608710960e-02
1.455196754566735473e-01
1.655410809039866704e-01
1.884503059694052352e-02
2.885314094907078797e-01
1.580578123856137551e-01
9.478912326310595660e-02
-2.540618196545341712e-01
8.065823944537170442e-02
-4.071439697960481385e-02
4.281683135750464358e-02
-5.079499491102600350e-01
3.059069193694779476e-01
-4.973754677497276844e-01
-3.112861812297735079e-02
-1.697000863867290654e-01
-3.159565806746542083e-01
-5.255802707953962649e-01
3.564846373590206674e-02
-2.459488562797295108e-01
2.486835532099150314e-01
-4.412933292233280347e-01
-1.844902557298011003e-01
-1.915010005591594455e-01
-1.624632965801978413e-01
-3.523050809418375451e-01
-2.352291180374291302e-01
5.702109342617981552e-02
-1.718597294534856545e-01
4.926369336350667760e-01
-2.022131267002358693e-02
4.973007217581496692e-02
1.125125139190628065e-01
2.606194500615246490e-01
4.114875373570098249e-01
-3.757613521356306663e-01
-2.503584205460270273e-01
-1.766284327226358419e-01
3.792076709544120461e-02
1.668259711886878882e-01
-2.928766494315043767e-01
5.052484909728854195e-02
6.060230674080254072e-03
3.606713535467687831e-02
-4.449364873152302641e-02
-2.141083173513659565e-01
4.020103496806218812e-01
-4.751717447496121155e-02
9.809482333509837726e-02
-3.138095069514600932e-01
-2.307057186673295290e-01
2.132236113104272190e-01
-2.002527952512160037e-01
3.517661207191796202e-01
-8.861869256101970183e-02
1.225632444276531091e-01
7.590152574888109349e-02
3.341903535879610365e-02
-1.922999372009109864e-01
-1.458244798697573563e-01
3.441062336455373294e-01
6.675223871548391363e-02
-1.286044582801289249e-01
-1.049515809811551320e-01
6.834178801983556428e-02
1.325329396185774278e-01
2.043750901001678832e-01
-3.188456075704307335e-02
-8.119242794233072491e-02
-3.259407746621614255e-01
-7.543747368964506816e-02
-1.993947687731477125e-01
-7.340471818083360578e-02
-3.977265613614876516e-01
-6.016538973278559577e-02
-1.470259112591834616e-02
2.606914848678709706e-01
-3.737724198739272308e-01
-3.740626860905870710e-01
2.969692045632773419e-02
-1.724005451068392203e-01
8.696078485238716016e-02
-1.975257684355150589e-01
-1.497488070364274282e-01
2.886294685073882982e-01
-1.030139629296856485e-01
-1.666474038678108366e-02
-1.696965802477110319e-01
-4.854327486075889903e-02
8.365626595013210542e-02
1.246440871508764231e-01
9.288645708466750084e-02
3.082432580261539878e-01
-1.050294134197245488e-01
1.864665027786946983e-01
-2.049457527335904472e-01
2.193953242410883187e-01
-2.288369473956532729e-01
2.781159650901927627e-01
-1.200109644445120916e-01
3.030522167522071708e-01
4.918735464510698430e-02
-1.411352402391655159e-01
-1.501782038413026488e-01
2.258444535941736275e-01
-2.190036977354566650e-01
-8.472534573882799236e-02
-2.102785314163528943e-02
-2.154280874531437073e-01
1.458270420824935854e-01
-1.746218613420942867e-01
-1.577760011142934418e-02
1.242851429892103954e-01
3.786116170958508387e-01
-7.687224399863112900e-02
2.549983979990073646e-01
-1.167344631449296344e-01
-5.662005826216055804e-02
3.579012018274403961e-01
-2.762149568069880434e-01
3.381526560231547934e-03
1.217481476523530753e-01
-2.251862720958539357e-02
-2.887589087914222419e-01
-1.037818858317147465e-02
-1.448113723063209346e-01
-7.004446242955582325e-02
-3.415391312730600704e-02
2.338867306494524512e-01
-5.517047445885949657e-04
2.561448695391392305e-01
-1.899768926254885582e-02
-2.647712359704043061e-01
-1.764151120781231596e-01
-3.561971623110167517e-02
-3.609639839275984030e-02
-2.846475932273882514e-01
-3.657298197941957763e-02
-1.684097447665911518e-01
-1.442454056757266345e-01
5.270873989575713264e-02
1.072302234813767574e-01
1.680846468293240720e-02
-8.038801721016698709e-02
5.263631685894947648e-02
-3.556451955836571754e-02
-2.251044687855552687e-02
-4.466751264376470076e-01
2.083884352306789034e-01
1.178929097228817230e-03
3.014108713722152832e-01
-4.865637703558673560e-02
3.575010438161509985e-01
-2.391893186328205856e-01
1.972281690356611494e-02
-2.428184341095576126e-01
2.819482398415668403e-02
-5.638064662298918062e-02
5.749574158510865202e-02
-5.064429756708448138e-03
7.338777729491671731e-02
8.219864280282160318e-02
2.232732889492234918e-01
-3.835058786477938408e-01
3.437359133878355455e-01
3.212698052909769286e-01
-9.290645503300277996e-02
-2.076612843381231699e-01
-1.953386751034265068e-01
2.054717275255749098e-02
-3.713126007493410263e-01
2.825250696540098638e-01
-2.285589453714529096e-01
1.304717332751861025e-01
-2.191122265765993171e-01
-4.557239931941425848e-01
1.805882082640045475e-02
-7.785298488752318002e-02
1.381782214347486715e-01
2.866967563138611563e-02
6.648038207661066679e-02
3.591490567931723138e-02
5.736263201683169423e-03
-2.344255296426862173e-02
3.037344499623154115e-01
-2.927360834543111245e-01
-1.615020799831254628e-01
-1.584890483067659672e-01
-1.174274578018990878e-01
1.069971573317480586e-03
-4.716361620615131534e-01
-2.124053803925438910e-01
2.270759248992070267e-01
-4.426482062687053104e-02
-1.343386344876338345e-01
-1.234021458762739887e-01
-2.880570576561988227e-01
-2.837027778754033780e-01
2.276823288889743835e-01
-5.598772162983928907e-02
4.089821888227977709e-03
3.436477194974743576e-01
-3.682349183429881601e-01
2.013459507586862485e-01
1.229875069084576944e-01
2.388744492347919246e-01
1.887043859952688418e-01
-1.440840854870102383e-01
3.528345326215692190e-01
3.117474997128757974e-01
4.076005106955578328e-02
-4.130991359604986868e-01
4.774261797149925712e-01
-3.331509843271717175e-01
2.427558062695741037e-01
3.164744277109211162e-02
1.525143925717277818e-02
-5.920028720473374806e-02
3.261899167280837841e-01
2.001576571193840540e-02
1.102826366226577759e-01
-3.765841175810650254e-01
2.001433167801404955e-01
1.652092468082550503e-01
4.122624813516213016e-01
1.819407449330127935e-01
-1.890484668730227635e-01
-1.431121447249956158e-01
1.647884679757242177e-01
-2.430379764482298588e-01
8.031416805146861237e-02
3.677880017287489811e-01
-1.050004614122856395e-01
2.000574262133156256e-01
2.218250841443167032e-01
-2.146782381590309763e-01
-2.742176149306188582e-01
-2.229842498273608975e-01
-3.291324481091275067e-01
1.612006901447388986e-03
-4.802304914122472457e-02
-3.080400802268620231e-01
-1.404499291055256449e-01
-1.315379249013179930e-01
-8.296934523692549301e-02
-1.249820134079737827e-01
-3.864385172685701891e-02
2.766858428040088191e-01
3.260210127419703452e-02
-2.324524740026326364e-01
2.479423036155614934e-01
-4.651690763214580936e-03
-1.349756930477591932e-01
5.694744582496964747e-02
-1.663651946364696488e-01
1.498184955529502649e-01
2.216228808315739429e-01
1.538522990855406281e-01
-3.327435593427056082e-01
1.492177888677709841e-01
1.648939043475463329e-01
-1.561548503764059737e-01
3.333207628328145322e-01
-4.333778992206357983e-01
-6.312165829765449543e-02
-6.796578318287797849e-02
4.348580244427361907e-01
1.470067662697344124e-01
-9.715683156144697130e-02
-2.381722291409406611e-01
1.501171348936810868e-01
1.457169061345008343e-01
-1.017884309609403716e-02
1.355286933199766342e-01
7.327753914828244453e-02
-4.159335167505041203e-02
-1.664508312822184366e-01
2.979281384875218097e-01
-8.249754680580176358e-02
1.202915944356129502e-01
-2.348977448490828235e-01
-7.225793917502734698e-02
-1.400019987596960724e-01
2.534049376731378200e-01
1.249475884239185791e-01
-2.111698102431034951e-01
9.411780850159962020e-02
2.449812520270511565e-02
2.048308870721528285e-01
3.358421906493393172e-02
-1.672368366900325587e-01
1.552760456188957972e-01
8.721290502508638465e-02
-1.602335352645083422e-01
-8.319870868628570504e-02
2.134910489737245343e-01
4.928705332024064800e-01
1.517745361224637768e-01
-5.400627063962317731e-01
-8.602961740113812539e-02
1.896827974624429036e-01
3.011693119864402579e-01
-3.139225127640108415e-01
-1.190214584729243907e-01
-1.022061630443772823e-01
-7.966177389162532041e-02
-4.204519767650678752e-02
-3.271320914924452650e-01
-4.037906532548426464e-01
-1.373805849052874180e-02
3.732748384268950725e-01
1.009054006949601789e-01
1.612032668021474643e-02
-9.646416465406938701e-02
-4.494720173349281422e-01
2.233892939330991423e-01
9.858534257793379052e-02
-2.735029844383484506e-03
8.487347371966086351e-02
-5.657994275198413581e-01
-1.201169379871515480e-01
-2.291342188147049153e-01
-6.087518831924422502e-02
1.397243699670663170e-02
1.253054619872038811e-01
2.120523463011468879e-01
2.438885382868480889e-01
-1.191534114935421940e-01
3.788918666486182918e-01
-1.429568943455727104e-01
8.739670287624763667e-02
-1.876740432525798585e-01
-1.757077700497334805e-01
-2.061513092546879700e-01
7.688159377838171826e-02
6.710276169731096974e-02
9.400157145279892934e-02
-2.036947045130909906e-01
-1.398393178214932253e-02
-5.570875162181266466e-02
1.421966632012367504e-01
4.492241525070418406e-01
-1.395863153697927961e-01
1.668346782005583895e-01
-3.382517928534779506e-01
5.065818863385851412e-02
-1.039385696358960803e-01
1.627189603115417049e-01
-8.504865187948082439e-02
-2.421512850241901854e-02
-2.280149736048192599e-01
1.320697347162367030e-01
3.223285724375813399e-01
-1.678469820318377881e-01
-4.245158300465387557e-03
-4.082890354118818427e-02
-2.369842366443037918e-01
-7.444348011699440659e-02
-9.827529109443836064e-02
-1.529339698195975317e-01
2.926916778300310829e-01
1.471395445301241778e-01
3.455893287520846180e-02
-4.031090374931935866e-02
3.364102120190317485e-02
1.769455551566332663e-01
5.105887041679243454e-01
-7.889572441309748718e-02
3.690669474635565606e-01
-9.934370163578530588e-02
3.428091509364589728e-01
2.543372552287723187e-01
1.514750546490334915e-01
7.710278091618111285e-02
-2.070561692854540337e-01
-1.115049669976257429e-01
-1.829399120779497401e-01
-2.646588512773157542e-01
-8.844116232303061986e-02
3.688444827980364576e-02
-4.429154234573481341e-01
2.430292190864122015e-01
2.378262023690568827e-01
1.928928091704661951e-01
4.036650989782563093e-01
-1.298842067533357569e-01
-5.271038254112429822e-02
-1.452586883603903256e-01
6.110623525746741030e-02
-6.080006597046914985e-02
-6.818347100045657472e-02
2.681645404904584029e-01
-2.520830793328213137e-01
-2.400881742709911060e-01
-6.774060360850303608e-02
4.899143030467365545e-01
-1.555144253872924320e-01
9.666583355788559151e-02
2.300313981550042297e-02
1.921322344757902256e-01
-2.093938619101144705e-01
-7.775509152018754422e-02
-2.121324250718802928e-01
1.956318352878009814e-01
1.299513099772133806e-01
-6.510331213957111507e-02
-2.644039665556883745e-01
7.394389125227440740e-02
-1.243188026522896311e-01
-2.039390963259293810e-01
-1.408667245646176291e-01
-1.078081387857096618e-01
-7.945173702169414098e-02
-1.840923536094160595e-01
4.801525940417844529e-01
1.371342839230703936e-01
-4.865870666692770352e-02
-1.555398306922502194e-01
5.931195725572474542e-02
3.771304416556868211e-01
7.627555110891305612e-02
-2.813257078235850694e-02
1.026511609375670847e-01
9.336083012962069494e-02
-8.842968738549600305e-02
4.126235892187810617e-01
-2.400535277957261404e-01
-2.742628591700846385e-01
-3.193035350767028935e-01
2.109677576449306979e-01
2.191020188590866724e-01
1.912548505845417315e-02
-8.421162439857941134e-03
-7.179724548994011191e-02
-1.444182721080394111e-02
-2.205610495662268244e-01
2.758925014432375145e-01
1.558011565407320109e-01
-5.197021275404840879e-02
1.229512650737333984e-01
-1.728963215111003482e-01
-1.810668905108250293e-01
2.932311693049088897e-01
-2.380847935653275516e-01
1.088013407709522568e-01
1.680112489873064052e-01
2.169605614948253575e-02
-2.141449875678820558e-01
6.345218078838112119e-02
-2.080789707822787715e-01
1.123123924270866825e-01
-3.193868433517665362e-01
3.121283980467543517e-01
1.935081580732185280e-01
3.121308502643258542e-01
1.198774314617390424e-01
5.203048032978491166e-01
3.813491428763755575e-01
-2.406712197743873100e-02
1.938683523442600032e-01
-7.685895034674215809e-02
1.415492508893621132e-02
-2.896302471454987454e-02
2.741438830129076520e-01
1.792306721701281969e-01
-1.976501357021030469e-01
3.910284266859926500e-02
-5.097915210069203784e-01
-2.485369920016092804e-01
-8.430258037461911547e-02
-1.598264890031716179e-01
4.299141709138470241e-02
5.427547646865494430e-02
-5.244957819180413872e-02
7.834044636033396514e-02
-2.081150664203375855e-01
-1.134028719953472097e-01
-3.203728455532852543e-02
3.539250424737686584e-01
1.651388341707111518e-01
-2.237941551599418460e-02
-2.688170213734826230e-01
-1.089609146860368444e-01
1.307202142897936625e-01
-2.313159883892078883e-01
1.479574817562356315e-01
-6.084513937138263245e-02
-1.335832448117182936e-01
-3.561829027241603662e-01
-1.485252047922052676e-01
-2.303767335381298187e-01
-3.831090494257076429e-02
-2.991393167333007419e-01
-3.163410061690512531e-01
-2.513783425715699349e-01
-7.675599447272274389e-02
1.871450504936008619e-01
-2.285930464298826029e-02
-8.011991159551604125e-02
-2.063317933214455224e-01
7.731365250559085744e-02
2.049106728345483908e-01
1.363501176614976829e-01
-3.128468052673090694e-01
2.130000914688056357e-01
3.476899847005484601e-01
-1.031097891593129451e-01
-7.728819414406747079e-02
3.810987256919581151e-02
2.952469919779899254e-01
-5.301729338787720680e-01
2.266654126164559524e-01
1.038974234124757506e-01
1.934961255407180170e-01
9.374991081802086512e-02
4.104294767948250648e-03
-1.118148403521264933e-01
-2.533013945704327696e-01
1.186865520053334011e-01
2.787470869023643272e-01
2.000243389084062351e-02
-1.734477415295005154e-01
4.862688732024739724e-01
-9.491100160556051671e-03
2.539114892269984103e-01
-9.715620760457174820e-02
6.617052451496108212e-02
5.995362765824061024e-02
-3.548406987319202566e-01
2.323083325566933088e-01
-1.005861683328082221e-02
-6.754581248965280116e-01
4.905697727161899002e-01
-3.302567771947929054e-01
1.806326315860708187e-01
-4.284772198109925156e-01
-1.123824151862453657e-01
1.515471575438332996e-01
-2.219364164121938043e-01
5.431665086713298451e-02
3.064055859315157337e-01
-1.232945306801933455e-01
-2.749323434509834962e-01
6.227222595907568048e-02
1.364577904840769129e-01
-6.623413069962300059e-02
1.028991449389800028e-01
1.555929552601617583e-01
3.415365823811356005e-01
1.020760585259711806e-01
4.474365493892296652e-01
-8.368787229594930321e-02
1.532999991439773779e-01
-9.183445024634087628e-02
-2.420609867626774825e-01
-3.224880532564052826e-01
7.960873714223568043e-02
-7.352866938233349955e-03
-2.644162959370803256e-01
-4.363718921376912030e-02
1.265462944117161925e-01
-2.316849541516703692e-01
1.561225729897513792e-01
-2.165137990474926277e-01
-5.562320067937420037e-02
1.143525607554295165e-02
-2.168711420081673169e-02
-1.405897132044469366e-01
1.685066205559552222e-01
-3.926533893191152536e-01
1.653643640163948159e-01
9.807135407738137856e-02
1.682170608216357333e-01
-4.372972750465174419e-01
8.243849521283286297e-02
-9.825052875392073504e-02
-2.193674452201950509e-01
1.754189566226390107e-01
-4.851338283588909478e-02
1.183024246428282800e-01
-1.014750672285942984e-01
-3.315080463270972944e-01
2.561318862975745514e-01
-6.017143323712474956e-01
1.070535742956073427e-01
-1.396126199104532895e-01
2.723673714079419272e-01
2.946630444090504036e-02
2.906307119698192665e-01
1.956102404846468412e-01
-6.846509901164661571e-02
3.287354689547006825e-01
-6.048599517292956029e-02
1.400101572044947229e-01
-4.004246705836380510e-02
-2.344384784344700212e-01
-2.779703864567319993e-01
9.607451003300569725e-02
2.435671386848743125e-01
-4.836765091150753704e-01
2.534373461311876796e-01
-1.498024470555222032e-01
1.922577750226608373e-01
-3.650422920522430892e-01
-3.320977390573442434e-01
1.519889544420103267e-01
3.065955965481970136e-02
2.243754747785494941e-01
6.281696115141153364e-03
1.418323654495213526e-01
1.664586258053458445e-01
-2.695158788056710164e-01
-1.956030584986497289e-01
-5.297339421157837291e-02
2.059078502565219945e-02
1.195468790066708531e-01
-1.228661502370779895e-01
-1.171305139191168715e-01
9.780660413200661929e-02
2.215117509100357138e-02
-6.277526846137697347e-02
-2.390143604168928626e-01
-3.474271421008587324e-01
3.850653570571413442e-01
7.882632013406266208e-03
4.486480517361596254e-02
-2.018406658192091752e-01
7.043186446435098502e-02
-1.628214607735175012e-01
1.098438192447889067e-01
-1.923915087342958907e-02
3.195202558510111257e-01
2.526476280241179428e-01
3.290252225340650760e-01
4.498715030678178683e-01
-9.955116932853076694e-02
2.813870342857465179e-01
1.036112744077706677e-01
-3.604265652203666459e-01
-1.894620433619043365e-01
-3.417721994123427698e-01
8.996964453189945643e-02
-2.726353725019720065e-01
1.902355196488444145e-01
-4.304451401376505615e-01
-7.829170150237570527e-03
3.640332535349581899e-01
1.354401089710603745e-01
2.592033985019811526e-01
-2.841581722741274296e-01
6.997514423707301701e-02
2.542153321574996960e-01
3.831200254577197817e-01
1.225881543689612829e-01
-6.328941986022269817e-02
2.145065138333993315e-01
2.024935570544357244e-01
-1.208232158739909051e-01
-1.055302618200179288e-01
-1.845286197598875466e-01
-3.112077517003034588e-01
-3.084335564984949651e-01
-1.063394619239816097e-01
1.550388596175354960e-01
3.385649634959548293e-01
3.695771596180656426e-01
3.893396160092305654e-03
1.311524210342405738e-01
3.708189902734106425e-01
-2.322184823914880472e-03
-1.707294739877885381e-01
-8.061303082353610261e-02
-4.068926980065840082e-01
-3.185717409707891547e-03
9.170292373932911745e-02
-2.526477568615660418e-01
-3.411527832727918597e-01
2.699136481847761587e-02
2.030858903559779882e-01
-9.809327812608922836e-02
2.521276100677272702e-01
-4.309316735082283079e-02
1.834313447653916629e-01
2.168561378642145931e-01
1.686383024293056088e-01
7.730973365033511069e-02
-3.452417737934557196e-01
-1.434166273667899782e-01
2.058002706851308136e-02
2.292818256670263732e-01
-3.830596091779466805e-01
8.916078192627159560e-02
-4.083956832940612847e-01
-2.491627973783259453e-01
2.872520661893067633e-03
-8.209644883918014446e-02
-3.709713890644165124e-01
1.518736801026663585e-01
2.224360592308133600e-01
-1.025090358723886597e-01
3.938923920903983356e-02
6.165519455414465028e-02
-4.642970658055797784e-02
7.253936078973309554e-02
9.328571731629051178e-02
-6.041767741278312176e-01
-7.302877871834249912e-02
-1.184181338150746693e-01
-1.062609615347877845e-01
7.694635485067839731e-02
2.733288642966670307e-03
6.824052458182039427e-02
-6.890293570155610337e-02
2.063410992800171137e-02
4.814472386022740080e-01
-3.017727104362603052e-01
-3.773479006724757973e-02
3.142782827017617363e-03
-3.038576732937697919e-04
-9.053508794565177931e-02
-2.272257732181044987e-01
4.186795662514831290e-02
-5.334157433765818884e-02
4.810856947850923604e-02
3.604121058368222053e-01
9.417679074425629182e-02
1.405849674320326648e-01
-8.944545577913862178e-02
-4.919792454859728270e-02
-3.714543287757923751e-01
4.117299589210788868e-01
-1.189715254842947934e-01
2.531240757421459042e-01
-3.907238289930705516e-02
-2.728023860059171080e-01
2.591209904373874273e-02
-1.487408752753412167e-01
-2.948986786156121975e-01
-7.026979667044506994e-02
4.212013018892974414e-01
-1.642837575717083498e-01
-1.644959998029497106e-01
4.224317553415614102e-01
2.376988363242706626e-01
3.420625400310459696e-01
-2.552619766295508574e-01
2.093597150463964995e-01
-2.896988596699195395e-01
3.167333272807490441e-02
-2.900277963648130800e-02
-2.759432456563410407e-01
5.247475815786072362e-01
2.226103476750789789e-01
-1.543456479609048582e-01
1.963970144707415100e-01
1.693941808966842322e-01
-7.335476583043820664e-02
-2.419695768200861574e-01
5.845667942733957442e-03
-4.856956083706996941e-01
1.793748331936288395e-02
-6.575415454662277004e-02
-4.047862859305644055e-04
8.143070705481830762e-02
-1.168029493425060961e-01
-2.413984928689024423e-01
-1.180471562358630516e-01
4.122961940838534844e-01
-3.688954079343097492e-01
9.882398492123861677e-02
6.428487551128268807e-02
-9.488661603069707684e-02
-2.066691831983889505e-01
2.643357016154298522e-01
-1.433380510103798300e-01
-6.148247844193422545e-03
-5.599034257357498046e-01
3.225414222299242128e-01
3.846815055263732575e-01
-9.679340451269889331e-03
2.937416359688507783e-02
1.977852291650658845e-01
-1.028819684857863181e-01
-2.496650492363568230e-01
-3.228315771400558365e-02
-3.025155425159974931e-01
-1.558921199808508962e-01
6.456244840609066948e-02
2.132964301815671870e-01
-1.067883895695073970e-01
2.045880294861225634e-02
-5.182563064160822242e-02
4.668735266223805400e-03
-5.537184521886489436e-02
1.204946007119736366e-02
5.020631241201923833e-01
-7.543316189232536495e-02
2.301230448456140221e-01
1.907330975568943821e-01
1.142907848082714561e-01
-1.911251168389279109e-01
-1.462578936665452078e-01
-2.523537968313762647e-01
-2.523456447749534703e-01
-1.577474154950902763e-01
1.700244824511431274e-01
1.140990160658768571e-01
2.368622902101184466e-02
3.425639097428780921e-01
-1.512688722178466283e-01
-1.176114091646322524e-01
-3.634303635951404154e-01
-2.986141657020637830e-01
2.262240849097088280e-01
2.289473162084650765e-02
7.775389687922346083e-02
3.776010558635733982e-01
-8.483231524996456829e-02
4.076219217343545198e-01
-8.658412129765630239e-02
-3.144066035101232282e-01
1.941233185948155748e-01
1.964531843899418040e-01
2.401358297808556530e-01
1.375552407200048288e-01
-2.062788393884471549e-01
6.450152946981961566e-02
-9.929061344097349362e-02
-1.831894067265275525e-02
-1.182000025407832361e-01
6.803252993542560634e-02
-3.697741511879582554e-01
-1.241949495574258822e-01
6.398341296360042507e-02
-4.537586160057161672e-02
3.485935152968842043e-01
3.621326896163329367e-01
1.043915006301174148e-01
5.169113150115509647e-01
-2.895298579403349226e-01
1.952909764797700620e-01
-1.076966810703280236e-01
5.307776657613381271e-02
-7.063202744547880663e-02
2.766107848384702361e-01
2.407521914414116615e-03
1.780666816960013166e-01
-1.969665838676686320e-01
-7.636692201780510836e-02
-3.574443020020087181e-01
-1.248749035481456909e-01
-1.568844396534771479e-01
2.185847351875731259e-01
4.509824670425288673e-01
2.181680961215978487e-01
-1.259990862051982574e-01
2.930636758620023818e-01
2.502118978223932810e-01
8.923826686030449096e-02
-1.154521932947027707e-01
8.962977614080347780e-03
-1.639807945419973489e-01
-2.164926717782434673e-01
-1.492782716945842414e-02
-2.169290372465688677e-01
2.079426089130066435e-01
-2.382470551452783511e-02
2.346644372206763418e-01
1.684646704432266329e-01
-1.265200900500841608e-01
2.340445134199092489e-02
4.848709843154805355e-01
1.278702197933175022e-01
8.516175427229329131e-03
1.246565352759248027e-02
-3.554981291212805372e-01
-5.663566888784014181e-02
-2.168004550847115464e-01
1.975004863338953032e-01
4.605257752647139990e-01
3.059681153138075205e-01
1.877277482561663102e-01
8.891624173578452361e-02
-1.511640147491105646e-01
3.050547371893857357e-02
8.946856795922310257e-02
9.956793496364645113e-02
-2.541402245560233503e-02
1.901491963596115276e-01
2.186167607270569080e-01
1.298248190743473973e-01
1.939064279773512756e-02
1.295868622988033923e-02
1.922448132248645303e-01
-9.184547094976799886e-02
2.526848283359601766e-01
2.614089441334108699e-01
6.785709819163718293e-02
-1.416972465940505577e-01
-2.509599837359167696e-01
7.323644621488776922e-03
-1.101917934577229807e-01
1.212514540600972274e-01
-7.977375107743221727e-02
3.262687896322312153e-01
-6.078786879626361418e-03
-5.661486723434333568e-01
4.075935030560023931e-02
-1.794264850790865673e-01
-1.619859102014457874e-02
-7.657500879778782188e-02
-1.021512489152230502e-01
-3.263102312894952117e-01
-2.799702720366445963e-01
-2.081879594154525392e-01
2.975355249601996932e-01
1.316497526060881988e-02
-2.829209440006682508e-01
7.963240752684706825e-02
-1.225998890994124402e-01
-1.559718778888122825e-01
2.489728727930175800e-01
1.952788709334583317e-01
3.683333401278411634e-02
2.783952561628343370e-01
1.625131985532848600e-01
-1.055584188596957324e-01
3.990143155037860212e-01
1.885006214041745065e-01
-1.011552703156864824e-01
-1.007470772382973584e-01
-1.627510249741604131e-01
-3.103614432833707859e-01
-2.965414030221583119e-01
1.117002030246142669e-01
-4.031978102595248220e-02
4.328923920384841750e-02
-1.475805542015757033e-01
1.361735640720510010e-01
5.162607218046830759e-01
3.597974335713022276e-02
-1.854505605739589997e-03
-1.933947150776213764e-01
-2.319685977237850028e-01
1.857695063702926863e-01
-2.972701751719319940e-01
3.136341550945222489e-01
2.749787965863714212e-01
1.241137981460546935e-01
-3.157038012637301827e-02
-1.384890617783357536e-01
1.608033305157837919e-02
-1.096373997840678106e-02
2.342385521295912154e-01
1.342865161942876084e-01
1.574649728720425856e-01
4.126416764972764759e-03
-3.107868857789206768e-02
-1.385672093261910154e-01
-1.544043855758674144e-01
1.985893893523604792e-01
1.456222631950015445e-01
-2.250218553785221509e-01
1.152139357309537870e-01
-9.037449800397183430e-02
1.352648875865080647e-01
1.117733824839310663e-01
-1.002437859353090543e-01
2.004373558449598913e-01
3.438618734946861932e-02
8.478553003635713736e-02
4.207115512294255788e-02
-9.950887464951468919e-02
-2.328808264980331832e-01
2.662566544445040817e-01
-4.154692986007562649e-01
2.136218108974015095e-01
1.355162137372590246e-02
9.153652946027492077e-02
-2.705727525827771873e-01
-2.085378006000764561e-01
2.747806626309943767e-01
-2.525570049024686639e-02
-2.748593440567167687e-02
-1.194718814895107395e-01
1.158888347885607406e-02
1.547877967514016684e-01
9.451545943835004682e-02
-7.791376002393905764e-02
4.650968652324600355e-02
3.950848870686186204e-02
-1.962681099119491235e-01
6.636210200844978868e-02
4.498123786230497911e-01
-2.761241579776099742e-01
2.565697441838882265e-01
-2.104144742353084019e-01
-1.724264121565378116e-01
-2.022708021279691071e-01
-2.349591068833978003e-01
-4.173677520016491616e-02
7.567538501396581241e-02
-2.570808211507422114e-01
-8.464551319278654229e-02
2.441326625949563345e-01
2.168794541404970300e-01
-1.913158644392111696e-01
1.729818811684524504e-01
2.945699911167808938e-01
-2.570311345489550980e-01
4.116114446914042047e-01
1.233721954615347033e-01
1.159019569904856939e-01
4.054323061090529118e-02
-1.051125751926942770e-01
2.607375482286822255e-01
-2.395996244518166507e-01
2.899643101623325392e-02
-1.261656528543454725e-01
-1.062198479510535060e-01
9.279016705592309233e-02
1.946989454793474350e-01
-3.237688909721768149e-01
-3.258071524670775546e-03
2.277527381208379331e-01
5.760225546574864602e-02
-5.678997252583634775e-02
-1.202570846083593076e-01
2.468047073361688826e-01
-1.174039591262507898e-01
1.794382211445653685e-01
2.422517911607560415e-01
-4.102341720541167330e-02
-3.628102229807851908e-01
-2.771994266411326180e-01
3.684408289682403193e-02
1.708935611714171299e-01
3.531543059248653388e-02
1.709105610815021270e-01
-7.306307416928038700e-02
1.370328332135923588e-01
3.225521173565868427e-01
-4.180784411896618091e-01
-1.007816000097498388e-01
3.825364339653760104e-01
-2.164628750818093084e-01
3.062980708186215442e-02
3.018629922343451510e-01
7.797330368183118254e-02
-1.520935328064074686e-02
-8.428876752935153538e-03
-7.048225982001825318e-02
-1.952643659432245493e-01
-2.371040952049072170e-01
-1.353907402019577377e-01
3.215387991047791716e-01
3.790133128818434227e-01
2.923828560679869182e-01
-3.305441395307894825e-01
-1.611912475006162526e-01
-2.235898815765236317e-02
-2.241720587586636948e-01
-1.782941972608142467e-01
5.502664609602526263e-02
-2.185737992038104538e-01
2.711323518750010098e-01
-9.704356055741315129e-03
-3.051073483664209704e-02
3.463403255212295639e-01
2.094852929803147149e-02
-4.069643543929956642e-01
2.081545507394149397e-01
-7.105127947984168912e-02
7.430225212868543649e-02
5.124820185717798848e-02
7.210941100214723898e-02
1.814310366655889559e-02
-3.061425153851875247e-02
4.521845540199611602e-01
-1.144127625773577739e-01
-2.103038055703783382e-02
-2.282084059505990192e-01
6.244958969515456565e-02
-7.328007121044889660e-02
-9.727066848149867884e-02
-6.361910262268546945e-02
-2.778356608832091013e-01
6.912750672603121260e-02
6.903733686559085370e-02
-6.113710788387896611e-02
-3.504202726014972180e-01
-6.881030579271492365e-02
-2.951722896038962984e-01
1.024245239088144022e-01
1.910240965431604931e-01
5.755757029861381831e-03
2.404027910792627953e-01
3.823069874858954220e-01
4.552032145614072489e-02
-3.171141064679567356e-01
1.521686089228435623e-01
1.261822088489958638e-01
2.354628823896761924e-01
2.553366087289241637e-01
1.133771944643161417e-01
-2.173637666173919292e-01
-1.836847498681851709e-01
2.502303336273306034e-01
1.074871338263474752e-01
-6.859714828646908125e-02
7.180964604744475600e-03
4.517384550016093764e-02
-2.379873670332574020e-01
-3.301841367696051188e-02
4.787904375937247076e-02
-1.758632372517452969e-01
-3.550293089577823413e-01
5.002452859641607352e-01
-5.232859575803359281e-02
-1.377698476583280318e-01
-1.477138230509704719e-01
-1.652030454868408382e-01
7.253341637145367671e-02
-2.356377803262678650e-01
-1.451350487370915432e-01
2.295883938868964469e-01
-3.158104764319525914e-01
-9.549397944797229087e-02
-1.770557134165853530e-01
4.964199663125987150e-01
1.371108328696192535e-01
1.623055542030691079e-01
-7.230701078041447405e-02
8.050011215246066776e-02
-1.030640219132759883e-01
2.996570292903788079e-03
-1.485121652945183834e-01
-6.485906954187505014e-02
-2.341723600832139719e-04
2.594016889831959188e-02
1.296607540401759628e-01
-2.472479217506115268e-01
-1.809504704588109081e-01
-2.135502003397748982e-01
-9.069404467522862445e-02
-3.199306076962069589e-01
1.253941517836100472e-01
1.689153445729831282e-01
7.839329842656042602e-02
1.251898648596093122e-01
1.755825106365883903e-02
1.275025053064877678e-01
-1.202773437868757955e-01
-2.052115743679941706e-01
-9.442582067765190046e-02
-5.216173161341654393e-04
-1.100356398673186242e-01
-4.812714334857374522e-03
-5.195261887820546987e-01
-7.501784423828113113e-02
7.144747977537498074e-02
-2.108779372288595022e-01
-1.328311758032073575e-01
1.424785059459017789e-01
-2.327694526379562451e-02
-7.129783484569409552e-03
-2.295138810464206480e-01
-2.626327957944216696e-01
4.816481334369404066e-01
3.395113518350925674e-01
-9.639103138237350987e-02
3.866897392175010495e-01
-3.235093286237288035e-02
1.338857143015277640e-01
-8.607849982344653594e-02
3.502748508279014961e-01
5.624131355220653994e-01
2.095176324617394337e-01
-1.733760816377045155e-01
-5.408155394909793662e-02
-1.523691306625526987e-01
-1.632753081362198488e-01
9.207274748079295745e-02
1.280935371994584154e-02
-3.943070813827185273e-01
-2.687016817807306168e-01
-1.235870943110036202e-01
-1.874788959211967990e-02
3.058604700891764394e-01
1.820099479515486229e-01
1.811278663645611853e-01
9.586230060843341227e-02
1.896780152587030921e-01
1.653887270197606785e-01
-2.648764583743621337e-01
-2.709404652529889823e-01
-2.386754295953588123e-01
-1.679823289616239890e-01
2.444711323139449055e-01
6.066107914913781984e-01
4.085326938878149350e-01
4.739548254759246015e-02
2.319485611328096497e-01
2.869897582112291845e-01
-2.382415451351011237e-01
-1.550529740986064664e-01
-1.134558481393970059e-01
9.871019799322054700e-02
-2.773429431768290737e-02
-3.103779492374809101e-01
-5.164103298139488540e-02
-8.285457369452071952e-02
-7.664376916234025283e-02
4.943975499538533214e-01
7.190455438660237064e-02
-3.755444727775401059e-01
2.849879842484592807e-02
-2.522093605563916971e-02
-4.335093780435189670e-01
2.421591510386784593e-02
1.624966530250783470e-02
1.305722353168790595e-01
-5.176388239292365606e-02
1.127246122113253063e-01
2.312250098832452083e-01
-7.023948823419459697e-02
4.362649420798935807e-01
-1.554815082049842423e-01
-2.168582259588985872e-01
-8.202555512944706070e-03
-1.132772047393435788e-01
1.542457891867542522e-02
-7.608129867538359660e-03
2.652421984916825681e-01
-2.624357457653914705e-01
-1.146148957155968678e-01
7.933609123260544627e-02
1.848394670041870469e-01
1.151319017757353041e-01
2.270141640306482522e-01
-3.132697884271152255e-01
-4.758040255069606594e-01
-1.345433027747618970e-01
-1.403625667395670962e-01
2.177681897707934855e-01
3.438149885400312161e-02
1.011616423092597666e-01
6.004871792833017113e-02
2.329652956143494213e-01
2.989705929159250028e-02
8.024906889688274148e-02
-2.293906265739002748e-02
-2.710289740171138440e-01
1.000019034218674746e-01
-2.371340652109142355e-01
-1.742223787139488278e-01
-5.158691139925374314e-01
2.029102591633764885e-01
-1.908949513054320618e-02
-5.056390841524946098e-03
1.905227400770582447e-01
-1.290617021648058638e-01
-7.124335455116027893e-02
-5.217928393766712442e-02
3.689753139902677836e-01
-4.028602404737274267e-01
-2.047656871204145412e-02
1.327235200513872670e-01
4.004499077569199650e-01
2.046472469213461154e-01
1.439888657863703462e-03
-1.801953996335315944e-01
1.575405994244781505e-01
-2.313939742012379452e-01
-2.626193654242752196e-01
-1.145224772604998970e-01
-1.943940859460837611e-01
2.226543999659393869e-01
-9.981413271385154717e-02
4.766613076121228865e-02
-1.214959723871710529e-01
2.414315794559554751e-01
7.499964668654355432e-03
3.158462577432481072e-02
2.619627411952670237e-01
-9.575798622497169732e-02
-1.299236092879581250e-01
-2.695295549366006349e-01
2.837800984842795970e-01
8.635440114076228801e-02
-5.958344483918082829e-02
-2.514584928450613530e-02
-1.584177453920277701e-01
-2.415351575473016418e-02
-1.025583548668554112e-01
4.068870056530738029e-03
1.863488700097356010e-01
2.294111128895222618e-01
9.844262132400263821e-02
1.388901940658238132e-01
1.337878224636204483e-01
3.559517494405620847e-02
8.245699746308698952e-02
5.324429565683890669e-02
-4.093833598464241552e-02
4.265328231258274649e-01
5.606118954134028075e-03
-2.651107865239837325e-01
-9.700382764992734885e-02
-3.042960425950927972e-01
1.265993938538230723e-01
-3.335284019341784312e-01
-1.217465216457957050e-01
-4.554926614053800282e-02
-3.714137139234740398e-02
-2.418953643662002662e-01
-4.221531983693269097e-02
4.011760329750913567e-01
-4.319825623470668896e-02
2.635660362699414061e-01
1.475660661221297743e-01
-5.276846054484574111e-02
-4.291049169370537292e-02
1.652149231214616876e-01
-1.220097997664229827e-01
-2.572146669457593335e-02
-1.566672754741441076e-01
-1.080752434755051852e-02
-2.607477455868377203e-01
-4.675153018112436498e-02
1.262141109717274112e-01
-1.274774516403485158e-01
1.551535003865801843e-01
2.007193090125151264e-03
2.865426429340948711e-01
-4.665765086980528352e-03
1.184419256466314879e-01
-2.439296601945289134e-01
-3.017591475398624379e-01
1.744290855810639862e-01
7.313617989609837167e-02
-1.502554017600771508e-01
-5.437397793695430970e-01
2.486741055661949307e-02
-1.086656813572132591e-01
-4.880362382031822044e-03
7.673864869013412304e-02
3.750532711128378577e-02
-4.670962487746743719e-01
-3.384413521920183188e-01
-8.254335039917287675e-02
-8.594689830117793750e-02
-2.579202972769172320e-01
-3.142801984659553405e-01
-1.224769269478176853e-01
-6.158575986428561216e-02
-2.188128307583296628e-01
-2.265553023487932860e-01
1.646218475690501282e-01
1.049023406875069370e-01
-7.077167922438513947e-02
1.314066067342089250e-01
-1.221849675055157181e-01
4.156595869485578132e-01
3.300523386203816408e-03
-4.361730097566400288e-01
-1.584010457748928347e-01
2.282092353378513128e-01
-3.149571332107550803e-01
-5.634456853322820924e-02
-3.363798389752518936e-02
-7.669613130274693198e-04
5.758975833557133245e-02
-1.236220439787237557e-01
-8.520436195503351684e-02
1.706978027480762772e-01
9.142732740057626928e-02
-4.267602247394466919e-01
1.061080319635235442e-01
-9.119356018095417515e-02
-1.396198228053596811e-03
-2.142805967527582067e-01
2.633244987621513600e-01
-3.701229702066158866e-01
3.816326335500569433e-01
-7.340171330945741146e-02
1.052034840524956466e-01
3.714290621457101010e-02
8.637140865691230254e-03
3.579486040598992697e-02
2.587524643989225215e-01
-1.640323413901288718e-01
2.863439044509514253e-01
-2.809673255231716626e-01
-1.946438967404675105e-02
-7.643249733461285333e-02
-2.133822204003646972e-01
1.511470768833126643e-01
4.484001735662013766e-01
-2.515347935145472932e-02
6.092120794553473884e-02
3.533662759157420452e-01
-1.789160106680809034e-02
1.142808012985510463e-01
1.885764776772066997e-02
9.454564215616225332e-04
-2.032156239183521285e-01
1.523637883864739917e-01
1.976165572267736537e-02
-1.284479476054909697e-01
-2.755670961560326426e-01
-2.041649828914746945e-01
-8.426794861164964290e-02
7.153062403283469428e-02
2.018070999042665958e-01
-2.721804646277662942e-01
5.526862315584409741e-02
3.022187836135691308e-01
-3.800396773849357146e-02
5.173537462916950186e-02
-2.520437264970839739e-02
1.791591277373981994e-01
1.280299041121383229e-02
2.055576454157301280e-01
2.299126578741808868e-01
-8.736556180886077827e-02
3.020872518205406365e-01
-1.956830252566274519e-01
2.128708153434559491e-01
-6.032416393210663502e-02
-8.477065840372180472e-03
-3.177621282784934831e-01
1.337759437471799373e-01
-1.405451802771332248e-01
-3.448128242682443334e-01
8.960217063422978856e-02
2.450247570264538766e-01
-1.709787549051565436e-01
1.775300274210403206e-01
9.041600092479666617e-03
5.178290962728938629e-01
-8.428597058932357777e-02
-7.003988238146066636e-02
4.057023308948640855e-02
1.645695969532664782e-01
2.011443344905471109e-01
-2.309003583593312592e-01
-3.155214950951950592e-01
-8.308890701014719216e-02
-8.053325113983461625e-03
3.655369656026098701e-02
-6.706369884788779268e-02
2.285473831821315527e-01
-1.106470276509508716e-01
7.549882802578618268e-02
3.733495643022191612e-02
-1.258653168279511292e-01
-3.415757989045062892e-01
-1.059285237886537084e-01
-5.097170892201017753e-03
-1.051181941089054661e-01
-5.243187285992000346e-01
-4.081014195701462843e-02
1.272849993249954570e-01
-3.747451159534077036e-01
8.850234046650976710e-03
1.521656221512673879e-01
4.654615219455544017e-01
-4.111852609956054283e-02
2.441670842057021978e-02
-4.055550669639976236e-01
-8.478033205502373548e-02
8.016456229656448995e-02
-3.872167313932537575e-02
-1.721299802468741480e-01
-3.118086332703410291e-01
7.108560136933329832e-02
3.075586599008415800e-01
1.534997491289937510e-01
-1.225490208653111091e-01
-1.353537569824214692e-02
1.768029868969412527e-02
3.972579002298142620e-02
-2.661661191809123750e-01
2.248892142559353810e-02
-2.002865788942754036e-02
-1.742362592678113609e-01
1.181347420465858611e-01
1.716990213066816595e-01
4.890119842398042010e-02
3.782595963274578699e-01
-1.508142718324005649e-02
1.127810189784700656e-01
3.416387204361790997e-01
1.746097879654484597e-01
-2.460538606890035410e-02
1.175884533775941737e-01
3.432688435694860596e-01
-2.140750451668221865e-01
8.594554879822993709e-02
9.605594542372250522e-02
-1.907853304606061673e-01
-3.233031396039161565e-01
-2.189547594768708194e-01
-2.427595629178114500e-01
-1.734679171666604278e-02
1.055090520694781098e-01
-5.409453174681988497e-02
-6.326929426078263530e-02
-8.308700339898776599e-02
3.475647634294829480e-01
-8.074745554876129605e-02
5.226415575575239503e-01
1.621861744769456937e-01
-4.538609887380633950e-02
2.531883111729611446e-01
2.232935547304159274e-01
1.421741039722332622e-01
-6.660661783487269172e-02
2.524742317692521207e-02
2.900171617701213789e-01
1.636565736954536110e-01
1.629216770550235560e-01
-2.327108758566706903e-01
6.871484878101696836e-02
-2.961498961640058880e-01
-1.671518031791805192e-01
-3.348032720641488935e-01
5.194576244033559387e-02
-6.492782940016053606e-02
-4.783692389786962929e-02
3.969680177841025670e-02
-3.409103378818709729e-01
-1.627467767079161798e-01
-3.116438950874799718e-01
6.746478631247897206e-02
-3.225333767119189510e-01
6.501766518551208573e-01
-2.832088772955585615e-02
2.958702816039180394e-01
2.537856230485323675e-02
-1.361761901516652939e-01
-2.055132131031895959e-01
-9.567083786229930997e-02
4.611785291087170391e-01
-2.899696776912639162e-01
1.835775119650506493e-01
1.104258502904737205e-01
8.596068722354628655e-02
-1.266976633602426988e-02
9.445697260009582041e-02
-3.615428340733668061e-02
-2.280456192466529808e-01
2.206808673933456089e-01
-4.785484598127397876e-02
-8.684399539857093342e-02
-9.103218408293597963e-02
2.370261176573906226e-01
1.882356280969974677e-02
-3.068600986065217473e-01
7.992521227691994079e-02
-8.173728245421212069e-02
1.203765910872934969e-01
-7.497018416706453803e-02
4.432703138626126194e-02
-9.605387332578030346e-02
-1.447888628188152005e-01
2.590039848111469131e-02
3.366353929277529481e-04
8.521292781830280827e-02
-2.142418382590064452e-01
3.183840441625177542e-01
-5.452644166478177318e-02
2.732831224341610299e-01
-5.758859000809216783e-02
-3.217207051419160996e-02
-1.989173240166273449e-01
1.199657900852263148e-01
1.989193532381779497e-02
-8.261853309270031365e-02
3.991879601101827602e-01
9.384161196768564528e-02
9.876409744105437913e-03
1.557039246404730683e-03
-5.136397924757356570e-01
1.049584972990739440e-01
6.982270528805006871e-02
-1.647760549070306779e-02
-3.585063513036583493e-02
-4.196260656652520127e-02
1.348534793612490290e-01
2.041319489713635388e-02
1.203239534138251382e-01
4.425233034850860336e-02
-2.543796259737474696e-01
4.951287929222244477e-01
2.887161576681700204e-02
2.053399015911628323e-01
-8.629021877240664051e-02
-1.640464111231608180e-01
1.561473517078846018e-01
-1.160209200135366853e-01
-3.341698180660073181e-01
-1.752308086654820463e-01
2.510155724178754766e-01
-6.774362992429258656e-02
-2.426802533957782837e-01
-1.135512018806057455e-01
-5.872346730904379891e-02
-2.898903675688420667e-01
1.924195084496605201e-01
-1.737193588393623200e-01
-1.386477676254883329e-01
-1.763861081398189132e-02
9.408459444646537218e-02
-1.176868349543503112e-01
2.535440358311136233e-01
-5.550697877520765350e-02
3.488950533327820347e-01
3.357170048777821658e-01
-2.218299288510062750e-01
-4.296033157300863797e-02
-3.279538738984232038e-02
-7.817112934928435730e-02
-2.150595099100853762e-03
-2.138108713866498922e-02
-4.076333257070722804e-01
7.801686423818539329e-02
-1.791296146821923507e-01
-3.940890311037961169e-01
2.825445814637779496e-02
3.793579516495371728e-01
-1.708459580485791884e-01
9.804684336595463623e-02
-2.250740643645167960e-01
1.524863335088076921e-01
-3.469321244864200238e-01
-6.247305609164505863e-02
8.139564146360613039e-02
2.819052452194023561e-01
5.140507435445195589e-02
-4.201944687752724450e-01
1.876297052444286517e-01
1.878989372286691550e-01
-8.454440688865411113e-02
-2.512055160388587116e-01
-4.323294960446311813e-02
-9.662691659433805466e-03
1.889839033721663628e-03
3.857648317763531787e-01
2.724438187526176947e-01
-1.805930841524404085e-01
1.725467877184388293e-02
-1.701880135509196978e-01
1.009959433555159547e-01
3.931654190014091665e-02
-1.135912571708099783e-01
2.861111886959071815e-01
-5.154790524711709565e-02
-1.550106293770939780e-01
2.001440330558727221e-01
-5.306512979025596044e-03
-5.900842408580912746e-02
2.920110837172564811e-01
1.662812603917218079e-01
1.634669767995106937e-01
-2.610919433131809186e-01
3.426847299609284137e-01
3.322314344705911693e-01
-2.220168348348030285e-01
-1.255822104388196747e-01
-3.132317530164627772e-01
-1.088443654706864328e-01
5.840209726447438687e-02
7.713600519577695769e-02
-1.792395023843670609e-01
-4.941624376889228731e-01
-7.082967507090309756e-02
-1.476957684923720093e-01
-3.933484902977124054e-01
-8.188900813685638658e-02
3.157705817066223108e-01
4.111002657523905174e-02
3.925356299897217460e-01
-1.415090544841559050e-01
1.401422378065320939e-01
4.696278907188268514e-02
3.450573284562946739e-03
2.611115483288495298e-02
-8.685064712608375759e-02
6.158155500506418828e-02
-2.201141643125729408e-01
-1.656754578813998124e-01
-2.742878196337583119e-01
7.807403225865376661e-02
-1.474379705718110167e-01
-1.331728354782863236e-02
-4.816404273826672966e-03
3.684397076730253767e-02
1.409551217987179694e-01
1.214906555538545069e-01
1.849759769174434687e-01
1.735102273286158181e-01
5.169738007320543588e-02
-2.338119019891315431e-01
-4.498847457974857189e-01
-1.517167755188823797e-01
-2.844835794132523632e-01
-2.001253812381349473e-01
-2.429791983275778888e-01
-2.999815661757644358e-01
-3.772853394015759365e-01
7.152313634055350589e-01
3.303020782091414809e-01
-8.113635992982652645e-02
1.291441685737411138e-01
1.724954932162727772e-01
4.111581294906934692e-01
-5.574058755173670610e-02
3.745146497060437563e-01
1.277327642663308171e-01
2.888541099427161668e-02
2.953700371439464401e-01
7.258278198116185909e-02
-2.326298212386870568e-01
