1.398011624845798551e-01
4.259954695170196093e-01
3.584960545413917732e-01
1.000000000000000000e+00
-7.752637365492642818e-01
-4.838967842345728854e-01
-2.715210057135257760e-01
3.390435829969085102e-01
1.936659896126677882e-01
-1.000000000000000000e+00
-1.000000000000000000e+00
-1.000000000000000000e+00
3.120024962360234966e-02
-5.188503990836458302e-01
-1.000000000000000000e+00
-1.000000000000000000e+00
-1.001825440850588195e-01
-1.000000000000000000e+00
-1.000000000000000000e+00
-3.621542920005099697e-02
-7.995418961625518905e-01
1.000000000000000000e+00
9.449693910647649631e-03
-1.000000000000000000e+00
-4.759421328542742247e-01
1.000000000000000000e+00
-1.000000000000000000e+00
1.000000000000000000e+00
-1.555866516548640166e-01
-8.559616351620382702e-01
-7.375999293191600747e-01
-1.000000000000000000e+00
-8.407043596426719834e-01
-8.118916239220452802e-01
2.273259856834564385e-01
-4.074783577639906618e-01
8.824224029125937729e-02
-1.000000000000000000e+00
-8.022287063857115319e-01
-1.012791752463797490e-01
-7.135896439300859484e-01
-7.460968003887096245e-01
-8.148013310707294954e-01
1.869568763621088925e-01
1.000000000000000000e+00
-4.594883301717287982e-01
1.000000000000000000e+00
4.019474709602616769e-01
-1.000000000000000000e+00
1.000000000000000000e+00
-8.788298627506951899e-01
-1.000000000000000000e+00
1.505554685096491263e-02
1.000000000000000000e+00
7.651394410170435645e-01
1.000000000000000000e+00
-5.650604704365838060e-01
-1.000000000000000000e+00
-7.567558117989241495e-01
2.178882549243243982e-01
-4.433788478657504362e-01
8.473740986321187663e-01
-1.000000000000000000e+00
6.949230971513462585e-01
9.615874257275753845e-01
1.000000000000000000e+00
-1.000000000000000000e+00
1.000000000000000000e+00
1.000000000000000000e+00
-1.000000000000000000e+00
2.857073915806525033e-01
-4.892751877778714897e-01
-2.004448708269775392e-01
9.388718968684242050e-01
3.534478530308491351e-01
6.081566610559760999e-01
1.000000000000000000e+00
3.987626904166731157e-01
-4.518318889429111529e-01
4.007489038914080481e-02
5.144744057878333221e-01
-3.423589966128082196e-01
9.710129062531140942e-01
7.298477686547806265e-01
1.000000000000000000e+00
1.000000000000000000e+00
-2.425812786581054148e-01
-4.610326459567449797e-01
-3.649745244723330839e-01
-1.000000000000000000e+00
1.000000000000000000e+00
8.116387068808217364e-02
1.000000000000000000e+00
-4.835114689499162566e-01
-1.000000000000000000e+00
-1.000000000000000000e+00
1.000000000000000000e+00
-1.000000000000000000e+00
-1.000000000000000000e+00
5.335115440908898554e-01
4.434067480509439330e-01
-8.902687125219701514e-01
1.000000000000000000e+00
-1.000000000000000000e+00
1.000000000000000000e+00
1.000000000000000000e+00
7.770845984832949194e-01
1.000000000000000000e+00
-1.723129295640529746e-01
-2.135567669455880058e-01
1.000000000000000000e+00
-8.192947317774224025e-01
-3.302215431612482988e-01
-1.000000000000000000e+00
-2.652760061787677870e-01
1.000000000000000000e+00
7.349730565714434061e-01
-5.283406270783774783e-02
-9.372668225465951020e-01
9.224508425148925106e-02
-7.763848398169117537e-01
-1.000000000000000000e+00
6.140990511903394733e-01
-1.000000000000000000e+00
-5.429983105401039456e-01
5.399665932397943457e-01
-6.063497717080625904e-01
-1.000000000000000000e+00
-1.000000000000000000e+00
-1.000000000000000000e+00
-2.910157942681128596e-01
1.000000000000000000e+00
-1.000000000000000000e+00
1.000000000000000000e+00
-7.562391192182065236e-01
-2.705798582658436313e-01
-1.000000000000000000e+00
-6.314302043208475101e-02
-1.769496858528549765e-01
-8.994095565638805523e-01
-3.679319479838088491e-01
-1.000000000000000000e+00
-1.920542909661304698e-01
-1.000000000000000000e+00
-1.000000000000000000e+00
3.722665101651015940e-01
-4.262953190347404941e-01
-1.000000000000000000e+00
7.732826646257657810e-01
-7.788178502392486546e-01
4.864144217103583134e-02
-1.000000000000000000e+00
8.307192865952011118e-01
-1.000000000000000000e+00
6.321811330720736866e-01
1.000000000000000000e+00
5.086004488448255811e-01
1.000000000000000000e+00
-5.409210829036241730e-01
1.000000000000000000e+00
6.772203907339691131e-01
5.637302167770374961e-01
-2.979872867032276051e-01
1.000000000000000000e+00
-1.364541803305345802e-01
7.078019411595002364e-01
-1.000000000000000000e+00
7.793815222828182065e-01
4.535513818424125043e-01
-1.000000000000000000e+00
-1.000000000000000000e+00
7.222974796370302819e-01
4.347728342174042027e-01
1.883318958301117285e-01
-9.238412988137895132e-01
-1.000000000000000000e+00
1.000000000000000000e+00
-1.000000000000000000e+00
-1.000000000000000000e+00
4.368003981623587162e-01
1.000000000000000000e+00
-1.000000000000000000e+00
9.606664755407882117e-01
7.480450083057377242e-01
1.000000000000000000e+00
5.353928240678238470e-01
1.000000000000000000e+00
-5.882003864933312842e-01
-7.179113902865515984e-01
-5.242040357142014884e-01
-8.720655567507530348e-01
1.000000000000000000e+00
9.830316976310606858e-01
-7.109343528905589515e-01
-7.481968445233777576e-02
1.000000000000000000e+00
-1.644116524946802049e-01
-4.788911165712599338e-01
-1.000000000000000000e+00
2.369983535662315566e-01
-7.320920927341645346e-02
-6.639431967599505047e-01
7.337761818281176573e-01
-1.000000000000000000e+00
1.017954156865457094e-01
1.000000000000000000e+00
-5.165176513991523999e-01
7.787022677984565266e-01
1.000000000000000000e+00
-1.585295750497763834e-01
-1.000000000000000000e+00
-4.803964654200783002e-01
5.216343271750081279e-01
1.000000000000000000e+00
-1.000000000000000000e+00
3.843230841817898424e-01
-5.564267053918587891e-01
-8.592396828131045883e-01
-7.750132461407660545e-01
1.000000000000000000e+00
1.000000000000000000e+00
2.545291892682019497e-01
1.616472420019715028e-01
-3.280372553980583916e-01
-4.568548804467723601e-01
1.138693604104612511e-02
-4.503942690440403407e-01
-1.000000000000000000e+00
1.000000000000000000e+00
3.963150705914835203e-01
1.000000000000000000e+00
6.516286993046461751e-01
-1.875552289636744363e-01
1.000000000000000000e+00
-1.000000000000000000e+00
-1.000000000000000000e+00
-1.000000000000000000e+00
1.000000000000000000e+00
1.000000000000000000e+00
1.000000000000000000e+00
-8.571694061922373598e-01
-1.000000000000000000e+00
-3.706715079757505471e-02
9.643710040385690130e-01
-7.955323249877257474e-01
2.625462330507755127e-05
6.286173907787908632e-01
1.000000000000000000e+00
7.675231627608858354e-01
2.162697623056859531e-01
-1.000000000000000000e+00
-3.712617571934249128e-01
-1.000000000000000000e+00
2.433660154300139045e-01
-1.000000000000000000e+00
1.000000000000000000e+00
-1.000000000000000000e+00
-1.000000000000000000e+00
-3.310189094705254798e-01
-1.000000000000000000e+00
-5.676426702192451934e-01
-2.779348278925607429e-01
-9.978790220211078976e-01
-1.000000000000000000e+00
1.000000000000000000e+00
-2.304808647841609381e-02
1.000000000000000000e+00
1.000000000000000000e+00
-1.000000000000000000e+00
-1.000000000000000000e+00
2.873124831253781597e-02
-1.000000000000000000e+00
6.110546211022487295e-01
-8.495272761975529718e-01
2.750804502426962284e-02
-1.000000000000000000e+00
-7.155692057316249688e-01
9.180517257612306192e-01
-1.000000000000000000e+00
-7.392615915917822855e-01
9.753128547582157193e-01
1.000000000000000000e+00
8.235363224475642507e-01
1.000000000000000000e+00
1.000000000000000000e+00
1.000000000000000000e+00
6.794934532615976019e-01
-1.000000000000000000e+00
1.000000000000000000e+00
-1.000000000000000000e+00
1.000000000000000000e+00
-1.000000000000000000e+00
1.000000000000000000e+00
-3.886168575629178612e-02
-1.000000000000000000e+00
-6.209501209067657124e-01
-1.000000000000000000e+00
-3.042103461694142807e-01
-1.000000000000000000e+00
5.940736344587335127e-01
-1.000000000000000000e+00
5.096206001640607441e-01
-4.172216210619953403e-01
-1.000000000000000000e+00
-7.051414163113441935e-01
2.295280286260190650e-01
1.712975724457180826e-01
-6.024945610357415049e-01
-1.000000000000000000e+00
1.000000000000000000e+00
-6.346830289586231633e-01
3.580237542355874103e-01
1.000000000000000000e+00
-1.000000000000000000e+00
1.000000000000000000e+00
1.000000000000000000e+00
-1.000000000000000000e+00
1.000000000000000000e+00
1.000000000000000000e+00
4.500342276763718008e-01
-1.000000000000000000e+00
1.000000000000000000e+00
1.000000000000000000e+00
1.000000000000000000e+00
-7.964773401939789776e-01
1.000000000000000000e+00
-1.000000000000000000e+00
-7.964433537876595137e-01
1.000000000000000000e+00
-1.000000000000000000e+00
-1.000000000000000000e+00
-2.118599394160668448e-01
-4.590071126518513456e-02
7.972156309776070593e-01
-1.000000000000000000e+00
-1.994131557923246589e-01
-5.492878131588763146e-02
-1.537109701283412289e-02
4.577560810031663374e-01
-2.067587008751179400e-01
-3.501215112251236938e-01
6.867306093510385789e-01
6.931904000021592571e-01
-5.000006314767031501e-01
1.540182412229824105e-01
3.404037640992527702e-01
1.000000000000000000e+00
1.000000000000000000e+00
1.072372471541476191e-01
7.366424344449691297e-01
-1.000000000000000000e+00
3.643347223082979425e-01
3.146890109842090388e-01
8.506337706160944645e-01
1.000000000000000000e+00
8.001058694308982311e-02
-1.000000000000000000e+00
-1.000000000000000000e+00
-1.000000000000000000e+00
-1.000000000000000000e+00
-6.486083323213676088e-01
-1.000000000000000000e+00
1.000000000000000000e+00
-1.000000000000000000e+00
8.217397908399964868e-01
8.936907676159390190e-01
-1.000000000000000000e+00
1.000000000000000000e+00
7.897503283702475008e-01
-1.000000000000000000e+00
4.417558032408147595e-01
-2.358887760654607146e-01
2.235759700442015718e-01
-1.000000000000000000e+00
-1.000000000000000000e+00
4.212587911456477929e-02
1.318025798748072575e-01
-6.281617656452016529e-01
-4.711273516379778092e-01
3.624310825576841921e-01
-5.381044151634414296e-01
-7.332513579444157603e-01
1.000000000000000000e+00
-1.000000000000000000e+00
8.657102188543579491e-01
1.000000000000000000e+00
-1.000000000000000000e+00
-1.000000000000000000e+00
-1.000000000000000000e+00
-1.000000000000000000e+00
1.000000000000000000e+00
-6.673647433842744281e-01
2.917362596127019980e-01
3.414839732042582732e-01
-4.477511706337837794e-01
-5.827410436130697757e-01
-9.153321713761347622e-01
1.000000000000000000e+00
-1.918796764070613836e-01
9.076047512770203385e-01
-1.450020001694150573e-01
7.221289417488833129e-01
-1.000000000000000000e+00
8.824755531186527779e-01
-1.000000000000000000e+00
-8.051435000742528381e-01
-1.000000000000000000e+00
1.000000000000000000e+00
1.000000000000000000e+00
9.487213821157335358e-01
-7.279920495538918512e-01
-1.000000000000000000e+00
-1.000000000000000000e+00
-6.871909109503828716e-01
1.831748178667155225e-01
-8.264348106243669667e-01
2.164680769046166131e-01
-7.136048832645747186e-01
1.000000000000000000e+00
1.000000000000000000e+00
4.965043593808761146e-01
-1.000000000000000000e+00
1.319375445121460100e-01
9.138473311821018186e-01
1.000000000000000000e+00
-7.776999119671302862e-01
-1.000000000000000000e+00
-1.000000000000000000e+00
-9.837201833386678418e-01
-3.544898125431165115e-01
-6.060320538446217764e-01
-7.769897309119480067e-01
-5.827781396585930418e-01
-1.000000000000000000e+00
4.845125556305042713e-01
-8.173378237019849335e-01
5.491160810027249095e-01
-4.137431265915779699e-01
1.000000000000000000e+00
-1.000000000000000000e+00
-1.000000000000000000e+00
-4.366587868028630748e-01
-1.000000000000000000e+00
-5.106115497003282933e-02
-1.000000000000000000e+00
1.000000000000000000e+00
-2.960387067204159894e-01
1.000000000000000000e+00
-3.052784773989877798e-01
3.942716853846033320e-01
-1.000000000000000000e+00
-1.000000000000000000e+00
7.589173751855442518e-01
1.000000000000000000e+00
3.539733460731642190e-02
6.060066802473567105e-01
-6.676315682549904817e-01
1.000000000000000000e+00
1.000000000000000000e+00
1.000000000000000000e+00
-7.869435773545756518e-01
-4.354240177219899088e-01
1.000000000000000000e+00
1.397562004684240744e-01
1.000000000000000000e+00
-1.000000000000000000e+00
2.972253078138973326e-01
9.663604309820067462e-01
-1.000000000000000000e+00
-9.724052481463609787e-01
-1.000000000000000000e+00
-1.704349520970530607e-01
4.244327034584460812e-01
-1.000000000000000000e+00
4.055971617653240102e-01
5.807999165435671074e-01
-2.332846836827285886e-01
2.950952931417955005e-02
-1.969389374583608576e-01
-2.363555040298309651e-01
-2.004211571066426556e-01
-4.020397456488837840e-01
-1.000000000000000000e+00
1.000000000000000000e+00
-1.000000000000000000e+00
4.130148018278494426e-01
1.000000000000000000e+00
1.265213203119738838e-01
-1.000000000000000000e+00
6.216850902208237439e-02
2.720592043529270754e-01
1.000000000000000000e+00
8.422206713888098495e-01
-6.293770166546003297e-01
-1.000000000000000000e+00
9.541269343881613185e-01
-1.000000000000000000e+00
1.000000000000000000e+00
-2.388367623263778494e-01
7.158292990857793026e-01
-1.000000000000000000e+00
-1.000000000000000000e+00
-7.105035430378193739e-01
-4.436384783326658976e-01
-6.197289267453227612e-01
1.000000000000000000e+00
-8.824298260242102732e-01
1.571266941844300380e-01
-7.290625125937716389e-01
1.000000000000000000e+00
1.000000000000000000e+00
1.000000000000000000e+00
-3.375034554236516215e-01
-1.000000000000000000e+00
-8.740321926814748066e-01
1.000000000000000000e+00
1.000000000000000000e+00
2.431831857824320320e-01
3.073154017586249287e-01
-7.414333234955070573e-01
-8.931366772617637118e-01
1.000000000000000000e+00
1.000000000000000000e+00
6.572793023381854338e-01
-6.740662922564910620e-01
1.000000000000000000e+00
-1.000000000000000000e+00
-3.007628626726179810e-01
-1.000000000000000000e+00
6.307847376221031865e-01
-1.000000000000000000e+00
-5.255448680376009207e-01
2.257733629441829315e-01
8.255627581861215702e-01
1.000000000000000000e+00
4.989186755648391536e-01
8.205848653826949279e-01
-1.976744668345853384e-03
-1.000000000000000000e+00
7.775502583299614967e-02
4.860096659463597479e-01
2.543713575847879049e-01
6.015867807688458635e-01
-1.000000000000000000e+00
-1.000000000000000000e+00
-1.000000000000000000e+00
1.000000000000000000e+00
-2.884984654222660927e-01
-5.494349882754295811e-01
-1.000000000000000000e+00
-1.000000000000000000e+00
-1.000000000000000000e+00
1.000000000000000000e+00
1.000000000000000000e+00
1.565586852492302505e-01
7.171234484303559142e-01
-2.289445219915219876e-01
1.000000000000000000e+00
-1.000000000000000000e+00
-4.448886902587281256e-01
-1.494613804479327790e-01
1.000000000000000000e+00
-2.544530261380537617e-01
-4.692410803827529175e-01
-1.173341063751032198e-01
-4.210483092539095140e-01
-9.015705166097436329e-01
-1.314664934636851079e-01
-6.647298763870729266e-02
3.785221823061541979e-01
-4.608384015022130020e-01
-4.060008250082386416e-02
-5.053845880829803683e-01
-4.462446422884874808e-01
3.159403448225709954e-01
7.194358202779214118e-01
8.962947802413088194e-01
-3.002647224730314868e-02
-4.491442057168089086e-01
2.317410975281904151e-01
-7.296915965230206247e-01
1.000000000000000000e+00
9.250844491789181889e-01
-1.000000000000000000e+00
5.535750157336631894e-01
-2.793097794593008554e-01
1.000000000000000000e+00
-1.534518822155118145e-01
-1.000000000000000000e+00
1.000000000000000000e+00
-9.531514658327060463e-01
-1.000000000000000000e+00
-1.982919567423587770e-01
-9.167143306488491072e-01
8.740334254966564131e-03
2.870016901413970922e-01
9.431800021484686436e-01
8.349383828375125383e-01
-1.000000000000000000e+00
-1.000000000000000000e+00
-1.000000000000000000e+00
-1.000000000000000000e+00
6.943534366401017399e-01
8.019275345775573882e-01
-1.000000000000000000e+00
-7.336339052127716087e-01
6.074832652797959032e-01
1.000000000000000000e+00
1.000000000000000000e+00
-6.956019468280285611e-01
-1.000000000000000000e+00
9.280219961916847948e-01
1.000000000000000000e+00
5.011394026923777778e-01
-2.334454087291715219e-03
-1.000000000000000000e+00
2.197160409224003796e-01
-1.000000000000000000e+00
-1.000000000000000000e+00
3.101843539733006305e-01
1.746941461477469204e-01
1.000000000000000000e+00
-2.425271717093402390e-01
1.000000000000000000e+00
7.657091913619643031e-04
-7.265345414606427799e-02
-1.000000000000000000e+00
1.000000000000000000e+00
-1.000000000000000000e+00
-3.817092171167386638e-01
1.000000000000000000e+00
1.000000000000000000e+00
-1.000000000000000000e+00
6.071905597731850346e-01
-1.003190726797719146e-01
-3.901098853804098043e-01
-1.919638277977515628e-01
-8.687817693335324609e-01
1.000000000000000000e+00
7.920641063990749853e-01
-9.938477977635642446e-01
6.101726061423640157e-01
-1.000000000000000000e+00
-1.000000000000000000e+00
-1.000000000000000000e+00
-1.000000000000000000e+00
-8.047731550579164672e-01
-9.488613402585508450e-01
1.000000000000000000e+00
-5.219766678552684169e-02
-1.000000000000000000e+00
9.067375323194202252e-01
-1.000000000000000000e+00
3.915254960051666178e-01
2.681214306333484787e-01
-1.000000000000000000e+00
-1.000000000000000000e+00
-9.021007722333003187e-01
-9.003478539629848898e-01
3.691410127981619160e-01
-2.174494640269932777e-01
-1.000000000000000000e+00
1.000000000000000000e+00
1.000000000000000000e+00
-1.000000000000000000e+00
1.000000000000000000e+00
5.687970092348615392e-02
-1.000000000000000000e+00
-1.000000000000000000e+00
3.984045051498027457e-01
-9.016870536813552661e-01
6.575338436184824387e-01
-7.826480956620880391e-01
1.000000000000000000e+00
-3.562709486596027375e-02
-1.000000000000000000e+00
-8.934544707581273948e-02
1.000000000000000000e+00
5.169653482896112706e-01
-1.000000000000000000e+00
-1.000000000000000000e+00
5.381505910147015292e-01
-1.011378495001857836e-02
-6.871725392670524624e-02
1.000000000000000000e+00
-2.217187860811151712e-01
-1.000000000000000000e+00
-1.000000000000000000e+00
3.423319197469782971e-01
-1.844723714701692607e-01
1.000000000000000000e+00
6.498063426271782905e-02
4.756141282891008792e-01
1.000000000000000000e+00
-1.000000000000000000e+00
1.000000000000000000e+00
3.444791423974142841e-01
-1.000000000000000000e+00
1.000000000000000000e+00
9.681473725305017597e-01
3.390710684118586338e-01
1.000000000000000000e+00
-2.342159630097602196e-01
-1.000000000000000000e+00
1.000000000000000000e+00
1.000000000000000000e+00
-2.297635439800693735e-01
-6.005795715199842011e-01
9.037533868364665546e-01
-1.000000000000000000e+00
-1.000000000000000000e+00
-6.361845176400429125e-01
1.000000000000000000e+00
-1.000000000000000000e+00
-3.696376313853969586e-01
6.055074901235855123e-01
1.000000000000000000e+00
-1.000000000000000000e+00
-2.381215693677128931e-01
5.775956433188031980e-01
7.419613353179639326e-01
-1.000000000000000000e+00
1.000000000000000000e+00
-1.442372614234869177e-01
-4.896402074083475164e-01
-2.902713542419094184e-01
-1.000000000000000000e+00
1.000000000000000000e+00
-1.000000000000000000e+00
-3.114242209244190152e-01
2.898017337761656931e-01
-1.000000000000000000e+00
1.462642967503814395e-01
-5.551143266682696531e-01
-1.000000000000000000e+00
-1.550796453434311051e-01
-2.423079485756787776e-02
-3.131211509823824679e-01
1.000000000000000000e+00
-1.000000000000000000e+00
-7.202444287890849006e-01
-1.324401954762843836e-01
1.000000000000000000e+00
1.000000000000000000e+00
-6.677888498761017644e-01
7.690897771028664121e-01
1.000000000000000000e+00
-1.000000000000000000e+00
-1.000000000000000000e+00
1.934219736906369613e-01
-1.000000000000000000e+00
9.491201545497335301e-02
-1.000000000000000000e+00
1.000000000000000000e+00
-3.390288904546162607e-02
3.165489553231854991e-01
-1.000000000000000000e+00
-7.611532533750684504e-01
-5.019854879323761843e-01
1.000000000000000000e+00
3.514195658439017711e-01
3.296748648478419197e-01
1.000000000000000000e+00
1.000000000000000000e+00
-1.000000000000000000e+00
4.750048987941696832e-01
-1.000000000000000000e+00
-7.769898876663083875e-01
-4.120776080320380785e-01
-1.000000000000000000e+00
1.000000000000000000e+00
8.363432497707534719e-01
-5.677586047188130092e-01
7.309706711196356510e-01
-1.000000000000000000e+00
1.000000000000000000e+00
2.269079809786203050e-01
1.000000000000000000e+00
-1.000000000000000000e+00
5.343786862042445573e-01
1.234870166030720418e-01
1.000000000000000000e+00
-1.000000000000000000e+00
-1.000000000000000000e+00
-9.527544510103225228e-02
1.000000000000000000e+00
-7.749752741495936625e-01
1.000000000000000000e+00
1.000000000000000000e+00
-1.000000000000000000e+00
-1.000000000000000000e+00
-7.516584535336989781e-01
-5.430378111479639003e-01
4.102665181680978934e-01
-4.472944443911217594e-01
-1.000000000000000000e+00
-1.000000000000000000e+00
7.770205828739857878e-01
-1.000000000000000000e+00
-6.144484691423683920e-01
-1.000000000000000000e+00
5.220437290703888733e-01
-9.307974962153737764e-01
-6.629171665297395322e-01
-4.618118771989097038e-01
1.000000000000000000e+00
6.659228411305185835e-01
1.000000000000000000e+00
-5.563195543253258712e-01
-2.320326629802281770e-01
-2.457987658107809725e-01
9.798233641925433446e-01
1.000000000000000000e+00
1.000000000000000000e+00
1.000000000000000000e+00
-9.645211153396998638e-01
-6.420495739111875544e-01
-8.224845105214313445e-01
-8.785278012775044054e-01
-4.030046896670935741e-01
1.000000000000000000e+00
2.170323950467675234e-01
-1.000000000000000000e+00
7.519775551397659408e-01
-1.000000000000000000e+00
-1.000000000000000000e+00
-3.453120745984803452e-01
-4.804812050066636919e-01
1.000000000000000000e+00
-2.923475814076184065e-01
7.274485325853794482e-01
-5.019266995184565872e-01
-3.791801084058479265e-01
1.000000000000000000e+00
-1.000000000000000000e+00
-1.000000000000000000e+00
-1.000000000000000000e+00
1.000000000000000000e+00
-1.000000000000000000e+00
1.909750724319292936e-01
-3.550530083843854712e-01
-3.624770295785708640e-01
3.972058440228118936e-01
1.000000000000000000e+00
-1.960409626323574850e-01
-1.000000000000000000e+00
7.736687103268860000e-01
4.327312419215355588e-01
-5.641340215284742499e-01
-1.000000000000000000e+00
-2.557636321764649168e-01
-1.000000000000000000e+00
-6.623200862559408542e-01
1.000000000000000000e+00
3.163764357400474792e-01
-1.000000000000000000e+00
3.084495059860595245e-01
-4.968228940969675600e-01
1.000000000000000000e+00
8.754766445209478665e-01
-2.757559656630493294e-01
6.304554577835694840e-01
-4.357735664536260822e-01
-1.000000000000000000e+00
-1.443376273396459464e-01
-9.929003249381673779e-01
-1.076050848704954432e-01
-1.000000000000000000e+00
-3.389351707596896524e-02
-1.000000000000000000e+00
1.000000000000000000e+00
-4.160282177115737223e-02
-1.000000000000000000e+00
4.715017275224282489e-01
1.000000000000000000e+00
-1.000000000000000000e+00
6.537685379976436728e-01
-5.020707900742895635e-01
7.458987423595832000e-01
8.210322412077466492e-01
-1.000000000000000000e+00
1.000000000000000000e+00
-2.669087650632899766e-01
1.955405959658946813e-01
-7.174240972128658189e-01
-8.998084635769614259e-01
-1.724247486877638069e-01
6.442418634017841317e-01
6.231968317500913290e-01
-8.760302487842850372e-01
-1.000000000000000000e+00
5.275164722965484110e-01
-7.102347911852752160e-01
3.646464571832205848e-01
-1.000000000000000000e+00
-1.000000000000000000e+00
-1.189917057212028784e-01
4.627294761755037511e-01
-4.981473079121453429e-01
-9.015032006586537472e-01
1.192733570062777387e-01
2.958574149855471846e-01
3.769757166103538948e-01
6.885202306029056807e-01
1.000000000000000000e+00
-9.519835409781131075e-01
-8.515343167702438265e-01
1.000000000000000000e+00
8.201501162491674490e-01
1.000000000000000000e+00
-6.717481264445934741e-01
-1.025537438321574846e-01
1.000000000000000000e+00
-8.999964796382758925e-02
-7.669327546400214191e-01
8.982255195270095749e-01
1.476806364449488873e-01
1.000000000000000000e+00
-6.998110051795496389e-01
-2.554684752332824216e-01
5.261591175154288758e-01
9.896570561689278511e-01
1.000000000000000000e+00
-1.000000000000000000e+00
-1.000000000000000000e+00
1.000000000000000000e+00
9.598573747141052603e-01
-1.000000000000000000e+00
-1.000000000000000000e+00
1.000000000000000000e+00
1.000000000000000000e+00
-2.676933220095351618e-01
1.441010574747964013e-02
-3.907680267114714279e-01
-7.311014758154166238e-02
4.448049881515381276e-01
7.146281622463375172e-01
-1.000000000000000000e+00
1.000000000000000000e+00
8.815425237674678893e-01
1.000000000000000000e+00
-1.000000000000000000e+00
-6.569764001168161283e-01
-5.530483276055226938e-01
1.000000000000000000e+00
-1.409373880247198896e-01
-1.000000000000000000e+00
-1.000000000000000000e+00
-1.000000000000000000e+00
-7.370806210109904777e-01
-5.097238292747432453e-01
-3.905378605455214203e-01
1.000000000000000000e+00
-4.992720480700185703e-02
-5.537494319128443143e-01
3.289483845122637140e-01
-3.869659795280322445e-02
1.000000000000000000e+00
-8.287563138381648375e-01
-1.000000000000000000e+00
-1.000000000000000000e+00
-1.000000000000000000e+00
-7.143081761984404476e-01
1.000000000000000000e+00
-5.272700890816557351e-01
9.411816454311369151e-01
-6.865633957536367848e-01
5.451046999601740772e-01
-1.000000000000000000e+00
-1.000000000000000000e+00
6.394003804744352593e-01
1.000000000000000000e+00
1.719622296253412452e-01
1.000000000000000000e+00
6.430534515101968829e-01
1.936244937949095357e-01
1.000000000000000000e+00
5.030410951077881609e-01
-4.642229035741869403e-01
-1.000000000000000000e+00
-1.000000000000000000e+00
1.000000000000000000e+00
5.209713241695245189e-01
3.520271203536554094e-01
-8.133924605709808020e-01
-1.000000000000000000e+00
5.935477725520788006e-02
5.415940042445813729e-01
2.823283969469786436e-01
1.000000000000000000e+00
2.036294321860896428e-01
-1.000000000000000000e+00
-9.571624639535830648e-01
-4.828597296842672693e-01
-1.000000000000000000e+00
-1.000000000000000000e+00
1.000000000000000000e+00
-6.940465551668467681e-01
-1.000000000000000000e+00
6.412359581264748254e-02
9.205286591252415107e-03
-1.000000000000000000e+00
-5.432375415430434895e-01
-1.730389347972414726e-01
1.000000000000000000e+00
-1.000000000000000000e+00
9.010577628328769739e-01
7.056693819963413272e-01
3.133915302301021888e-01
-2.689060244527408106e-01
-1.000000000000000000e+00
-2.638025392010884262e-01
-3.421121893482553800e-01
1.000000000000000000e+00
1.000000000000000000e+00
1.000000000000000000e+00
-6.432254021796235399e-01
-4.269657731496523390e-01
1.000000000000000000e+00
1.000000000000000000e+00
-4.646444130430879005e-01
1.000000000000000000e+00
-1.000000000000000000e+00
-2.963046223797696777e-01
2.244192718233087580e-01
1.750701593676228240e-01
-8.950086974603279621e-01
-2.347176007753937199e-01
-1.000000000000000000e+00
-1.039207831951216576e-02
1.000000000000000000e+00
1.301860051867137491e-01
1.000000000000000000e+00
-3.208520853334337897e-01
-1.000000000000000000e+00
-5.189535581168963629e-01
-3.478791306285217155e-01
1.000000000000000000e+00
-1.000000000000000000e+00
-5.601222338551616886e-01
-1.000000000000000000e+00
-9.934522308327258244e-01
-1.000000000000000000e+00
7.427526467981354630e-02
-1.000000000000000000e+00
3.176863699504006711e-02
1.000000000000000000e+00
1.000000000000000000e+00
1.000000000000000000e+00
1.000000000000000000e+00
-1.664219172059734353e-01
9.836815802836601508e-01
8.479636569995556705e-01
-6.406262534963718114e-01
-5.370428368927673279e-01
-2.327984134013986184e-01
-1.000000000000000000e+00
1.000000000000000000e+00
-1.000000000000000000e+00
-2.449698129656187051e-01
6.757804495228009189e-02
1.000000000000000000e+00
8.047010176786215108e-02
2.339796862263321398e-03
2.856289231379741667e-01
-2.626738649780792079e-01
-1.000000000000000000e+00
1.000000000000000000e+00
-3.693618813849867122e-01
-6.679814751783674787e-02
-2.475629653239867500e-01
9.371541173685141723e-01
-3.134151250002180644e-01
1.000000000000000000e+00
1.000000000000000000e+00
2.098254444537863139e-01
1.000000000000000000e+00
-7.681045657139625726e-01
-1.000000000000000000e+00
-9.544492900432579585e-01
8.453477562278066682e-02
1.000000000000000000e+00
1.000000000000000000e+00
-4.487659791899749617e-01
1.000000000000000000e+00
4.866249440190256736e-02
-5.623882192392879453e-01
-9.043040116818069629e-01
-2.213905677070879818e-01
-1.000000000000000000e+00
7.991821793541842300e-01
1.000000000000000000e+00
-1.889212346280707555e-01
1.000000000000000000e+00
-2.170382431192365846e-01
7.240494564990271886e-01
4.554546641527056350e-01
-1.000000000000000000e+00
1.000000000000000000e+00
-9.223688112778108961e-01
-6.294454922041031741e-02
1.011952077205671707e-01
1.000000000000000000e+00
-5.032384575994630627e-01
1.537052271474808052e-01
1.000000000000000000e+00
-1.277750389321855584e-01
-2.909721656808515466e-01
-8.798550095648391967e-01
-2.387546432727207790e-01
1.000000000000000000e+00
5.655680541178453868e-02
-1.000000000000000000e+00
-7.888696189346898757e-01
1.000000000000000000e+00
-8.879672970943444099e-01
-1.000000000000000000e+00
-1.000000000000000000e+00
-3.903189360902448168e-02
1.000000000000000000e+00
-1.000000000000000000e+00
-9.056209217238040399e-01
-5.011688401031270113e-01
6.485129981995552129e-02
7.012777253598487803e-01
-1.000000000000000000e+00
-1.000000000000000000e+00
8.354214621199973489e-02
-8.690517794272468732e-01
9.888423969500803601e-01
3.782223730034543485e-01
-1.000000000000000000e+00
1.000000000000000000e+00
-7.306147005347413126e-01
-1.000000000000000000e+00
-1.000000000000000000e+00
1.000000000000000000e+00
-6.515753780991595523e-01
9.473187433632649368e-01
1.000000000000000000e+00
-9.347488410795695701e-01
-4.627282738072350243e-01
5.744476623394001447e-01
-1.000000000000000000e+00
5.224969560420429371e-01
1.000000000000000000e+00
1.000000000000000000e+00
2.431601577228414968e-01
1.000000000000000000e+00
-8.955109001851932482e-02
-8.184049656000913497e-02
8.408612645541423403e-01
-4.073557573498893802e-01
1.000000000000000000e+00
1.000000000000000000e+00
1.000000000000000000e+00
-1.723564268581526115e-01
2.908950680214095197e-01
-1.000000000000000000e+00
-5.358194957660606939e-01
-5.967428756177197702e-01
-8.631064774194617817e-01
-1.000000000000000000e+00
-7.466145354927150590e-01
1.153101879255029605e-01
1.000000000000000000e+00
-1.000000000000000000e+00
1.463665504238268467e-01
-9.168900930304748620e-01
1.000000000000000000e+00
-1.962883084979143433e-01
4.025902940377343864e-01
-1.000000000000000000e+00
1.463842558416952044e-01
8.807555532137181231e-01
-1.000000000000000000e+00
1.399345037054922081e-01
-5.421389990940452819e-01
-1.000000000000000000e+00
3.151798708636851382e-03
8.233179148041699369e-01
1.000000000000000000e+00
8.975788273471334566e-01
1.000000000000000000e+00
-6.268165488844202882e-01
1.000000000000000000e+00
-1.769772356098101018e-02
1.879937541685406110e-01
1.000000000000000000e+00
8.675050362294858264e-01
1.000000000000000000e+00
8.605013544008328630e-01
3.244709342633933513e-01
-9.559779537042674136e-01
7.689031315947602030e-01
1.000000000000000000e+00
-6.209644214711629306e-01
-1.000000000000000000e+00
1.000000000000000000e+00
-1.000000000000000000e+00
-2.868227774594847013e-01
5.302797681231010696e-01
-1.000000000000000000e+00
1.000000000000000000e+00
9.116141406264853531e-02
-6.775898781321743058e-02
-1.000000000000000000e+00
1.000000000000000000e+00
-8.895527578356422493e-01
1.000000000000000000e+00
-1.000000000000000000e+00
-4.910410185343709877e-01
-2.063113504058988745e-01
-1.000000000000000000e+00
1.000000000000000000e+00
1.000000000000000000e+00
-1.000000000000000000e+00
-1.000000000000000000e+00
1.000000000000000000e+00
4.611805893160359493e-01
2.454837646381659577e-01
6.672633893726220844e-01
1.000000000000000000e+00
2.879544146918115444e-01
1.000000000000000000e+00
-1.000000000000000000e+00
1.000000000000000000e+00
1.000000000000000000e+00
1.219849129997793713e-02
-1.000000000000000000e+00
1.000000000000000000e+00
-2.741549944607263312e-01
1.000000000000000000e+00
-1.000000000000000000e+00
1.000000000000000000e+00
7.182595012428372172e-02
6.417025597101286838e-01
-4.831450143875692937e-01
-8.712605277350327082e-01
1.000000000000000000e+00
-2.244754034815259758e-01
-1.000000000000000000e+00
-1.000000000000000000e+00
-1.000000000000000000e+00
-1.000000000000000000e+00
-9.124791586659224407e-01
-4.859427765770433227e-01
-1.000000000000000000e+00
1.000000000000000000e+00
-1.000000000000000000e+00
1.000000000000000000e+00
1.000000000000000000e+00
-8.581302393196669209e-01
-8.197319872184111178e-01
-1.000000000000000000e+00
1.986617519064669268e-02
5.009331077638514707e-01
1.441796343500604261e-01
8.116052161809602650e-01
2.299101598685336645e-01
1.000000000000000000e+00
-1.000000000000000000e+00
5.937486214048963706e-01
1.000000000000000000e+00
-1.000000000000000000e+00
1.000000000000000000e+00
6.150358937183592056e-01
-6.353191907856241549e-01
3.161029589462351908e-01
5.061208462034216815e-01
1.000000000000000000e+00
-4.360659265393003747e-01
-2.292236518324487493e-01
1.078756950977638046e-01
4.310920322284352846e-01
9.095991770231037776e-02
1.922336037831062772e-02
3.107815480741811243e-01
-1.000000000000000000e+00
-5.810942268764781593e-01
9.957458510754499392e-02
-3.648454737786588353e-01
-6.568186164498961421e-01
-1.000000000000000000e+00
9.547815191854438499e-01
-1.000000000000000000e+00
-1.000000000000000000e+00
-5.722382557445321316e-01
-6.362321327153630524e-01
1.000000000000000000e+00
1.000000000000000000e+00
-1.000000000000000000e+00
1.000000000000000000e+00
1.000000000000000000e+00
1.000000000000000000e+00
1.304505581439679984e-01
-9.663470827731677204e-01
7.457645792183613676e-01
-1.000000000000000000e+00
-1.000000000000000000e+00
1.000000000000000000e+00
-1.000000000000000000e+00
3.137711546619323943e-01
-1.000000000000000000e+00
1.000000000000000000e+00
-1.000000000000000000e+00
1.000000000000000000e+00
-7.835777462605423294e-01
1.000000000000000000e+00
-4.251031145570151049e-01
-9.022298804816064610e-01
-1.000000000000000000e+00
-2.173323255663508480e-01
-3.188527620456950151e-01
1.000000000000000000e+00
1.000000000000000000e+00
-3.057965270786943690e-01
6.448237691441727204e-02
-4.801202033037589301e-01
-1.000000000000000000e+00
-6.850366831514768107e-01
1.000000000000000000e+00
-1.000000000000000000e+00
-1.000000000000000000e+00
-4.194485033393366979e-01
-3.858871920455351212e-01
1.000000000000000000e+00
-1.000000000000000000e+00
-1.455829498881214823e-01
1.000000000000000000e+00
-1.000000000000000000e+00
-4.172901226701269950e-02
-3.335489777608882100e-01
6.473436969699327692e-01
5.884080910158542288e-01
-1.000000000000000000e+00
-1.000000000000000000e+00
-8.347351893001448975e-01
-1.000000000000000000e+00
-7.977264608768236398e-01
-1.000000000000000000e+00
-1.000000000000000000e+00
-4.020011899801866351e-01
5.826648127231847107e-01
-1.000000000000000000e+00
4.036961475903414476e-01
1.000000000000000000e+00
-4.168547810924219110e-01
-1.346158709406162224e-01
1.000000000000000000e+00
1.000000000000000000e+00
1.000000000000000000e+00
7.311687187324589221e-01
-1.000000000000000000e+00
4.696713508716041097e-01
-1.000000000000000000e+00
1.000000000000000000e+00
-1.829229125354223662e-01
1.000000000000000000e+00
9.759229813744655369e-01
5.495197818153079172e-01
-1.000778400237127830e-01
8.205984794925087478e-01
-2.378798160313067012e-02
-2.021472760206854957e-01
-7.851019302001770450e-01
-1.000000000000000000e+00
-1.460695537322483917e-01
-6.297275794024970175e-01
1.000000000000000000e+00
-9.535266944739793082e-01
6.310128229322320426e-01
-1.000000000000000000e+00
1.833986453967130503e-01
1.000000000000000000e+00
1.983009376471429053e-01
1.000000000000000000e+00
-5.077942257281164995e-02
1.000000000000000000e+00
-1.000000000000000000e+00
-4.869466458508414641e-01
1.411667605859657226e-01
3.253875811565468679e-01
-4.638289801051684869e-01
-2.189115981051262816e-01
-1.000000000000000000e+00
-1.000000000000000000e+00
-1.000000000000000000e+00
-1.000000000000000000e+00
1.000000000000000000e+00
7.621202843190247878e-01
2.678091229610932156e-01
1.000000000000000000e+00
-8.422442457209129429e-01
-1.000000000000000000e+00
1.000000000000000000e+00
1.000000000000000000e+00
9.534258091175860095e-01
1.000000000000000000e+00
1.000000000000000000e+00
-3.287856648384266389e-01
-1.000000000000000000e+00
8.841195944876061308e-01
-1.358347106546383687e-01
-6.299162494019364678e-01
1.000000000000000000e+00
4.605444663324699817e-01
4.510568533057534579e-01
-1.000000000000000000e+00
1.023175827208522293e-01
1.000000000000000000e+00
1.000000000000000000e+00
-6.882968766962087315e-02
-1.000000000000000000e+00
4.112735075658066064e-01
2.535983255465271702e-01
2.481483951180309955e-01
7.570556258822924711e-01
3.796455094201337532e-01
2.963563849408960005e-01
3.872217069669909861e-01
1.000000000000000000e+00
5.921402066866858771e-01
-1.000000000000000000e+00
-3.403137636685626966e-02
4.653896754944063519e-01
9.971057454725447133e-01
-1.932621704970951537e-01
-9.735342062884692060e-01
5.356149307222848321e-01
-7.609419532481667137e-01
-1.000000000000000000e+00
-7.032618707935026636e-01
-1.000000000000000000e+00
-1.924128314020231434e-01
-1.000000000000000000e+00
-8.381296148688368586e-01
-1.000000000000000000e+00
1.000000000000000000e+00
-1.000000000000000000e+00
-5.769033237139353787e-02
1.000000000000000000e+00
-1.000000000000000000e+00
-6.249162050875284313e-01
-2.880299036214717390e-01
1.000000000000000000e+00
6.029043956735624654e-02
-6.437861003731659704e-02
-1.592564941657321764e-01
-2.933144354060655545e-01
3.020263039809845118e-03
1.000000000000000000e+00
6.248661371056265512e-01
-1.000000000000000000e+00
-1.000000000000000000e+00
1.000000000000000000e+00
1.803697642832309267e-01
-1.000000000000000000e+00
-1.000000000000000000e+00
-1.359328803827161702e-01
4.870452791754736888e-02
-7.816041327148137707e-03
-1.000000000000000000e+00
2.036417972329406245e-01
-1.277861555825565154e-01
6.437898973635823863e-01
-1.000000000000000000e+00
1.000000000000000000e+00
-1.000000000000000000e+00
7.605865032662626479e-01
-6.909365820040864747e-01
3.226940112009831219e-01
-1.000000000000000000e+00
5.492415587180186076e-01
8.461561162852155871e-01
1.000000000000000000e+00
1.000000000000000000e+00
1.000000000000000000e+00
-1.000000000000000000e+00
-1.000000000000000000e+00
-7.937501937392352769e-01
-9.196278260857099207e-02
6.967190537601848366e-01
1.000000000000000000e+00
1.341010906281581150e-03
5.078167604564209903e-02
9.498651330319353159e-01
2.636495841370446458e-01
-1.000000000000000000e+00
-1.000000000000000000e+00
3.600856865784962668e-01
-1.000000000000000000e+00
-8.689514756548861740e-01
-1.000000000000000000e+00
1.000000000000000000e+00
1.000000000000000000e+00
-1.000000000000000000e+00
-5.570314068001880337e-02
4.764580017726324224e-01
-1.000000000000000000e+00
-3.677035505914212354e-01
1.221498304836987625e-01
1.000000000000000000e+00
-5.455658080880085858e-01
1.000000000000000000e+00
-1.000000000000000000e+00
-5.076538581148678508e-01
-6.352248408083114306e-01
4.530524894190777752e-01
-2.882752099190157846e-01
-1.000000000000000000e+00
-1.000000000000000000e+00
-1.000000000000000000e+00
1.000000000000000000e+00
-6.869959338591136166e-02
-1.620793737218026165e-01
9.265502377966075009e-01
-3.494713039831259804e-01
-7.129242776268934767e-02
-5.443631558867607634e-01
1.000000000000000000e+00
1.000000000000000000e+00
9.691372882748758855e-01
3.938453987261547606e-01
1.345593985770269230e-01
-4.833327270024823097e-01
5.349358707436756566e-01
8.822067148201995224e-02
-1.078484242285668859e-01
-1.398158041441572852e-01
1.000000000000000000e+00
2.708980068819250575e-01
3.879313791349762175e-01
1.000000000000000000e+00
-8.563414202860244462e-01
-1.000000000000000000e+00
-1.000000000000000000e+00
6.179403798107385715e-01
3.058388763984256631e-01
4.903847095930313760e-02
-1.000000000000000000e+00
-1.000000000000000000e+00
-9.238678483359341609e-02
-1.196153757143247898e-02
-1.342471004819443259e-01
1.000000000000000000e+00
-1.000000000000000000e+00
8.311522304932201788e-01
1.000000000000000000e+00
1.000000000000000000e+00
-1.000000000000000000e+00
-1.000000000000000000e+00
1.000000000000000000e+00
-1.155001613114255976e-01
4.873149499157692355e-01
6.859402182075116094e-01
2.772213448973172012e-01
1.000000000000000000e+00
3.261547260234277101e-01
5.808058235104951450e-01
8.663006277176450443e-01
-6.922960419361002815e-01
5.035884213575789747e-01
1.000000000000000000e+00
-2.118380612327170898e-01
1.000000000000000000e+00
6.297730762317657049e-01
-1.000000000000000000e+00
1.000000000000000000e+00
-6.610063317436877250e-01
-1.000000000000000000e+00
-9.685336956144198484e-02
1.000000000000000000e+00
1.858947438156333121e-01
-1.000000000000000000e+00
1.000000000000000000e+00
7.060152113629536430e-02
-1.000000000000000000e+00
8.264785796459659384e-01
1.000000000000000000e+00
-1.702848118111175424e-01
2.790326883806668046e-01
1.000000000000000000e+00
-1.000000000000000000e+00
1.000000000000000000e+00
-8.196057996578239857e-01
4.417032922617047941e-01
-7.604872617085607356e-01
2.814441283022450779e-02
-1.383885605941825858e-02
-6.669174331031517688e-01
7.233635409832434027e-01
1.000000000000000000e+00
-2.799883776709426453e-01
9.985626747742675224e-01
9.754510066555405201e-01
-1.000000000000000000e+00
-7.943880689568257880e-01
4.038155086885982792e-01
9.814310251104655380e-01
-3.736901682221649423e-02
-4.639701632041594026e-01
3.631836291571015618e-01
1.000000000000000000e+00
1.000000000000000000e+00
-6.420563979885922645e-01
-1.000000000000000000e+00
1.000000000000000000e+00
9.566804361774874366e-01
-3.261928365377114725e-01
8.676896087243113342e-01
-2.759964908619443325e-01
-1.000000000000000000e+00
1.000000000000000000e+00
-1.000000000000000000e+00
1.000000000000000000e+00
7.713654391553543821e-01
-1.000000000000000000e+00
1.000000000000000000e+00
1.000000000000000000e+00
7.626797350029161926e-01
-7.906205093525797700e-01
1.413190124475424136e-01
1.000000000000000000e+00
-8.792867995908837386e-02
-4.006362888876040529e-01
1.000000000000000000e+00
1.000000000000000000e+00
1.000000000000000000e+00
-6.373550160889787097e-01
1.000000000000000000e+00
-5.514634162153904118e-01
1.000000000000000000e+00
6.812633988680039110e-01
-4.854199423671789471e-01
-1.000000000000000000e+00
1.000000000000000000e+00
-1.000000000000000000e+00
-1.000000000000000000e+00
2.472647231824749436e-01
-3.520823431569065076e-01
1.000000000000000000e+00
-3.738580669985087646e-01
-8.291146597153948861e-01
1.660280206078170728e-01
1.000000000000000000e+00
2.691431842656588636e-02
3.494996035780881805e-01
-2.631041260554185524e-01
-4.107438137762650099e-01
-7.579428612986620628e-01
1.000000000000000000e+00
7.526737563954671861e-02
-5.763553990834197061e-01
-1.000000000000000000e+00
-1.000000000000000000e+00
-1.126984557154323829e-01
-2.766303599759144527e-01
1.678181222897096869e-01
1.000000000000000000e+00
1.000000000000000000e+00
1.000000000000000000e+00
-2.249149093086200146e-02
-1.000000000000000000e+00
1.000000000000000000e+00
-4.213454992920496744e-01
-6.045674981337229026e-01
3.859495553282675795e-01
4.699817195474875753e-01
-1.000000000000000000e+00
1.840973574927788903e-01
1.000000000000000000e+00
6.768245452934180673e-01
2.339407214877766705e-01
-7.763511644684116808e-01
-2.522115363438908187e-01
1.000000000000000000e+00
-2.270744595979292957e-01
7.540704456876510253e-01
6.101039959411203029e-02
7.020165081655254102e-01
1.000000000000000000e+00
1.000000000000000000e+00
-7.040886835672223176e-01
1.000000000000000000e+00
-4.209483832832632277e-01
1.000000000000000000e+00
-1.000000000000000000e+00
1.124447560997098305e-01
-1.000000000000000000e+00
1.000000000000000000e+00
-1.000000000000000000e+00
1.000000000000000000e+00
-1.000000000000000000e+00
-1.000000000000000000e+00
-3.843887350338044684e-02
-1.000000000000000000e+00
3.435464401333035434e-01
-7.091916346924987957e-01
-1.000000000000000000e+00
7.175587640736119655e-02
-4.233403257988506696e-01
4.796105964312250558e-01
9.754198778070710674e-02
-1.000000000000000000e+00
-8.957272204973332208e-02
1.000000000000000000e+00
9.855199378657379661e-02
-1.000000000000000000e+00
-8.621243952603150351e-01
-3.030897024291364650e-01
-1.000000000000000000e+00
-1.000000000000000000e+00
1.557788883098119026e-01
-1.000000000000000000e+00
-2.157111688344631184e-01
1.000000000000000000e+00
-1.000000000000000000e+00
1.000000000000000000e+00
-1.000000000000000000e+00
1.000000000000000000e+00
1.000000000000000000e+00
-7.784060709312498050e-01
6.348198315049149443e-01
1.092190628107946315e-01
-1.000000000000000000e+00
-8.940610104099031563e-01
-1.000000000000000000e+00
-1.000000000000000000e+00
-1.000000000000000000e+00
-1.000000000000000000e+00
2.065788825913791316e-01
-1.000000000000000000e+00
-9.787218231080473396e-01
1.000000000000000000e+00
1.880884430955908071e-01
1.000000000000000000e+00
-9.538053407693873886e-01
-2.536646110806384247e-01
-9.748859900391947386e-01
1.539246348150539179e-01
-7.116539854905602758e-02
1.000000000000000000e+00
-1.034689600105206386e-01
-4.016235273944738227e-01
-6.844829280252691106e-01
-5.655962442228368303e-01
1.000000000000000000e+00
1.000000000000000000e+00
-1.060826895992410535e-01
-8.281570993829110439e-01
1.000000000000000000e+00
1.000000000000000000e+00
1.000000000000000000e+00
1.000000000000000000e+00
1.000000000000000000e+00
1.000000000000000000e+00
6.091268551012551935e-02
2.455511859052733614e-02
-1.000000000000000000e+00
2.308570931480444233e-01
-1.000000000000000000e+00
7.635421616277003887e-01
-1.000000000000000000e+00
2.417298282981369395e-01
-1.000000000000000000e+00
-1.000000000000000000e+00
-6.045316379476852742e-01
8.979163866118908821e-01
3.595455655063160560e-01
-8.075822487931635374e-01
1.000000000000000000e+00
9.080951237478798177e-01
8.930909671873645816e-01
-6.167228617536131274e-01
1.000000000000000000e+00
1.000000000000000000e+00
1.000000000000000000e+00
1.000000000000000000e+00
1.000000000000000000e+00
-1.000000000000000000e+00
1.000000000000000000e+00
-1.971312696267246700e-02
-1.000000000000000000e+00
1.000000000000000000e+00
-5.151992304283509183e-01
1.000000000000000000e+00
8.403363478793435259e-01
7.056471827134868091e-01
-1.000000000000000000e+00
-1.000000000000000000e+00
-1.000000000000000000e+00
1.822934575741974594e-02
1.000000000000000000e+00
-3.269797709529830287e-01
-4.204500712771684912e-01
1.000000000000000000e+00
1.000000000000000000e+00
1.000000000000000000e+00
1.000000000000000000e+00
1.000000000000000000e+00
-1.000000000000000000e+00
-2.022997178459388090e-01
-6.811167409748558610e-01
1.000000000000000000e+00
-7.438150091522225393e-01
-1.000000000000000000e+00
-4.279167053872789950e-01
1.687753270273042172e-01
4.757540812992930856e-01
1.000000000000000000e+00
-8.692053968516249007e-01
-8.214356789126253666e-02
1.000000000000000000e+00
6.999364106905108240e-01
1.000000000000000000e+00
-6.267484411018230395e-01
-9.364975614709476481e-01
-9.754939534123061584e-01
7.219298762936808833e-01
4.335313287771689339e-01
6.412951548042613581e-01
-1.000000000000000000e+00
7.886206325701622388e-01
1.000000000000000000e+00
-1.000000000000000000e+00
-7.584141309761354144e-01
2.704537817002506950e-01
1.000000000000000000e+00
1.042301933508049672e-01
2.344391334186961551e-01
-1.000000000000000000e+00
1.000000000000000000e+00
-9.930842440113747394e-01
1.000000000000000000e+00
8.752486027025887516e-01
1.000000000000000000e+00
-7.602472908579103184e-01
6.057845415625421337e-01
4.938072267085948930e-01
-1.458074944225951908e-01
2.493885453440997657e-01
1.000000000000000000e+00
3.335544255824651749e-01
-4.887615039736713518e-01
-9.009333746719159208e-01
1.000000000000000000e+00
3.275851464264922797e-01
1.000000000000000000e+00
1.000000000000000000e+00
4.841015752913660486e-01
1.000000000000000000e+00
7.001219499857017636e-01
-1.000000000000000000e+00
-1.000000000000000000e+00
-1.000000000000000000e+00
7.827829300250920275e-01
7.956402052110205236e-01
-3.573200999614389861e-02
-1.000000000000000000e+00
2.998334364987185197e-01
8.094249182005430754e-01
-4.587498473088863493e-01
-1.000000000000000000e+00
4.561827239512478149e-02
-1.000000000000000000e+00
1.000000000000000000e+00
8.310573967595420442e-01
1.616102504487895164e-01
-1.000000000000000000e+00
5.351040024519195804e-01
1.000000000000000000e+00
-2.965246414742334080e-01
1.000000000000000000e+00
-9.683115265655117820e-01
3.339942457257796815e-02
-8.911998670199141603e-01
-1.000000000000000000e+00
1.000000000000000000e+00
-1.000000000000000000e+00
1.390394247335475786e-01
-1.000000000000000000e+00
1.000000000000000000e+00
1.000000000000000000e+00
1.830037140205807433e-01
4.813026834378231200e-03
1.000000000000000000e+00
5.698046356322752359e-01
7.238763023666610064e-01
1.000000000000000000e+00
5.981142510455840222e-01
8.469845315901503024e-03
-9.793801303383160572e-01
-1.139803070911414862e-01
-6.203462006616453639e-01
-1.000000000000000000e+00
-1.507305666454412663e-01
1.000000000000000000e+00
-2.723561387119322053e-02
-7.223642955513690511e-01
-4.310353232995067785e-01
1.163834536382735152e-01
-1.000000000000000000e+00
-1.744863775315608212e-01
1.771613212369583801e-01
-1.000000000000000000e+00
2.219725323921315496e-01
-1.000000000000000000e+00
1.000000000000000000e+00
8.363686904652839482e-01
-5.407150128634579112e-01
5.803048078454980940e-01
3.235713071075285718e-02
-1.000000000000000000e+00
-1.306485246055300031e-01
-1.000000000000000000e+00
1.000000000000000000e+00
-2.551477805199198201e-02
1.000000000000000000e+00
9.555607980307442295e-01
8.159838553804753536e-01
-1.000000000000000000e+00
6.460968349709035330e-01
-6.661217760971482882e-01
-1.607148895965948565e-02
-6.581422187752006270e-01
-5.720469466243041090e-01
4.546648354321429775e-01
7.312571037511839123e-02
1.000000000000000000e+00
1.000000000000000000e+00
2.964834947309600843e-01
-7.352776534827554222e-01
-1.000000000000000000e+00
4.379960642543482274e-01
-4.048606096305676916e-01
6.324039649873924862e-02
9.306395277965511248e-01
5.015545392749600762e-01
-1.000000000000000000e+00
1.000000000000000000e+00
-1.687681950158986255e-01
1.000000000000000000e+00
-7.037845005127713049e-02
-8.868600705172318133e-01
-1.000000000000000000e+00
-7.586035898471151784e-01
-1.000000000000000000e+00
7.431029121404794102e-01
1.000000000000000000e+00
-5.517575703227866057e-01
-1.000000000000000000e+00
-1.000000000000000000e+00
1.000000000000000000e+00
-5.492923732698096195e-01
1.023100553251587996e-02
1.000000000000000000e+00
-3.428472937764912576e-01
-3.847002412097085822e-01
-1.948927836067886887e-01
-6.653464361551687523e-01
1.000000000000000000e+00
-6.271125443961691470e-01
-7.357483390245561639e-02
6.197926701415914508e-01
1.000000000000000000e+00
-1.000000000000000000e+00
1.000000000000000000e+00
-1.000000000000000000e+00
1.000000000000000000e+00
-2.488049216004561137e-01
1.000000000000000000e+00
3.389248920357239570e-01
-4.888493153807602631e-01
-1.000000000000000000e+00
1.000000000000000000e+00
1.000000000000000000e+00
2.074559466034557875e-01
1.000000000000000000e+00
-1.000000000000000000e+00
3.199640318817466023e-01
-5.404318338456355342e-01
-1.000000000000000000e+00
4.424867252446458288e-01
-5.089738368824503478e-01
2.810203440562069055e-01
-1.000000000000000000e+00
1.000000000000000000e+00
-3.769495482785233942e-01
4.729965026476181666e-01
-1.000000000000000000e+00
-1.350180737187378632e-02
-1.000000000000000000e+00
-1.519928471077345022e-01
-5.086827658556568599e-01
1.000000000000000000e+00
-6.210513252622440472e-02
8.021084716894388844e-01
1.000000000000000000e+00
6.637701488652641979e-01
1.000000000000000000e+00
-2.873590350018304651e-01
4.706405996156617366e-01
3.062645592353490098e-01
-9.698827767607791639e-01
1.838213113729880721e-02
6.092733022325353964e-01
1.000000000000000000e+00
-1.000000000000000000e+00
-1.000000000000000000e+00
1.000000000000000000e+00
2.453229325142503026e-01
7.963763591023130806e-01
-8.832412399403430925e-01
-4.108521519047210191e-01
8.105555361403082859e-01
2.052826747094200766e-01
7.006057067845681274e-01
3.478059887840729281e-01
3.237788268049346385e-01
-2.100459106879291327e-01
-1.000000000000000000e+00
3.171863270712802496e-01
1.000000000000000000e+00
1.423126504991756303e-02
-2.325632570099437357e-01
-1.000000000000000000e+00
-9.168918810643689188e-01
-1.000000000000000000e+00
1.000000000000000000e+00
-1.000000000000000000e+00
6.682525176323619309e-01
1.000000000000000000e+00
1.000000000000000000e+00
1.506626316577068248e-01
-4.682543029483678954e-01
-2.487926156333036820e-01
2.054383329531048741e-01
1.000000000000000000e+00
-1.000000000000000000e+00
-1.000000000000000000e+00
1.876713673758924061e-01
5.154573918566618396e-02
-1.000000000000000000e+00
-6.107390206693796841e-02
1.000000000000000000e+00
1.000000000000000000e+00
4.595401174412258594e-01
1.000000000000000000e+00
3.071902484457155191e-01
-1.000000000000000000e+00
-6.350456183120265496e-01
-1.000000000000000000e+00
-1.000000000000000000e+00
1.000000000000000000e+00
-9.972784952786984958e-01
6.911874842284160270e-01
1.000000000000000000e+00
2.524979821054198492e-01
-9.833860822207121100e-01
4.932245778113553136e-02
1.000000000000000000e+00
-8.201722357331908686e-01
-8.731221565980000765e-01
-7.186429223292203350e-01
-1.000000000000000000e+00
-8.365564175018179449e-02
3.849171979352087325e-01
-1.000000000000000000e+00
2.307547694847929542e-01
-1.000000000000000000e+00
-6.270962516349731786e-03
1.000000000000000000e+00
-2.689234533817802530e-02
1.000000000000000000e+00
-1.000000000000000000e+00
7.735438116725876778e-01
1.000000000000000000e+00
6.689599630468467950e-01
1.000000000000000000e+00
-1.738171796158913263e-03
-1.000000000000000000e+00
9.095449952277110395e-01
9.050362392747283158e-01
1.000000000000000000e+00
1.072332704601708375e-01
1.000000000000000000e+00
7.502888430542031806e-01
-1.000000000000000000e+00
5.337523844717395605e-01
3.146069618727742601e-02
-9.996613429384250127e-01
-1.000000000000000000e+00
-1.000000000000000000e+00
-3.100330146397428099e-01
9.322531645398515199e-01
-1.000000000000000000e+00
-1.000000000000000000e+00
7.928123477357044147e-01
3.893121139707076406e-01
1.000000000000000000e+00
2.894174917271352676e-02
-3.373180151872633425e-01
1.000000000000000000e+00
-1.000000000000000000e+00
9.400507164599577470e-01
1.000000000000000000e+00
-1.000000000000000000e+00
7.638284241447060863e-01
-5.298745307092125323e-01
-1.000000000000000000e+00
-8.167543930628131665e-01
-1.000000000000000000e+00
1.000000000000000000e+00
2.893102171653223476e-01
-6.515264122709114591e-01
1.000000000000000000e+00
1.000000000000000000e+00
4.423631982199452972e-01
-2.923329308932002268e-01
-9.645795390749634102e-01
-4.981991458865817624e-01
9.032526799422777586e-01
9.807445928882331243e-01
-1.000000000000000000e+00
-1.000000000000000000e+00
1.000000000000000000e+00
1.000000000000000000e+00
-1.000000000000000000e+00
5.250884658088361689e-01
-8.972168499897246186e-01
1.000000000000000000e+00
-1.000000000000000000e+00
-1.000000000000000000e+00
-1.000000000000000000e+00
-1.000000000000000000e+00
1.000000000000000000e+00
1.000000000000000000e+00
6.872079963601657182e-01
-1.000000000000000000e+00
1.000000000000000000e+00
3.918220352176582377e-02
1.000000000000000000e+00
-8.181096637989886400e-01
1.000000000000000000e+00
4.324669655409141278e-01
1.000000000000000000e+00
1.000000000000000000e+00
5.366595364169564064e-01
-1.000000000000000000e+00
-1.000000000000000000e+00
1.000000000000000000e+00
-1.000000000000000000e+00
-1.000000000000000000e+00
3.721543418852985008e-01
5.815576850976789114e-01
-1.000000000000000000e+00
-2.759517857405666685e-01
-7.263706119668849048e-01
-5.451259145569311571e-01
1.000000000000000000e+00
1.000000000000000000e+00
-1.000000000000000000e+00
4.120845237166794739e-01
1.000000000000000000e+00
-1.000000000000000000e+00
-9.588337197314925620e-01
-9.785887795028334057e-01
3.574853203346998187e-01
1.491536686913988996e-01
-1.000000000000000000e+00
-3.425951521432041291e-01
1.000000000000000000e+00
-5.903562300327245271e-01
9.539433200670857094e-01
1.000000000000000000e+00
1.000000000000000000e+00
-1.000000000000000000e+00
-4.730540179134543610e-01
-5.137710861071882462e-01
6.553573889499787475e-01
-8.009448144172094386e-01
-1.000000000000000000e+00
-1.835686592549139462e-01
-6.124961250219985720e-01
-4.269607062168556677e-01
-1.000000000000000000e+00
-1.000000000000000000e+00
-8.011556410628356550e-01
-9.167116235839452010e-01
-8.932772375149324873e-01
5.628435222076140221e-01
-1.000000000000000000e+00
-8.674844971284235706e-01
2.721659508996163712e-01
-1.000000000000000000e+00
3.925012936829600507e-01
1.348576883537220272e-01
-7.569777465347582446e-01
1.000000000000000000e+00
-3.126082586421569109e-01
4.604234590095185320e-02
3.835190495699195568e-01
-2.104278739327156700e-01
1.000000000000000000e+00
1.000000000000000000e+00
1.000000000000000000e+00
-1.000000000000000000e+00
-1.000000000000000000e+00
-1.000000000000000000e+00
-1.434680598784864314e-01
1.000000000000000000e+00
8.435461607990049071e-01
-1.000000000000000000e+00
1.000000000000000000e+00
6.622052329631422651e-03
-1.000000000000000000e+00
-1.000000000000000000e+00
4.056932653686325940e-01
4.843530632973401806e-01
-1.000000000000000000e+00
-1.190176378868393336e-01
7.420929991181812735e-02
5.500283769356246744e-01
5.703659261424322002e-01
-6.644853088350720638e-01
7.477253251737459028e-01
-1.000000000000000000e+00
-4.583478571990602379e-01
-7.300310617676869507e-01
1.000000000000000000e+00
-1.000000000000000000e+00
-2.141111403933652069e-01
-3.523906357370953923e-01
8.295672645815382884e-01
3.658236327677897859e-01
-1.000000000000000000e+00
-5.973527853043862912e-01
-1.000000000000000000e+00
6.644176377156689739e-01
1.000000000000000000e+00
-5.419203392772857786e-01
9.432982449551109427e-01
2.585221573826743668e-01
3.507634745363460982e-01
1.000000000000000000e+00
1.000000000000000000e+00
-6.054162649748828784e-01
4.109081666149499990e-01
1.535232364424066187e-02
-5.178124262735761540e-01
1.000000000000000000e+00
-4.623119515433256055e-01
2.866759266573675191e-01
-9.974847092627212586e-01
-1.000000000000000000e+00
2.226072071118704865e-01
5.768465512782293692e-01
1.000000000000000000e+00
1.000000000000000000e+00
1.000000000000000000e+00
1.000000000000000000e+00
-6.346716598073438576e-01
-4.732537223458492814e-01
-1.000000000000000000e+00
-1.504898956334708160e-01
8.672655376912592473e-01
1.000000000000000000e+00
-8.806983275877904305e-01
9.105897499338020395e-01
7.737849467276401993e-01
-1.000000000000000000e+00
4.763792584980952594e-01
1.000000000000000000e+00
-7.351599796000847231e-01
4.093180175514034014e-01
1.000000000000000000e+00
-1.271027539929692196e-01
1.000000000000000000e+00
-1.000000000000000000e+00
-1.000000000000000000e+00
1.000000000000000000e+00
-6.007342755866595940e-02
2.239984167688935379e-02
1.225893817448346912e-01
1.000000000000000000e+00
1.000000000000000000e+00
1.000000000000000000e+00
1.000000000000000000e+00
-1.000000000000000000e+00
-1.000000000000000000e+00
-1.000000000000000000e+00
6.480607046443787045e-01
-8.318722515669768613e-01
-1.000000000000000000e+00
-9.077198037662941310e-01
-1.000000000000000000e+00
-3.230584442029523218e-01
5.209678479995895062e-01
1.000000000000000000e+00
1.000000000000000000e+00
1.000000000000000000e+00
7.151383992395641265e-01
-1.000000000000000000e+00
1.000000000000000000e+00
-1.000000000000000000e+00
-1.000000000000000000e+00
-1.000000000000000000e+00
3.484806459613021268e-01
9.129609957026921796e-01
-9.419633247806575849e-01
-7.442891499672448230e-01
7.572002087062585929e-01
-4.323737713003389938e-01
1.000000000000000000e+00
-2.266110587382083041e-01
9.276000540872075817e-04
5.074515669746122448e-01
1.000000000000000000e+00
6.594614163864629397e-01
-1.503016048679000072e-01
-1.000000000000000000e+00
-1.000000000000000000e+00
-4.712836113942641125e-01
-1.000000000000000000e+00
6.949631222151586574e-02
8.630158669061140930e-01
7.481182382134257125e-01
-2.775271246725032892e-01
-4.856206058518567903e-01
-9.945926840554355497e-01
-9.089902373903568922e-02
-4.258592308652029423e-01
-1.000000000000000000e+00
3.964627242309798349e-01
1.000000000000000000e+00
2.328580351774629520e-01
1.000000000000000000e+00
-5.478082060489679606e-01
5.291225971872235423e-01
5.561855647070033104e-01
-4.976282903409255942e-01
-1.000000000000000000e+00
7.252196854836281403e-01
5.289410334427524507e-01
5.198485934609636816e-02
-2.512543699649114615e-01
-8.589697532371273203e-01
-1.000000000000000000e+00
1.000000000000000000e+00
2.134810363310343795e-01
1.000000000000000000e+00
1.000000000000000000e+00
6.419626970776367569e-01
-5.100496414413502322e-02
1.000000000000000000e+00
-1.000000000000000000e+00
-7.992820834103206984e-01
-6.296811479811035284e-01
3.585935400288029484e-01
-1.000000000000000000e+00
5.207888980153227987e-01
-1.000000000000000000e+00
-3.933754543434785367e-01
1.000000000000000000e+00
-1.000000000000000000e+00
-1.000000000000000000e+00
1.000000000000000000e+00
9.858234959406759756e-01
5.118665897487149063e-01
-1.000000000000000000e+00
1.000000000000000000e+00
-7.899215098051460826e-01
-4.246568225801816698e-01
1.000000000000000000e+00
8.847886687975123898e-01
4.904438149569633199e-01
-7.946082010553685571e-01
2.719421700473083625e-01
2.604414093112512596e-01
1.952216599687202070e-01
3.636180838069387189e-01
1.000000000000000000e+00
-1.000000000000000000e+00
-7.719589227863228320e-01
1.000000000000000000e+00
1.000000000000000000e+00
-2.736070865364326199e-02
2.384550386266578448e-01
1.000000000000000000e+00
1.000000000000000000e+00
1.000000000000000000e+00
3.798954718220572402e-01
1.000000000000000000e+00
1.000000000000000000e+00
-8.836699222412547350e-02
6.391340768817435070e-01
5.938342506385052566e-02
-3.815371365615223276e-01
-2.621319514061395406e-01
-2.729239887681953469e-01
-7.294990924137237931e-01
-1.000000000000000000e+00
1.000000000000000000e+00
-1.829293229137126664e-01
-1.000000000000000000e+00
1.665617465828190813e-01
-2.761982677011457499e-01
-5.211325549361067733e-01
-1.000000000000000000e+00
1.000000000000000000e+00
1.000000000000000000e+00
-1.037774770326077567e-01
9.865492712417975874e-01
1.000000000000000000e+00
1.000000000000000000e+00
-3.642563827072999860e-01
-1.000000000000000000e+00
9.975974481962124329e-02
-6.503132479944355726e-01
-1.000000000000000000e+00
-4.548317541286771570e-01
-8.819126661295413339e-01
1.000000000000000000e+00
3.367690634578495157e-01
3.637650072885345032e-01
-1.000000000000000000e+00
-9.120716164350872734e-01
-7.482080234317589618e-01
-9.631713988863653819e-01
-8.003833941196518698e-01
-2.939762600362539890e-01
-9.494928212063322714e-01
-4.966933024418302978e-01
-1.000000000000000000e+00
7.376924485814040366e-02
5.005248933204140549e-01
-2.054074096301235497e-01
-1.000000000000000000e+00
-5.825097859838888059e-01
1.000000000000000000e+00
-9.397950147975508983e-01
1.000000000000000000e+00
4.586855120932962215e-01
-2.079662599869053219e-01
1.271970489236042556e-01
1.227131630854838562e-02
-5.234655965998187277e-01
-7.847219115661808742e-01
4.677537077869423632e-01
8.913319998888586948e-01
9.186449295320466835e-01
1.000000000000000000e+00
-1.000000000000000000e+00
-1.233025004442586670e-02
1.629654116108918416e-01
4.995320894339478346e-01
-1.000000000000000000e+00
-3.020300162049167625e-01
1.000000000000000000e+00
1.000000000000000000e+00
1.192228152609497993e-01
1.000000000000000000e+00
-2.959506704987103776e-01
-2.927109711981720208e-01
-1.000000000000000000e+00
1.065939277075556024e-01
-1.000000000000000000e+00
1.000000000000000000e+00
1.000000000000000000e+00
1.000000000000000000e+00
5.793963444679504082e-01
-7.839324708250294815e-01
-7.984252086523574432e-01
-8.323129265421929102e-01
9.881969115784094981e-02
5.165878019040899272e-01
-3.946259563312048968e-02
6.239186903594242661e-01
8.218390560128975286e-01
-1.000000000000000000e+00
6.834175492192089418e-01
8.115303375092887128e-01
-5.137767496609295659e-01
-1.639560478003014854e-01
-1.000000000000000000e+00
-7.650420677277900428e-01
1.556936273351258171e-01
-1.000000000000000000e+00
-1.000000000000000000e+00
6.607104866851392089e-01
-4.941189271421554674e-02
-1.000000000000000000e+00
-1.000000000000000000e+00
-5.136057061867486118e-01
3.019586327048039420e-01
5.621669534487345743e-01
2.962713214095286651e-01
4.089260919471144895e-01
3.697889819032358361e-01
6.639924915533578220e-01
-2.631127977451288014e-01
8.602134198712692026e-01
-2.623930230838382727e-01
-1.000000000000000000e+00
1.000000000000000000e+00
1.000000000000000000e+00
7.403040543051735423e-01
-1.000000000000000000e+00
1.000000000000000000e+00
1.339278079945309674e-01
1.857734346861942276e-01
-6.734022252471405512e-01
-1.000000000000000000e+00
1.000000000000000000e+00
1.000000000000000000e+00
-1.000000000000000000e+00
6.534701776273238449e-02
6.602642767553787984e-01
-1.000000000000000000e+00
-3.348178409655538923e-01
8.238994912507615620e-01
2.194649064673497296e-01
-4.232626560586054687e-01
-1.000000000000000000e+00
-8.204888154639937703e-01
1.000000000000000000e+00
1.000000000000000000e+00
1.000000000000000000e+00
1.000000000000000000e+00
-7.224593079890548886e-01
-1.000000000000000000e+00
-1.000000000000000000e+00
-9.522087598137007891e-02
9.550793859283581710e-01
-2.715762956530307637e-01
-9.350929786220611994e-01
-5.734638288148503626e-01
-4.143640396193467024e-01
9.770336385941229551e-01
-4.197570036201089261e-01
1.000000000000000000e+00
1.000000000000000000e+00
1.000000000000000000e+00
5.462989799784272460e-01
-3.973388837467189960e-01
1.000000000000000000e+00
-6.654980116733526518e-01
-1.000000000000000000e+00
1.000000000000000000e+00
1.855805719221464978e-01
1.000000000000000000e+00
-8.933762549383045259e-01
5.403816788295607854e-01
1.000000000000000000e+00
2.008386789134659067e-01
-1.000000000000000000e+00
3.364358215419923637e-01
9.723183784371752791e-01
-1.000000000000000000e+00
-2.619991802845448303e-01
1.000000000000000000e+00
-2.954224158133281763e-01
-3.697207407051929517e-01
-8.468091162195080512e-01
-2.598722086642645257e-01
1.319082446252056728e-01
-1.000000000000000000e+00
3.156731860922445954e-01
-4.002207251973508573e-01
-9.507601613192713241e-01
1.000000000000000000e+00
-1.246513860918608829e-01
-5.204604660965750362e-02
-1.000000000000000000e+00
7.783225302230581955e-01
1.000000000000000000e+00
1.000000000000000000e+00
4.833577460619093991e-01
-1.000000000000000000e+00
7.674216176057093719e-01
-1.000000000000000000e+00
5.736292340686988123e-01
1.000000000000000000e+00
6.052208036626351984e-01
8.714464047140231262e-01
7.914483246221384327e-01
-7.184190611400623205e-02
1.000000000000000000e+00
-1.000000000000000000e+00
1.436651463995812783e-01
-5.495622837936721128e-01
3.334374913173719923e-01
-5.883418291629888275e-01
1.000000000000000000e+00
1.000000000000000000e+00
3.256189958749995395e-01
1.000000000000000000e+00
-1.000000000000000000e+00
1.000000000000000000e+00
-1.000000000000000000e+00
-1.000000000000000000e+00
-1.000000000000000000e+00
-1.000000000000000000e+00
2.187837100412366453e-01
7.819582314377171439e-01
5.571398705195014234e-01
1.000000000000000000e+00
-6.269456699487059304e-01
-1.000000000000000000e+00
2.239188752184518849e-01
-1.000000000000000000e+00
1.925965282762343023e-02
5.434532823308462213e-01
1.000000000000000000e+00
-6.349242123696507978e-02
1.000000000000000000e+00
1.000000000000000000e+00
-1.000000000000000000e+00
9.179010732250117988e-01
-4.569623067251048498e-01
-6.842299657290173975e-01
-7.176931058941623531e-01
-7.360657278150584126e-01
3.578596305888579465e-01
-1.265997251997007800e-01
-3.276156711905109375e-02
1.000000000000000000e+00
-1.351110309868138737e-01
2.867921116119869218e-01
1.000000000000000000e+00
-6.058525326357431240e-01
-6.145332765428579425e-01
6.104444665679675808e-01
-2.933359309184280228e-02
-1.000000000000000000e+00
1.000000000000000000e+00
1.000000000000000000e+00
3.196609432246999560e-01
2.463698017749802460e-01
-1.000000000000000000e+00
1.000000000000000000e+00
-7.129410723493149193e-01
-2.844870351446160406e-02
-9.797424055561121392e-01
-1.000000000000000000e+00
-5.778545824137386600e-01
-9.532090844517749906e-01
1.000000000000000000e+00
5.300992129862079905e-01
-1.000000000000000000e+00
-1.000000000000000000e+00
1.000000000000000000e+00
-1.000000000000000000e+00
-3.484471350447618798e-01
-5.330113736599801921e-01
1.000000000000000000e+00
9.293139809509045612e-01
6.243048529529836577e-01
7.477447815138740239e-01
-7.018081967590988901e-01
-1.000000000000000000e+00
-1.000000000000000000e+00
1.000000000000000000e+00
3.394442562553353637e-01
7.879953741168835846e-01
-1.000000000000000000e+00
-1.000000000000000000e+00
-9.259860576362166640e-01
-9.191696244175826536e-01
-1.000000000000000000e+00
-2.021346910630744675e-01
-4.775808461376971348e-01
5.242384591376101355e-01
-1.000000000000000000e+00
9.487663768274036125e-01
-9.439076307996216997e-01
-9.741882785107583986e-01
-4.412809476035244871e-01
1.380961221990528731e-01
4.200082492926983102e-01
-1.000000000000000000e+00
-1.000000000000000000e+00
6.188598340662159192e-01
-9.864768923070248441e-01
1.000000000000000000e+00
6.431875883793484183e-01
9.697684532313651795e-01
-5.863382310789514440e-01
-2.967276064062918106e-01
-3.534353260533403263e-01
1.000000000000000000e+00
-1.000000000000000000e+00
-4.701309289965497351e-01
-6.085298980353810450e-01
8.263898942321332708e-01
4.752950823423194304e-01
1.000000000000000000e+00
1.000000000000000000e+00
1.000000000000000000e+00
1.681986400256616498e-01
-1.000000000000000000e+00
-5.313941911544520780e-01
1.000000000000000000e+00
-1.398871251874930222e-01
1.000000000000000000e+00
-1.000000000000000000e+00
1.000000000000000000e+00
4.540862717203075771e-01
-1.000000000000000000e+00
1.000000000000000000e+00
5.249068956769384897e-01
-3.848118500293569166e-01
-3.230481401127326402e-01
8.231151013712331155e-01
-7.700544807184768192e-01
-1.266664927638641580e-02
-1.000000000000000000e+00
9.574215874530704884e-01
-8.930967620314498312e-01
3.835177942130959527e-01
1.000000000000000000e+00
-1.000000000000000000e+00
-8.295925305393592186e-02
-3.605693779407553867e-01
4.463436184613903679e-01
-1.000000000000000000e+00
6.386899973381525708e-01
1.000000000000000000e+00
8.118639756548151620e-01
1.000000000000000000e+00
1.000000000000000000e+00
-1.000000000000000000e+00
-4.729619701297897993e-01
1.000000000000000000e+00
8.462831715665418697e-01
1.000000000000000000e+00
-7.021372216801093913e-01
1.000000000000000000e+00
1.000000000000000000e+00
-1.000000000000000000e+00
8.228996055646935481e-01
-6.510322657956479908e-03
-3.394318685431969573e-01
1.000000000000000000e+00
5.996750672989641373e-01
-5.762296307548597785e-02
1.000000000000000000e+00
2.929828178053164311e-01
-6.522259390323235095e-01
5.123216984238045946e-01
1.000000000000000000e+00
5.900577954654672164e-01
4.080424560919919674e-01
-6.416739313519407295e-01
6.914218960798380609e-01
-5.871887379768752080e-01
-8.203749230128642989e-01
-3.275776452326989441e-01
1.000000000000000000e+00
5.448893504456877590e-01
4.896254020079648939e-01
-2.678127935865191600e-01
1.000000000000000000e+00
9.467804667839684329e-01
-1.000000000000000000e+00
-6.181995779828229898e-01
1.000000000000000000e+00
5.938007470454490511e-01
6.536781955176400594e-01
-4.583081219987028554e-02
-6.208122178032002836e-01
7.220294690938939830e-01
-1.000000000000000000e+00
-3.852314672987029454e-01
-3.313714889225828353e-01
5.221690451773766117e-01
3.957627206120227781e-01
-2.261842096070342534e-01
-2.964808153209343988e-01
3.518806240601573404e-02
6.245273136751428034e-01
-9.889017043122523276e-01
3.578550656720536072e-01
1.000000000000000000e+00
-1.000000000000000000e+00
-1.000000000000000000e+00
-1.000000000000000000e+00
-3.835192888333532890e-02
-9.367332324857360337e-01
-1.000000000000000000e+00
-7.352450200053000096e-01
1.000000000000000000e+00
-3.704710319138547758e-01
1.000000000000000000e+00
-2.817441300535255544e-01
-1.596034475436598210e-01
1.000000000000000000e+00
-1.000000000000000000e+00
-9.079417487850864887e-01
-2.913466331981184876e-01
-1.000000000000000000e+00
-9.737837279207814944e-01
1.472718065697792289e-01
7.819071062043733145e-01
-1.000000000000000000e+00
-1.000000000000000000e+00
1.000000000000000000e+00
-5.682329798007981214e-01
2.080154762231756216e-01
1.000000000000000000e+00
-1.000000000000000000e+00
-4.633188837857460385e-01
-5.335369369710962761e-01
9.923207957129764889e-02
-1.000000000000000000e+00
1.000000000000000000e+00
-1.000000000000000000e+00
-1.000000000000000000e+00
-2.247817549205590737e-01
-4.636676495210819704e-01
3.656149694919811344e-01
-1.000000000000000000e+00
-1.000000000000000000e+00
9.585142049857081625e-01
-1.893994222036372577e-01
-2.983667985696436542e-01
-1.000000000000000000e+00
1.176646565659578147e-02
5.550532960970233631e-02
-3.954528222876493859e-01
-4.107656380592277223e-01
2.447998932141233208e-01
-8.753582723856980774e-01
-3.141754915310431828e-01
-1.076803874412786133e-01
8.690815254935394529e-01
-9.676042627542291719e-02
9.085842726001921443e-01
1.710552388821848790e-01
-1.000000000000000000e+00
7.235817051877420081e-01
7.155732783361408167e-01
1.000000000000000000e+00
4.585822227760866787e-01
2.764554310056037689e-01
-4.867040087327901415e-02
-7.265395763936877138e-01
1.000000000000000000e+00
-3.754589987873873658e-01
-7.249464054390507561e-01
-4.008686450458440742e-01
5.553210907872510038e-01
1.000000000000000000e+00
2.128645179130133069e-01
-1.000000000000000000e+00
-5.993308298831369063e-01
5.247557598940928436e-01
5.530951470352674093e-01
-1.000000000000000000e+00
6.750576901873143187e-01
8.318431156419069383e-01
-1.000000000000000000e+00
-4.456466936647910382e-01
-1.000000000000000000e+00
-1.000000000000000000e+00
-8.115300913628126223e-01
5.086396912330393150e-02
1.000000000000000000e+00
1.000000000000000000e+00
-1.000000000000000000e+00
1.000000000000000000e+00
1.000000000000000000e+00
1.000000000000000000e+00
3.281430853963549499e-01
9.250602554315967563e-01
-2.139059932628382121e-01
3.586980441229847827e-02
1.000000000000000000e+00
-3.831696712498649515e-01
-1.000000000000000000e+00
7.080957210595307805e-01
-2.699551742907777552e-01
1.000000000000000000e+00
-1.000000000000000000e+00
-1.000000000000000000e+00
1.000000000000000000e+00
-1.688028999517974249e-01
-1.000000000000000000e+00
9.994807277835370263e-01
1.000000000000000000e+00
3.655800811950726814e-01
-1.000000000000000000e+00
4.255063024476799516e-01
-3.617591438204219578e-01
-5.282287114626671443e-02
1.000000000000000000e+00
3.601038105887822138e-01
-1.000000000000000000e+00
9.448207466657138065e-01
5.187513923745434852e-01
9.011422165444604726e-01
-1.000000000000000000e+00
6.204093352825423846e-02
-1.000000000000000000e+00
7.956545997514093971e-01
-3.433753023167581131e-01
-8.271340549710645140e-01
1.368500567997474882e-01
-1.000000000000000000e+00
-4.786957735071600828e-01
-1.000000000000000000e+00
3.828094222510659561e-01
-1.000000000000000000e+00
7.908954413380635540e-01
-9.554936350459312111e-01
-7.566775968971358735e-01
-1.000000000000000000e+00
1.000000000000000000e+00
-1.395534645541838259e-01
1.000000000000000000e+00
9.087227053298958523e-01
6.849488479959865428e-01
-1.000000000000000000e+00
-1.000000000000000000e+00
1.000000000000000000e+00
-6.538926122912411820e-01
1.536914664075071379e-01
-6.511938345043266629e-02
1.000000000000000000e+00
-5.795105824673186801e-01
-1.000000000000000000e+00
1.000000000000000000e+00
-4.601291535815925648e-01
-6.399168166666646673e-01
-2.037939167219567915e-01
2.691526810781358359e-01
2.880866442117211434e-01
1.000000000000000000e+00
5.177438420636701899e-01
1.000000000000000000e+00
3.573855705283722761e-01
-1.000000000000000000e+00
-7.140592086408270589e-03
-1.268542065012739362e-01
-4.361913972450403021e-01
-4.545124978628671819e-01
-1.000000000000000000e+00
-7.265276047908363344e-01
-5.221303677669086873e-01
-5.885286414764008267e-01
-2.124392806745126761e-01
-5.310052020649286275e-01
8.476562433958070297e-01
-1.765500196967750846e-02
1.000000000000000000e+00
-3.106176955860162070e-01
8.197481847658709686e-01
-1.000000000000000000e+00
-9.590885276633054346e-02
-1.000000000000000000e+00
4.701597232253063030e-02
-1.000000000000000000e+00
-1.000000000000000000e+00
-1.000000000000000000e+00
-1.000000000000000000e+00
2.533412330679873925e-02
1.376780470673077683e-01
-3.997339088097884297e-01
3.319519727683215571e-01
-1.000000000000000000e+00
-1.000000000000000000e+00
1.000000000000000000e+00
4.956407314650244089e-01
-7.719611490058237990e-01
1.000000000000000000e+00
4.550424134093042916e-01
-2.311870406000545164e-01
1.000000000000000000e+00
-2.151857908596395974e-01
4.785586852795937762e-01
-1.000000000000000000e+00
-5.089666312109133450e-01
-1.000000000000000000e+00
8.695048077266299691e-01
-1.000000000000000000e+00
2.363097108209363251e-01
1.000000000000000000e+00
-6.395733100681983974e-01
-6.707575446576916622e-01
3.349936078895683345e-01
-8.003798606319206810e-01
-1.000000000000000000e+00
6.662885555336737209e-01
7.440878766246166176e-01
1.503598664459204759e-03
3.590778999989394649e-01
-3.592551932902710021e-02
1.000000000000000000e+00
1.000000000000000000e+00
-1.000000000000000000e+00
1.000000000000000000e+00
-1.000000000000000000e+00
1.000000000000000000e+00
1.046275457123768682e-02
1.889178900266168526e-01
2.203695775403201607e-01
1.000000000000000000e+00
1.000000000000000000e+00
7.421891751108841140e-01
-1.064748054032359503e-01
-9.748686202539996737e-01
1.000000000000000000e+00
1.036013872555778120e-01
-5.340624846709703943e-01
6.250987799963836355e-01
-1.000000000000000000e+00
1.000000000000000000e+00
-9.835049085987127571e-01
2.258707730190987473e-01
-6.812356281682269143e-01
-1.000000000000000000e+00
7.195083606752807892e-01
6.549425536977371287e-01
-1.000000000000000000e+00
8.819554594233541822e-01
-1.000000000000000000e+00
1.000000000000000000e+00
-6.291166018762719414e-01
-6.361750436105015893e-01
5.393626847335811769e-01
-1.000000000000000000e+00
1.000000000000000000e+00
-6.822771454354608078e-01
-1.000000000000000000e+00
1.176472619481654380e-01
2.728389249772125158e-01
-3.892950577952950519e-01
9.744625214158002535e-01
2.250603820883708694e-01
-6.506681761099680772e-01
1.541150509456578610e-01
-1.000000000000000000e+00
1.000000000000000000e+00
3.739838875335631529e-01
6.239569791688255318e-01
3.915727514576508028e-01
-1.000000000000000000e+00
1.000000000000000000e+00
1.000000000000000000e+00
-6.939861308598016532e-01
2.769453515484316952e-01
-1.000000000000000000e+00
-5.577193023757910373e-01
-1.846985530185074609e-01
-9.892139396528495388e-01
1.000000000000000000e+00
3.741360245195797241e-01
-6.038020746450014631e-01
-6.037457043155294301e-01
-1.000000000000000000e+00
-1.000000000000000000e+00
6.673872714106811044e-01
-3.684318439171239135e-01
-6.251435421109838853e-01
8.663754022167350355e-01
1.000000000000000000e+00
-6.454604040185878411e-01
-2.362518288898241003e-01
-1.000000000000000000e+00
-2.537581447408854274e-01
1.285712691260846030e-01
1.000000000000000000e+00
-1.000000000000000000e+00
-5.159175367618258345e-01
4.904137324768856887e-01
9.161663910261113042e-01
1.000000000000000000e+00
-1.000000000000000000e+00
6.736001717615585083e-01
1.000000000000000000e+00
1.000000000000000000e+00
-1.000000000000000000e+00
3.704149658045217675e-01
-3.384049987031791384e-01
1.000000000000000000e+00
6.741273860770922166e-01
-8.510605873398809917e-01
-1.000000000000000000e+00
-2.230041145494761068e-01
-3.261197402709414828e-02
-6.741555091046876891e-01
-1.000000000000000000e+00
1.000000000000000000e+00
-3.459539897081520543e-01
1.000000000000000000e+00
-4.794846586130984134e-01
7.475846489384987414e-01
-5.922277424116272337e-01
1.000000000000000000e+00
1.853460731804167927e-01
-1.000000000000000000e+00
-1.000000000000000000e+00
6.202866913822322470e-01
-1.000000000000000000e+00
7.003140826448127632e-01
-2.914406075738484869e-02
-1.000000000000000000e+00
-6.488959683455021166e-01
7.562914693983475711e-01
-7.222791635019165657e-01
1.000000000000000000e+00
3.073866844197573056e-01
1.000000000000000000e+00
-8.634407633713105934e-01
1.000000000000000000e+00
-1.000000000000000000e+00
1.000000000000000000e+00
9.770995807221682927e-02
1.000000000000000000e+00
-5.216405365404376271e-01
1.000000000000000000e+00
1.619581568097371305e-01
-1.000000000000000000e+00
-1.000000000000000000e+00
2.642450654116538233e-01
-5.153177798920763886e-01
8.354715304791018315e-01
-1.000000000000000000e+00
2.979214933199192394e-02
1.000000000000000000e+00
-4.937305887406534533e-01
1.907958960839006846e-01
-1.000000000000000000e+00
4.095809677350243372e-01
1.000000000000000000e+00
9.943973328014452662e-01
-9.321733950541958302e-01
-9.016343100307135927e-01
1.000000000000000000e+00
7.220170230606355322e-01
1.000000000000000000e+00
-1.642872180362164869e-02
-2.107650316481286534e-01
-1.000000000000000000e+00
-1.000000000000000000e+00
9.565538808203952748e-01
-3.681586363457074462e-01
-2.813812028014088251e-01
-1.000000000000000000e+00
1.000000000000000000e+00
-8.475571993169408458e-01
1.000000000000000000e+00
5.197676626171281455e-01
-1.000000000000000000e+00
1.000000000000000000e+00
-8.715094474846598605e-01
-1.000000000000000000e+00
-1.000000000000000000e+00
-1.000000000000000000e+00
-5.510151719751701371e-01
-6.008955127581716571e-01
2.133577946068067055e-01
3.705934425003254429e-02
-7.312328429826071563e-01
-5.507125658333598128e-01
7.186712552925981212e-01
-1.000000000000000000e+00
4.149005904017806223e-01
-1.000000000000000000e+00
1.000000000000000000e+00
1.000000000000000000e+00
-1.000000000000000000e+00
-8.002308555807415846e-01
1.478604902669418131e-01
-4.517471102235637304e-02
-7.188397611636390128e-01
-5.392956316200732125e-01
3.230417985502572753e-01
-1.000000000000000000e+00
-1.000000000000000000e+00
1.000000000000000000e+00
-1.000000000000000000e+00
1.000000000000000000e+00
-1.000000000000000000e+00
1.000000000000000000e+00
1.000000000000000000e+00
2.056596600797397367e-01
1.000000000000000000e+00
1.000000000000000000e+00
3.679746236741932019e-01
-1.000000000000000000e+00
-6.176529548599727359e-01
3.750980007903986779e-02
1.000000000000000000e+00
-3.438032277903622091e-01
-1.000000000000000000e+00
-1.000000000000000000e+00
-1.000000000000000000e+00
-1.000000000000000000e+00
4.803190837412213421e-01
-1.000000000000000000e+00
1.244610768994028893e-01
-1.000000000000000000e+00
4.690661980147310395e-01
-1.000000000000000000e+00
-1.000000000000000000e+00
1.000000000000000000e+00
-4.420811840955061189e-01
1.000000000000000000e+00
-1.000000000000000000e+00
-2.960831887608782464e-01
-7.119750351884883699e-01
5.945247414048404622e-01
-1.248102557593488982e-02
9.187927086121239206e-01
8.563809120900640615e-01
2.466308761012714346e-01
-1.000000000000000000e+00
3.014323565353133061e-01
-1.000000000000000000e+00
1.000000000000000000e+00
-1.000000000000000000e+00
-1.000000000000000000e+00
-4.712925143921853355e-01
1.000000000000000000e+00
9.718337519312001405e-01
-1.675001530718993603e-01
1.000000000000000000e+00
-9.640912561782664092e-01
1.000000000000000000e+00
-1.000000000000000000e+00
-1.624938526223408397e-01
-7.518394087261039971e-01
8.855954625219147891e-01
4.226532415011654553e-01
1.000000000000000000e+00
1.000000000000000000e+00
8.593875894218589995e-01
-1.120906246932442674e-01
-1.000000000000000000e+00
4.771406745272918082e-01
-5.811714908806142610e-02
-1.700546809381023872e-01
8.147361428298294239e-02
-1.000000000000000000e+00
8.556531340254186491e-02
-6.518808012808507968e-02
-1.000000000000000000e+00
1.000000000000000000e+00
-2.316045699134505753e-01
1.000000000000000000e+00
-4.604517630785919247e-01
-4.839606944390076881e-01
-1.000000000000000000e+00
1.000000000000000000e+00
-1.000000000000000000e+00
8.194061415475688559e-01
1.000000000000000000e+00
-1.000000000000000000e+00
2.147820696353067715e-01
6.473031232757144871e-01
1.000000000000000000e+00
1.000000000000000000e+00
4.013263108663617240e-02
-5.495700470865506615e-01
4.155824086698615139e-01
8.014847914713739419e-02
-5.430647555786809466e-01
-1.000000000000000000e+00
-3.339010224800947890e-01
3.141668163569859562e-01
-1.808196550755402088e-01
-1.000000000000000000e+00
8.299723887786369936e-01
1.000000000000000000e+00
-6.422406283681161288e-01
1.000000000000000000e+00
-2.283423341093551162e-01
1.000000000000000000e+00
-1.000000000000000000e+00
1.000000000000000000e+00
-7.722610391376539818e-01
6.579441810973414295e-01
-1.443213972903739095e-01
-1.968593786864289985e-01
1.000000000000000000e+00
6.625417594519015241e-01
-1.000000000000000000e+00
4.316569739549076523e-01
6.468969994044254657e-01
1.000000000000000000e+00
-9.048628682363653031e-01
-7.595136250564273883e-01
1.000000000000000000e+00
-9.354765875933660491e-01
-9.296758826422213406e-01
9.134117092316825781e-01
-7.503424173145150089e-01
-1.056672216145333465e-01
1.000000000000000000e+00
1.000000000000000000e+00
-2.576887431564975905e-01
9.731469213649052152e-01
-1.578462335254751103e-01
1.000000000000000000e+00
-1.000000000000000000e+00
9.915457937264586796e-01
-1.000000000000000000e+00
1.000000000000000000e+00
-1.000000000000000000e+00
1.000000000000000000e+00
3.315720200480906099e-01
-1.000000000000000000e+00
7.178555008403969540e-01
-1.405605812209871353e-01
-9.973727462481732919e-01
-1.000000000000000000e+00
6.157970186904360155e-01
-6.803072453496696870e-01
-2.795561474866230522e-01
-2.878800482659922277e-01
1.000000000000000000e+00
-1.000000000000000000e+00
-9.744369697485206760e-01
2.585471330180104388e-02
1.000000000000000000e+00
-3.860625372560546609e-01
3.034565120396358062e-01
-1.000000000000000000e+00
-1.000000000000000000e+00
1.000000000000000000e+00
1.740398226354782363e-01
