-1.816193014680813067e-01
-6.476015718541594524e-02
-1.155928201675873318e-01
-2.216306152629392290e-01
5.464681354106065703e-02
-4.289808576766473286e-02
-8.328409527146038438e-02
1.191105254698140159e-01
-3.406899454384353099e-02
2.831808858174226021e-02
-5.589309406950638409e-02
6.020102492626906027e-02
2.742825622954692122e-01
-1.626395396794613202e-01
4.854269894855970519e-02
2.158996982936226827e-01
-1.629048505529087643e-02
1.459855152632389130e-01
-1.536171187778453406e-01
-7.704837305108369616e-02
2.746534923422538910e-01
-4.714761281352905856e-03
-2.203005324363122297e-01
2.693754330282258080e-01
-1.702960921404707006e-01
-1.896430889787037166e-01
2.650931612460448727e-01
4.968870222658375857e-01
2.004579612328787341e-01
2.891322559119545166e-01
5.618969122649952741e-02
1.803545985622117265e-01
2.147435806520187410e-02
1.095427627793813252e-01
-7.060794462057468079e-02
2.798442847967485547e-01
-2.334273120699299486e-01
-8.247225739271965561e-02
4.700579537002993330e-02
-1.220144929482292785e-02
-6.339864156079971780e-02
-2.266459881971654156e-01
-1.317750290438454430e-01
6.469624396865907012e-02
1.641543823837019189e-01
1.919426194726884805e-01
1.361763368717010814e-01
-2.256138589939641614e-01
-2.818446914227230593e-01
1.469951508384756689e-01
1.134761803329242258e-01
3.246922209643138824e-01
2.562786449785858234e-01
-3.952386663044665099e-02
1.694662302495073825e-01
1.377863499785472734e-02
-9.324761016490093479e-02
1.272642119266090832e-01
-7.417408994588775561e-02
6.022945658560330956e-02
9.700645432954846381e-02
-2.695426326227749747e-02
2.633249548576873430e-03
3.917067213787361890e-01
-2.849629072906928462e-01
-3.682339170365618308e-01
7.624250638724262841e-02
1.157078992272485146e-01
-2.100416581175431063e-01
-2.401026553140421238e-01
-2.716455520463786910e-02
-2.726320279764254950e-01
-3.453737888609035439e-02
1.846367384702422287e-01
-2.516802517113820789e-02
2.229253260678730475e-02
-2.796653089664314362e-01
-1.434609554377059837e-01
2.215138201626429271e-02
-1.294285149941259150e-01
-3.993185752007986089e-01
-5.639988577286926541e-02
1.282997676122421826e-01
3.726316628983609037e-03
-5.320627897943750600e-02
1.904893524864468279e-01
1.124043083662632121e-02
-1.141276647119093685e-01
-1.387810051272488077e-02
-4.262037123433914942e-02
-3.517281848010476997e-02
2.215039421021191834e-01
-1.782824006861863098e-01
3.708267206561209617e-02
3.954086492607821746e-01
1.094734458680688416e-01
-1.568572748770364622e-01
2.898102301677435988e-01
4.235898028062491383e-01
-2.562975026615529894e-01
9.523949478112389566e-02
2.508265987156827470e-01
1.488132403604299769e-01
-1.620828114971114842e-01
4.678480493006591939e-02
-3.261513650228759498e-01
-2.835072357879950822e-01
1.798507199404524581e-01
-4.739561198848242785e-01
6.111173568960486663e-02
-8.789924955737633827e-02
-1.675881939805022591e-01
3.500996923597834987e-01
-3.650940831895368305e-02
-2.997751729634544615e-01
-9.461200019564283692e-02
-2.004798578571918843e-01
3.949327753797065438e-02
-2.947847043732612082e-01
-2.244744726392518819e-01
4.304135384475410442e-03
1.072181661754147003e-01
-1.479364329352168550e-01
-1.593330312806889582e-01
3.439224094399503245e-02
-2.527380965430127135e-01
-4.618850799071232832e-02
-2.619281127283743654e-02
-3.356505687347017264e-01
-2.289954781053650523e-02
6.114372525474805892e-02
-4.014244484076147645e-01
-1.202052265431746148e-01
-8.093630920972280651e-02
-3.628577662291646022e-01
2.163638759684189533e-02
3.466505988461394266e-03
4.688334203971239456e-02
1.341591977809650227e-01
5.003334206828182612e-02
-4.090594945978330843e-01
-1.765498656152991175e-01
-1.634772236927275468e-01
1.515420853329104978e-01
6.321298388507896882e-02
1.172096664299156904e-02
-1.061284554093168825e-01
-9.197500585696613551e-02
-7.802969072844091747e-02
4.355085364192238379e-02
-5.100072112111517786e-01
-1.003364550659243543e-01
8.613214664358147254e-02
4.233626640281446529e-01
-5.093716796826708998e-02
1.142960973182130108e-01
3.855667156818879532e-02
1.364446531692376507e-01
1.978827695332649739e-01
1.195376120264141917e-01
-2.389501261237932106e-01
-2.124998162340163699e-01
1.012727143977917438e-01
3.249690061150635745e-01
2.801685149624731919e-01
6.805082924794969568e-02
-2.543772289734984593e-01
-9.555454328768409056e-02
1.277732558920180173e-01
1.404423696099218744e-01
-4.064351855742729530e-02
-7.814340940637339028e-02
1.664015811646804288e-01
-1.202617948002843717e-01
1.844447391807771119e-01
-1.302895953644163107e-01
-2.706656352357553544e-02
-2.241784492922163641e-01
-2.989708695466994914e-01
3.698248761523578176e-01
9.535911240234849762e-02
3.271098447787016417e-01
-3.234667956527106925e-01
-2.129149076335036805e-01
1.986410268802711598e-02
3.882684653842376488e-01
2.333545861761243123e-01
6.629094122941030232e-02
-3.264116093376481231e-01
1.692665083965587403e-01
1.789582336641545868e-01
-1.806685680781212194e-02
-2.778788717751661252e-01
-2.407929406119750926e-01
5.731986637943022739e-03
-1.204220790714465861e-01
-1.629597954357975276e-01
3.883358176847139746e-03
4.876014616575568422e-02
-6.158664420884301521e-02
-2.528796255553513936e-02
7.290551801025028922e-02
-1.354051150315869756e-01
-1.723951884101949383e-01
-2.936807908734274108e-01
1.993627419834401449e-01
-3.202441093630911118e-01
-2.333289181443095051e-01
-1.296819169590202048e-02
-1.938802619978027553e-01
3.821254453549394747e-01
-1.567813588664677404e-01
-5.306480951325659445e-02
-5.080878406330999186e-02
-1.507666853954570674e-01
2.337170149962513044e-01
1.391626440472575887e-01
2.381966367874697177e-01
1.159098104090199449e-01
-2.355918654467642759e-01
1.711974495463376156e-01
-5.375994342638088647e-02
-2.082281651628023478e-01
-2.612818003018534951e-01
-2.371134317836667560e-01
1.814951328731413682e-01
2.937311125371456222e-01
-1.989330187766602254e-01
5.014165327189108734e-02
-7.363379136923328683e-02
-6.849196185460700026e-02
1.181051037791569086e-01
-1.508639017529832260e-01
9.638415004748029924e-02
2.273124426803852655e-02
-1.652320174782709594e-01
-4.422413320250540014e-02
1.338773165687774380e-01
-7.779769909058467658e-02
1.375491143653461423e-01
9.074720920489671994e-02
4.862488229278655871e-01
1.555933539865572424e-01
1.853394212765151483e-01
2.364158620645761544e-01
-2.888868442269157052e-02
1.171356904624484413e-01
-1.598652873423952667e-02
4.264301441263862219e-04
2.108649088744021238e-01
8.639262209470834758e-03
3.169528721488704126e-02
1.363093663755946504e-02
1.336925467853050109e-01
2.158415294734282175e-01
-7.643244252473811728e-02
1.046389125829659400e-01
-3.550163504993751606e-02
-2.670569277409211642e-02
2.945310443807617196e-01
2.129333149295471739e-01
2.002729735497926072e-02
2.265710911656695081e-01
-2.283308402317479197e-02
-7.848504776456947940e-02
-4.301269505410459937e-01
7.703446524675672258e-02
1.408747234189670350e-01
1.841395647163134308e-01
1.972839056458760773e-02
1.644060226099987865e-01
-7.647784092899295727e-02
1.445655869149187200e-01
1.252971355003519582e-01
1.707913558135465137e-01
-1.102750886711284239e-01
1.713783984880341837e-02
-6.289894733346820636e-03
6.592740551927464554e-02
1.466115771798259804e-01
-2.261154125381365509e-01
-4.825308547421340299e-01
2.412654320804010211e-01
2.263807113017701766e-01
-4.669114845577681389e-02
2.097211398789160519e-01
-3.912125398264411705e-03
-2.053987526367777872e-01
-4.756709069836508041e-02
9.362368749389703149e-02
1.689996025637429886e-02
9.119555711265471543e-02
4.159453815838371482e-01
-2.216267523244837626e-02
8.028856687761087851e-02
-1.201334610477005904e-01
-2.381853420690753786e-01
-1.193367540896768109e-01
3.690586367832138781e-01
-1.793759011348373261e-02
-1.122971287314578070e-02
-3.804039099968180571e-01
-1.308995540809262947e-01
7.493181018209248145e-03
1.412289033747060260e-02
-2.060482145611761962e-01
5.454626513872180560e-01
4.371804981950304023e-03
-9.780151176205371943e-02
2.629314736802763619e-01
-4.501134602552739894e-01
-4.560177803389711682e-01
9.954181601770448196e-02
2.467422696129074888e-01
1.075323645510652543e-01
3.543759909885422221e-01
-4.762250201489127976e-02
1.433363428894882941e-01
-1.085768094357775354e-01
-4.550188399732842809e-02
2.152981893929674026e-02
4.884025544309095190e-02
-1.407974214570489324e-01
2.401196448864660327e-01
-4.753712782969305578e-02
-2.906474424303744086e-02
8.281503108833332405e-02
-3.036564340464695255e-01
5.100584122007653654e-02
-2.872461089958843194e-01
1.474277326075305872e-02
-3.026079804833538556e-01
-2.059338833986872619e-01
4.254313064411903711e-01
-3.426571409376304861e-02
7.825026309180816916e-03
-4.903873044446013796e-02
4.483046450554376561e-01
2.356015817515747235e-01
-2.852656077866246864e-01
1.210809877233522264e-01
2.053024072503743247e-01
-2.433433777003772835e-01
-4.141896262424027420e-01
-1.328186796952222082e-01
-8.580772922335133798e-04
2.068805751856643838e-01
1.970609091583902517e-01
-2.675422247585825322e-02
-4.498087164642040892e-03
9.862762839559244266e-02
2.962074826029927055e-02
1.031934889021356994e-01
1.278640697161374795e-01
3.635354352052914267e-02
-1.039960977922048529e-01
-3.104728016766110654e-01
-1.792520733263600619e-01
2.960488940794687215e-03
8.489653228817400921e-02
3.014682144016697651e-01
6.266469717029937714e-02
-1.933005513270146247e-01
3.586277149784170004e-01
-2.313701243312433209e-01
1.602093349500480213e-01
3.005473555452201073e-01
-2.478599333630786550e-01
3.554397729819138221e-03
3.691795550343527910e-01
2.131319900938359047e-01
-6.533346887842200745e-01
-1.540654103847269030e-01
2.593842691595345529e-01
4.860961985346145542e-01
1.775976845389258263e-01
-1.164934056635981256e-02
1.687229781774308990e-01
3.586444885657918413e-01
-5.498669194731573007e-02
-7.249437677007973535e-02
-5.382512162339035677e-02
-2.177843079444115870e-01
1.653353330015329969e-01
6.972925785122936759e-02
-1.717442088704279612e-01
5.860042362761894164e-02
-2.293749256918145019e-01
-4.469043058470814622e-01
8.250510937440128090e-04
1.286816456391133845e-01
-3.572515252892476956e-01
-1.472376474096534146e-02
8.100924803794935791e-03
6.540381564992890639e-02
3.258140432818716348e-01
-1.908005098774306907e-02
-1.271466503007063001e-02
1.959877018436189111e-01
9.999658539333697305e-02
1.095918854774911438e-01
-1.042796297927749555e-01
1.426008058495490116e-01
2.475771792469738664e-01
2.942503776005631622e-01
-7.982058498711375183e-02
5.141797206856701941e-02
-4.354407587970535176e-02
1.137215932389960132e-01
3.355823099555859668e-01
2.185895546623485008e-01
4.741097378852764388e-01
-1.873175955366133613e-02
3.663462121379705283e-01
4.424669040712763540e-02
-3.449301230846945621e-01
-1.421094532531824162e-01
2.648451826023429656e-01
3.994099988871633311e-01
-1.964861947126712860e-01
-1.789468295485033278e-01
-2.123175509104937853e-01
1.027063358620185912e-02
-4.532863924099671954e-02
3.902565905940137414e-01
1.113949408890549941e-01
-1.742486565602736071e-01
-1.591384254671763046e-02
-4.236826523511268427e-01
-2.925021601685257044e-01
-2.820412877079149228e-01
1.796660458106965896e-01
1.591941313204000286e-01
3.714023094521768514e-02
7.828131737178083138e-02
-2.989969236947483955e-01
-2.141424481469593744e-01
-3.380698051020990941e-02
-1.141378387452144857e-02
-3.970747032254382664e-02
1.413954176023245746e-01
-2.654827992132801073e-01
1.039336111582741112e-01
3.032148104084701479e-01
-2.292274663000960430e-02
-2.283502517045338798e-01
-6.838155404044857222e-02
3.530652188009346382e-02
2.367977353837554255e-01
-3.076077634072962169e-02
-2.462258045730576217e-01
9.983064156010164336e-02
-9.876542761210445331e-02
-4.088351384136873490e-02
-3.312506206623433425e-02
2.044610548935112126e-02
5.852109298231786272e-02
1.696562201671692957e-02
-4.307166091864071955e-01
2.151878863244478801e-02
-1.073350660973169807e-01
2.551345002996189670e-04
1.174524546005970352e-02
-1.978419884249012772e-01
-1.537859768554183382e-01
-2.077753792318544068e-01
-2.735031198577504985e-01
-2.210831543382235087e-01
-1.208311111944016109e-01
-9.286250252613924283e-02
2.307349774864906333e-01
-2.247263414687415972e-01
-4.461336626600552191e-01
1.968743905082407097e-01
2.443519094248584045e-01
8.976821956252510615e-03
-5.395177971931665491e-03
-5.086473400776986287e-02
1.678808746303119270e-01
-4.892893765764607661e-01
-2.617510936590365378e-01
-3.589197955538707685e-01
2.108650139349708408e-01
-3.885243060525300773e-01
3.467229449725002799e-01
-3.207993432479443185e-02
-1.456026016551643584e-02
2.056018952190926119e-01
4.084697798985803541e-01
-1.805522814798637132e-01
-5.490874758766241259e-02
1.350065562528757201e-01
3.078157184932008850e-01
5.865625472310793675e-01
2.308635204347036229e-01
-1.577215579874949314e-01
4.437640446107932873e-02
2.742331737369742006e-01
4.047956480791697204e-02
-1.504413759617297119e-01
1.398621885934419329e-01
-1.257510580083750773e-01
-3.284663662440182041e-01
-4.574105729029003670e-02
-2.187735415314922827e-01
7.025781494161524587e-02
-9.520060373408444077e-02
-4.382101889888614411e-03
1.404699520507433630e-01
-3.804422440303681374e-02
2.394882881459861057e-01
2.149143007986654696e-01
3.632221914807496344e-01
3.416141712569593925e-02
-9.567798872739086136e-02
8.897677600334247261e-02
-2.849352144821538646e-01
2.533470032386877027e-02
1.972317292023969271e-01
1.288841482739862820e-01
1.852143481421666960e-01
-1.262729254548504154e-01
-2.155368440465354682e-02
1.372346213476324517e-01
2.685102552438567991e-01
-4.735780879211680394e-02
1.246705574884835778e-02
1.004827444926514463e-01
-1.327617180951259079e-01
2.325980214226154863e-01
-8.406217449773170647e-02
1.993069944995576048e-01
1.363683206007205821e-02
-2.600262196922699665e-01
2.112579302792892133e-01
4.109272712251783172e-02
3.287618928572429433e-01
-8.134450076264046481e-02
2.374656092043113120e-01
-3.993164434165918063e-03
-1.731941237465614847e-01
4.589067726109800627e-01
1.060705893286135876e-01
-3.362698273923006576e-02
2.960310397416019423e-01
-2.340750789231438311e-01
-1.816642270665990433e-01
4.949281521796377453e-02
-3.219215805315945311e-01
-9.731104463580161901e-02
2.274376463703982679e-02
6.801130752015990821e-02
2.686300261913187049e-01
6.775034648151719019e-02
1.106048987306035569e-01
-5.776929530473757790e-01
2.754553914568727002e-01
-1.083299365271355452e-01
-4.434293057709866037e-01
1.236615715594331089e-01
1.399425193195811268e-01
8.239278056515174364e-02
7.296447603701414764e-01
4.368171206832228287e-02
-6.364299177791345186e-02
-1.906145130216734540e-01
-5.137807945697628886e-01
3.025007253410214592e-01
-1.118824601150471554e-01
3.648424236431325844e-03
-1.808993221574929366e-01
2.923017356151059176e-01
2.263426261262357631e-01
3.051966520070137378e-04
-2.005172009808476319e-01
1.198015395493227109e-01
1.241112492593319794e-01
-2.211573492506413163e-01
-1.345771033485482771e-01
2.656849646762013961e-01
7.604096482987059147e-02
5.577137901961491846e-03
3.348904288040865929e-02
5.226538586777220718e-01
1.933250701611566660e-02
-3.933487155293231147e-02
3.343726773804692881e-02
3.500370230354030859e-02
3.443650156116529609e-02
1.826940051145574673e-01
-2.246866853181479773e-01
-2.169437728859134051e-01
7.931027848917909795e-02
-2.955013348836432741e-01
-2.485639495355490280e-01
-2.512579405616816586e-01
-2.734757815228651412e-02
-2.417185312141238718e-02
4.029149601262442815e-01
8.112793651297767195e-02
-9.044363504282564026e-02
-1.902477783454656346e-01
9.525188915490720096e-03
1.092827722735918300e-01
-1.406235409001136416e-01
1.630801381149727669e-01
-6.223601869676477216e-01
-3.434957722470173835e-01
8.246532669261959431e-04
-1.248047091664168523e-01
1.801625827883905073e-01
-5.505656612732669902e-02
-7.462662151253407483e-02
-4.258385540289261750e-01
-4.827442058856090124e-01
-1.578400973437231805e-02
4.129407687646500374e-02
-2.845113250111745984e-01
1.581846037295311647e-01
-4.266595050002613965e-01
-6.484766785399502520e-02
-7.449190263028181158e-02
3.038625760541929233e-01
1.595362748723208879e-01
9.282239481542180204e-02
2.374449100167572713e-01
-1.206738110305168588e-01
2.414887670265510322e-01
2.450189881654340485e-01
4.332513299859701017e-01
3.172708318044837883e-01
-2.212635125566106073e-02
1.606131259220025254e-01
-2.674346260353819282e-01
-6.390252414520027069e-02
-3.293028535647701815e-01
9.067888436549355335e-02
-2.742448107148794945e-01
-1.035260671632951407e-01
-4.990016287255215621e-01
1.473469869214600074e-03
2.314060028842345774e-03
7.728037487725790411e-02
6.120346963928014264e-03
7.892599367006944422e-02
-1.982460821023936948e-01
-6.410167250749215784e-02
1.699196236483679345e-01
9.557485689351887317e-03
-1.478294516321837504e-01
-2.424968521102367214e-01
-6.059481068497823975e-01
2.327965777084095578e-02
3.368489561329367499e-01
6.946809199115974720e-02
-1.333994371947456840e-02
7.002257115860137382e-02
-3.577177551269113825e-02
-1.069398988441634148e-02
-4.990115334318079299e-01
-2.191827423102460370e-01
-1.689199735242278011e-01
-5.839142149457983155e-01
-9.419265808971363785e-02
-2.129516531520423139e-01
-2.399006358181215298e-02
5.707751393185257066e-02
-2.523678912179908029e-01
-7.157957744090771846e-02
-2.262210226585316675e-01
2.924076738701908429e-01
-1.838630757769736113e-01
-8.819330620834024692e-02
3.824925466399052287e-01
2.248463999975012506e-01
-3.350072869412228371e-01
3.305749297449158131e-01
7.448798404842393861e-02
1.242685658615797911e-01
6.948522340040906575e-02
-1.026307473623788366e-02
-1.600108785397554717e-02
3.043591269754244433e-01
-2.954573397312869054e-01
-6.660108232456585231e-02
-1.318156109292216160e-01
-6.254670621822717991e-02
-1.000138013989936986e-01
3.111385063897187386e-01
-6.958222909513991916e-02
-1.636078681075833485e-01
-2.119578528661004713e-01
-1.182597895591182557e-01
-8.702339561491249931e-02
4.866417195517590971e-02
6.265360207798573167e-02
-1.347851796658373347e-01
-9.694435076561973286e-02
-2.178883605937401990e-01
5.900187308764512362e-02
3.648586989545966053e-01
-7.300328744063823427e-02
-3.856643775894987858e-01
1.678336963977200835e-01
-1.049325760803517145e-02
3.157238838607285408e-02
8.931556921189241771e-02
-5.583239837528336524e-02
-4.271866205492399482e-01
1.863744821617635827e-01
-3.534373352898955573e-02
1.743217973609018645e-01
-1.008212666416977710e-01
7.572324327666170307e-02
-2.365378828233573316e-02
1.642572542293055660e-01
2.147018172722783280e-01
-8.961544661772283260e-02
-1.254807662929397771e-01
1.879779924059808704e-01
-2.276567978974903539e-01
-2.009812730220516264e-01
-3.822636569532975592e-01
-9.929119557014179365e-02
-3.467821967529703675e-02
-3.084164351368796075e-01
2.602345333621445822e-01
-1.715301032543773141e-01
-3.593843622778494784e-01
1.216487354000180265e-01
1.362231709285386116e-01
-8.295900608109042784e-02
9.110529204333563114e-02
-2.251704132633887759e-02
2.789547584537492575e-02
-1.841813981288014657e-01
-1.308707565474218765e-02
-1.537363099570058789e-01
3.380954383101965333e-03
2.551565419860385084e-02
1.183376292820403769e-01
8.495751290896490227e-02
-6.804777391985112472e-03
-4.376714882026955938e-02
-9.468127158322942050e-02
-1.797282668732707034e-01
-2.076436275522317715e-03
9.099208802983235755e-02
-2.802468550234738301e-02
3.312276118786390278e-01
2.470590956256221438e-01
-1.567689967368818826e-01
-1.860888522700253067e-01
3.336080246977494168e-01
7.605526923611143075e-02
1.854205969587427172e-01
3.642906805410778825e-01
1.813770092000355771e-01
3.259567635339844505e-01
-2.447039026213945756e-01
3.156745518107022530e-01
1.065364818602759361e-01
2.010043399583573143e-01
1.655719211025440552e-03
-2.714283917594170759e-01
-1.488426450952870794e-01
-3.744800264124945599e-01
3.664564544031453375e-01
1.305213150003803890e-01
7.908964825399436571e-02
-4.659117813200688157e-02
3.808758192085093686e-03
2.919711276264569388e-01
3.133967196178808479e-01
-1.669671605976169870e-01
8.229993893185935661e-02
1.512961750160142227e-01
2.322793541599021683e-01
-1.455725189569019931e-02
8.403868246526559685e-03
4.562129338264471479e-02
-1.375430628929053163e-02
3.220036769909691565e-01
1.806686953954322605e-01
3.584983414002029800e-01
2.621006805221031688e-01
1.112319771968694193e-01
8.341720960116130734e-02
-6.742883884849314169e-02
-2.115006929615126097e-01
-1.419309651870114264e-01
2.471199290037968399e-01
-1.715069525136025674e-01
9.871628251162573031e-02
2.995070240357266544e-01
6.428113099299799515e-02
9.689253048458036643e-02
5.988410287959747974e-02
-1.658508283224756005e-02
-1.601192832766402951e-01
-4.491910308786769418e-02
-1.259310192853914934e-01
-7.529673271604154713e-03
-1.349052402896813996e-01
-2.733459708115947850e-01
5.609308906616335827e-02
1.374134019827599196e-01
2.007722491567447975e-01
1.801084991547122205e-01
1.068204091674244682e-01
9.263506524061658476e-02
3.443298794170548960e-01
2.125004674366298696e-01
8.468546716651172840e-03
4.001559378231812208e-02
-4.683839696922650203e-02
-2.048862046158989592e-01
-6.030269801901620014e-02
-8.553622581294345606e-02
-2.275649076930650605e-01
8.344448505855311601e-03
-3.790377381447783134e-01
4.281983843494139609e-03
3.213378719899888381e-02
1.753211189336563447e-01
9.730351078469441639e-02
4.883822508485829994e-01
6.015243506107853522e-02
3.846287503566286209e-02
-4.052284596971667679e-02
-3.847406074625215472e-02
1.454947716987446682e-01
-1.907012628257768738e-01
-4.864322082945807257e-02
2.376495492753582517e-01
-1.070057868985967719e-01
1.598237952661457628e-01
6.920603107789315145e-02
1.405424754432613721e-01
1.641031052860928430e-01
-1.540877919664843387e-01
-1.109301932689074344e-01
-1.972001702952317637e-01
-3.386638277406688879e-01
-1.116774022328844984e-01
1.320884513571657093e-01
-4.074329978940722241e-01
-2.548232725521441533e-01
2.305958226401875200e-01
7.974070002353896361e-03
2.162981596931764783e-01
1.846913648080802106e-01
1.663625687094686945e-01
-2.278675521332848841e-01
-1.014022671428249124e-02
2.061203607116831316e-01
4.943836763463949763e-02
-4.675534196343556631e-02
-2.818220860032684683e-01
1.328081760048767934e-01
3.139552947185524356e-01
-2.973332847654292510e-01
1.230781631666873349e-01
3.575406457526560389e-01
-2.119178431357610082e-01
-5.066491494189528932e-01
-3.135482779203445647e-01
9.637602107651231653e-02
-3.261196611992278616e-01
-2.001624962428541210e-01
2.509021081521379815e-01
-3.805186352606038103e-02
1.356666656785712743e-01
-3.091895447834069194e-02
2.382595728226218346e-01
-2.413968992704790262e-01
4.769488330206436699e-01
-1.399446303000821679e-01
9.813506469157605439e-02
-6.160450961113485974e-02
2.618976417254501587e-01
-1.991188205292475366e-01
9.810707024552302313e-02
2.810042763939118310e-02
-6.034467146999977077e-02
-7.716698749322849216e-02
1.093877336559689190e-01
1.107515024050810121e-01
-2.413959892349727965e-01
-3.968598772513393103e-01
1.189415193714868646e-01
1.476328214158030006e-01
2.905352242334071078e-01
1.971942763883113570e-01
-2.663867559885023661e-01
-2.602383191778140925e-01
7.657105630137032992e-02
-9.212619043454202059e-03
-1.986360150782797984e-01
-2.194395544978123558e-01
-2.850265465347526228e-01
1.241539334160265268e-01
-2.560326567715638379e-01
2.057785814104279021e-01
-1.712156960548203988e-01
-1.371810052979371142e-01
1.084267402269736696e-01
-1.440588183136708167e-01
2.933762476104774530e-02
6.601362768677325465e-02
2.545902400054798065e-01
1.915998407756529798e-01
-1.151534745547326405e-01
-1.050336060219301225e-02
2.516330538191922650e-01
4.040705581037118410e-01
3.175446438288955786e-01
2.346492170818974543e-01
1.849893370013884208e-01
-2.743168419736249364e-01
-1.796086334270880769e-01
-8.835114722341140536e-02
1.632124549721180318e-01
-1.364860131134767174e-01
-2.920619885853980024e-01
2.347402454225730184e-01
1.077434257496956982e-01
-5.801154597358659792e-02
-7.625860618149715373e-03
1.126697847211730469e-01
1.670188330746603944e-02
-1.200896267193969219e-01
-1.236633201105023228e-01
-5.053191225216386445e-02
-1.779629496182154325e-01
1.995477059056411373e-01
-4.120296674262182157e-01
5.256990675471476804e-01
6.571147754977189892e-02
-1.082255357138607876e-01
-4.847108786725343220e-04
-1.052643303942702585e-01
-5.322222031868954067e-02
-4.140640088066827040e-01
-4.014277329759469159e-02
4.826918326640848855e-01
1.166043626103275416e-01
1.070346852562330253e-01
1.919050052857163846e-01
1.258102057960645559e-01
5.160233948571650575e-02
1.352103240884139634e-01
-2.128610500667012240e-01
1.264125440262094391e-01
1.607652336138676308e-01
-1.158665212197421690e-01
-9.373209839462819104e-02
-4.091689578475013467e-03
9.231209555472084938e-02
4.425097221110999707e-02
2.829296713846118916e-01
-2.599414740419133674e-01
-1.042760392384558393e-01
1.427219498831073033e-02
2.928579928437640145e-01
1.533250817393141119e-01
-8.104713995679170557e-02
-5.506696071845228885e-02
-3.892531519449461686e-02
7.591927988888149681e-01
1.815270876462365401e-01
8.178044659296355989e-02
3.772627811345544147e-02
1.379396784979375623e-01
-3.732510921111283769e-02
6.600727284640092729e-02
3.604789152096808391e-01
-1.938123742444431141e-01
8.892755803977887841e-02
-2.486435084676026086e-01
-3.091567880834864557e-01
2.627003832857680576e-01
4.994975674267754240e-02
-9.532216672366389601e-03
5.540515083916269790e-02
-4.119168859645520597e-01
-4.707553718624150202e-02
5.536316447554699982e-01
1.685507691639434869e-01
-3.612258889827896224e-02
-4.458421898601916573e-03
2.255623307878966144e-01
-3.393304685471586479e-01
5.964060900391369296e-02
1.135436702806939119e-01
-1.150356836278042250e-01
-1.752081375876115843e-01
8.676446686763110427e-02
6.733478912426493074e-03
1.118401538720641304e-02
-4.163970814636074221e-03
-1.838713159769256866e-01
-3.849423348948470269e-01
3.042230885266668239e-02
3.407447414077175440e-01
-3.125674108299988929e-02
-2.402427721559818596e-01
1.850719644134608821e-01
-1.483819430703238185e-01
2.735085567457309907e-01
-1.111294868860246421e-01
2.063063234272254076e-02
-3.909979394914173678e-01
2.261150107060739267e-01
2.815587581902960490e-02
-1.628021499204199141e-01
7.839668328395590913e-02
2.581526098547067272e-01
2.778136311883677018e-02
3.095346355362242619e-02
-1.431590336957453205e-02
-1.504829124386563438e-02
1.129706284980675490e-01
-2.461479154723739127e-01
-1.784022920421345082e-01
-3.839993147250972405e-02
1.712814677349371872e-01
1.422473576351646340e-01
-4.208086941523010438e-01
1.070822804912991838e-01
3.490816668176187076e-01
3.498030273393347711e-01
1.229230699718344144e-01
3.396137327085164137e-01
-1.327513617615800057e-01
-1.125294135813729168e-01
7.798931565488241568e-02
-1.189999066332100841e-02
2.929029332406946767e-02
1.273811967726908578e-01
1.053549218858812059e-01
1.192161885646176277e-02
1.336551809612956110e-01
-2.249721687521240021e-01
1.095169762927696300e-01
2.289280428192856306e-02
-5.196646485230797807e-02
-5.284147370126459492e-02
3.189178789849782952e-02
1.687166406801790253e-01
2.182925942166830946e-01
-2.183743538463315537e-01
-7.455831296055108470e-02
2.550651034181175558e-01
-6.019395110464374060e-02
9.930533283289006904e-03
9.341920543983951719e-02
1.798287536586394286e-01
-2.268818534865387759e-01
-3.374404529439141084e-03
7.669417214797247251e-02
-2.874261037834717203e-01
1.917390469387486029e-01
8.679501804207910565e-02
1.504104008205066900e-01
4.847990002184956321e-02
5.679199161533958311e-03
-3.777262813933617847e-01
-8.708581914197298379e-02
4.807384960282284347e-01
3.609305159909280136e-01
-3.368545977031141558e-01
7.776668904963363049e-02
-6.012155581485225352e-03
4.246938720279295199e-01
1.976774029752890460e-01
-8.962365000885005872e-02
-2.740497071012816810e-01
-1.175719734332568295e-01
4.940958774143221904e-02
1.131013965485233863e-01
-2.119416663635008691e-01
2.975434166873691111e-01
4.721084099939849149e-02
-2.723146255186205122e-01
-4.891891299556254792e-04
3.622943738587560136e-01
-1.890560744294719486e-01
-2.586809347393223546e-01
2.763550299170114410e-01
-2.069420149045657076e-01
3.585302379187223221e-02
2.716567961501022976e-01
-1.493651896302096438e-01
4.325409940834539224e-01
3.840416701715804737e-01
6.160208937063361978e-02
1.788810848809101739e-01
1.949733569670579134e-02
-4.076470316677562218e-03
1.308097285338180871e-01
7.805711496372903790e-02
2.213271969535050565e-01
3.433620078058327585e-02
-7.153916574897326019e-02
-1.900424935959794115e-01
1.058675516231955827e-01
9.276073092734229975e-02
-1.512137623524783259e-01
-1.093974215249780835e-01
-9.533704221360882192e-02
1.643840759242979482e-02
-8.709895061525736726e-02
1.579360279690225632e-01
2.191087603531480799e-01
-3.656918126530388502e-01
1.888112939226741227e-01
-1.993553893163558799e-01
1.392656787519849504e-01
-7.832150869562902115e-03
-3.421085577158407970e-02
1.425626137063488452e-01
8.418344899773730350e-02
7.214147733691039788e-02
3.057789786053236036e-01
-2.530275834949138325e-01
-7.423075791472477647e-02
6.446326334671552416e-02
-5.215457690670289859e-01
-7.044512875780369054e-02
-2.123923705647244586e-01
3.121053629457691270e-01
-3.356765961069013704e-02
3.190426132668994219e-01
-3.392670292647081975e-01
4.814153709918520679e-02
2.525559866910442319e-01
2.393451339813232881e-01
-1.426295249772348561e-01
-2.995401000435288230e-01
-1.323770482014731686e-01
-1.051058450781558462e-02
-2.245210050351327882e-02
-1.416192819477110343e-01
-5.823872871998325706e-02
1.224968152872706884e-01
9.556149309986335105e-02
1.987572783823861322e-01
-1.612632250315070015e-01
-7.867247882730560304e-02
2.639747714207888452e-01
-3.535188125664899816e-01
2.985899609162620538e-02
4.755243031877714327e-02
1.570588297459032945e-01
-2.627929086299153963e-02
-1.070607238864202254e-01
5.188353810662763715e-02
2.946221477845144959e-02
-6.981712910190508714e-02
-1.159770424402933320e-01
-5.249563801057961776e-03
3.194338215421964611e-01
8.194554449867626211e-02
-1.686361807721563078e-01
-7.471063705615703376e-02
2.449406911309429669e-01
1.096623051225716072e-01
4.732189652278061265e-02
1.301852690192543682e-01
-3.023296868715701080e-02
-1.353830708770178623e-02
-1.410179766874698204e-01
1.219787358273712874e-01
2.555025082233249867e-01
2.681067668509291013e-01
3.507579042972298611e-01
1.670636022474693838e-01
-6.317063303483819170e-02
6.951026962410497556e-02
1.149955685208982059e-01
6.202703084599827527e-02
4.100586331802586956e-03
-6.250820149358919664e-02
-3.696404080443750351e-01
8.351054047630203370e-02
7.631073234166776964e-02
-1.103763763635830508e-01
1.848100027161478920e-01
-1.781826234760595928e-01
-6.315004843372516719e-02
-1.017019748766242043e-01
-3.163758080601110079e-01
-3.669185170907355298e-01
2.576883365747324461e-01
2.997538031676262246e-02
1.790378706824576616e-01
-8.110448144298594564e-02
2.236017240605774059e-01
5.981642816914767985e-02
1.559683107836340454e-01
-3.164151691687654977e-01
-1.846074356153609153e-01
-1.684656860641239595e-01
3.452169478307385297e-01
-1.117169598540610764e-01
4.211373165331728230e-01
-2.028116925197335219e-01
1.063807706415041548e-01
-1.570684223827557013e-01
-4.908541381512535051e-02
-1.791731660535128556e-02
1.597966149518948720e-01
2.610664948077288661e-01
-2.270693811400403828e-01
1.864305030079871084e-01
2.402163205426605663e-01
-1.116245500002633201e-01
-4.251227390288864205e-02
2.268482392195534103e-01
1.413740837744506817e-01
1.778935728833613006e-01
-2.414592374506457362e-01
-1.888216550137614691e-01
1.030649460412920160e-01
-4.128245346038434543e-02
3.328882681736840959e-02
2.181621761970592155e-01
-2.467682864162524387e-02
-1.510178270769356457e-01
5.080013980559515419e-02
-5.505090057638822865e-02
-2.410792020846306005e-01
-1.236043982524094309e-01
1.013882317239508529e-01
-2.687924090138789635e-01
-2.312551044043685833e-01
-1.055588051648053277e-01
-1.158196209559773648e-01
8.718560761538679538e-02
-1.699450274013852291e-01
2.397225847116863928e-01
-5.117096271321059930e-01
-4.697206988048103181e-03
-3.408286472251684934e-02
-4.185167871887037760e-01
3.326956919212978314e-01
1.259817973878500121e-02
3.113542360845247270e-01
4.220651767312234154e-02
-2.949839070245134920e-01
2.195659498897900852e-01
1.964242431762418528e-01
-4.165176817758896033e-01
-2.251600351139802503e-01
-1.309398597744219073e-01
-5.029917991638853392e-02
1.652032000749642515e-01
3.737521590291267848e-02
-1.747789926050772324e-01
5.521850889271156387e-02
3.226672373756404866e-02
1.167166027297751457e-01
2.105176369888276666e-01
-2.695513731475250307e-01
1.469952535789413872e-01
-5.563021353252588508e-01
-3.062233070237416893e-02
1.785957011910123682e-01
1.827925784779469709e-01
-1.003395075710774610e-02
-1.612810874102378056e-01
-4.379004721556178231e-02
4.427008423080759647e-02
-1.579352038087979138e-01
8.492945477462290893e-02
1.122149364184815146e-01
-1.623371561485911496e-01
6.194355997403654113e-02
1.191023669908177623e-01
1.041271517922604806e-01
-2.534254812536489987e-01
-1.264909132038040396e-01
3.804043568332255570e-02
1.624130903146526750e-01
2.920887937356575481e-01
-1.146575864092803376e-01
-9.277421627499479739e-02
-1.977635853854693426e-01
5.069201977840472884e-01
-2.018037535310161501e-01
9.660420911840557345e-02
2.180467302515833317e-01
2.143519371576050880e-01
1.090930691139034396e-02
-4.335387863862990021e-01
2.892620279625435220e-02
3.994359322601206963e-02
-3.239643520872008409e-02
1.441518741064110321e-01
1.112178308730928378e-01
4.271824287452514329e-02
2.019308896792752772e-01
-4.054866470325032418e-02
-2.064065721741214221e-01
1.092440950252946685e-01
2.121938585049936987e-01
-1.389721827510938083e-02
1.276350288886565210e-01
1.658901803494177984e-01
6.079397584492893941e-02
-1.329035430738160217e-01
2.922447124484511827e-01
-9.226279329373335281e-02
2.989316777667261338e-01
-2.566211642539003579e-01
-2.514056054909475924e-01
1.652005759131704443e-01
-9.795494459357968753e-02
-1.329336165558973881e-01
-4.787471734953637620e-02
-7.449524682278839405e-02
2.793269022202281016e-01
-1.003775469589029273e-01
-3.765762698712902395e-02
1.214030671693789032e-01
4.628227668939499662e-01
2.700288690959894433e-01
-3.110655225924562339e-01
5.530158724770904977e-01
-4.707293501621850895e-02
1.488274093437792212e-01
-1.746454388532407143e-01
3.371960414365836323e-02
-3.442377421722366687e-02
-4.252771887132689166e-02
2.401924379062303147e-02
-1.290468925858687388e-01
-4.205677254291760869e-01
-6.869142524635947489e-02
-2.466577525566420598e-02
2.096840757071265771e-01
-3.244705514408251501e-01
3.825783920655703718e-03
-1.628914269549030513e-01
1.932101533535535987e-01
-1.980213925096166450e-01
2.314018767281308120e-01
-5.004961011413196215e-02
3.553696050549897678e-01
-1.163294754782267931e-01
3.140003936373096938e-01
-3.834239125637844969e-01
-2.465048191618718076e-01
-1.889242039628979131e-01
3.968872842313931337e-01
3.046633593532830919e-01
2.422879426648852919e-01
5.965068461951952145e-02
4.166998898836641319e-01
3.282665404085908234e-01
2.255476543491813091e-01
3.541485471336287549e-01
2.345369545120641053e-01
-3.278472336488607586e-01
1.448465413487497744e-01
2.982079170079450225e-01
-3.005454207202531980e-01
-5.975381674924362674e-01
1.043601913687923349e-01
-1.605993694129936519e-02
5.338149522305971617e-01
4.100579162913558506e-01
5.016328390302436657e-02
1.955647167121465357e-01
4.072470791233248066e-01
-2.049733838414929676e-01
-1.106892874174491420e-01
1.582411921125254431e-02
3.348569760009488250e-01
-1.789930123580324439e-01
5.505619566579545987e-01
-2.268812927653646172e-01
-1.417457480262336034e-01
8.995814543661011242e-02
-1.209970817795449211e-02
-4.712361317750934225e-02
4.915675043188451609e-01
-2.347941645195079086e-01
2.261979616455893696e-02
-1.548563866170329928e-02
-1.364763485365266295e-02
-5.612669433900367016e-02
3.971799951569365827e-02
-2.752055865296235138e-01
-3.370494184512844993e-01
8.709435178012894102e-03
-6.416162292672515643e-02
-2.468356362392791770e-01
8.270924472108805159e-02
9.870741651164573194e-02
-6.988907922718931576e-02
2.460599081649970654e-01
-1.980191778974449424e-01
-8.414187746047281646e-02
-2.491369602201203570e-01
4.520163615946274673e-03
3.194843244993690878e-01
1.873610884398526077e-01
1.147230078480558496e-01
1.570911162659212879e-01
-1.071026658004160387e-01
1.010146565582687173e-01
-1.268780546096810180e-01
3.665343975834399470e-02
-8.484226672814051962e-02
2.331940496727232248e-01
-2.243612957694380294e-01
5.978203555725689761e-02
-1.554616975304792537e-01
-2.982964962922211027e-01
2.747535064928547932e-01
6.872715344931713821e-02
-3.316943550540042973e-01
3.475947185150750351e-02
-1.229219426554824246e-01
7.691114124029763133e-02
7.442958372650128329e-02
1.156784171357595897e-01
1.092450091586703587e-01
-4.114751435360164966e-01
-5.912398771645419604e-01
-4.592997096208692454e-01
6.047441776052301168e-03
4.248515089131657541e-02
-2.952988045016414348e-03
-7.590041387119455044e-03
2.984020189659921524e-02
-3.490952833767398122e-02
3.644282446067851344e-01
-1.153897324487350717e-01
1.486384212511310532e-01
-2.129621644020231880e-02
-1.726122721313222419e-01
1.581642578421093293e-01
-3.119001546364606053e-02
2.706645636203042216e-02
-3.878308440045733496e-01
1.488668669371573106e-01
9.906300937787057559e-02
-1.861430058659903006e-02
1.062842300862655159e-01
2.511027786291782082e-02
8.690087772659190954e-03
-2.416755323991723325e-01
-1.157578211236142268e-01
3.465062824148630316e-01
1.366645781835460205e-01
3.056512762340182210e-01
-2.336314345186695229e-01
-3.196082192354232632e-01
1.456280672092380435e-01
1.019835326296814892e-01
2.548005868043995079e-02
3.824623329342943800e-01
2.147561847471695651e-01
2.228592483887082698e-01
3.041397967536357272e-01
1.307131780064535176e-01
-2.819466543678181836e-01
-2.646423469522973249e-01
-5.333583132373389407e-02
3.354575644791285560e-01
2.694215518040021795e-01
-1.259432922359655649e-01
4.454978769069001254e-02
3.642830168350916220e-02
-5.605502977592824454e-02
-3.463778737619422898e-01
-4.029506787503286946e-01
-4.808286783190107716e-01
-1.197409722289042994e-01
-1.032442114018596035e-01
-3.428885600834211678e-01
1.921848802917754118e-01
-2.367455375166693521e-01
4.983513552472024905e-02
-2.225792292588916199e-01
-6.453349838097374724e-02
-2.063523609720698676e-02
-2.248521681635708425e-01
-2.656105012680426425e-01
6.951896158849886487e-02
1.672759304527639823e-01
-4.889750584587082560e-02
9.865550998973995900e-02
1.096169121685262177e-01
5.965148861052630425e-01
-1.673953926519174129e-01
2.533295947538379833e-01
-1.968351763593189918e-01
-9.662810697392645864e-02
4.742240884859437455e-02
2.545851488952807079e-02
1.882622600368963894e-01
2.126947947021069485e-01
2.653565978822527427e-01
2.974594783143688081e-01
4.330881393479359409e-01
1.624347265338037249e-01
6.284206193606575730e-02
1.412459173939665524e-01
1.732949711626718403e-01
5.914308978939150085e-01
1.837011047307346989e-01
1.364560458761656103e-01
-2.147095172142438058e-01
-7.071476406930496394e-03
1.480143965769850287e-02
-3.827684482345897754e-01
-6.837005982377249158e-02
7.892260885363323875e-02
1.620777500045516573e-01
8.125644823156483176e-02
-7.410091468045240104e-01
-8.340385062475781652e-02
2.579956141851827423e-01
1.621841257886136589e-01
-4.954549008703177937e-01
1.708167958698143252e-01
2.331912753850879927e-01
-2.956006988101081423e-01
1.317717816243073048e-01
-1.873565788776415664e-01
-8.083085897991451607e-02
2.390852387131052192e-01
3.275150635973488322e-01
1.710273501277491393e-01
-8.131856682431101713e-02
2.394988340033398222e-01
1.170950607206242416e-01
2.565149737835856203e-01
-2.151618048283751305e-01
-2.413702031991830574e-02
-3.712756996783569963e-01
-4.836431753565554464e-02
1.946305843913488653e-01
-3.917131161185776755e-01
-6.459431431314270611e-03
1.065028341720587225e-02
1.009185694452172100e-01
1.293952154261844012e-01
-2.846459556805437940e-01
-4.004149177718070995e-01
-4.991584711943063829e-02
2.456256411119562277e-01
2.993193698210544484e-01
5.300583012279929118e-01
-1.506468857576261366e-01
-3.351901118063519980e-01
2.012749597573732785e-01
4.599828209919140098e-01
8.129852359395352279e-02
2.335816895017107375e-01
3.334366893707506052e-01
9.189101573838193149e-02
1.706019316918723494e-01
-5.295555445870240296e-01
8.745977189356589354e-02
1.655034903359685339e-01
1.140093876725003508e-01
1.551236905815985556e-01
1.162227777897464343e-01
6.812626364508451993e-02
1.808990975264940793e-01
-7.024086496226181198e-02
-5.015754498335870393e-01
1.821372357619620297e-01
2.328541737674616752e-01
-7.706812370204716225e-03
-9.961557832918210842e-02
3.329686586095325085e-01
-1.659581361888984585e-01
6.839955160613050977e-02
2.727572438988888348e-01
-4.658596145584842918e-01
4.558287580669866113e-02
-2.563741870982189086e-01
-3.165638431688314602e-01
1.180560496570631224e-01
3.255125819100648105e-02
-9.396141637399606228e-02
1.549185103136188277e-02
-1.635442494938314228e-01
2.473136528275953205e-01
-4.194931170266467668e-01
-1.967440409375908750e-01
-5.412829537902705962e-02
-6.951916311405101356e-02
-9.958567847573927476e-03
-3.336383548299233226e-01
5.319436414059177665e-01
4.307091820043009583e-02
-6.463354203264837228e-02
1.408821626677239369e-01
-1.255573519822203721e-01
5.007055573831555861e-01
-2.424232739526951674e-01
-4.415810943189502624e-01
-1.845773199629710815e-01
-9.019374291248506703e-02
3.270801839959995849e-01
2.176103315480373834e-01
4.949087470658585231e-01
-1.775330541080039626e-01
-1.817232484436705486e-01
-1.017645780571365122e-01
1.939829775620431629e-01
-1.689236514525663813e-01
3.915030732555450227e-02
2.168990512511730518e-03
-1.665591957588545280e-01
7.426099194809511646e-03
-8.113179997878106064e-02
1.157402567188233616e-01
1.902375996644905531e-01
3.780600018468324719e-02
-3.677373665680935821e-01
2.484580661366663987e-02
-1.716991212502061437e-01
-1.126924772297731164e-01
-5.793766228095327542e-02
4.001069716177861890e-01
2.540793234084623431e-01
6.347582866342783847e-02
4.435463753675815690e-01
-2.937650076299017088e-01
9.505020386502739671e-02
-3.902041331770889077e-02
2.128823273286597484e-01
2.562420771812479528e-02
9.119068234183048960e-02
-2.624937327864720893e-01
3.363822472725047086e-01
-2.074702543062192373e-01
3.581847992833933070e-01
-3.692268192861279663e-02
6.170598991978457938e-03
-1.307767074918352035e-02
2.377432662397960597e-02
-3.037456901001999721e-01
-1.873973305469448791e-01
2.877082418818735152e-02
9.386175583224858066e-02
1.167640960720648935e-01
-3.597488697551161629e-01
-9.633158173235481514e-02
-3.225510819092840958e-02
1.373021646041979078e-02
1.459223487662310303e-01
4.068641382154798425e-01
-9.868509323031887659e-02
2.594432933286990872e-01
1.105271814465526720e-01
7.340791228074101948e-02
-1.266599016988939272e-02
2.156886943115563782e-01
-4.577753231301657372e-02
1.340442756767572796e-01
-2.814225381989340913e-01
2.421475110626740146e-01
-3.143072256434313871e-01
-2.433147765963890596e-01
1.417557457794638986e-01
-1.726789326789194001e-01
2.861277660982112364e-02
-9.068433786687329912e-02
-1.439694218268148251e-01
1.560135820617256086e-01
-1.653354061985860546e-01
1.644618045229679915e-01
7.627540261683009304e-02
5.577242846951207568e-03
-3.949444934805496077e-02
1.947229071022843760e-01
-1.468353686525456989e-02
2.755538651287751106e-01
-4.733288759927539724e-01
9.032999391973731140e-02
-9.920753649250628470e-02
-5.562990223651768096e-01
-2.185659287400126272e-01
-9.678595802037812373e-04
2.326887721371444576e-02
-1.534458612736726291e-01
1.081551831004018416e-01
-1.664099024965671469e-01
-9.166738598493306966e-02
5.858616112995359421e-02
2.740426080480988791e-01
-1.251432587666003737e-01
2.840365606340770066e-01
-5.557649001795428312e-01
2.149690934996632830e-01
1.882951347721411595e-01
-3.153146876376625163e-02
-5.752250822990072343e-02
-2.179203059235575723e-01
1.634273600693430251e-01
2.157370534605057306e-03
-1.345717744379184080e-02
1.821996810571825942e-01
3.465179332458493966e-01
1.508702369511041308e-01
2.860891659456184510e-01
7.826686528388242248e-02
-1.957279344241958097e-01
1.113514521298212840e-03
2.722458154994614743e-01
3.650830979692484823e-02
-2.517657820499882848e-02
3.739430615446843187e-01
-1.654188982785043949e-01
5.093185151440839803e-02
-1.839186053369916418e-01
1.911604560060951030e-01
-1.887616190606803135e-01
3.413746829958811957e-01
-4.062834437648567276e-02
-2.756207485871623453e-01
-1.281344864004939355e-01
-2.721725729459317789e-01
-4.184091371839147866e-02
-4.791630737716683353e-01
-2.609523237735469903e-02
2.489143138479194550e-01
-6.831241028258894232e-02
-1.071816806562566754e-01
-5.026886814145269389e-01
2.070738048349855531e-01
8.274876553360664688e-02
2.472065517197796769e-01
4.488467015257661119e-01
2.355005743263609286e-01
1.020555619062234881e-01
-4.137113476183987837e-01
4.234983212923484897e-01
-2.764085600784559338e-01
3.564331240075239993e-02
4.398627107849497619e-01
8.213086164329462535e-02
7.482725816616929426e-03
1.396266998167868846e-02
1.585141839186549745e-02
-3.941514964474939625e-02
-1.521166155149253907e-01
1.632282006769413332e-02
-3.245554968985930877e-01
1.312663905951947096e-01
-1.675278792713965070e-01
-2.510147640304554728e-01
-3.777679212032946515e-02
3.747336079230779299e-02
1.070921177158159210e-01
-3.546407675626920830e-01
2.873356395830081039e-03
-1.152321060826960730e-01
5.722133831179264385e-02
-5.322650935726127436e-02
-2.168998378864929188e-01
7.389845355078603073e-02
1.896114629593848855e-01
-2.754031451744800782e-02
1.337764225491807624e-01
2.995448270999569451e-01
2.004872826473724778e-01
-2.888620487493959166e-02
4.869848787793983058e-02
-3.221380873425010866e-02
-2.166452891478257148e-01
-5.743344837081670179e-02
-3.031900593647284814e-01
3.141645399252737669e-01
-3.404031874183076067e-01
-1.033939012376931393e-01
-2.944065920634548750e-01
-1.640209735279714032e-01
-1.511163445365263681e-02
2.823168679816326528e-04
4.111827156112488751e-02
3.245707880806389389e-01
-3.661965139561420418e-02
-3.004466300997519213e-01
1.294802284027520359e-02
2.720844507170734339e-01
1.044192422712658663e-02
1.747222588377100594e-01
4.114384962941496082e-02
4.951990631381975733e-02
2.453033126319106583e-01
-2.130815445296194762e-03
-3.388964092482131540e-02
-4.004492312356421890e-01
-2.235241795579705204e-01
-1.606518042881112385e-01
-6.746216532998107474e-02
-2.791812974824315341e-01
-1.514442616560356947e-01
-2.480266743620443415e-01
2.027357903243345028e-01
-1.746510122697411405e-01
-1.389812389228765876e-01
-1.464796051331845317e-01
-1.796236869630431776e-01
-1.958021935949074421e-01
1.483273740746667846e-01
1.559072388002145093e-01
-1.858266117112398752e-01
2.312442452281659663e-02
-2.817789123535935913e-01
2.137610589858678634e-01
1.477857368274687888e-01
4.658360252982565730e-03
-7.819791062940353865e-02
-2.490233750649812061e-01
-3.138777591180520049e-02
2.798977876238033513e-01
-7.447654512938658294e-03
2.190907796777769728e-02
1.329264991045675179e-02
-9.094708453235371415e-02
-2.327194286787007405e-01
4.044129142235806940e-02
3.842167208897325770e-01
-5.582910258366319267e-01
5.568919493803637169e-04
-2.783594497376833954e-01
5.768971880275577252e-02
2.340036439377981559e-01
2.935818823045767134e-01
-1.544186503630083640e-01
7.204100250858325172e-02
-1.572175634645318620e-01
8.270151599021999256e-02
-1.336730883973397399e-01
1.433122549183669936e-02
4.185236607919345930e-02
1.410193115617914272e-01
-3.960722025147371261e-01
1.055763816320857695e-01
2.520434687259010768e-03
-1.763021671370354482e-01
7.438657698419325059e-02
-2.257537199173167419e-01
-1.297664719087699703e-01
2.262353520583539057e-01
2.115917583493989729e-01
8.690140218619860774e-03
-2.487579218827283903e-02
-1.556519619758718609e-02
-9.499695543886781113e-02
4.967819523407416282e-01
1.798837627157799934e-01
5.184776061664125857e-02
-3.705448577568122848e-01
-5.778471970328042939e-01
2.168194732694943283e-01
-1.570961938496697255e-02
3.764754605177890734e-01
1.844170017028101682e-01
-1.348529461908261513e-02
-3.292048259001308375e-01
-3.546865066545810130e-01
4.791874417835139538e-02
1.396726558523714856e-01
1.748426130982071169e-01
6.823490317503112974e-03
3.713512284187351908e-01
-3.132070337403569660e-01
2.013582260214965003e-01
-1.148758363706309654e-01
1.138625104981975111e-01
9.478264134314613731e-02
7.179876945189725412e-02
2.315627848896183172e-01
-1.631632852813962031e-01
4.459822560823744064e-01
4.953953914400741065e-01
9.289690849048100330e-02
1.835954179231281957e-01
1.939511807612203098e-01
-2.389271144794231638e-01
1.278065557063270130e-01
-4.405745121972180489e-01
5.987534472599469193e-02
-4.219253614128815055e-01
-9.711290582723572373e-02
-1.290809753818574768e-01
3.186868610831067872e-01
-3.652555033645742411e-01
-6.900916088027278517e-02
-4.881878124378797312e-01
3.133534126652874896e-01
3.081161442274051310e-01
7.234434140500592414e-02
1.798863389845562488e-01
2.080880813682637054e-01
-1.243819779667043046e-01
-5.984986296563019753e-02
-1.144236177592843594e-02
-6.270658682382908300e-02
2.139556396221018730e-01
2.753459791625404440e-01
-1.988700531943420058e-01
-2.512261568669837963e-01
2.791387956427598405e-01
-1.441717288574054789e-01
1.236541231499306559e-01
1.449162062306735138e-02
-3.642522181006947052e-02
3.514767214816401086e-01
8.939567641686765832e-04
-1.984199303322606023e-01
-2.188266752982591101e-01
2.975872920156241719e-01
-1.121778681867264676e-01
-1.906740243319424988e-01
-2.069508916359494577e-01
-5.362752020137479675e-02
-2.022771635890842079e-01
7.273735976852653551e-02
3.874958092026792311e-02
1.858275753199020164e-01
8.163667639239861884e-02
3.377142194222039207e-01
-2.081268766203736575e-01
3.278636585456886632e-01
4.702577779301766459e-01
-8.361853595582990906e-02
-3.291415649169882052e-01
-1.886532561745045133e-01
-2.826401757507939760e-01
9.779899433494002037e-02
-2.820034536179824025e-01
8.992984841814089664e-03
4.866328701440355564e-01
9.871054098060921822e-02
-3.259230325800755446e-01
3.293832846496503319e-01
-1.598711266601258452e-01
-1.380707747041311495e-01
1.530805710908933470e-01
-6.569889844393075884e-02
2.146741765829832463e-02
-3.404007002716114005e-01
-1.923005128259256402e-01
5.627646051164323371e-01
-1.601257718737942037e-01
-5.078356628444804510e-01
1.791873800918246662e-01
1.560390792404658111e-01
1.011832884291412465e-01
-5.751173497101699783e-02
1.744039192953437678e-01
-2.375690501063926208e-01
-6.029733840499574421e-02
-2.496188273602024388e-01
1.858573582460031626e-01
-1.755085144783769535e-01
8.966601975026027016e-02
2.650740920864467220e-01
-3.162145685590758148e-01
-3.130469252896305732e-01
3.504952784854809544e-01
-9.438512798163888051e-02
3.706636368725986508e-02
-2.105025570581477712e-01
-1.356163575342328453e-02
2.469815950180601072e-02
1.263475702179295557e-01
2.129036705344318492e-01
-1.008474980978164293e-01
-2.661381464441486822e-01
-4.889748129234043617e-02
1.850687141630628640e-01
1.965880473774305193e-01
3.139119900718662093e-02
2.063931513790057126e-01
-1.462049345859397220e-01
7.500887349882956467e-02
2.471223351884278552e-01
-1.196613517861951914e-01
1.158730053888323702e-01
2.873205275119732893e-01
-2.118039606424766963e-01
-3.487284874525486966e-01
9.075990024917832133e-02
2.487740989337867692e-01
2.758849592909629663e-03
-4.678848047428055268e-01
-1.605683296901420087e-01
2.148160210921618019e-01
1.719550450256719654e-01
-8.328332749521996647e-02
-1.342580418147748256e-01
2.334659613536380074e-02
3.271579918143450172e-01
-4.245630461169564440e-01
-1.939363850168703829e-01
-2.846570519434856762e-03
-6.946167862789683067e-02
-1.435072423833668176e-01
-1.101671869360193456e-01
3.700309695563995804e-01
2.905795123017543835e-01
1.792548049716606931e-02
-2.354429093500842729e-01
5.229760876124353586e-02
9.274232107636904907e-03
2.892236512019829009e-01
8.777372558946094569e-03
-4.093116947410155304e-01
4.063369425738751484e-01
1.157746478810343510e-01
-1.023645046644754836e-01
-2.588124339479473957e-01
-2.311299995539734808e-01
-1.979329317712790470e-01
-1.618938637740754416e-01
3.123384439208510832e-01
-1.960207379998837873e-01
2.577904249758578570e-01
-2.625475433072000375e-01
-1.544335315900215166e-01
-2.721879559768549672e-01
1.776857049997205840e-01
3.128549482851040835e-03
6.247498977932256642e-02
1.779250813041380608e-01
-2.241095513891406543e-01
4.464083922252066738e-01
8.789745436526393008e-02
-1.674782398758445645e-01
8.197057291885921637e-02
-2.607731828490766901e-01
-5.774909496359913186e-03
-2.643961731084831443e-02
2.242069773018389167e-01
-1.130503715838007406e-01
1.170509489474501619e-01
-5.535625085557369096e-02
1.015346452249439591e-01
-7.145911608676666638e-02
4.344575017830968333e-01
1.564446344806475764e-01
1.976366911886803246e-01
1.239424595355884534e-01
-3.668025329840474136e-01
3.992269573349170320e-01
1.732562183501024644e-01
5.793651219907573063e-02
9.209533753505509679e-02
2.766145663735901025e-02
-7.244097242799907299e-02
2.083469151997582869e-01
1.181370487971228067e-01
-2.054275878085594365e-01
9.807738244205058131e-02
-1.826638711630783896e-01
-1.203914490873524284e-01
2.301749930950467704e-01
6.938033125728264305e-02
-8.121337220584305683e-02
-2.942915740542961789e-02
-5.421357509787459728e-02
1.387231108980043759e-01
-4.930064879787644794e-02
4.282588958471378882e-01
-4.273671927131460213e-02
4.911445766786759481e-02
-3.581937065585879404e-02
4.981049135593214605e-01
1.702127274558362657e-02
6.583725399833657843e-02
-1.850105948609600259e-01
8.139231043909826713e-02
-3.905281289155838609e-01
-3.699306056018062949e-01
9.180612401878499029e-02
-1.605000924297333709e-01
-2.433700716051282464e-01
1.193901149579307541e-01
8.055094904304840875e-02
5.391580530294232121e-01
-2.178695424009396142e-01
4.288868548717122975e-02
2.740063163334396229e-02
-1.553980803659683885e-01
2.418096832609399061e-01
-5.202377986437567436e-01
7.120505777420180205e-02
-1.991764790900497073e-01
-2.173347455374181544e-02
2.667054346923876107e-01
-2.066699083802715498e-01
-6.541454292980200362e-03
2.217781913293985219e-01
2.536815142278973090e-01
5.399140412372543246e-02
-1.443767190163577907e-01
-6.916069096421866014e-02
-5.316030735655610101e-02
-2.181612614926416172e-01
1.411662798140335684e-01
-1.766053629547606474e-01
2.446237403585155984e-02
-2.509300114756661815e-01
-9.803447927137241835e-02
-4.246189818483712963e-02
8.995410128052636761e-03
1.349808683257424646e-01
1.990826001254896241e-02
-2.252973174369699572e-01
-2.052983662794899689e-01
1.985718438199869651e-01
1.409136946968998598e-02
1.437219262722571472e-02
-1.951322661370481493e-01
3.128731369736532236e-02
-1.367454664424640753e-01
-1.818174748953985953e-01
4.933135721615706376e-02
4.867727579773008517e-01
3.104902279136856347e-01
7.801322549668775197e-02
4.632811171382407167e-01
-4.758764273868655581e-02
-2.969048591708288720e-01
5.109915180178131039e-02
-4.134279237652507821e-01
5.947950009370081004e-01
5.900260936724582156e-02
2.245854771096169045e-01
-9.934712886818311550e-02
3.357755231166163479e-01
1.370959488885380995e-01
-6.920044418924402307e-02
1.585984070961006798e-01
4.001762365319663228e-01
5.581259009852360814e-02
2.762795005472390431e-01
-1.061777889854575857e-01
1.785301830914662879e-01
-1.587167418033467448e-01
2.848929732482223254e-01
-9.770702810669587915e-03
3.589787839050157577e-03
5.055421726548520178e-02
1.851094367954194686e-01
8.676591049287031565e-02
3.528758473205089730e-01
4.490474834999878123e-02
-9.417726900555770109e-02
-1.054617065660826414e-01
-5.154133365628684738e-01
2.897763981019833499e-02
7.763961039286075040e-03
1.027311359645649291e-01
-2.651773482390214487e-01
1.156426632353832334e-01
-1.967907542646291918e-01
-1.567426361713215310e-01
1.294147795468889306e-01
-1.431163052119554246e-01
9.272328471700844177e-02
4.946878212338950975e-02
-3.305312372467846815e-01
-4.460533464385300906e-02
5.763196096791087936e-02
-4.226385919080448139e-01
-9.520144055970321262e-02
3.549333307683246730e-01
-9.058741972531582365e-02
-1.168178069830720506e-01
-8.020598611500080743e-02
-8.392114900982558523e-02
-2.685667031525277304e-01
2.080061662520496513e-01
4.205869761770447690e-02
8.457505740921462956e-02
2.992511195388437573e-01
2.058096776822525564e-01
2.667029659125377122e-02
-2.301177399003302426e-01
3.837791029131192716e-02
4.755847274554771964e-01
2.386365372789796269e-02
-3.134076063833668348e-03
8.211892689010025226e-02
8.101805833562332124e-03
1.681575954425292285e-01
2.897744914557840445e-01
2.037822693645098826e-01
5.765056193400345391e-02
2.108956062689814615e-01
4.293419915087700461e-02
-1.298376544052106396e-01
1.336830029147840493e-01
-1.448271351413865926e-01
-1.184566751952770419e-01
-3.366430563847254698e-01
9.438023352989495518e-02
-4.738379614905216530e-02
-2.198648120421518304e-01
-1.277216487740290111e-02
-2.903183356416705885e-01
1.215688523479293258e-02
4.594780713982130754e-02
2.017885889554165146e-01
1.487676402234679451e-01
-2.501881898014614997e-02
5.432967079064758564e-03
5.892415872035479119e-01
4.356352467216951796e-01
4.154739893845904586e-01
-6.888743666662122678e-02
2.775406902266789322e-01
1.031894177674269331e-01
3.357920602908248120e-01
1.687867295795939526e-01
3.212261479510887807e-01
-1.271549458774098029e-01
4.278859293707661382e-01
2.740222742737934425e-01
2.090382422761821457e-01
5.207323256705406744e-03
2.798016084760521216e-01
-1.274915617484648767e-01
-3.470767779685940968e-01
7.489333867955215440e-02
4.437461049449506305e-03
2.311498154994265364e-02
-2.367436948540555530e-01
3.712095642181124644e-01
1.785843081652390904e-02
-2.739869153105376279e-02
-1.081612276110449911e-01
-7.658871546417037740e-03
1.510012665966333489e-01
2.871899477124580380e-01
-2.071307263333241611e-01
-6.620522759079412387e-03
3.403732426554771373e-01
-1.508919336699097308e-02
2.041912564242616759e-02
8.063477240739151675e-02
-1.030060571348692493e-02
-2.597444952640042271e-01
-1.268266961727874675e-01
-8.847257597222374370e-02
1.302174461998044097e-01
-9.803260835005167539e-02
-1.377055553004326860e-01
-9.189883165206201576e-02
3.486567810932893197e-02
-1.394906498197482636e-01
-4.922672222814790388e-02
2.152116604974522729e-01
3.257942464314430436e-02
-8.256720077844466321e-02
4.176235195462187910e-01
-1.505975294951826249e-01
-3.693939959312964039e-02
7.828560947074353349e-02
1.306506206138304260e-01
-1.851969695452975184e-01
-4.095183524607852177e-01
-1.313798407223835951e-01
1.342074637767529631e-02
-1.531611075573322822e-01
1.446581962624585160e-01
2.354354829959031878e-02
8.810945332836980781e-02
-8.249461117386092113e-02
1.611512318542181743e-01
-1.443708964491582369e-01
8.215521495889725745e-02
-4.345493870456845764e-02
-1.158499057958330275e-01
2.363316246984497812e-02
2.122755529226118959e-02
4.387781669033241072e-01
3.886151934819730425e-01
-1.524680073234144229e-01
-1.295223945736132254e-01
-9.549931477865963858e-02
-7.141265876753972314e-03
5.075863842652805075e-02
5.712253396666057137e-01
-1.052367414057831935e-01
-1.445141404244198180e-01
-3.023211872795229793e-04
-2.043741167298093742e-01
-9.303285008226096567e-03
1.552955701894754847e-01
-8.894877725146410619e-02
-1.838687053988178888e-01
6.398848421582981061e-02
-1.114022134465028763e-01
1.725269031777836373e-02
7.576827655014013729e-02
-1.241481001778719229e-01
-1.500630638746548451e-01
-2.787974998662378148e-02
4.029836077525974364e-02
2.155815301788814031e-01
1.515581817641090678e-01
2.393265544178465459e-02
2.760956978093331293e-01
2.830599999216725227e-01
-1.260781553924495979e-01
4.630312891869395320e-02
2.897741757602354321e-02
-3.069958554560635322e-02
-4.371995608689685509e-01
-4.245183058948341359e-01
-1.693718993843048859e-01
-2.463469294653401198e-01
-3.021274551737834768e-01
6.320058444279555432e-02
2.077643815658057058e-01
-1.961157097130465932e-01
2.278522104153034300e-01
1.715981547360903026e-01
-1.201705524546087950e-01
-2.157713548298295647e-01
-4.722668581994641374e-02
7.618801272787692480e-02
-2.644233951561481555e-01
-2.711017201155263914e-02
-2.910066376116015596e-01
-1.724516033065384424e-01
-1.887783562223379064e-01
2.569545978306066458e-01
1.039412275153634019e-01
-7.491979703376241972e-02
2.270068697106478461e-01
-1.167581501357873031e-01
-6.729984919490000772e-02
7.823406505261200350e-02
-1.080092004310691384e-01
-7.155016487300525085e-02
2.852297389138257477e-01
-3.373744709140295006e-01
-2.690160511657735745e-02
-3.024540977609915249e-01
-3.969661440046022838e-01
-2.672060703922380931e-01
5.000442111877725221e-02
-1.231399843358297747e-01
1.702767932857419675e-01
-5.225855521973200579e-01
2.544608848306930196e-03
1.882971112744427356e-01
-1.722604581153863723e-01
-2.736263820398761593e-01
2.012493063943869287e-01
-3.339733729198337553e-01
-4.844275984781473005e-02
4.004847808478614185e-02
1.944127174531047886e-01
2.121364255259453602e-01
-1.889213808143704598e-01
-2.306357835018703895e-01
-4.959244300607330846e-02
4.213143365318214317e-02
1.074352842046706474e-01
-4.148368356092197590e-02
1.961560199090035816e-01
-5.630354945072598566e-02
-1.789724122713270971e-01
-2.049341778146514803e-01
5.528827374595484540e-02
3.416828650636243858e-01
2.849077216559903758e-01
3.653912665759301986e-02
2.348329927468306433e-01
-2.650772955232876260e-01
-1.842930173242256497e-01
-2.749929895337829278e-01
1.099351423871549882e-01
-1.838811153317506941e-01
-4.433512549032183059e-01
8.526785324272331823e-02
2.348910843741487953e-01
1.007309509319468943e-01
3.173445904409248897e-01
6.455666741834707734e-02
-2.412217491692100757e-01
1.811827646688553839e-01
1.357139853327792023e-01
1.904887475629184201e-01
-6.520243972101590069e-02
-4.451444523599070585e-02
3.860026920737096301e-01
2.615467892898521440e-01
1.274472618317507577e-01
-1.742394396258183931e-01
-1.979568413616036582e-01
8.261743994361415988e-02
-2.285166421472287213e-01
-1.498785767735975605e-01
-4.430601305502608611e-02
-2.506206774981136198e-01
-2.505009248450943415e-01
1.111617969237528453e-01
-4.920828679663841188e-03
1.264093722338089920e-01
2.449528095597731658e-01
9.279874049842923300e-02
1.689870011316782217e-01
-3.820321279740124254e-01
1.521775725818288738e-01
-1.652044032833987763e-01
1.284153788669348956e-02
1.440071309638950303e-02
-1.320522653833260639e-02
1.669113173450714194e-01
6.115168977550121399e-02
2.467411305504576824e-01
2.235430395148630678e-01
-1.279964381272828688e-01
3.017552749887177921e-01
-3.041027578353889815e-01
-8.906289986420430627e-02
9.995196648967423492e-02
-1.436188866257380459e-01
2.339271250398895774e-02
-8.512559447134607216e-02
-4.078252374268152569e-01
2.364747911674782571e-02
-3.821916040434402140e-01
-2.641404331633422919e-01
-2.514159391414448885e-01
3.862764248153679331e-02
1.284719686667845084e-01
-1.188638649614629089e-01
-5.848724914095335820e-02
2.860974110824412650e-02
-2.874360774353949127e-02
2.612079708696836144e-01
-4.403199240093788602e-01
9.320044276428707253e-02
3.143210507621755911e-01
8.973323332036092781e-02
-2.864014611816897982e-01
4.087108696212577580e-02
-3.780478646342904092e-01
1.641500715592273951e-01
1.864652552207442596e-02
1.311611761737413728e-01
-4.302751145282998624e-01
2.947629486152416045e-01
8.400833573772692464e-02
5.438286084084711924e-02
-2.982075365986331938e-01
1.532334604353055851e-01
1.824823694242961800e-02
5.354818384552436639e-01
-2.373963293579688660e-01
-3.886336913297165352e-01
-1.094532252200141123e-02
-1.524785405904073299e-01
3.152598141372121021e-01
-1.131502291985001657e-01
-1.592624965218620015e-01
-1.887124846149357271e-01
2.037758465101370542e-01
2.976749571744436995e-01
1.350079371809730922e-01
-9.321821489014843476e-02
1.595650905871854042e-01
1.632727327630989211e-01
-5.671747333825311044e-01
-1.619604861098858720e-02
-2.180888809130181460e-01
-1.249203668358458003e-01
1.136096873243725991e-01
2.182054512546235669e-01
-1.757484814128125183e-01
-1.586315825086198339e-01
-3.472454991359180676e-02
-3.168901000512365229e-01
-2.978144375681271439e-01
-6.866821296420341780e-02
-1.532977521533002707e-01
-9.581490529170916259e-02
2.665793498040652798e-01
8.875034839512295493e-02
-1.332000461949545307e-02
7.673935637675476096e-02
-1.914950622536949476e-01
4.730880816000990752e-01
-3.385305696815352899e-02
9.358035267126917078e-02
-9.576959827224937327e-02
-2.543093210828150652e-01
6.971031182775880297e-02
7.738284696048894351e-02
-3.496180071739527495e-01
8.903602407336355662e-02
1.599932902992654005e-02
2.846755268880809403e-02
1.633266298307035347e-01
-1.351394846001247874e-01
-7.137827130603303927e-02
-2.112701983300245001e-01
9.747955496904381345e-02
-2.412768386868115733e-01
5.425358547167161843e-02
-3.943683315269137513e-01
-3.339973659098408043e-01
-4.295883869163490826e-02
-2.492954232807323700e-01
-1.703396660250637851e-01
1.118257415986399078e-01
2.905654356559144724e-01
6.115898548684545188e-02
1.697103548358083469e-01
4.416452774816637117e-01
-2.258025645043905683e-01
2.427206012478548280e-01
-3.472475610834638293e-01
-3.653452347310277015e-01
3.026250969810391767e-01
-1.009110399403945618e-01
3.784904254361814296e-02
-1.915340766723214738e-01
5.058406017561958151e-02
4.833614417682071673e-01
-8.931595191658107946e-02
5.263806506787149092e-02
-9.665941745231404481e-02
-1.181775347531970749e-01
8.507868078191789529e-02
1.695519426249871564e-01
1.353596668338164222e-01
1.321614246580230800e-01
1.037072856245515873e-01
-3.270190478253831023e-01
2.332728616495049478e-01
1.247430494093791364e-01
-1.019979981998186125e-01
5.554682796852173504e-02
-2.456888070809022107e-01
-3.747722059687345064e-01
1.947253821533664886e-01
-2.246883343428602298e-01
-9.005371061958902801e-02
-1.119607177676653492e-01
3.488388106958632134e-02
9.459106044423061521e-02
-6.280045774943937564e-01
-1.123032747691523475e-01
-4.705005628337743245e-02
-2.823762409437315796e-02
-8.902753391405038297e-02
2.102879277422789739e-01
-1.881114414903370391e-01
-1.165721992420237427e-02
2.514086694741587968e-02
-1.459227258604975375e-01
-2.338332348071166522e-01
-3.422963090071487469e-01
-2.131153790756341593e-01
2.144389595193641751e-01
4.827845378984708252e-02
1.157631181428072364e-01
-1.862284422890017332e-01
8.629581755193743708e-02
-5.185739739482210509e-02
2.358184755052440407e-01
-2.584831412303202347e-01
-1.109359150367136004e-01
-2.047461950567477373e-01
6.824936331301234560e-02
1.279478932302391125e-01
3.382553989806413169e-02
-5.684522410319596541e-02
3.625631941269913949e-01
-1.202225507938655680e-01
-1.481155470451586964e-01
2.140027731963482782e-01
-3.917456498601768478e-01
2.618185415865891263e-01
3.500269475854345114e-02
-5.042844022781905328e-02
-2.671869178916434495e-01
4.397544070952732476e-01
2.977422148579806915e-01
1.182143433108941155e-01
2.519934819668033787e-01
3.171957377807128609e-01
2.308963938570832986e-01
2.156951302834300005e-02
1.307963185175287923e-01
-3.469410077853192775e-01
2.818329333140472473e-02
-3.425297212791014179e-01
-4.562150360095686835e-02
-2.710071712436009084e-01
-2.817559214420632951e-01
-2.718602636658359883e-01
-2.127699319500642172e-01
-2.272568705781648768e-01
1.301556766245284269e-01
2.591737441371736450e-01
1.151938272332782009e-01
-6.622259688346884832e-02
-6.671071445771029236e-03
-1.393336904543487353e-01
9.756557115511425848e-02
1.137555697830862356e-01
8.243797706236478950e-02
-4.231535577785557889e-01
1.266361731184063172e-02
-4.582724233446083817e-01
-2.897018697396504527e-01
-6.401580297340655479e-01
4.157085608197373661e-02
-6.271833513539820659e-02
1.286705892696394793e-01
-7.178149343026471452e-02
-1.611610118462141264e-02
1.351630562718894868e-01
-2.474787088539579794e-01
-2.839094511173837487e-01
2.412460350097911030e-02
-7.931880515694866851e-02
-4.194981400919534087e-03
-4.627002032389828518e-02
5.299861644494816698e-02
1.118938043928636439e-01
3.314067234789328138e-03
-2.371041847287101156e-01
4.694468395409961969e-01
-2.044729651092506290e-02
1.278710787030547802e-01
-3.816350260889857932e-02
-3.221195438298753988e-01
-2.304658287424109497e-01
4.114519991217834849e-01
-3.077442489968826300e-02
-3.134400331582485877e-01
6.226972008642635975e-02
-4.356024545077471360e-02
1.458393652460641121e-01
-1.757101073222726018e-01
-5.159457182261029118e-02
-1.446116132908231017e-02
4.266063610233660763e-01
2.555557808250419338e-01
-2.884949963558169905e-01
-8.111095634604699109e-03
-2.201745726873234332e-01
-9.194681438443748356e-02
1.483570793059158233e-01
-9.445416446633529695e-02
6.344079926173707036e-03
3.417386320311553427e-01
3.454993335320234032e-02
4.728118507851736957e-02
-4.145431174770709826e-02
1.913352411691095767e-01
1.575212796575574115e-01
-2.211126223715699779e-01
-1.075712834013713565e-01
9.160325315375437982e-02
-3.141987296378556116e-01
-3.056781948253455700e-02
7.940283147017142273e-02
2.169888682895906584e-01
-2.607413005452212038e-02
-1.678436348741306205e-01
9.385524808075630665e-02
1.086748893869797228e-01
1.030245791293650792e-01
-1.075800754242091234e-01
-4.374349403646863449e-02
1.013074610690622157e-01
-2.052859849402179360e-01
-1.238594471121106655e-01
3.486803051266317843e-01
1.920240933202467179e-02
-2.392424101673763792e-02
4.866956652068404193e-02
-2.627667068411898010e-01
3.207345678909565567e-01
1.509001357778737840e-01
4.320753589535042960e-01
9.187994095392518212e-02
3.295107658817981733e-01
-1.377124186500625243e-02
3.304792250938016207e-01
-9.952413257074499420e-02
-3.888161610493623965e-01
2.766503805179354632e-03
2.250713601533252395e-01
4.522298006678585058e-02
2.543526383328684193e-01
-1.489660514052921769e-01
-1.876975306025527035e-01
2.039175925070764728e-01
1.091638763547907870e-01
2.398377249714526982e-01
-1.056198974074617492e-01
9.198650508840632012e-02
-2.185545833032633833e-01
-2.171453566809121716e-01
8.566765940672564639e-02
-6.851292324536749356e-02
1.949868602707372223e-01
-2.157886412246935171e-01
-5.324529902650226854e-01
-6.386852041738085017e-02
3.445818119920629474e-01
-3.448463228663696534e-02
1.810207327986427250e-01
-1.566583283902652779e-01
1.178752681664300972e-01
-3.227015530647881630e-02
9.230465996915250548e-02
1.960351761294700304e-02
-2.832410090988761175e-01
1.819456298085503354e-01
1.964022678018817192e-01
-1.130625429459365949e-01
1.485796236202222564e-01
-5.368720300894929548e-02
-1.265376639204967291e-01
-3.977328422377058269e-03
-5.767954563407368118e-01
2.160990593692591610e-01
2.112261429889338571e-01
1.302342083837655096e-01
-6.588862032746355124e-02
1.421846742545091191e-01
-1.875942688451796569e-01
-5.088068389410033837e-02
-1.845850756683544425e-01
2.393756609090729459e-01
-3.316023233901204681e-01
2.123020655380531974e-01
3.846246986415493563e-01
-4.854626216255293093e-03
3.819062011730469663e-01
-2.864195682503190565e-01
-7.986691448674089477e-02
-8.400339616936633447e-02
-9.705314887018715031e-02
-6.700508279087467878e-02
2.822367937206934907e-01
-3.804070218488184163e-01
-1.028153289392166533e-02
-1.227781414054234799e-01
9.154876526138340520e-02
4.092758033985006288e-02
-2.447648809307232387e-01
4.490280142516109990e-02
-2.627233405085647733e-01
-3.133301339256964746e-01
-1.175477093770401632e-02
-4.485131222704168419e-01
-2.891386567602027280e-01
-4.476628602533173629e-01
-6.289679370205548958e-02
-1.265116326755387835e-02
2.842057788565992005e-01
-4.947485539380625519e-01
2.943731174712796994e-01
-2.392448202915167799e-02
-2.852746522037216126e-01
2.836046543584446189e-01
4.672754817850935383e-02
-1.025886094213942640e-01
5.938979474193746277e-01
1.483925073822559837e-01
6.607825283624683965e-02
-4.528294369060625324e-01
-1.258468981598027669e-01
4.281944933894317462e-02
3.408425521993894702e-01
-2.182534111001639965e-01
2.541189960221043945e-02
-1.814236427447746824e-01
3.873667695223007718e-02
5.385954634069584079e-01
1.807145012855801980e-01
1.003443414244217652e-01
-1.280104033319282852e-01
-1.266624750767879060e-01
2.316917062629476332e-01
-5.410142949391744116e-01
-2.363880293980665792e-01
-1.656763663698881672e-01
-3.416529787129941043e-01
2.122013247551565451e-01
2.832208938934680648e-02
1.293565722066901402e-01
8.711093828930760452e-02
-2.445215588293989800e-02
-1.187047795518672011e-01
-1.214814798022171016e-01
-5.912065218441256986e-01
1.226891839412748153e-01
3.117078739319877889e-01
-7.029943636075025593e-02
2.887948556302390446e-01
2.239526489731975822e-02
1.643806450105201808e-02
-7.418614041554257021e-02
1.013552344918404735e-01
3.269936968083140411e-02
-2.023358620189670276e-01
-2.844183624567203084e-01
6.876581043483882827e-02
4.149272119762905109e-01
-2.564962550884046788e-01
-4.110147310559515016e-02
6.682277038986210449e-03
2.519299681671379743e-01
-1.133962236982893057e-01
1.596151232982027934e-01
-3.060928390115336684e-01
-1.867745152948359633e-01
1.518478654841107500e-01
3.081065687924099961e-01
1.309521640382896313e-01
1.801563228391144245e-01
1.612084947509940802e-01
-9.854971948886556699e-02
-2.224167216127059463e-02
1.523377079193215800e-01
-3.745665747965281484e-02
-1.573669261155613841e-01
-4.397843549954655318e-01
2.094613208938922999e-01
2.666204323057267400e-01
-2.603496590632664032e-01
-1.234191213521093483e-01
2.218124981500675663e-02
8.368905642477468543e-02
3.291488342866572547e-01
2.684409441881632774e-01
4.543060419368801228e-01
-4.262704737277651229e-03
4.360178904935993471e-02
-1.744311184742316223e-01
2.659409630187054563e-01
-3.206252547950336762e-01
3.569205271401656443e-01
3.786498985680732399e-01
-4.838653053257087056e-01
1.284356918400078318e-01
3.694501265141466456e-02
-4.668720553937494855e-01
-1.233531946374582106e-01
9.014699109730280350e-04
1.129003690807602392e-02
-1.342620289846890302e-01
1.299637635924246748e-01
4.453401052363033519e-01
1.113082555030074638e-01
2.250072588613920982e-02
-1.531728611788182870e-02
-4.770939885034260197e-02
1.398769019177338035e-01
-1.083101692437364594e-01
1.578106571865990904e-01
1.842967566586978523e-01
-1.332320847825447518e-01
-2.875621253091224516e-01
2.790645224170607008e-01
-2.878451758605847788e-01
-6.522223901190390277e-03
-8.024509655135554642e-02
-6.823083890286028852e-02
-1.652950393895761313e-03
-1.236825563966638675e-01
9.548374665468168515e-03
2.322102287451836278e-01
2.402128881191634147e-01
1.896615144399376729e-01
1.619757242683090570e-01
5.541429709347378552e-01
-1.376829082398596804e-01
-8.244250142084069699e-02
-3.852291446595544899e-01
-1.631259279183821728e-02
2.212815160498786959e-01
-2.520720787170213639e-01
-1.613361851658140500e-01
-2.120863225565499943e-01
5.985346982338479727e-01
-2.954822818054982370e-01
3.478121610975689615e-01
-1.106609520996420654e-01
-1.968954802694023176e-01
-4.187680084190240765e-02
3.338362368805264935e-01
9.444301908321564576e-02
2.502392394521269492e-01
1.942758827504577068e-01
-3.854475971484720431e-01
3.706610068015903092e-02
-1.246711011246821738e-01
-1.384686694294783582e-01
-5.531299774703972716e-01
-2.239206567342320042e-01
-8.705364153877277744e-02
2.164066705341965713e-01
2.668038793862641533e-01
-3.676399131804418130e-01
1.796842911957569899e-01
8.066105585841430725e-02
-4.862308175161760698e-02
2.573010164965576219e-01
-7.470788983602433264e-02
1.127554659271226140e-01
1.348681267688186247e-01
1.669094068581901957e-01
-4.087700156163178722e-01
1.520556711908581660e-01
1.778980176636665578e-01
-6.920642842904703787e-03
1.949994498534670384e-01
5.882745830667819587e-02
-3.044794732455902153e-01
8.095668802819087906e-02
-1.630226038903886399e-01
2.334782047344651293e-02
2.266736957332459723e-01
-7.412639913747696985e-02
-1.055567051230091452e-01
3.949281979055451197e-01
-1.738369642748516797e-01
-1.086570447592411920e-01
-4.388856904257807390e-01
1.159092896400030770e-01
2.628228407242244602e-01
9.641444652322593567e-02
4.264214678124378377e-02
6.565369680244585726e-02
1.749484680065755138e-01
-1.011784668296873413e-01
3.391708672845655803e-01
-3.952751127053723279e-02
-1.291505690339552759e-01
5.942535803871963618e-02
1.657485986766029096e-01
4.454402730483128514e-02
-1.292289066763879779e-01
-1.609246747940192290e-01
4.721818485839961999e-01
1.798702651865901336e-01
7.835837984264822087e-02
2.121423208303359342e-02
1.041155540200530520e-02
8.293921582572253565e-03
-1.266723853416761580e-01
-4.537636297060683617e-03
1.810015348966718396e-01
-1.028183532624188656e-01
-6.544075416212023766e-02
2.213967155798587105e-01
-1.718645120129572434e-01
4.393257054803546141e-02
2.295931450865160983e-01
3.307071607134274838e-01
-8.879571630947245831e-02
1.604093127801099194e-01
-2.166509444744936508e-01
1.328359531171816599e-01
-2.015373682552781542e-01
-6.201785687728650527e-03
-4.203005467078320123e-01
-1.323748657032012277e-01
-1.643635153043597197e-01
1.268745164462280473e-01
-1.057753669148085440e-01
-5.052852255312507285e-03
2.269856626339901429e-01
-1.591685060549150599e-01
6.695148210913010045e-02
-3.375068455041458915e-01
-1.333022640566924322e-01
-8.945698082234920800e-02
5.621658396953609776e-02
-2.319551311428582063e-01
-9.373582396197328078e-04
-3.753870890798814003e-02
-3.762731186637279235e-01
2.022245297457091195e-01
-8.342898093473444243e-02
-6.348263186174010753e-02
-2.394648393040989254e-01
-1.632881302125053780e-01
1.264605512559457967e-02
-1.576828644895698212e-03
-1.439559068828571986e-02
-5.024868487483470370e-01
-3.284989754792240202e-01
-4.718570167510489910e-02
-1.722890704560347055e-02
-3.081932983673357218e-01
-8.847243543108569697e-03
3.035347472817939152e-01
3.205795846874313904e-02
-6.319608677036839262e-02
2.453417534375607889e-01
-3.229978345472340195e-01
-2.541073172532232749e-01
-9.605656286950824130e-02
4.781338767230264852e-01
-1.652133488916514015e-01
2.120158334264058905e-02
-1.702687790269677426e-01
-2.122165288776242109e-01
5.373948948359306976e-02
-4.041253906331081502e-01
-1.569365683304586034e-01
-3.960337797733655407e-02
5.585866505376419627e-03
4.047729148335207916e-01
-5.859060142173954516e-02
1.518649979788407323e-01
-6.305494001192064879e-02
3.577167300336779876e-01
-3.035487067201745326e-01
3.663324229716457547e-01
-1.640294334730441062e-01
5.953375349103676856e-02
-2.222355010693818356e-01
2.442615247323986216e-01
-1.175909019884155554e-01
1.203708684567586784e-01
9.951307406683965184e-02
-5.828616110848507115e-02
-3.118981973796521867e-01
-3.510064823217571295e-01
-1.623447202461096861e-01
-1.543703902348730062e-01
1.215787032206240431e-01
-1.624215627168286435e-02
-2.186506805960135025e-01
2.143363653218461895e-01
-2.002734129900070326e-01
-1.194758618211244489e-01
-1.750958032423873545e-01
-4.000158130095037706e-02
6.187812208900077791e-04
4.600557017550210848e-01
1.017779212289340041e-01
1.092862411283083285e-01
5.429381588459295527e-01
3.826613195467005180e-01
-1.196339641982169938e-01
1.328422928917364354e-01
-1.068825973559602432e-01
1.084032786214028515e-01
3.475570663758742462e-01
-9.495084346234836103e-02
-2.589478331663014332e-02
-1.519243881394320705e-01
-1.333130278958285508e-01
3.644516501836963518e-01
-6.932939725039577797e-04
-1.401590677305656653e-02
-5.930011239086240699e-02
-2.609499020432924296e-02
4.792931357706570195e-01
-1.146878527856578199e-02
2.542348161803056339e-01
7.199188100409352475e-02
3.683320366244012267e-01
1.655392969216731847e-02
5.951465298532584297e-02
-4.598276842907342982e-02
1.185803138602629231e-01
3.918723523026326760e-02
-5.280341224616879048e-01
-1.025671191852989966e-01
-5.891414306690428981e-02
-5.943264575918234122e-02
-7.259261259148304390e-02
-2.195432660525988844e-01
3.423965294523105829e-01
-1.893958652961776901e-01
-1.719981583938583192e-01
2.113316565623963791e-02
2.080541205981793762e-02
-3.387281792560291327e-02
-1.267931091299980273e-01
2.170861652265935471e-01
1.434236931877394261e-01
-5.933213002917901019e-02
-5.370678550507852062e-02
-4.186650855917769393e-02
2.194812608187801106e-01
-4.210053812670215279e-01
2.060682582900885684e-01
1.069898888898523637e-01
-7.979584064021180353e-03
-1.612811815252043202e-01
-3.389719399543466016e-01
2.301583432325148837e-01
9.285358631972187582e-02
-1.808240087571437726e-01
-1.188381606731656603e-01
-4.155808964021094620e-02
-2.110270389743561237e-01
2.468985175100477103e-02
-4.616856347442208075e-01
-2.574244830672370310e-01
3.482087516105713543e-01
-8.170074751883127373e-02
1.527114970926771349e-02
5.496530250791331618e-03
1.233569785776527511e-01
1.154276623488338649e-01
-1.004776150475799879e-01
5.971553309660811160e-02
-5.767629724598636320e-01
-2.148035981075561707e-01
1.402326319287442724e-01
3.202663061916602993e-01
3.097390453637405838e-01
2.252822092155326306e-01
-8.038088327194609084e-02
-2.632713396718207588e-01
-1.460764753188501311e-02
3.442799097178430578e-01
-1.177628355588906939e-01
-6.887736378194575688e-03
-1.667082547822068828e-01
3.955125341397560113e-01
-2.894626540308050180e-02
8.770764497463764964e-02
1.514491982774788525e-01
3.603977577796130816e-01
-2.153092866545764927e-01
1.549158181389342359e-01
-2.557295582423840252e-01
-4.375853443552624733e-01
-4.120251853466097014e-01
-8.342714879279779228e-02
-3.537762416606943239e-01
-2.225672481782161316e-01
2.270281074162766310e-01
-2.720388289366728052e-01
6.369642234705671924e-02
-1.651096982631522769e-01
7.040391394618397691e-02
-2.593919553466273592e-02
-2.677523523897114566e-01
4.006333274362187669e-01
9.744924981998025204e-02
-1.105975417620624346e-01
-5.485836576292751204e-02
1.478054744333036526e-03
2.382210459283623516e-01
3.990387895737505797e-02
4.343284170816055223e-01
-1.937917420855820860e-01
-2.237872860048943646e-01
1.340087740414385442e-01
-2.485098858517056086e-01
1.411370083051892710e-01
2.695501320589213101e-01
-4.550337994341092651e-01
-8.365217451663556347e-02
-4.028631183192025317e-02
2.146747342440358253e-01
2.157201331624810647e-01
-4.002620408767303406e-01
-6.138984054141507357e-02
-3.178137831952151382e-01
-2.200153059068361144e-03
-3.106462941814603362e-01
-1.003867389449201591e-01
-5.344664322810336460e-02
1.793026906104227061e-02
-8.265731934700243366e-02
-3.081458737304389461e-01
-1.320268797789783122e-01
-2.022899280425596857e-01
-4.563317796668544396e-02
8.059539423100223199e-02
2.015932586127247572e-01
1.152697647251985230e-01
-2.525751254167649118e-01
1.580787323648352727e-01
-2.279514336766706450e-01
2.709810642569187578e-01
1.203961215032808701e-01
-3.718419516928246349e-01
4.756447873870402708e-03
5.081542151958021863e-02
4.780064117891996006e-02
-3.327338600211212499e-02
2.400531473755813106e-01
2.796105714626221372e-01
-3.225162059027960604e-01
-1.454372294582979286e-01
6.352519773165826722e-02
-1.396635092293577740e-01
5.488807262641066075e-03
2.497183504547664246e-01
-2.325827559524362709e-01
7.877221424666390470e-02
-3.692797404238336578e-01
1.255926759652556679e-01
-1.409692319060947552e-01
2.150451361010893153e-02
2.266525747595508553e-02
1.584230818818580244e-01
1.659828299163142451e-01
1.668020990458943253e-02
-3.058170527878072420e-01
-1.828660555330723636e-01
-1.874415286737076691e-01
1.508612683838514955e-02
4.268520632958093530e-02
-1.768308952571374243e-02
4.467100099466002339e-02
3.536382531726700584e-01
-1.656854473259930863e-02
-9.760245168092519796e-02
1.718292747628621664e-01
8.882331249112146096e-03
-2.518388374663628748e-01
1.314843012520358068e-01
-3.931752547954077415e-02
-3.920561694426165089e-01
-1.485441769666477341e-01
1.520528151501817360e-01
-7.104578637948441577e-02
-9.293136918485864206e-03
-9.491274697085071155e-02
-6.219558938996892078e-02
5.181150544519418782e-02
3.260275891131808601e-01
2.083180133892312269e-01
-2.699278239672199264e-01
9.850785715424667521e-02
2.758027988025284483e-01
2.526680244317957014e-01
1.621546021809240901e-01
6.332279112675197330e-02
4.720046953873571205e-01
4.557916605001038901e-01
-7.290380118511209911e-04
2.671472884040128060e-01
3.920884601262117908e-01
3.057122177960163167e-01
-1.936531099187822347e-01
3.785626031588193441e-01
-8.890348476993975568e-02
5.088043119713694939e-02
8.339279461997660403e-03
-2.761728778658393280e-01
2.723121597437187513e-01
1.263396286354694087e-01
1.529855266252354851e-01
-4.005141383032604363e-01
-2.600210995817884285e-01
2.494077703741177099e-01
-4.448205356753899276e-01
6.803161251940884058e-02
-4.423595206873115471e-01
-3.027477004229912616e-01
2.112577130288727789e-01
-1.304357816927857738e-01
-3.867098559124330093e-01
3.619906107652664379e-02
1.116456417723094181e-02
1.246981263449507132e-01
-9.653477459993473064e-02
4.515795632472046489e-03
2.022301522057603218e-01
2.618189505759508928e-01
6.840722969730493597e-02
-1.080310043755946942e-01
4.130002671038230933e-01
3.774780538143314712e-01
2.583469463382786352e-02
6.049588666358237526e-02
-2.500080430742350826e-02
3.897884366401304090e-01
-3.303812301617130992e-02
3.371438567195672587e-01
1.289188505534593632e-01
1.364851167914008651e-02
8.481454593138025577e-02
2.948042491377904639e-01
-3.030085810511396263e-02
-1.050217276502745517e-01
-1.311854065402582592e-01
-1.839957634120171770e-01
2.980815700277649749e-01
-1.553124865821182699e-01
-2.748583445823136739e-01
1.379939200580267977e-01
-2.730435796868234122e-01
1.819012177582102485e-01
-8.527896723473642193e-02
2.535453680223016537e-01
-1.394972234529097965e-01
6.577432784114545239e-02
1.372401968382796489e-01
1.231466183393488262e-01
3.759945870328908896e-02
-2.402505459905690810e-01
2.135406572424262267e-02
5.862956096133551398e-01
2.459761729682741482e-01
1.899349124874904760e-01
-1.376842434209816501e-01
-3.541481210196492646e-02
7.048787201861492213e-02
2.391832643675252390e-01
3.463263762778023835e-01
1.346272381804465845e-01
