-1.000000000000000000e+00
-1.762492805864667167e-01
1.000000000000000000e+00
-2.858640160421453968e-01
7.609120431162352816e-05
1.000000000000000000e+00
6.594351540401397482e-01
1.000000000000000000e+00
-4.245899167600786228e-01
9.575698546130428923e-02
-5.510542863521783463e-01
1.000000000000000000e+00
8.624073416913073942e-01
-1.000000000000000000e+00
-1.000000000000000000e+00
-6.152114762027760531e-01
-1.000000000000000000e+00
1.000000000000000000e+00
-1.000000000000000000e+00
-1.000000000000000000e+00
4.903137005901475609e-01
-9.459956564136444701e-01
-7.602364014024850514e-01
-5.138322527606227208e-01
-4.853194110960612484e-01
1.954635735205114688e-01
9.965553285718035115e-01
-1.000000000000000000e+00
-1.230577822243374975e-01
1.000000000000000000e+00
-1.000000000000000000e+00
4.759150691297938107e-01
-1.000000000000000000e+00
-1.000000000000000000e+00
1.000000000000000000e+00
1.000000000000000000e+00
1.000000000000000000e+00
-6.499991286933498591e-01
-1.070176655678508060e-01
-2.519361538497721376e-01
5.670573106474401381e-01
1.000000000000000000e+00
-1.000000000000000000e+00
8.448233181575000028e-01
-1.000000000000000000e+00
2.919132737338042682e-01
-5.263444175705318528e-01
-3.824647830742750054e-01
-6.941826158220869569e-01
1.000000000000000000e+00
6.092337810860020131e-01
1.000000000000000000e+00
-8.540124782056293107e-01
2.959573983292821953e-01
1.034619694671483625e-01
-1.000000000000000000e+00
1.000000000000000000e+00
-7.322329357732776378e-01
1.000000000000000000e+00
2.802040188430701129e-01
-5.119791425756391456e-01
9.492982282216008150e-01
2.859064660285102755e-01
-1.000000000000000000e+00
1.000000000000000000e+00
3.843274432242052563e-01
3.054137093619180288e-03
1.000000000000000000e+00
-4.186864879633118708e-01
1.000000000000000000e+00
2.498492458838555974e-01
8.822083365276989220e-02
-5.766119802491620483e-01
-1.000000000000000000e+00
-4.235890381739414456e-01
1.000000000000000000e+00
1.000000000000000000e+00
8.526765881412604609e-01
1.260438719705216926e-01
-6.981654799151300050e-01
4.630592738371522299e-02
-1.000000000000000000e+00
8.601223292330463233e-01
8.231731738775576179e-01
7.577184206059104365e-01
-1.090827503995497327e-01
-7.184983791660508601e-01
-1.000000000000000000e+00
-1.000000000000000000e+00
2.919965849610170472e-01
1.101563650228262192e-01
-1.000000000000000000e+00
-3.753774384995620106e-01
-1.000000000000000000e+00
4.414399836958985968e-01
-4.313452552961862252e-01
-4.551812130811002111e-01
-4.149031989918555707e-01
-1.000000000000000000e+00
-1.000000000000000000e+00
-8.606493330701059374e-01
-1.000000000000000000e+00
-8.594037782899961453e-01
-6.743208912778975161e-02
-1.000000000000000000e+00
1.000000000000000000e+00
5.217930254747755736e-01
6.482645239858526587e-01
8.144984195306569363e-01
-5.075045657025860635e-01
3.520808156299579661e-01
-1.000000000000000000e+00
4.227312519777131072e-01
-1.000000000000000000e+00
-4.700555998181774608e-01
-1.000000000000000000e+00
-1.000000000000000000e+00
1.000000000000000000e+00
5.206254418353960522e-01
5.106144899784658131e-01
1.000000000000000000e+00
-1.000000000000000000e+00
-1.000000000000000000e+00
-1.000000000000000000e+00
8.423924087925038773e-01
1.000000000000000000e+00
-1.000000000000000000e+00
1.000000000000000000e+00
7.577708407773424693e-01
-1.000000000000000000e+00
-1.000000000000000000e+00
-1.000000000000000000e+00
1.970689124964488947e-01
1.000000000000000000e+00
1.000000000000000000e+00
1.000000000000000000e+00
-8.175804715067301887e-01
1.000000000000000000e+00
-9.391636733112765922e-01
4.098848094931062391e-02
4.792182131168101766e-01
1.000000000000000000e+00
5.944582545920089611e-01
2.429858165212618326e-01
1.000000000000000000e+00
1.000000000000000000e+00
1.000000000000000000e+00
1.000000000000000000e+00
1.000000000000000000e+00
-1.000000000000000000e+00
-1.000000000000000000e+00
-8.428542913108273416e-01
1.240746856284404842e-01
7.136645907345973150e-03
2.971620031807031825e-02
-1.000000000000000000e+00
8.868703651379364894e-01
-1.000000000000000000e+00
-1.000000000000000000e+00
3.593845022766914976e-01
8.271679294699368912e-01
-1.000000000000000000e+00
1.000000000000000000e+00
1.000000000000000000e+00
-6.191900567879098372e-01
-1.000000000000000000e+00
3.285408746564552618e-01
-3.603967044797237174e-01
9.544445674060980656e-01
6.168350352674158987e-01
3.750157701125952370e-01
-1.000000000000000000e+00
3.130821933987586458e-01
-1.000000000000000000e+00
4.052582385838015000e-01
-1.000000000000000000e+00
-1.000000000000000000e+00
9.536424458102569224e-01
3.371458951736265863e-01
-8.293072111849877359e-01
-1.724926787273395323e-01
7.294900194353078904e-01
8.769744279408797638e-01
-1.000000000000000000e+00
1.000000000000000000e+00
-1.000000000000000000e+00
1.000000000000000000e+00
8.239594372183258741e-01
1.000000000000000000e+00
-3.759252789773716574e-01
2.181473106126733119e-01
-1.000000000000000000e+00
-2.935598579983010881e-01
-9.891250801598627795e-01
1.000000000000000000e+00
1.000000000000000000e+00
-1.000000000000000000e+00
-5.523540133182529566e-01
-6.136119654006193525e-01
3.909288558490474075e-01
-1.103180480413807896e-01
-8.450043083115339471e-01
1.000000000000000000e+00
2.125791417624072199e-01
7.728764559609413443e-02
5.983783665338970881e-01
8.422077357285715493e-01
1.000000000000000000e+00
3.852243382925768511e-01
3.644758536855093323e-01
-8.043437722217827712e-01
1.000000000000000000e+00
-1.000000000000000000e+00
-5.220323587162185586e-01
2.515471289038390124e-01
-7.424606926743956281e-01
1.000000000000000000e+00
8.821108678426676786e-01
-1.000000000000000000e+00
9.409664730319882153e-01
9.912321679549730424e-01
-1.000000000000000000e+00
2.536896745265815323e-02
-1.000000000000000000e+00
9.013562950613884794e-01
-1.000000000000000000e+00
4.060046969371637338e-01
-1.152671574906838359e-03
-1.000000000000000000e+00
8.758381819055844897e-01
-5.899297664302172173e-02
-4.824172185182993289e-01
-4.866895058617588532e-01
2.361412161253856890e-01
1.000000000000000000e+00
-1.000000000000000000e+00
-3.252303531966005412e-01
-8.080486275915468308e-01
-1.000000000000000000e+00
6.685899942003604712e-01
1.000000000000000000e+00
-1.000000000000000000e+00
-7.440383212088846898e-02
7.272878129849645878e-01
1.000000000000000000e+00
1.000000000000000000e+00
1.000000000000000000e+00
-3.207567767058289721e-01
-1.000000000000000000e+00
3.683742202705408975e-02
1.000000000000000000e+00
-7.314126787843243660e-01
-3.228076929954417640e-01
-5.833950421201389291e-01
-3.884555660802020971e-01
-6.226104855992729004e-01
6.232864401998094994e-02
-4.202848643921466842e-03
1.000000000000000000e+00
-2.926437448383619744e-01
1.000000000000000000e+00
8.518102055579329646e-01
-5.138671520679543026e-01
-1.000000000000000000e+00
-1.000000000000000000e+00
-1.000000000000000000e+00
-1.000000000000000000e+00
8.700515783307249951e-02
1.000000000000000000e+00
-8.449879041720659290e-01
1.000000000000000000e+00
-1.000000000000000000e+00
-3.099361417887778747e-01
1.000000000000000000e+00
-1.900663368969323086e-01
-1.000000000000000000e+00
-1.000000000000000000e+00
1.000000000000000000e+00
1.000000000000000000e+00
1.000000000000000000e+00
1.000000000000000000e+00
-6.908486891571368194e-01
1.000000000000000000e+00
-6.246367244855612899e-01
1.000000000000000000e+00
-1.000000000000000000e+00
-1.000000000000000000e+00
8.177975842262568129e-01
-1.154612770947838069e-01
1.000000000000000000e+00
-4.476161693593384561e-01
-1.000000000000000000e+00
7.319355639342296493e-01
2.110754559848437295e-01
-6.028127229038796608e-01
5.908527161778358572e-01
1.000000000000000000e+00
8.965921898274448187e-01
-3.366603239955152649e-01
-9.627067738231464000e-01
1.552622412342929969e-01
4.372004363409875971e-01
-1.000000000000000000e+00
-7.289621622870454676e-01
1.000000000000000000e+00
5.745624701280955815e-01
4.488195682653494667e-01
-1.000000000000000000e+00
3.808759105815406332e-01
-8.045434715362482780e-01
-1.000000000000000000e+00
1.762497613903946936e-01
-1.000000000000000000e+00
-1.666224469021839738e-01
-9.048704818569215380e-01
-1.000000000000000000e+00
1.000000000000000000e+00
-1.000000000000000000e+00
1.000000000000000000e+00
4.372466994488071190e-01
-1.000000000000000000e+00
-1.000000000000000000e+00
-7.764459335502260640e-01
-6.838592616577450212e-01
1.000000000000000000e+00
-3.907021819698882070e-01
1.000000000000000000e+00
-2.122272011773042033e-01
-6.037062151640266716e-01
-1.000000000000000000e+00
-1.000000000000000000e+00
-5.881064246537599516e-01
-4.915413408961822883e-01
-5.103913304700713471e-01
-1.000000000000000000e+00
1.935695014504363320e-01
-1.000000000000000000e+00
-4.048146043150506745e-01
-1.000000000000000000e+00
3.081966896126792088e-01
1.000000000000000000e+00
1.242810968635551516e-01
8.295710645578596720e-02
-6.695143065948168104e-01
-1.164158960701848072e-01
-3.975257927477373054e-01
2.511255925646751486e-01
-5.144104365893269470e-01
8.631500916183328931e-01
4.591156127636298878e-01
-5.277185658508418697e-01
-1.816422204950784991e-02
1.000000000000000000e+00
-1.000000000000000000e+00
-1.000000000000000000e+00
-1.000000000000000000e+00
-9.506291052343012193e-01
-9.685167179457677689e-01
-1.000000000000000000e+00
-9.816795412886417660e-01
-6.852951198441423752e-01
1.000000000000000000e+00
1.000000000000000000e+00
7.412942401882558485e-01
1.000000000000000000e+00
1.000000000000000000e+00
-6.955600227752745113e-02
-1.000000000000000000e+00
9.815943042080076397e-01
1.000000000000000000e+00
1.410632508447995370e-01
1.000000000000000000e+00
3.194564177802308724e-01
7.589575719894200434e-01
1.642323168391971455e-01
1.327375818688493192e-01
-7.731811070754472937e-01
9.371343776335216980e-01
1.000000000000000000e+00
-1.000000000000000000e+00
-1.000000000000000000e+00
1.856178122181306733e-02
-3.240576661402384540e-01
3.814296513449715320e-01
-2.181736759504816214e-01
-2.302745226252916888e-01
5.168968472801346303e-01
-7.943092377072744625e-01
6.644580200408347626e-01
-3.221694688604561652e-01
1.000000000000000000e+00
8.675371608541633250e-01
-8.640959766757223548e-01
1.000000000000000000e+00
6.038264356013842704e-01
-1.000000000000000000e+00
1.000000000000000000e+00
7.538258836700872934e-01
-5.914284752013638791e-01
8.829803714426237571e-01
1.000000000000000000e+00
-1.000000000000000000e+00
-2.267427173086674075e-01
-1.000000000000000000e+00
6.359066598970677386e-01
-1.000000000000000000e+00
-1.000000000000000000e+00
-8.193565183751159164e-01
1.000000000000000000e+00
-6.149398095788348728e-01
-1.000000000000000000e+00
4.727111863464490416e-01
2.399089299119332441e-01
-8.094041343099656061e-01
5.045429997402952615e-01
-5.589980820301920783e-02
1.000000000000000000e+00
-5.788024449091635493e-01
-7.249537598389419468e-01
2.717538126573215695e-03
6.312398138972405981e-01
-1.387898212443280377e-01
-8.337621733062045015e-01
-2.403541448051138563e-01
-8.645133344891279270e-01
-1.000000000000000000e+00
-4.805950702121956630e-01
2.202899270519737551e-01
-3.887948897151051186e-01
-2.719973597171344570e-01
9.307280869625538244e-01
-1.000000000000000000e+00
1.000000000000000000e+00
9.975393685247705422e-01
1.000000000000000000e+00
1.000000000000000000e+00
2.926112280630067120e-01
3.564560986509202056e-02
-1.000000000000000000e+00
-5.940796536944840112e-01
1.000000000000000000e+00
-2.079183578298120505e-01
-1.000000000000000000e+00
1.000000000000000000e+00
1.000000000000000000e+00
1.000000000000000000e+00
6.493371989172533887e-01
1.000000000000000000e+00
-2.116737309830825087e-01
6.152299344953808813e-01
5.839252556991727516e-01
3.325538310348165050e-01
7.991013504190702665e-01
-5.848322373546438468e-01
-1.000000000000000000e+00
-1.380530151984973308e-01
6.523004600423587540e-01
-1.000000000000000000e+00
-3.058524944466827211e-01
2.218202584465167604e-02
-4.287818038034847401e-01
5.511068009869837248e-01
1.000000000000000000e+00
-1.000000000000000000e+00
-6.639667080096562923e-01
1.000000000000000000e+00
1.000000000000000000e+00
-9.227962836569340022e-01
-5.964538240228836052e-01
5.432027964416275001e-02
-7.117982354581688931e-01
5.989572091058498193e-01
-1.017697891505419117e-01
-4.956125171080202896e-01
-3.967511510914054629e-01
-8.487330623518754003e-01
1.000000000000000000e+00
-1.000000000000000000e+00
6.489265645533337512e-01
-1.000000000000000000e+00
-7.958347442970101770e-01
-3.298408309644706993e-01
-1.000000000000000000e+00
3.560132822215722470e-02
5.482918064453361495e-01
-9.605320605173686133e-01
-5.173713699135076283e-01
-6.056417807730276603e-01
1.000000000000000000e+00
1.000000000000000000e+00
1.000000000000000000e+00
1.000000000000000000e+00
-1.000000000000000000e+00
1.000000000000000000e+00
-1.779708844296634673e-02
4.367401076385408754e-01
8.609138520075640955e-01
-1.000000000000000000e+00
7.987690943079950312e-01
1.000000000000000000e+00
9.924704519284785476e-02
-8.223744569662450044e-01
1.000000000000000000e+00
-7.667421009854020753e-01
4.061061988593314132e-01
2.461756319298654128e-01
-7.893673199310939914e-01
-2.507707806999938116e-01
-4.690885495061729582e-01
2.091364305536885237e-01
1.757467936936869812e-01
-2.919250241782183064e-01
7.949525194003281836e-01
8.512840838646509312e-01
-1.000000000000000000e+00
7.403379778430362324e-01
-8.522544168193095793e-01
-1.000000000000000000e+00
-2.848697444779655363e-01
1.000000000000000000e+00
9.972093324415598481e-01
9.192900498163133483e-01
-9.289779060996814497e-01
2.339563201703411810e-01
-7.266346957049760746e-01
4.689215615476974852e-01
-6.453072622285682680e-01
2.196222665190763479e-01
1.000000000000000000e+00
-1.800523183347060574e-01
2.408481333021859350e-01
-1.000000000000000000e+00
-1.322567419362227215e-01
6.804357249657742024e-01
1.000000000000000000e+00
-1.000000000000000000e+00
1.000000000000000000e+00
-1.000000000000000000e+00
-3.965690728722467417e-01
-1.000000000000000000e+00
-1.000000000000000000e+00
8.760565188422688720e-01
3.033307236384972239e-01
-1.215568561794070912e-01
5.050207042379750710e-02
-3.501506464170646704e-01
1.000000000000000000e+00
1.000000000000000000e+00
-4.579790577944283791e-01
-1.000000000000000000e+00
7.458203156119336263e-03
1.000000000000000000e+00
1.208463531008973080e-01
7.865376124339269470e-01
-1.045083447056577852e-01
1.000000000000000000e+00
1.842017648647492067e-01
1.000000000000000000e+00
-7.176739042735680307e-01
-5.400585137939541980e-01
-5.079237740331883355e-01
-1.000000000000000000e+00
-7.650887465553721789e-01
-1.000000000000000000e+00
-7.199148414124846296e-01
-3.544918550326270346e-01
-7.645631703464195184e-01
-1.000000000000000000e+00
-1.000000000000000000e+00
7.497369190153567731e-01
-1.000000000000000000e+00
1.000000000000000000e+00
4.347369461856157025e-02
-1.000000000000000000e+00
-6.881873310216284345e-01
-6.110580519587138770e-01
-3.266633432001677106e-01
-3.895876701869954717e-02
-7.838543218401565760e-01
-6.985239075846791934e-01
-6.469267719020355134e-01
9.517092382730868438e-02
1.000000000000000000e+00
6.616033772817686565e-01
1.000000000000000000e+00
-1.000000000000000000e+00
1.000000000000000000e+00
-6.592874502220424926e-02
9.566537492171466317e-01
-9.356169007981427477e-01
-1.000000000000000000e+00
-7.450643959673206584e-01
-6.058254789931267759e-01
6.186176558320596319e-01
1.000000000000000000e+00
-5.527686017357987813e-01
8.366188416160459385e-01
1.000000000000000000e+00
6.314490006662780708e-01
3.907425590743642818e-01
-7.467066682358275420e-01
8.722254865401832813e-01
-1.000000000000000000e+00
-4.818803190827238847e-01
1.000000000000000000e+00
-1.000000000000000000e+00
1.102433086579595045e-01
1.234253014425455430e-01
-7.453381983087268292e-01
5.921014800874364603e-01
1.000000000000000000e+00
5.176875930446911411e-02
-1.000000000000000000e+00
4.098134676996134651e-02
-3.089661122785107850e-01
1.000000000000000000e+00
1.000000000000000000e+00
-1.000000000000000000e+00
9.854057471519481748e-01
-7.069135370725271317e-02
6.217992544551514955e-01
-1.000000000000000000e+00
1.000000000000000000e+00
1.000000000000000000e+00
1.000000000000000000e+00
6.735534240140511608e-01
1.000000000000000000e+00
1.000000000000000000e+00
-2.800988849105756628e-02
-1.000000000000000000e+00
1.000000000000000000e+00
1.000000000000000000e+00
-5.193852282153610389e-01
1.000000000000000000e+00
-1.000000000000000000e+00
-1.000000000000000000e+00
-1.000000000000000000e+00
-1.000000000000000000e+00
-1.000000000000000000e+00
1.242354219779006064e-01
-1.000000000000000000e+00
1.000000000000000000e+00
-8.395678848768350910e-01
9.591136307496370694e-01
-1.000000000000000000e+00
4.834229268740738439e-01
-1.000000000000000000e+00
-1.650529710431236641e-02
-1.000000000000000000e+00
-5.412430830701451256e-01
-1.000000000000000000e+00
1.000000000000000000e+00
-1.000000000000000000e+00
-1.000000000000000000e+00
1.000000000000000000e+00
2.078674512461049229e-01
-1.000000000000000000e+00
-3.560021343626512680e-01
6.735954835724351497e-01
5.038320347837266233e-02
1.000000000000000000e+00
1.000000000000000000e+00
1.000000000000000000e+00
-4.062946812329040203e-01
1.000000000000000000e+00
1.000000000000000000e+00
1.000000000000000000e+00
9.452802394079196091e-03
-9.364833337863696094e-01
-4.496089812682920739e-01
1.000000000000000000e+00
-6.989940177368708651e-01
-1.000000000000000000e+00
-1.995575321179264838e-01
-1.000000000000000000e+00
-1.000000000000000000e+00
-1.000000000000000000e+00
-6.682989677627133585e-01
1.000000000000000000e+00
1.000000000000000000e+00
9.901946899146619741e-01
1.000000000000000000e+00
1.000000000000000000e+00
-1.000000000000000000e+00
-1.000000000000000000e+00
-1.000000000000000000e+00
-5.826316189570805992e-01
-9.288333650853103363e-01
1.923901220218194597e-01
-1.000000000000000000e+00
3.253853319301708291e-01
7.770064732329771129e-01
1.354664599279886694e-02
1.000000000000000000e+00
5.867373497976181573e-01
-1.000000000000000000e+00
-1.000000000000000000e+00
9.045391841731962312e-01
1.000000000000000000e+00
2.895825046732785069e-01
1.149195301707802985e-01
-6.634711414443872357e-02
-1.000000000000000000e+00
-8.331763066350428293e-01
-6.961224415085958128e-01
-7.221796079970854709e-02
-9.914426538437655090e-01
8.950417415573521662e-01
1.490011849918774778e-01
8.096622565992219744e-01
-7.255454982666152963e-01
2.262013110045454356e-01
4.680964074359877936e-01
-1.000000000000000000e+00
1.000000000000000000e+00
1.000000000000000000e+00
-1.725761583124890697e-01
-1.000000000000000000e+00
-4.640175087892878247e-01
-1.000000000000000000e+00
1.000000000000000000e+00
1.000000000000000000e+00
-4.323728204287500265e-01
3.750852533913574816e-02
7.317893296392721236e-01
-1.000000000000000000e+00
1.748291082437921085e-01
-1.000000000000000000e+00
-6.544778220415379266e-01
-4.455461506045366171e-02
-8.557034552679970707e-01
-6.719902612424026866e-01
-5.650765740835252959e-01
-9.879116577688200618e-01
1.000000000000000000e+00
1.000000000000000000e+00
1.345941942986661477e-01
-4.943700334127296148e-01
-1.000000000000000000e+00
1.707505393585308506e-01
-8.086894383355618388e-01
-1.000000000000000000e+00
7.492493515981655250e-01
5.553980914058975760e-01
2.430320133697826401e-01
6.618677051545298617e-01
-1.000000000000000000e+00
1.222177634526994128e-01
7.730296855335160311e-01
-1.000000000000000000e+00
-4.953065949228740994e-01
-1.000000000000000000e+00
6.589952214157650534e-01
-8.729617622463279325e-01
-1.000000000000000000e+00
2.971535538262058962e-01
-1.000000000000000000e+00
2.829693225622874619e-01
-1.000000000000000000e+00
-1.000000000000000000e+00
-3.514084728982660999e-01
1.000000000000000000e+00
1.000000000000000000e+00
1.000000000000000000e+00
-1.000000000000000000e+00
1.000000000000000000e+00
-4.942964657399701034e-01
1.000000000000000000e+00
1.000000000000000000e+00
-1.000000000000000000e+00
1.000000000000000000e+00
2.935085893832671822e-01
-1.000000000000000000e+00
7.607599145568492982e-02
1.337454122111425558e-01
-1.000000000000000000e+00
-2.668741096062998697e-01
1.000000000000000000e+00
8.692583039334225159e-01
1.000000000000000000e+00
1.000000000000000000e+00
3.848695419992003153e-01
-1.000000000000000000e+00
-3.501051540447169264e-01
4.790753206434328337e-01
-1.000000000000000000e+00
-5.907478526011873399e-01
-5.174117532313107226e-01
2.233222926957856291e-02
1.000000000000000000e+00
-1.000000000000000000e+00
-7.502521834868023376e-01
5.303314183189455910e-01
1.000000000000000000e+00
-1.000000000000000000e+00
-1.000000000000000000e+00
1.314396156174921781e-01
-1.000000000000000000e+00
2.244874349985009065e-01
3.581210494027800006e-01
-5.375750211246034249e-01
-7.662972196412112247e-01
-7.657254002702952311e-01
-7.866649710817712471e-01
1.000000000000000000e+00
1.000000000000000000e+00
4.023592617211919631e-01
-1.000000000000000000e+00
1.000000000000000000e+00
-1.000000000000000000e+00
9.552781648524315550e-01
-1.000000000000000000e+00
-9.288344659879170795e-01
1.000000000000000000e+00
-1.000000000000000000e+00
-1.653300963675157220e-01
-1.000000000000000000e+00
1.000000000000000000e+00
5.963275690331935053e-01
-1.000000000000000000e+00
-3.407647371045865459e-01
6.953310653293647281e-01
-1.000000000000000000e+00
-1.000000000000000000e+00
5.620727952671611405e-01
2.164498367247114086e-01
-5.439220603695600342e-01
-5.961902314397946601e-01
4.680612290735190473e-01
4.274148421017232025e-01
-3.560153033977445647e-01
9.389431386335116425e-01
1.000000000000000000e+00
-6.549040956299673200e-01
-6.694827952910898938e-01
-1.000000000000000000e+00
1.000000000000000000e+00
3.914499423739588035e-01
-9.284103089800710418e-01
1.000000000000000000e+00
-4.400565515275511874e-01
-1.537607241554170834e-01
-2.472319775716536050e-01
-6.005280667778714054e-01
-1.000000000000000000e+00
-3.987805195969715832e-01
2.698208829802262176e-01
1.000000000000000000e+00
-9.340629983950675674e-01
-1.000000000000000000e+00
4.349772647473094667e-01
-1.000000000000000000e+00
-1.000000000000000000e+00
1.000000000000000000e+00
1.000000000000000000e+00
-2.471756645854897294e-01
-1.000000000000000000e+00
-6.984468452709667874e-01
-1.000000000000000000e+00
1.000000000000000000e+00
5.931309138983199558e-01
2.555375820102420148e-01
1.000000000000000000e+00
4.113235583106171767e-01
5.855387154920486115e-01
-1.000000000000000000e+00
-1.000000000000000000e+00
-4.785497576117331286e-02
1.000000000000000000e+00
8.814367126892778126e-01
-1.000000000000000000e+00
1.000000000000000000e+00
-4.845138795336543236e-01
5.529964974362124863e-01
-6.091179581982515412e-01
-3.115497200058163219e-01
9.812631952141221969e-01
-1.000000000000000000e+00
-5.476668886464075570e-01
-3.110672716350293410e-01
1.000000000000000000e+00
-1.000000000000000000e+00
2.269234852805007696e-01
1.000000000000000000e+00
-4.126831763939015074e-01
-1.000000000000000000e+00
3.450477291237340483e-01
1.000000000000000000e+00
-7.116672382297950517e-02
-7.151714928202945742e-01
1.000000000000000000e+00
1.000000000000000000e+00
6.199642356809653698e-02
3.257262986421977091e-01
-4.862438507055974468e-02
-3.609043014726185383e-01
5.602099959759876402e-01
1.181030439706816093e-01
-1.416323978755165691e-01
-8.352219746649407472e-01
7.310014383535003990e-01
-1.000000000000000000e+00
-9.867139034228185057e-01
1.297561686049529817e-01
4.519651060666843856e-01
2.764265146398668938e-01
-7.654645105853364884e-01
-9.419026560394176961e-01
-1.000000000000000000e+00
-4.005268934315497908e-01
4.562749711808093411e-01
1.000000000000000000e+00
5.363726894019686942e-01
8.517111182040779660e-01
-1.000000000000000000e+00
1.000000000000000000e+00
1.000000000000000000e+00
-1.000000000000000000e+00
-1.000000000000000000e+00
1.000000000000000000e+00
-8.323004606313344489e-01
-7.144177866358029094e-01
-1.820445733122292298e-01
3.155571129361197658e-01
1.000000000000000000e+00
-2.116179537286246859e-01
1.000000000000000000e+00
1.053320649103578477e-01
-4.138047820835396573e-01
-9.521116411266872248e-01
-1.342689054657795200e-01
-2.067150979246391573e-01
-1.000000000000000000e+00
-4.015888023336716128e-01
-7.287050363168680045e-01
5.533820717012178925e-01
-1.000000000000000000e+00
-1.000000000000000000e+00
1.000000000000000000e+00
2.697958175599436403e-01
1.000000000000000000e+00
1.000000000000000000e+00
-5.096792581849884929e-02
-1.000000000000000000e+00
-1.000000000000000000e+00
1.000000000000000000e+00
-1.000000000000000000e+00
-3.560038722448721771e-01
-1.000000000000000000e+00
-1.000000000000000000e+00
1.000000000000000000e+00
-4.178974912018660892e-01
6.734573973016030335e-01
-2.994162747504807154e-01
1.000000000000000000e+00
-5.243301107370210712e-01
-1.175894083993189732e-01
1.000000000000000000e+00
1.000000000000000000e+00
-5.098655334555965979e-01
1.000000000000000000e+00
-1.000000000000000000e+00
-1.000000000000000000e+00
1.000000000000000000e+00
2.106739322387984892e-02
-4.678598401085776182e-01
5.023432980777813306e-01
-1.000000000000000000e+00
9.802120864755647922e-01
-1.000000000000000000e+00
-1.000000000000000000e+00
9.382847158513685226e-01
-1.000000000000000000e+00
1.242302767282005282e-01
-1.000000000000000000e+00
1.000000000000000000e+00
-8.055629075128534211e-02
-6.019293815049587826e-01
8.636641999467636888e-01
-1.000000000000000000e+00
1.811535747723740375e-01
8.733467527161410393e-01
1.677927520944623163e-01
1.000000000000000000e+00
-2.228352901979801515e-01
-9.144188596095781385e-02
-1.000000000000000000e+00
1.448185406606277981e-01
1.000000000000000000e+00
1.000000000000000000e+00
2.648454075821797815e-01
-1.000000000000000000e+00
-1.314009554812112235e-02
-8.781359739555429922e-01
1.000000000000000000e+00
4.548450448846456107e-01
-1.000000000000000000e+00
-1.037430256334360701e-01
2.162694117187189957e-01
-1.000000000000000000e+00
1.000000000000000000e+00
2.893713788339482562e-01
-3.468126169903062994e-02
-1.000000000000000000e+00
5.391983263889317257e-01
-1.000000000000000000e+00
6.380151695764186837e-01
4.773836047382857828e-01
-4.065298862836874694e-01
5.849916941968417161e-01
1.000000000000000000e+00
-1.000000000000000000e+00
-1.000000000000000000e+00
4.862568681457437592e-01
6.145825164719902478e-01
-7.324244678749736170e-02
-1.000000000000000000e+00
-8.282395909824669111e-02
2.712931791578037100e-01
-1.000000000000000000e+00
1.000000000000000000e+00
-8.572181379553692748e-01
-5.604553866641226456e-01
5.212025566299716139e-02
5.422664927597131701e-02
-1.000000000000000000e+00
-9.698793131245653232e-01
5.983123073595065788e-01
5.423697089924690573e-01
1.000000000000000000e+00
7.124170736604931164e-01
-3.311984933324428337e-01
-1.000000000000000000e+00
9.675324207886549788e-01
-2.435689249161564485e-01
-1.753295505342803429e-01
-2.603206773749457414e-01
3.944171059936844026e-01
-7.476151149417540331e-01
2.189489919747448221e-01
1.000000000000000000e+00
-4.412826746170167014e-01
-1.000000000000000000e+00
4.957256512698428041e-01
6.352180927475856165e-02
5.034926026997164072e-01
4.183419133063330797e-01
-1.000000000000000000e+00
-5.135379488576375939e-01
1.012646248180144593e-01
2.901951120049682808e-01
-7.764344730402092942e-01
-2.564521436943629773e-01
3.832434894057928920e-02
1.000000000000000000e+00
5.929107258805087488e-01
1.994363026900525249e-01
-1.161323697255174925e-01
1.000000000000000000e+00
-1.000000000000000000e+00
-8.571791858918684781e-01
1.000000000000000000e+00
5.736417605902559558e-01
1.000000000000000000e+00
-1.000000000000000000e+00
-1.000000000000000000e+00
9.310462379941104594e-01
9.578454935748089705e-01
-6.023090507960551232e-01
-1.000000000000000000e+00
1.000000000000000000e+00
2.426865854946275158e-01
-1.000000000000000000e+00
-2.898669127348829089e-01
-2.916054584058539456e-01
-1.000000000000000000e+00
9.835083274785798579e-01
9.577116075545730745e-01
-1.000000000000000000e+00
-1.000000000000000000e+00
8.364750351904615133e-02
1.000000000000000000e+00
-1.571972019561741485e-01
-1.000000000000000000e+00
1.000000000000000000e+00
2.751040828238208169e-01
-3.855763126782310035e-01
-1.000000000000000000e+00
9.557046447100319142e-01
1.000000000000000000e+00
1.000000000000000000e+00
-8.382847273407516564e-01
-7.150937868422468924e-01
2.779799942664347157e-01
-1.000000000000000000e+00
-4.580454836192066059e-02
1.000000000000000000e+00
-3.286517243566589586e-01
-1.000000000000000000e+00
-3.365784307084535576e-01
-4.608759466165447960e-01
-7.308001155765693202e-01
-1.000000000000000000e+00
1.393256558419210256e-01
-7.878068487013307752e-01
1.000000000000000000e+00
-1.000000000000000000e+00
1.000000000000000000e+00
1.000000000000000000e+00
8.197030329048037300e-01
-4.605951091396143227e-02
-1.000000000000000000e+00
6.403576235400009198e-01
-1.000000000000000000e+00
1.000000000000000000e+00
-1.000000000000000000e+00
-9.752199269630705825e-01
1.000000000000000000e+00
-1.000000000000000000e+00
-3.019885433940204256e-01
-1.000000000000000000e+00
-1.143000125793084132e-01
1.000000000000000000e+00
9.698509021244878792e-01
1.000000000000000000e+00
7.603590596241964761e-01
-9.826604464055039845e-01
-1.000000000000000000e+00
1.000000000000000000e+00
4.014403232671998056e-02
5.456293282959445712e-02
4.977779367259123067e-01
1.000000000000000000e+00
-1.000000000000000000e+00
-2.442933130335172009e-01
2.275562245596665090e-01
-8.577195280505006680e-01
-2.239244468085782591e-02
1.855126153887339258e-01
-8.315293353196566706e-01
2.265312139184745277e-01
1.000000000000000000e+00
-1.000000000000000000e+00
-3.111898269195859101e-01
2.720280080748740392e-01
-3.591921149787739020e-01
-3.120590099377504867e-01
-5.849056591499599556e-01
-4.910237324186550456e-02
7.012139816896719724e-01
-2.361112436863403996e-01
-1.000000000000000000e+00
-1.153263197833774845e-01
2.383117435208071955e-01
-1.000000000000000000e+00
5.956967927192848844e-01
-1.000000000000000000e+00
-1.080799395851371192e-01
-7.069415507640306462e-01
6.317916318653864494e-01
1.000341747542451420e-01
-1.000000000000000000e+00
-1.000000000000000000e+00
-1.000000000000000000e+00
-1.000000000000000000e+00
3.588466756283587578e-01
-1.000000000000000000e+00
3.781688659486263648e-01
1.000000000000000000e+00
-2.887604647678811975e-01
-9.791735227751477977e-01
2.696139686849179373e-01
-1.000000000000000000e+00
-4.526629232682146120e-01
-4.246125191719707370e-02
1.624063659072516597e-02
5.372007182098939015e-01
1.000000000000000000e+00
8.973114465119793604e-01
6.257778429071245707e-01
-2.211638288152651954e-01
-1.000000000000000000e+00
3.482629701329838512e-01
1.000000000000000000e+00
1.000000000000000000e+00
-6.758059360101347224e-01
1.000000000000000000e+00
1.000000000000000000e+00
-1.000000000000000000e+00
1.444684754666825111e-01
6.593146560283837943e-01
-1.369267343995473896e-01
-9.240336515368923198e-01
-4.222125312961874100e-01
1.000000000000000000e+00
-1.000000000000000000e+00
3.744721390966806451e-01
1.511075454312165722e-01
-7.742607498617437578e-01
7.745200732740101790e-01
-3.015793778003812431e-01
1.000000000000000000e+00
1.000000000000000000e+00
-1.890364898091383417e-01
-7.065012191735066116e-01
-1.000000000000000000e+00
-4.726378267686438539e-01
-4.613275228099946723e-01
1.948276049110946317e-01
3.054437716277181858e-01
-1.000000000000000000e+00
1.000000000000000000e+00
1.000000000000000000e+00
-4.672050400566017392e-01
9.758839233884524234e-01
-7.604556563469231367e-01
5.737030738898041271e-01
5.457889453259495705e-01
-1.000000000000000000e+00
2.500874568830548372e-01
1.000000000000000000e+00
8.274562957306419442e-02
1.000000000000000000e+00
1.000000000000000000e+00
4.198314206387502301e-01
8.635629670321307572e-01
1.000000000000000000e+00
-6.304312471737469337e-02
1.000000000000000000e+00
-5.341519087649216901e-01
1.000000000000000000e+00
8.499170228727598309e-01
-5.378934639124000050e-01
1.000000000000000000e+00
-1.000000000000000000e+00
7.231268025069177430e-01
1.000000000000000000e+00
1.000000000000000000e+00
-6.342440697250122383e-01
-6.041274534486600345e-01
-5.625107893797893777e-01
-1.000000000000000000e+00
-6.563543206902664462e-01
-7.974426009751388600e-01
7.503039175666503802e-02
1.000000000000000000e+00
-8.441352092484161185e-01
1.000000000000000000e+00
-7.101511507142217461e-01
-9.113654072186545552e-01
-1.000000000000000000e+00
-9.772859473176951361e-01
4.390264866564824731e-01
4.538658942381834094e-01
-3.213165938498051544e-01
1.000000000000000000e+00
5.415531846510737157e-01
-1.000000000000000000e+00
1.000000000000000000e+00
1.000000000000000000e+00
5.665903843215164271e-01
-1.000000000000000000e+00
1.000000000000000000e+00
5.306407061376157142e-01
1.000000000000000000e+00
1.647921084454706808e-01
-2.922067248912789683e-01
-9.354624829773529326e-02
-3.962135410735944663e-01
-1.000000000000000000e+00
1.000000000000000000e+00
1.000000000000000000e+00
-1.000000000000000000e+00
9.086968762278713196e-01
1.000000000000000000e+00
-1.081175144215552053e-01
7.161348245210873431e-01
1.000000000000000000e+00
8.690388966314288588e-01
-1.000000000000000000e+00
-1.000000000000000000e+00
3.217388964556535669e-01
-1.000000000000000000e+00
-1.000000000000000000e+00
5.744864591825726841e-02
1.000000000000000000e+00
6.427746450445896986e-01
-1.001959113050119865e-01
9.791292612574638010e-01
-8.467315669135802025e-01
1.000000000000000000e+00
7.090090424421677806e-01
1.000000000000000000e+00
-6.047845718550122207e-01
-6.097080697332798449e-01
1.000000000000000000e+00
2.732617928813655950e-01
5.600783135902490661e-01
-6.358611323514155034e-01
9.906969147739475012e-03
-6.645807179251146390e-01
-1.000000000000000000e+00
-3.288437981730829573e-01
-1.000000000000000000e+00
-1.000000000000000000e+00
8.196744092913426094e-01
-3.690071744050871239e-02
-9.470881392409080668e-02
1.000000000000000000e+00
-2.934789263116455160e-01
-1.000000000000000000e+00
5.553553284650520894e-01
-3.846237653009812463e-01
-6.921428077216875696e-01
8.995095543473099475e-01
-1.000000000000000000e+00
-2.533872724034517687e-01
1.000000000000000000e+00
-3.824374127391376721e-01
-1.000000000000000000e+00
1.758379438707022846e-01
-1.137227838697457971e-01
-7.803674866088925466e-01
-1.000000000000000000e+00
-1.000000000000000000e+00
-1.000000000000000000e+00
1.947093184136751143e-01
-1.000000000000000000e+00
2.684775693993772250e-01
1.000000000000000000e+00
-1.000000000000000000e+00
4.926511040704337763e-01
-1.000000000000000000e+00
1.000000000000000000e+00
-4.389918966559879232e-01
-7.219667329755449225e-01
5.937050247890400811e-01
-5.881005944740034241e-01
-1.000000000000000000e+00
-8.848783600020858620e-01
-1.322634579612609329e-01
-4.480825140359706582e-01
-8.159250371869579688e-01
1.000000000000000000e+00
1.000000000000000000e+00
-9.372637615524592736e-01
3.232262400176344475e-01
-1.000000000000000000e+00
1.000000000000000000e+00
-1.000000000000000000e+00
-1.000000000000000000e+00
-1.000000000000000000e+00
1.000000000000000000e+00
1.000000000000000000e+00
1.012015673619834355e-01
-2.405009859145165185e-01
-1.000000000000000000e+00
6.001878383600534050e-02
7.726343041966710068e-01
9.248462178951000201e-01
-1.000000000000000000e+00
9.237032583347480896e-01
2.692320600941586761e-01
-8.477825097544035016e-01
6.428512209499189778e-01
1.000000000000000000e+00
-1.000000000000000000e+00
-7.847700532292243292e-01
-1.000000000000000000e+00
5.704698291932486232e-01
-3.374321092738681305e-01
1.000000000000000000e+00
-9.255560844740384763e-02
1.510627613967774341e-02
1.000000000000000000e+00
4.389517000263422064e-01
-1.000000000000000000e+00
8.652376831123744783e-01
1.000000000000000000e+00
9.738669342719250555e-01
-1.000000000000000000e+00
-1.000000000000000000e+00
1.000000000000000000e+00
-2.516891020650935951e-01
-6.741493070772222040e-01
-3.732474826325796191e-01
-9.385402725920342082e-01
-8.017838583732034285e-02
6.202338393590536292e-01
-1.894316847117156200e-01
7.723745152019863003e-01
1.000000000000000000e+00
1.000000000000000000e+00
2.763813170094265304e-01
1.000000000000000000e+00
-1.000000000000000000e+00
1.000000000000000000e+00
-1.000000000000000000e+00
1.000000000000000000e+00
1.000000000000000000e+00
9.328247044965675139e-01
5.435740299567852762e-01
-4.283339044616286673e-01
8.106722071797818341e-01
5.637816906606838430e-01
-6.406962768724112633e-01
1.000000000000000000e+00
-9.748020102800621922e-01
-1.000000000000000000e+00
9.478672378080976735e-02
-2.801049936051885347e-01
-1.000000000000000000e+00
-4.031115241279220052e-01
-1.000000000000000000e+00
7.994182238349896163e-01
9.636442733090757606e-01
1.000000000000000000e+00
1.000000000000000000e+00
-4.703930552126585618e-01
1.000000000000000000e+00
-6.362112441379079719e-01
1.000000000000000000e+00
1.000000000000000000e+00
7.471396475244272972e-01
-1.000000000000000000e+00
-5.153776208459244224e-01
-1.000000000000000000e+00
-1.000000000000000000e+00
3.084492215114122970e-01
1.000000000000000000e+00
-1.000000000000000000e+00
-1.000000000000000000e+00
8.251356363997929266e-01
1.000000000000000000e+00
-1.000000000000000000e+00
1.750678836358228185e-01
-2.321560255702977971e-01
-6.225336478277392338e-01
-8.177544817511090969e-01
-1.000000000000000000e+00
-6.823139280533603301e-01
1.000000000000000000e+00
-2.814851763136771989e-02
-8.154483822466302989e-01
-4.811534118988303188e-01
-1.000000000000000000e+00
1.000000000000000000e+00
1.000000000000000000e+00
-8.035804971583733192e-01
-1.647917202416639970e-01
-6.708626473154890579e-01
-1.000000000000000000e+00
1.000000000000000000e+00
-2.659604093471049646e-01
1.000000000000000000e+00
-1.000000000000000000e+00
8.005287323765331031e-02
-1.000000000000000000e+00
-1.000000000000000000e+00
7.923491219260752061e-01
1.000000000000000000e+00
-6.415654742559740997e-01
-1.000000000000000000e+00
4.137481940414391435e-01
-1.000000000000000000e+00
-1.000000000000000000e+00
1.033738486186579625e-01
-2.158014087990706986e-01
-1.000000000000000000e+00
6.032225183181494366e-01
-1.931304198244799819e-01
-1.000000000000000000e+00
-1.000000000000000000e+00
1.000000000000000000e+00
8.732393863205815121e-01
2.164293289062888537e-01
4.208655942045477216e-01
7.825688738724878579e-02
-1.000000000000000000e+00
7.324132366475327727e-01
1.000000000000000000e+00
4.776053414766311955e-01
1.000000000000000000e+00
-1.519906225284135548e-01
1.000000000000000000e+00
-1.000000000000000000e+00
1.000000000000000000e+00
-8.153894349322969859e-01
1.000000000000000000e+00
-3.719581285089254563e-01
2.607136500771534693e-01
-1.435021624121265438e-01
2.960265253737906499e-02
-7.489615102070998898e-01
4.245853651836570819e-01
9.201267187599874164e-01
6.136709010406640186e-01
-5.142184660135828977e-03
-1.319270451065678307e-01
1.000000000000000000e+00
6.207917772625034525e-01
1.920818286535990738e-01
-6.157286696063736242e-01
-1.000000000000000000e+00
3.050129594899606555e-01
-1.000000000000000000e+00
-3.178852066985637936e-01
6.584625754809125819e-01
-9.614410347418411718e-02
1.000000000000000000e+00
2.720562068731835481e-03
1.000000000000000000e+00
-1.707029938980093586e-01
1.000000000000000000e+00
1.000000000000000000e+00
1.000000000000000000e+00
-1.000000000000000000e+00
-1.000000000000000000e+00
-3.929422568936872251e-01
1.000000000000000000e+00
1.444817996822272965e-01
-2.636976872802943017e-02
1.000000000000000000e+00
1.000000000000000000e+00
-5.043566644018646628e-01
4.864763967280316681e-02
-7.730884807421671834e-01
1.327269786451898970e-01
-1.000000000000000000e+00
1.000000000000000000e+00
-5.325728815878685296e-01
9.442582513163346736e-01
-1.000000000000000000e+00
8.561705872703605502e-01
4.896352339678156085e-01
1.000000000000000000e+00
7.242836290666850863e-01
9.173008003878795336e-01
1.539980376317375832e-01
-7.664170319896228545e-01
-1.000000000000000000e+00
-7.812961598938041874e-01
-4.628610383489040192e-01
7.710493801737499098e-01
1.775498861930709382e-01
-2.785543346594341330e-01
1.000000000000000000e+00
-5.282414856147147342e-01
-1.000000000000000000e+00
4.538698307407077470e-01
6.951347910762284421e-01
5.652877388688151150e-01
1.000000000000000000e+00
1.000000000000000000e+00
-7.903592826186657261e-01
5.486870381242264783e-01
1.000000000000000000e+00
6.222687987148338706e-01
1.000000000000000000e+00
7.054979650844481753e-01
-2.254198040230803723e-02
-1.907639465210784202e-01
-4.244669914391188126e-01
-7.339398660840439348e-01
1.000000000000000000e+00
1.000000000000000000e+00
-1.000000000000000000e+00
3.931278737302084103e-01
6.746479025532043927e-01
-4.684572770838938971e-01
-3.869059581261241609e-01
-2.085853003093601221e-01
-7.848115898339865781e-01
1.000000000000000000e+00
-1.000000000000000000e+00
1.000000000000000000e+00
6.354162759222461432e-01
1.000000000000000000e+00
-1.000000000000000000e+00
-6.660732885447440133e-02
7.637862567542268444e-01
-7.655449848485991193e-01
-1.000000000000000000e+00
3.233611203670350154e-01
-1.000000000000000000e+00
-1.000000000000000000e+00
2.617920543027599800e-01
-3.929103406005134413e-01
-1.000000000000000000e+00
-1.000000000000000000e+00
1.000000000000000000e+00
4.897174923087007636e-01
-1.000000000000000000e+00
-6.729060330294451830e-01
-6.778834057744533848e-01
-5.239794349547980401e-01
-1.000000000000000000e+00
1.000000000000000000e+00
1.128673458301530097e-01
-1.000000000000000000e+00
-1.000000000000000000e+00
-9.655139803586305636e-01
-3.200685733934967026e-01
6.748637771105471250e-01
3.396847703794348972e-01
-1.000000000000000000e+00
-1.107288389008285190e-01
-1.000000000000000000e+00
-1.000000000000000000e+00
-1.000000000000000000e+00
-1.000000000000000000e+00
-8.026128331224836598e-01
4.696243123041861089e-01
-5.922284285662258174e-01
1.000000000000000000e+00
1.874145477418898142e-02
1.000000000000000000e+00
1.000000000000000000e+00
1.000000000000000000e+00
-1.000000000000000000e+00
2.334056860854262783e-01
-1.000000000000000000e+00
4.597390652977224601e-01
-2.983681428756526088e-01
-1.887821315351734253e-01
-5.582550521287795720e-01
-1.000000000000000000e+00
-1.000000000000000000e+00
-9.521412857066600122e-01
-1.000000000000000000e+00
1.000000000000000000e+00
-1.000000000000000000e+00
1.000000000000000000e+00
-7.916183848508167031e-01
3.363910717308903342e-01
3.144864926080287448e-01
-7.062858010668753295e-01
1.000000000000000000e+00
-1.000000000000000000e+00
-1.000000000000000000e+00
7.438375739007826448e-01
1.000000000000000000e+00
1.789460604666448240e-01
-1.000000000000000000e+00
2.169253737834008489e-01
1.000000000000000000e+00
-7.847421523639213081e-01
4.807692586826546322e-01
-1.000000000000000000e+00
4.946830143125002799e-02
-1.000000000000000000e+00
4.364534466513591004e-01
1.000000000000000000e+00
6.391288437159804714e-02
6.729206822471198723e-01
7.533321516828568321e-01
-1.000000000000000000e+00
1.000000000000000000e+00
2.184046645873926606e-01
1.000000000000000000e+00
1.000000000000000000e+00
-3.737463567388570329e-01
-1.000000000000000000e+00
-1.000000000000000000e+00
6.491379755626014436e-01
4.378413748885373602e-01
1.000000000000000000e+00
-4.273384014328612812e-01
8.709800334451047732e-01
-1.151234249059386316e-01
1.000000000000000000e+00
1.000000000000000000e+00
5.496639783368545418e-01
-1.000000000000000000e+00
9.765736819302850424e-02
6.803224741146867149e-01
5.077750686799560320e-01
1.000000000000000000e+00
1.000000000000000000e+00
4.873997758955814219e-01
2.615448037533729675e-02
-1.000000000000000000e+00
7.935352473329894130e-01
1.000000000000000000e+00
1.000000000000000000e+00
-4.592568155423472076e-01
-1.018367671313045175e-01
2.040332016303054163e-01
7.080759155641889180e-01
6.240952221299551628e-01
-7.359219345586314187e-01
8.413146752788976945e-01
-9.470324805939909218e-01
8.811750538782646691e-01
7.039357549327116548e-01
3.948974096532069100e-01
-7.225137353131467766e-01
-1.000000000000000000e+00
8.535111264778051376e-01
1.000000000000000000e+00
-1.000000000000000000e+00
-1.000000000000000000e+00
8.526885679387978811e-01
4.060482197823367390e-01
1.949822494634495529e-02
-1.000000000000000000e+00
1.000000000000000000e+00
2.349727089295765570e-01
-2.227041692175311116e-01
-1.000000000000000000e+00
-1.000000000000000000e+00
-6.801719368999574744e-01
9.186158025450111286e-02
1.983745459965464142e-01
1.000000000000000000e+00
1.000000000000000000e+00
2.710098818475816795e-01
-1.000000000000000000e+00
4.690739176123728260e-01
4.023043362312201388e-01
-1.000000000000000000e+00
1.000000000000000000e+00
-1.000000000000000000e+00
-1.000000000000000000e+00
1.000000000000000000e+00
-1.000000000000000000e+00
-1.509768915289790847e-01
-1.331287559106273943e-01
-1.000000000000000000e+00
1.772726400723181328e-01
-1.000000000000000000e+00
3.708878960823017712e-01
-1.000000000000000000e+00
-1.000000000000000000e+00
1.000000000000000000e+00
1.000000000000000000e+00
1.000000000000000000e+00
7.653475446291574391e-02
-3.720820863160404501e-01
3.924952986937270127e-01
-1.000000000000000000e+00
-7.368665011232218287e-01
-1.000000000000000000e+00
-6.360758760114655352e-01
1.000000000000000000e+00
1.000000000000000000e+00
-1.000000000000000000e+00
2.943147287037299886e-01
-1.000000000000000000e+00
-4.826391855744999182e-01
-1.512317423172371278e-01
9.854268021127715604e-01
1.554503840601194342e-01
1.000000000000000000e+00
-1.000000000000000000e+00
1.000000000000000000e+00
5.838294503345635711e-01
-1.000000000000000000e+00
-1.000000000000000000e+00
5.339423290808098521e-01
3.186316972905486877e-01
9.854977901731147849e-01
1.000000000000000000e+00
-1.000000000000000000e+00
5.469030181317037220e-01
5.963000654976405857e-01
-5.479143842849494295e-01
-1.000000000000000000e+00
3.113286444325543689e-01
-5.118336661530754617e-01
-6.207340146292454897e-01
1.595804155262546264e-01
-7.935323621981310582e-01
3.030233462489677621e-01
-9.884792423298371933e-01
-1.021308486755001521e-01
1.000000000000000000e+00
-8.380473878405411692e-02
-1.000000000000000000e+00
-1.801169049919787435e-01
7.581401278213949491e-01
-7.073766859768446658e-01
-1.000000000000000000e+00
1.000000000000000000e+00
1.000000000000000000e+00
2.961592278955403335e-01
6.077760618371552681e-02
6.426122410670886964e-01
4.632180995771699727e-01
1.000000000000000000e+00
4.925765565889476116e-01
9.634141537421490042e-01
1.000000000000000000e+00
-1.000000000000000000e+00
-1.000000000000000000e+00
4.789889916140372961e-01
1.000000000000000000e+00
-7.235866686422885996e-01
-5.782420734468934898e-01
-1.000000000000000000e+00
-6.023339349626064543e-01
1.000000000000000000e+00
8.451786034393883318e-01
-7.596333956871155202e-01
9.382810007953179543e-01
8.071301439099606290e-01
-7.338798063403551009e-02
7.935150895027192064e-01
1.000000000000000000e+00
-3.897967947318995430e-01
7.425753051895302992e-01
5.331882848848088496e-01
-6.391630481001442377e-02
1.000000000000000000e+00
-1.000000000000000000e+00
-1.000000000000000000e+00
1.000000000000000000e+00
1.000000000000000000e+00
1.000000000000000000e+00
8.691048401198424589e-01
1.891315650733167431e-01
-1.000000000000000000e+00
7.606453391559470090e-01
1.000000000000000000e+00
7.783634985479557233e-01
-1.000000000000000000e+00
-6.347650859590353578e-01
-4.341210563631944241e-01
-9.467907144274925191e-01
1.000000000000000000e+00
5.120180456411710379e-01
-5.619249403433206336e-01
1.000000000000000000e+00
1.000000000000000000e+00
1.000000000000000000e+00
7.908579543861644634e-01
-1.000000000000000000e+00
-9.644573273302106120e-01
1.000000000000000000e+00
1.000000000000000000e+00
6.035953507254707695e-01
3.844039667852724440e-01
-8.040486368526745808e-01
5.735632950667498564e-01
-3.085339570449802116e-01
-1.000000000000000000e+00
-1.000000000000000000e+00
-1.000000000000000000e+00
6.238658925343270045e-01
-7.560173393993363522e-02
-7.762183364390040641e-01
-9.562762967021513072e-01
-1.000000000000000000e+00
2.789919855588383069e-01
-1.000000000000000000e+00
8.293092197346385586e-01
1.000000000000000000e+00
1.000000000000000000e+00
6.340972944529418287e-01
1.000000000000000000e+00
1.000000000000000000e+00
-4.249402146065595076e-02
1.000000000000000000e+00
-4.352052673740249844e-01
-1.000000000000000000e+00
-1.000000000000000000e+00
-1.000000000000000000e+00
6.583778640889943468e-01
-4.673506759527314980e-01
6.328392994266289762e-01
1.000000000000000000e+00
8.587173682722772927e-01
-8.445001099087051655e-01
1.000000000000000000e+00
8.839666713728606684e-01
-1.000000000000000000e+00
3.133133670815420047e-01
6.645421862528464452e-01
-1.000000000000000000e+00
6.658150380585845518e-01
-9.999903160990802897e-02
6.268172886444960401e-01
1.000000000000000000e+00
-1.000000000000000000e+00
-1.000000000000000000e+00
9.514232516433367426e-01
6.785611728864420211e-01
-1.000000000000000000e+00
1.000000000000000000e+00
-7.192340721912471313e-02
-6.193175303350697547e-01
1.000000000000000000e+00
1.687062882381366036e-01
-3.904976936200504900e-01
-1.000000000000000000e+00
-8.910270698281942403e-01
-1.040550801794871971e-02
-6.089964842110422438e-01
5.842639230511152970e-01
1.000000000000000000e+00
-8.482449420815845187e-01
3.101554132471735503e-01
5.841145711273600938e-01
1.000000000000000000e+00
1.000000000000000000e+00
-1.000000000000000000e+00
-1.000000000000000000e+00
-1.000000000000000000e+00
4.391039738609199272e-01
1.000000000000000000e+00
1.000000000000000000e+00
-3.473026931602588574e-01
-1.000000000000000000e+00
-1.000000000000000000e+00
-1.030196346697385135e-01
-1.000000000000000000e+00
4.837067305978131060e-01
-7.657934956240983748e-01
-1.000000000000000000e+00
-4.194644470412031145e-01
-6.784565246818756723e-01
-7.884814625687844858e-01
-1.000000000000000000e+00
1.000000000000000000e+00
1.000000000000000000e+00
-8.255705730516617047e-01
1.000000000000000000e+00
4.093577260149116603e-01
1.000000000000000000e+00
-1.000000000000000000e+00
-6.957892224019226468e-01
3.039570323654472439e-02
-1.000000000000000000e+00
-1.927935126740894511e-01
1.673787098203409207e-01
3.688468169537428842e-01
1.000000000000000000e+00
-1.000000000000000000e+00
-6.863790666955744690e-01
-4.956019089069484962e-01
1.000000000000000000e+00
-1.627586201099111562e-01
1.000000000000000000e+00
2.497275890404657694e-01
6.932304533844969585e-01
1.000000000000000000e+00
-1.000000000000000000e+00
1.359390306411831506e-01
-4.644993462474171775e-01
-3.397173305301451895e-01
1.000000000000000000e+00
1.000000000000000000e+00
1.000000000000000000e+00
3.618751142801993614e-01
1.000000000000000000e+00
-1.000000000000000000e+00
6.269438116804485484e-01
-1.000000000000000000e+00
-1.000000000000000000e+00
-1.000000000000000000e+00
1.451433716502893434e-01
-7.298305797926836203e-01
3.655279542488465427e-01
9.226961202434108555e-01
1.000000000000000000e+00
1.000000000000000000e+00
8.792606811452319260e-01
9.918122275427300183e-01
-6.045192976158061393e-01
1.000000000000000000e+00
-9.994651889392669464e-02
9.085405485921610458e-01
4.797037874038482252e-01
-6.258559497411279038e-01
4.249504668294837861e-01
-1.000000000000000000e+00
-6.820204081911390714e-01
6.315783867336732804e-02
-2.886992944184395005e-01
2.494601825337153800e-01
8.620041928091103367e-01
1.000000000000000000e+00
5.713541629903806651e-01
1.000000000000000000e+00
1.000000000000000000e+00
2.361736429032779139e-02
1.486833116930244003e-01
1.000000000000000000e+00
1.000000000000000000e+00
-4.260909917483241549e-01
-1.000000000000000000e+00
-6.811736529968999143e-01
1.000000000000000000e+00
1.000000000000000000e+00
-4.564777932138615046e-01
-1.539742497334152804e-01
1.000000000000000000e+00
1.000000000000000000e+00
7.647391903580196271e-01
-1.000000000000000000e+00
1.000000000000000000e+00
2.610795233398556237e-01
1.000000000000000000e+00
-3.040939663438391172e-02
7.056122431321669719e-01
1.000000000000000000e+00
6.291523196300261578e-01
-8.561106806463536500e-01
-1.000000000000000000e+00
-1.000000000000000000e+00
1.000000000000000000e+00
-1.000000000000000000e+00
9.677880238871687801e-01
-5.151212490139924771e-01
4.494687464280777145e-01
-2.166519228372896233e-01
-1.000000000000000000e+00
-4.717873173483377869e-02
-1.000000000000000000e+00
1.000000000000000000e+00
-1.000000000000000000e+00
4.872665797210485872e-01
1.000000000000000000e+00
-1.000000000000000000e+00
1.000000000000000000e+00
5.382672580683122154e-01
-1.000000000000000000e+00
1.000000000000000000e+00
-1.587242656882204006e-01
8.645371747578838306e-01
-4.751656350306295296e-01
-2.220794210258445478e-01
8.401519710382748807e-01
-4.537651445817909579e-01
1.000000000000000000e+00
1.000000000000000000e+00
9.243529756159595268e-01
-2.433822721489130592e-01
-7.875005527546261042e-02
1.000000000000000000e+00
1.000000000000000000e+00
-1.000000000000000000e+00
-1.000000000000000000e+00
-1.000000000000000000e+00
1.000000000000000000e+00
3.780878970591591282e-01
-5.982848333228374393e-01
1.000000000000000000e+00
9.920670560960590523e-01
-2.254569033419440427e-01
-5.314580104884106815e-01
-9.982955962035355846e-01
-2.473939503707462406e-01
1.000000000000000000e+00
-1.000000000000000000e+00
-1.000000000000000000e+00
1.000000000000000000e+00
3.221973430101388036e-01
2.331926870487299741e-01
6.668233880998672980e-01
-1.000000000000000000e+00
1.000000000000000000e+00
-1.000000000000000000e+00
-9.048212525665728645e-01
1.000000000000000000e+00
8.131714905032698670e-01
-8.567875321273181743e-01
1.000000000000000000e+00
-6.998868640194642055e-01
1.000000000000000000e+00
3.998177848343658081e-01
1.000000000000000000e+00
4.675135116648679312e-02
-6.333485488838941357e-01
-1.760467137580383756e-01
-7.819865396258325330e-01
5.684939415476097935e-02
-1.000000000000000000e+00
-1.000000000000000000e+00
1.000000000000000000e+00
1.570408311124728007e-01
4.527107774373530513e-01
5.916957053931054533e-01
4.384727325932441522e-01
9.029036310111496766e-01
-6.267100616258933776e-01
5.893222637915174200e-02
-1.000000000000000000e+00
1.000000000000000000e+00
1.000000000000000000e+00
3.961596334430871891e-01
-1.172367609373103914e-02
-2.992508813408784607e-01
-1.000000000000000000e+00
-4.842363383411222300e-01
1.000000000000000000e+00
-9.697194283617538435e-01
-1.000000000000000000e+00
1.000000000000000000e+00
-1.000000000000000000e+00
-1.000000000000000000e+00
1.000000000000000000e+00
5.052071674606772866e-01
-1.000000000000000000e+00
-1.000000000000000000e+00
9.276945537296060751e-01
-8.789108340027456112e-01
-5.590371783910131898e-01
-1.000000000000000000e+00
-3.968388055256938940e-01
6.893516463206930123e-01
2.209350678783050803e-01
4.155077872350154689e-02
-7.831692542587022077e-01
-7.252671893918163359e-01
-6.906510915973829157e-03
1.000000000000000000e+00
-1.258673042554236954e-01
-1.000000000000000000e+00
1.000000000000000000e+00
-2.052013649028368025e-01
-1.000000000000000000e+00
6.503921023771361831e-01
-6.206002569442830019e-01
-1.000000000000000000e+00
1.037494742325938968e-01
1.000000000000000000e+00
-1.000000000000000000e+00
-1.000000000000000000e+00
-7.725751116120350703e-01
-1.474529833810583890e-01
-1.000000000000000000e+00
-5.628072513990302062e-01
-1.145584557182305341e-02
1.000000000000000000e+00
4.054358158552486824e-01
-4.453711866951673981e-01
1.000000000000000000e+00
4.758741065348437438e-01
1.000000000000000000e+00
-8.639737565537671804e-01
1.000000000000000000e+00
-1.000000000000000000e+00
-1.000000000000000000e+00
-1.000000000000000000e+00
9.301927035769064211e-01
-9.200336880438056975e-01
-5.452154558264392659e-01
-1.000000000000000000e+00
-9.940766430878380522e-01
1.243429862021816490e-01
-1.000000000000000000e+00
1.000000000000000000e+00
-1.000000000000000000e+00
1.000000000000000000e+00
-1.000000000000000000e+00
-1.000000000000000000e+00
1.000000000000000000e+00
1.000000000000000000e+00
1.000000000000000000e+00
-1.000000000000000000e+00
-4.644344464368090897e-01
-2.124938359011664946e-01
1.000000000000000000e+00
4.476430027790406774e-01
-2.957603841836232705e-01
9.457469955545088069e-01
1.000000000000000000e+00
4.408149299969558177e-01
1.878869293171125110e-01
1.000000000000000000e+00
8.804570191224592168e-01
4.315861061753878403e-02
1.000000000000000000e+00
-1.000000000000000000e+00
5.624448830773078889e-01
-1.000000000000000000e+00
-1.000000000000000000e+00
1.582267073912521083e-01
9.459190820460031679e-01
5.902641681551213937e-01
2.434342900421694322e-01
3.960300280183481902e-01
-1.000000000000000000e+00
-4.292465434638280675e-01
-2.751523280837011032e-01
4.137183178737069422e-01
-1.000000000000000000e+00
8.799639802193036653e-01
1.000000000000000000e+00
-6.055552883055490554e-01
-4.432426283900505748e-01
-1.000000000000000000e+00
1.000000000000000000e+00
-3.482319380833563960e-01
5.354434779480289341e-01
-1.000000000000000000e+00
1.000000000000000000e+00
-1.000000000000000000e+00
-1.000000000000000000e+00
-1.000000000000000000e+00
-1.000000000000000000e+00
1.000000000000000000e+00
1.000000000000000000e+00
-1.000000000000000000e+00
8.428790368235450359e-01
1.000000000000000000e+00
-1.000000000000000000e+00
1.000000000000000000e+00
-3.448222201118318897e-01
5.131587526983706349e-01
1.000000000000000000e+00
-8.591389114420759920e-01
-4.612384034488510309e-01
9.459542522284064558e-01
7.503465493511779494e-01
-9.230715830385276544e-01
1.000000000000000000e+00
6.846857443658295184e-01
-1.000000000000000000e+00
-6.390786228254580204e-02
7.179454523206130201e-02
-5.982761783871223815e-02
8.638785139116471612e-01
7.284461749005366471e-01
5.191814459532952952e-01
4.005915572997287288e-02
-1.000000000000000000e+00
5.840266604747470502e-01
1.000000000000000000e+00
1.000000000000000000e+00
-3.961015795648590299e-01
1.000000000000000000e+00
-4.712482284010693911e-02
-2.878047729312650516e-01
-1.448675910420114121e-01
1.000000000000000000e+00
-7.396032452982908012e-01
-1.000000000000000000e+00
1.000000000000000000e+00
1.000000000000000000e+00
7.811360701281191421e-01
-6.277719833325975385e-01
1.000000000000000000e+00
-3.594195322239828183e-01
6.560613321646521223e-01
1.000000000000000000e+00
5.348413785926880992e-01
-9.147760485163969335e-03
1.000000000000000000e+00
-7.824563142000040550e-02
1.000000000000000000e+00
-1.000000000000000000e+00
-1.000000000000000000e+00
-3.299969919222757453e-02
4.201119479839817150e-01
-3.335311823360999073e-01
-9.932718530277016011e-01
3.349792822323827135e-01
1.000000000000000000e+00
1.000000000000000000e+00
4.305765797610083823e-02
6.532122533118181473e-02
-3.240207133497253755e-01
1.108907200445179986e-01
1.000000000000000000e+00
-1.000000000000000000e+00
5.952462577665061927e-01
1.000000000000000000e+00
9.964708059031841536e-01
6.559118655208008297e-01
-9.195271534046358664e-01
-1.043779507905479020e-01
-1.000000000000000000e+00
7.432597731504893002e-01
-1.000000000000000000e+00
-1.000000000000000000e+00
2.150737931563906358e-01
-8.271932097178247290e-01
-1.000000000000000000e+00
-5.534354577986887458e-01
1.000000000000000000e+00
-1.000000000000000000e+00
-1.722412061935250094e-01
1.000000000000000000e+00
1.000000000000000000e+00
-1.000000000000000000e+00
-1.000000000000000000e+00
-5.071032495052252287e-02
-1.000000000000000000e+00
-1.000000000000000000e+00
1.344344581835479335e-01
-2.541648586719372771e-01
-1.000000000000000000e+00
1.000000000000000000e+00
-1.894923885536763386e-01
1.000000000000000000e+00
-3.257751562132340517e-01
1.000000000000000000e+00
5.297080253054942123e-01
1.000000000000000000e+00
-8.447949627279792706e-01
-1.000000000000000000e+00
-1.000000000000000000e+00
-1.000000000000000000e+00
2.660099822774590339e-01
-7.402131758544068241e-01
3.785926095721410811e-01
1.000000000000000000e+00
1.000000000000000000e+00
8.930135451218679243e-01
-1.000000000000000000e+00
1.000000000000000000e+00
9.645579400391288694e-01
-9.796229292699689672e-01
9.960234458890269149e-01
1.000000000000000000e+00
1.000000000000000000e+00
-1.227997651631970444e-01
1.000000000000000000e+00
1.000000000000000000e+00
1.000000000000000000e+00
7.311786028613789234e-01
2.955866960042931035e-01
1.000000000000000000e+00
-1.000000000000000000e+00
-1.000000000000000000e+00
5.298013602279749712e-01
5.161104371812494929e-01
-1.000000000000000000e+00
-6.446298679305513257e-01
2.740957172449072221e-01
-1.000000000000000000e+00
-7.680889785527865721e-01
-6.779468529967097590e-02
-6.664132078388909086e-01
1.000000000000000000e+00
8.162192986702068165e-01
-1.000000000000000000e+00
1.000000000000000000e+00
-6.773230885434240456e-01
-1.000000000000000000e+00
1.000000000000000000e+00
1.000000000000000000e+00
4.452312504838225049e-01
8.436506972424635542e-01
-9.594618561685456237e-01
-8.128944347108313373e-02
1.000000000000000000e+00
-1.000000000000000000e+00
-2.170547798496530456e-02
1.673595381454940911e-01
-1.000000000000000000e+00
1.000000000000000000e+00
-2.121832128928567984e-01
1.000000000000000000e+00
-4.897493097427934039e-01
1.000000000000000000e+00
-9.754938931045875616e-02
7.336389722204210706e-01
9.802578861528601362e-01
1.000000000000000000e+00
1.000000000000000000e+00
-5.169068620416267940e-02
-1.000000000000000000e+00
-6.089332691408839704e-01
1.000000000000000000e+00
2.491430069964539196e-01
-9.607126944381967348e-01
-9.830653992522542239e-01
-8.323008721387892273e-02
1.282343695290610874e-01
-1.000000000000000000e+00
2.409302667260003750e-01
4.168827559348691203e-01
2.533260579252248901e-01
-1.000000000000000000e+00
-6.153767952176493194e-01
-1.000000000000000000e+00
-9.108906496391725449e-01
-1.000000000000000000e+00
-7.298905826199419966e-02
-4.283095573930507105e-01
-1.000000000000000000e+00
-1.000000000000000000e+00
4.447480562390562220e-01
1.000000000000000000e+00
1.699218412748685347e-01
-1.000000000000000000e+00
-1.000000000000000000e+00
3.764994746016465665e-01
1.000000000000000000e+00
1.740272765398807042e-01
5.244588636148963534e-01
1.000000000000000000e+00
-5.439499700208572097e-01
1.000000000000000000e+00
-9.776869928719429392e-01
-6.047976932978113562e-02
1.902346140647377393e-01
1.000000000000000000e+00
-2.998445050606356466e-01
-2.617263588508023098e-01
1.000000000000000000e+00
7.286280511371638902e-01
-1.000000000000000000e+00
6.030521564991959682e-01
-1.000000000000000000e+00
8.744219617001688372e-01
-7.785867794386143181e-01
-1.000000000000000000e+00
-1.000000000000000000e+00
-1.000000000000000000e+00
1.000000000000000000e+00
-3.276296092504669133e-01
3.314506907042078510e-01
5.855621297128190683e-01
-1.000000000000000000e+00
1.000000000000000000e+00
9.417902704204084152e-02
-8.310311789921549508e-01
-7.288941881721124894e-01
1.000000000000000000e+00
5.186025097839572773e-01
1.000000000000000000e+00
1.000000000000000000e+00
-1.000000000000000000e+00
1.000000000000000000e+00
-4.586190153802644498e-01
-7.401578609762080596e-01
1.000000000000000000e+00
-6.178790680386592182e-02
-1.000000000000000000e+00
4.212115993945069192e-01
-1.767989860527221513e-01
-9.776608240583348208e-02
5.868277630142509915e-01
-7.617353792044603278e-01
-1.000000000000000000e+00
3.345280767674758682e-01
-1.000000000000000000e+00
7.989368380983107309e-01
-1.424634278510418239e-01
-7.170844299868743832e-01
5.634015263425118381e-01
-1.000000000000000000e+00
-1.000000000000000000e+00
-1.000000000000000000e+00
-9.862096652988006085e-01
1.000000000000000000e+00
-6.066402453209500667e-01
-1.000000000000000000e+00
1.000000000000000000e+00
-4.607813199552608929e-01
1.000000000000000000e+00
9.456841331242575865e-01
1.000000000000000000e+00
1.000000000000000000e+00
3.043647199208954213e-01
1.000000000000000000e+00
1.000000000000000000e+00
-1.000000000000000000e+00
1.000000000000000000e+00
-1.000000000000000000e+00
1.000000000000000000e+00
-5.350634640991770441e-01
-1.000000000000000000e+00
-7.529903955190311304e-01
8.620381432408105726e-02
-1.000000000000000000e+00
-1.000000000000000000e+00
-1.000000000000000000e+00
1.000000000000000000e+00
-1.424216198646133247e-01
1.000000000000000000e+00
-1.000000000000000000e+00
9.499409722435342429e-01
-1.084198990378596461e-01
-1.000000000000000000e+00
4.389401022656893581e-01
1.000000000000000000e+00
5.422915586734191606e-01
2.626379375188045984e-01
-5.612918322146491779e-01
-4.717656381666501808e-02
1.000000000000000000e+00
-3.550496732468509942e-01
9.797345331488207520e-01
1.198428638564187354e-01
2.094826969942372719e-01
2.396655182668132045e-01
-2.615157324485110901e-02
-7.021656399700415552e-01
-1.000000000000000000e+00
1.000000000000000000e+00
-9.442689991545728523e-01
-2.405506410063762424e-01
6.020661294899849469e-01
7.952198520116788849e-01
-1.926783112668105646e-01
8.934964910631860713e-01
-1.626081346409646855e-01
-3.054948080750170547e-01
-1.000000000000000000e+00
9.927541577315615040e-01
-7.323375648139754945e-01
5.018868433211276514e-01
1.373076050076382781e-01
-7.757054077038513240e-01
1.000000000000000000e+00
8.711901235634951224e-01
-1.000000000000000000e+00
3.329114609806512748e-01
-6.651828428211127298e-01
2.445134593811387758e-01
-1.000000000000000000e+00
4.807107328854307582e-01
-1.000000000000000000e+00
-1.000000000000000000e+00
-1.977865139170298103e-01
1.000000000000000000e+00
4.784753147156597941e-01
-8.450343396631146975e-01
6.543062390470478773e-01
1.960384779928297516e-01
-8.879516212133826691e-01
-2.838949396717658225e-01
1.000000000000000000e+00
7.293463058001509181e-01
-7.786982236968511550e-01
-5.021408935815281360e-01
2.750328462228024406e-01
-2.298693176490327339e-01
7.254368098712082880e-01
6.300137872010462825e-01
-4.168278057404399828e-01
7.716397823589429272e-01
1.000000000000000000e+00
-6.963370601926361925e-01
-3.835806195851674261e-01
1.000000000000000000e+00
1.000000000000000000e+00
-4.068305750077792493e-01
1.000000000000000000e+00
-1.000000000000000000e+00
-1.000000000000000000e+00
-1.000000000000000000e+00
1.000000000000000000e+00
-3.789264250526561684e-01
-1.000000000000000000e+00
-2.451028262404983948e-01
-1.000000000000000000e+00
-3.331431964351180275e-01
1.000000000000000000e+00
-3.818269369431646076e-01
-3.732543364021838062e-01
2.200547477535685359e-01
1.000000000000000000e+00
1.000000000000000000e+00
4.397793418237573304e-01
-7.918688959654480719e-01
-7.481417883609489117e-01
1.025777829800872676e-01
3.570530030356560136e-01
-4.583219565656949102e-01
6.049350354908726857e-01
7.603824175264877194e-01
-8.414985697936664399e-01
-1.000000000000000000e+00
-1.000000000000000000e+00
1.000000000000000000e+00
1.000000000000000000e+00
1.000000000000000000e+00
-1.000000000000000000e+00
1.000000000000000000e+00
-5.943431834971180105e-01
-9.114502901764716114e-01
-1.000000000000000000e+00
3.990859670792681335e-01
-1.000000000000000000e+00
-1.315706910826364151e-01
-1.000000000000000000e+00
-5.103303916587664801e-01
1.000000000000000000e+00
-8.581793347439282682e-01
8.870380221528428866e-01
-1.000000000000000000e+00
6.345893526508088467e-01
-7.578346027844109489e-01
1.000000000000000000e+00
1.000000000000000000e+00
8.268887709949244158e-01
-1.000000000000000000e+00
7.658244613796075795e-01
-1.000000000000000000e+00
-4.707959005663407970e-01
-1.000000000000000000e+00
-1.000000000000000000e+00
-4.277019469976960364e-01
-9.592977209252147031e-01
5.812292899174413829e-01
-1.000000000000000000e+00
-3.079485610323376976e-01
-1.000000000000000000e+00
-1.000000000000000000e+00
-5.416692567656244961e-01
5.649933529701525181e-01
-1.000000000000000000e+00
-7.105039086332920473e-02
1.085560884712508667e-01
-1.000000000000000000e+00
5.621221316676056762e-02
9.954415460494812073e-01
1.000000000000000000e+00
9.775068015304704261e-01
-3.345790408662553395e-01
1.000000000000000000e+00
1.000000000000000000e+00
5.717817822334948508e-01
1.000000000000000000e+00
-6.259953560162209163e-01
-8.748194371247000056e-01
9.556002183148490925e-01
7.802649651048354507e-01
1.297424260422280762e-02
-1.000000000000000000e+00
-3.972654566524131403e-01
-1.000000000000000000e+00
-1.000000000000000000e+00
-1.000000000000000000e+00
-1.000000000000000000e+00
-1.000000000000000000e+00
-1.000000000000000000e+00
1.000000000000000000e+00
1.000000000000000000e+00
-1.079296288298539075e-01
1.000000000000000000e+00
6.151121893831882348e-01
1.000000000000000000e+00
1.000000000000000000e+00
-1.000000000000000000e+00
-1.000000000000000000e+00
-6.065463152168956151e-01
8.201939296762219556e-01
-3.579593679719081933e-01
1.476757769131898934e-01
1.955310526015091865e-01
7.332050834185406263e-01
-1.000000000000000000e+00
-1.000000000000000000e+00
-1.000000000000000000e+00
1.000000000000000000e+00
-4.201258765887386226e-01
-5.389325861660544392e-01
-9.591614617400068266e-01
-1.000000000000000000e+00
-1.708325089070644731e-01
7.954678250260274197e-01
-7.585510748721020491e-01
3.396936374638548917e-01
1.000000000000000000e+00
-6.322495734804930434e-01
-1.000000000000000000e+00
1.000000000000000000e+00
-1.000000000000000000e+00
6.213807695087824046e-01
-7.676424310798477535e-01
-1.000000000000000000e+00
1.000000000000000000e+00
1.000000000000000000e+00
-1.000000000000000000e+00
1.000000000000000000e+00
1.000000000000000000e+00
-2.315423074715945440e-01
7.609506027200308997e-01
-7.567022659024685849e-01
1.346138286195868727e-01
1.032330499707606042e-01
1.000000000000000000e+00
-1.000000000000000000e+00
7.667577822698616874e-01
2.339960972696803199e-01
-8.301741594831580917e-01
1.000000000000000000e+00
-3.443664897731550378e-01
-1.420875738115452425e-01
-8.573003438556958677e-01
-1.000000000000000000e+00
1.000000000000000000e+00
3.486158560182572863e-02
-1.000000000000000000e+00
1.000000000000000000e+00
-1.000000000000000000e+00
1.000000000000000000e+00
1.000000000000000000e+00
-5.023408204224655282e-01
1.000000000000000000e+00
9.099635976312320240e-02
1.000000000000000000e+00
1.000000000000000000e+00
1.000000000000000000e+00
-5.549429774103797897e-01
1.927073345431092877e-01
-1.000000000000000000e+00
-5.783639695045670326e-01
1.000000000000000000e+00
1.000000000000000000e+00
-1.000000000000000000e+00
-2.511039883168239562e-01
-7.996632145533199010e-01
-2.553558449739318226e-01
8.466395068542788005e-01
1.000000000000000000e+00
-5.514019276245738510e-01
1.000000000000000000e+00
-6.020487649245525041e-01
3.547731741114372728e-01
1.000000000000000000e+00
-2.951522175734893061e-01
-1.000000000000000000e+00
-1.000000000000000000e+00
6.723144224081987197e-01
1.000000000000000000e+00
-6.003124061601863293e-01
-5.252621819338373910e-02
3.926288655430321128e-01
-1.000000000000000000e+00
1.000000000000000000e+00
5.450272291372625366e-01
1.000000000000000000e+00
-1.000000000000000000e+00
-1.751995818480353018e-01
-1.000000000000000000e+00
1.000000000000000000e+00
1.000000000000000000e+00
-1.000000000000000000e+00
1.909687944456439634e-01
1.000000000000000000e+00
-1.000000000000000000e+00
2.604974278616192795e-01
-9.965350982402958468e-01
1.010664676652126559e-01
1.000000000000000000e+00
-4.433660747786283274e-03
-6.137975444510678225e-01
-1.820020114389564458e-01
-1.000000000000000000e+00
4.010908376040345225e-02
1.000000000000000000e+00
5.616974352734145359e-01
-2.251183051361518306e-01
1.000000000000000000e+00
-1.000000000000000000e+00
7.469469830048647285e-02
9.577326452663437184e-01
-1.000000000000000000e+00
3.264703133037814009e-01
-5.416463036096508255e-01
-3.062045291816295478e-02
2.274393867292111571e-01
-1.000000000000000000e+00
-4.049643365385436899e-01
1.000000000000000000e+00
-9.835208451193854229e-01
-1.000000000000000000e+00
5.909737086148363350e-01
-1.000000000000000000e+00
1.000000000000000000e+00
-8.143211617595521590e-01
-1.000000000000000000e+00
-1.062272377407866286e-01
-1.000000000000000000e+00
-4.292142486428733861e-01
-1.650436633946571474e-01
2.603700690170748233e-01
9.214693923222176952e-01
9.780514026345625833e-01
-1.000000000000000000e+00
-2.412893199604263239e-01
1.000000000000000000e+00
8.245599553409432847e-02
3.363896151009571067e-01
-7.979667024955644505e-01
8.913342016777783261e-01
-1.000000000000000000e+00
-1.000000000000000000e+00
-3.548832586945218082e-01
4.164806393684635233e-01
-3.498586703435005996e-01
1.000000000000000000e+00
-1.000000000000000000e+00
1.219257837650389309e-02
-1.000000000000000000e+00
9.805734296182255783e-01
3.229038277162957771e-01
-1.000000000000000000e+00
2.498162407868870227e-01
-9.710799542256396411e-01
-1.000000000000000000e+00
4.935830194474347676e-01
1.945051502689165712e-01
-1.000000000000000000e+00
6.347636670482015298e-01
-1.000000000000000000e+00
-1.000000000000000000e+00
1.000000000000000000e+00
-8.346537258162258777e-01
-1.000000000000000000e+00
3.829528786604496915e-02
1.340221055931898331e-01
1.000000000000000000e+00
-1.842243695873537757e-01
1.000000000000000000e+00
-1.000000000000000000e+00
8.148935324664329238e-01
-8.083032177537277096e-01
4.823946302303970812e-01
1.000000000000000000e+00
4.809942913733675773e-01
-1.000000000000000000e+00
2.929010557589881714e-01
-1.000000000000000000e+00
7.870752013395199143e-02
1.000000000000000000e+00
1.803813862130314583e-01
3.549185997385676528e-01
-1.000000000000000000e+00
-7.301463180053059387e-01
-1.000000000000000000e+00
1.000000000000000000e+00
1.000000000000000000e+00
1.000000000000000000e+00
-8.265285672097126835e-01
-5.356995610813030106e-01
1.000000000000000000e+00
-5.097767586345793023e-02
-1.000000000000000000e+00
3.071775024518942354e-01
-1.000000000000000000e+00
-1.000000000000000000e+00
1.000000000000000000e+00
-1.000000000000000000e+00
-1.000000000000000000e+00
-1.000000000000000000e+00
-1.000000000000000000e+00
-3.690103027002442082e-01
-6.103066204930654992e-01
1.000000000000000000e+00
4.176284186285120770e-01
1.000000000000000000e+00
-7.370603356371482340e-01
2.575410962820943728e-01
1.000000000000000000e+00
-9.047490158863691345e-01
-9.573343636248798916e-02
1.000000000000000000e+00
8.349484593183159609e-01
3.664693218988649415e-01
2.679397348904633547e-01
4.480173288835782031e-01
3.618778700786238200e-01
1.000000000000000000e+00
-5.448691851482700965e-01
-1.000000000000000000e+00
-6.910073767675253276e-01
-3.439613053320319525e-01
-1.000000000000000000e+00
-6.542028414335048225e-01
-1.678500046255765876e-01
-1.479243516941607384e-01
-5.406717470233062262e-01
9.293162725868058249e-01
6.700968564704168351e-01
7.277445170029985810e-01
-1.000000000000000000e+00
-1.000000000000000000e+00
-8.666059274543922442e-01
-7.728732805492939395e-01
-1.000000000000000000e+00
1.000000000000000000e+00
-1.000000000000000000e+00
-5.928051417850626059e-01
-1.000000000000000000e+00
1.000000000000000000e+00
-1.000000000000000000e+00
1.000000000000000000e+00
-1.000000000000000000e+00
-1.000000000000000000e+00
-1.000000000000000000e+00
-6.898203980447101813e-01
1.000000000000000000e+00
1.000000000000000000e+00
-1.000000000000000000e+00
3.270691317098173290e-02
1.116911157950690736e-01
-6.221094352134224348e-01
-5.012362447890286177e-01
1.000000000000000000e+00
-1.000000000000000000e+00
-4.985519548103473086e-01
9.733586532282948456e-01
1.000000000000000000e+00
-1.000000000000000000e+00
-1.000000000000000000e+00
-5.182416990327739503e-01
-6.319219224218408648e-02
-6.975010072856280274e-01
-7.242265952629449721e-01
1.000000000000000000e+00
-1.000000000000000000e+00
7.154286309998156845e-01
7.992305773893889631e-01
1.000000000000000000e+00
1.000000000000000000e+00
1.000000000000000000e+00
2.572107847471178377e-01
3.623589942913884032e-01
3.764417054113665673e-01
-3.292936594387452232e-02
-1.000000000000000000e+00
6.562570132013592072e-01
-2.768851785420244349e-01
-1.000000000000000000e+00
-1.000000000000000000e+00
4.598854918031043404e-01
8.472633062060266340e-01
1.000000000000000000e+00
-1.000000000000000000e+00
1.000000000000000000e+00
1.000000000000000000e+00
-6.693371492537170120e-01
6.053172793366352611e-01
6.792381263412481385e-01
1.471211950254567302e-01
1.000000000000000000e+00
-7.278709790437329907e-01
-1.000000000000000000e+00
-4.093830321490155022e-01
1.000000000000000000e+00
-1.883731012355918111e-01
1.000000000000000000e+00
1.000000000000000000e+00
1.277209135351763392e-01
-6.852354631322409295e-01
-7.510595460849439631e-01
-5.918364792904351468e-01
-1.000000000000000000e+00
-1.000000000000000000e+00
-5.505986909629759785e-01
-8.385958447398693671e-01
5.195077545423981702e-01
1.000000000000000000e+00
6.429199132366797409e-01
-1.000000000000000000e+00
-8.327202645449848228e-01
1.000000000000000000e+00
2.335213137012595030e-01
-2.316427683788300218e-01
-1.000000000000000000e+00
9.222545962426649258e-01
-8.018629160899681807e-01
-1.000000000000000000e+00
2.335243495606598163e-02
7.299287201657977953e-01
5.354101572925198393e-01
7.553187234932592364e-01
1.000000000000000000e+00
1.000000000000000000e+00
9.189574924874843731e-02
1.000000000000000000e+00
-7.849882845319475777e-01
-4.249839268891796307e-01
-1.000000000000000000e+00
-1.000000000000000000e+00
5.662363982349359892e-01
-1.000000000000000000e+00
-1.000000000000000000e+00
-5.817430844307689419e-01
-1.000000000000000000e+00
1.000000000000000000e+00
1.000000000000000000e+00
-1.000000000000000000e+00
1.000000000000000000e+00
-9.301666948983815519e-01
1.000000000000000000e+00
1.000000000000000000e+00
3.894667280073327298e-01
3.822690875757498441e-01
-1.000000000000000000e+00
-1.000000000000000000e+00
5.085594994975459748e-01
-3.705317719785147235e-01
-7.898032185593417687e-01
-1.000000000000000000e+00
-4.157821316674953915e-01
-9.348723976867330254e-01
-9.645000056598730387e-01
7.056755756995528595e-01
7.222789442917660896e-01
1.000000000000000000e+00
1.706811813454898186e-01
-7.994577159110949349e-02
-2.032458851024208091e-01
3.657280257704793591e-01
1.722182211770548754e-01
-1.000000000000000000e+00
9.107787309756079086e-01
8.370507219490048723e-01
7.120753132702619670e-01
-5.451133620683935588e-01
1.000000000000000000e+00
1.574408000402496843e-01
-2.616982297728639995e-01
-1.000000000000000000e+00
9.253283381504142646e-01
-1.000000000000000000e+00
1.000000000000000000e+00
1.000000000000000000e+00
8.437924803844663035e-01
1.000000000000000000e+00
1.000000000000000000e+00
9.119167761993209886e-01
1.000000000000000000e+00
-2.986878662816050412e-01
-1.000000000000000000e+00
1.000000000000000000e+00
-8.352572537273044162e-01
7.920435788723083625e-01
1.000000000000000000e+00
5.149901763437901847e-01
-1.000000000000000000e+00
1.000000000000000000e+00
-6.054345736117721088e-01
8.553280857410652249e-01
-1.000000000000000000e+00
-1.000000000000000000e+00
-1.000000000000000000e+00
-1.655105205089741904e-01
4.422630531538961907e-01
1.000000000000000000e+00
1.237829438985280639e-01
9.931673990256796314e-01
-2.027203230790677324e-01
-1.000000000000000000e+00
4.863922910568883595e-01
-1.000000000000000000e+00
-1.000000000000000000e+00
-1.000000000000000000e+00
-1.846552667294805716e-01
4.570749866209912193e-01
8.521930185059594098e-01
1.822885943529058694e-01
-3.309334469781262111e-01
1.000000000000000000e+00
1.000000000000000000e+00
2.958501719456094747e-01
-1.000000000000000000e+00
-1.000000000000000000e+00
1.000000000000000000e+00
-8.059812684936842331e-01
-1.000000000000000000e+00
1.000000000000000000e+00
-4.707455279245508772e-01
1.000000000000000000e+00
-1.000000000000000000e+00
4.037772606609064119e-01
1.815387173907676566e-01
-2.115665060194039659e-01
5.145441460731572381e-01
-1.000000000000000000e+00
1.000000000000000000e+00
1.000000000000000000e+00
2.862058768332749192e-01
7.148437856040714689e-01
5.583049320967492513e-02
1.000000000000000000e+00
8.681825202787731843e-01
-8.638281444861554137e-01
-1.000000000000000000e+00
3.081403306369433492e-01
-9.759899536825238364e-01
-9.638275536902841667e-01
-2.124136008373289641e-02
-7.546756272948409450e-01
-1.000000000000000000e+00
-1.000000000000000000e+00
-1.000000000000000000e+00
-8.698955525982750014e-01
8.724257286715033644e-01
-1.000000000000000000e+00
1.000000000000000000e+00
1.000000000000000000e+00
-9.004818425027301121e-01
-1.000000000000000000e+00
7.080629867901375718e-01
-1.955220459003131905e-01
-6.101479891254455445e-01
1.000000000000000000e+00
-1.000000000000000000e+00
-1.000000000000000000e+00
1.000000000000000000e+00
1.000000000000000000e+00
3.950412128824681846e-01
5.040532586814590044e-01
-2.998032725643529073e-02
4.863165233547548372e-01
-1.000000000000000000e+00
6.499605683478693052e-02
-1.000000000000000000e+00
-1.000000000000000000e+00
5.931942261470402045e-01
-1.000000000000000000e+00
-2.226663892487382723e-01
-7.973120818447725355e-01
-3.058056206311866587e-01
4.131199088888241056e-01
-6.587871830333690282e-01
-5.969718179616723130e-01
4.567848481810041772e-01
-2.801474645765376081e-01
-4.364773751270484281e-01
1.000000000000000000e+00
9.311284529628354178e-01
-8.437703361308979133e-01
7.299974328692833137e-01
7.576756809000635418e-01
-1.000000000000000000e+00
1.000000000000000000e+00
6.821515307055445732e-01
-2.014350551458373439e-01
3.471714861700413435e-01
7.465240815536383634e-01
6.234276250376622475e-01
1.000000000000000000e+00
-1.000000000000000000e+00
-6.794153212228937200e-02
-1.000000000000000000e+00
-4.543056931723229996e-01
1.000000000000000000e+00
1.000000000000000000e+00
1.000000000000000000e+00
1.000000000000000000e+00
-4.522292141784567399e-02
-9.801889152782203851e-01
-1.000000000000000000e+00
1.156424830961896300e-01
-9.100744158869674694e-01
5.018599171326028063e-01
1.000000000000000000e+00
9.147443694364619793e-01
1.000000000000000000e+00
-1.000000000000000000e+00
1.000000000000000000e+00
-6.794451602941307122e-01
1.000000000000000000e+00
-1.000000000000000000e+00
1.000000000000000000e+00
6.928387042453698630e-02
-1.000000000000000000e+00
-7.160221565739015581e-01
4.618498538730994585e-01
1.602666195567077345e-01
-1.000000000000000000e+00
-1.000000000000000000e+00
2.646441318493643613e-01
-7.960617926202235850e-01
-1.499575869311348120e-02
2.408642123008444269e-01
1.000000000000000000e+00
1.000000000000000000e+00
-1.000000000000000000e+00
-1.000000000000000000e+00
-3.469398260420852864e-02
3.814174179060738634e-01
-1.000000000000000000e+00
-9.786189933712299283e-01
8.511875071480812238e-01
-9.671144000701312748e-01
-1.000000000000000000e+00
6.124582750705762635e-01
1.000000000000000000e+00
-5.042416863831103990e-01
-8.264077422952287311e-02
1.000000000000000000e+00
-1.000000000000000000e+00
6.673453584847903741e-01
-1.000000000000000000e+00
-1.000000000000000000e+00
9.477982078006724764e-01
1.000000000000000000e+00
-1.000000000000000000e+00
-1.000000000000000000e+00
-1.000000000000000000e+00
-1.000000000000000000e+00
3.864439556716330326e-01
7.320187593512031965e-01
1.000000000000000000e+00
-1.000000000000000000e+00
5.124874736570588230e-01
-2.780124841497391142e-01
-1.000000000000000000e+00
-1.000000000000000000e+00
-2.864046917140039006e-01
1.000000000000000000e+00
1.000000000000000000e+00
8.682218406942955324e-01
-1.000000000000000000e+00
9.094870333764821790e-01
1.000000000000000000e+00
-3.732289921775016062e-01
-3.180335919522170318e-02
1.000000000000000000e+00
-1.000000000000000000e+00
-1.209717459622856595e-01
5.450793535305699100e-01
1.000000000000000000e+00
-1.000000000000000000e+00
1.000000000000000000e+00
4.770173486971376331e-01
3.487460026600457813e-02
-1.432915150230954504e-01
7.720416015434620194e-01
-1.000000000000000000e+00
-7.560938279220963398e-01
1.000000000000000000e+00
-2.113173690379056557e-01
1.000000000000000000e+00
1.000000000000000000e+00
-4.884700108396724527e-01
-6.881975852263844118e-01
-4.252639579934741620e-01
-9.920566487648830867e-01
-2.071838853893199772e-01
1.000000000000000000e+00
-1.000000000000000000e+00
-1.000000000000000000e+00
6.098436838389209580e-01
8.422204496974176058e-01
-1.000000000000000000e+00
-9.524211455480093846e-01
-7.629185615359477257e-01
1.000000000000000000e+00
1.000000000000000000e+00
1.000000000000000000e+00
2.006780474239341361e-01
4.761616008278906076e-01
7.683450704207606119e-02
6.769476809477021906e-01
3.124022044653671504e-01
-4.576162707625146542e-01
-1.000000000000000000e+00
1.000000000000000000e+00
-1.122419188782900479e-01
-1.873214361509552561e-01
-4.006389503388729789e-01
1.000000000000000000e+00
-1.000000000000000000e+00
-6.148198578862513752e-01
3.323618521782203405e-01
-1.000000000000000000e+00
1.000000000000000000e+00
-1.000000000000000000e+00
-1.000000000000000000e+00
-3.281400343569842448e-01
-1.000000000000000000e+00
-4.517228068644766337e-01
1.000000000000000000e+00
-1.000000000000000000e+00
1.000000000000000000e+00
6.353711850793707372e-01
-1.000000000000000000e+00
-3.768303357781137009e-01
-9.734233537858761887e-01
1.532431348380141056e-01
1.000000000000000000e+00
-5.554321407522080367e-01
9.494457092683442623e-01
1.000000000000000000e+00
-3.864268086723348095e-01
1.000000000000000000e+00
1.000000000000000000e+00
-5.174355921970252847e-01
-3.503171225359626995e-01
4.740747009589671435e-01
1.000000000000000000e+00
1.000000000000000000e+00
-3.089601859155052255e-01
1.000000000000000000e+00
-1.000000000000000000e+00
-1.000000000000000000e+00
-1.000000000000000000e+00
2.172490177282413171e-01
-1.000000000000000000e+00
1.000000000000000000e+00
6.104171230465126330e-01
-7.732140454851879063e-01
-7.070133499121865617e-01
1.000000000000000000e+00
1.000000000000000000e+00
1.456422089213578186e-01
4.098119717650439142e-01
-1.000000000000000000e+00
-2.024884898971604508e-01
1.000000000000000000e+00
7.584570965564960687e-01
7.705697952042138699e-01
1.000000000000000000e+00
-1.000000000000000000e+00
-5.807033416435360973e-01
-8.480684942787879432e-01
-1.000000000000000000e+00
6.867169423761070313e-01
5.343881827768890425e-01
-6.581243099935745189e-01
1.000000000000000000e+00
-8.360494085171025214e-01
-7.337050840790371176e-01
1.000000000000000000e+00
6.312367661342221936e-02
-2.308743912397974718e-01
-1.000000000000000000e+00
1.000000000000000000e+00
-1.000000000000000000e+00
-1.264175403509730788e-01
-8.995815307954796447e-01
1.000000000000000000e+00
1.000000000000000000e+00
-1.000000000000000000e+00
4.087395195253457625e-01
1.000000000000000000e+00
-1.000000000000000000e+00
-3.703201584957007686e-01
2.719543518736171617e-01
