1.492720822407307413e-01
1.559783171049597961e-01
-8.539826544515705109e-02
-1.000000000000000000e+00
4.720441117588295432e-01
1.000000000000000000e+00
3.841509352593370785e-01
3.947567143840223780e-01
-7.069327656335352428e-01
1.000000000000000000e+00
1.000000000000000000e+00
3.084676082212479686e-01
-1.000000000000000000e+00
2.243075328437330596e-01
1.891789399657289872e-02
-5.839918659584260041e-01
-1.839145374541611977e-01
-4.592173085270563337e-01
-3.809187893802136737e-01
9.981119074797066837e-01
6.414639927315496370e-02
9.782914650797118750e-01
1.000000000000000000e+00
-5.103273204925259932e-02
1.000000000000000000e+00
-6.567527163284299085e-01
-8.602532805656643022e-01
1.000000000000000000e+00
7.157489691927940711e-01
-1.000000000000000000e+00
1.105207510784914637e-01
1.476843590913578530e-01
-5.563926103717695693e-01
-1.322475732087413647e-01
-2.482989793553576352e-01
-9.725816957560923237e-02
5.685525078814525068e-01
4.956980597388499499e-01
-1.000000000000000000e+00
-4.636732376314472992e-02
1.897145290970467801e-01
3.873202455076496520e-03
-1.413612363038007635e-01
-9.282890418302167657e-01
-9.123562633432351632e-01
3.597456211198961640e-01
7.640140011360834205e-01
8.246659227262925773e-01
1.000000000000000000e+00
-1.000000000000000000e+00
-3.932465671254028461e-01
9.951784353546835327e-01
-1.000000000000000000e+00
6.813929652745420035e-03
5.373518702356298027e-01
-1.000000000000000000e+00
-1.570485700955213115e-01
4.676336902553997477e-01
6.359969975112030882e-01
-6.218719475948569775e-01
-7.520822003682536838e-01
1.000000000000000000e+00
2.201924646153395060e-01
1.265932066647943166e-01
-9.490173184707072496e-01
-8.385698419305063211e-01
-4.801197779963942702e-01
1.000000000000000000e+00
1.000000000000000000e+00
-1.000000000000000000e+00
-1.000000000000000000e+00
-5.057296741060957057e-02
-1.000000000000000000e+00
1.000000000000000000e+00
-1.000000000000000000e+00
-4.028777717741115483e-01
1.000000000000000000e+00
1.000000000000000000e+00
-1.000000000000000000e+00
-1.000000000000000000e+00
1.000000000000000000e+00
1.000000000000000000e+00
-7.310431056845557718e-01
-8.917956340859429787e-01
-2.469957107667243301e-01
3.101152325048227021e-01
5.952186850549758823e-01
1.000000000000000000e+00
4.717415241503929435e-01
6.574252542022041013e-04
8.092286189052365630e-01
-1.000000000000000000e+00
-1.000000000000000000e+00
5.405578847196182979e-01
6.730043801251520685e-01
3.531531578111619663e-01
8.176885248926161198e-01
-1.000000000000000000e+00
-1.084660215339292022e-02
6.382104872857832234e-01
-7.011539981158849688e-01
5.930616884680108836e-01
1.000000000000000000e+00
-8.051975523306128535e-01
3.198508203191116062e-01
-5.928119927984940585e-01
1.000000000000000000e+00
-1.000000000000000000e+00
-8.444905356612696368e-01
-1.000000000000000000e+00
3.387099699451676105e-01
-4.133431958293674602e-01
7.757330221738192866e-02
-4.516817241269938110e-01
2.040821412465901596e-01
4.356533193556249017e-01
-2.416645818593973760e-01
3.894049148502904956e-01
-1.224203275398370594e-01
-3.721323490004676549e-01
1.916074916836281450e-01
-8.939579527116101043e-02
-1.000000000000000000e+00
-5.198960080548118423e-01
6.326919175559426733e-01
-1.000000000000000000e+00
5.549487906764015710e-01
-1.000000000000000000e+00
-7.678857374679083359e-01
-1.000000000000000000e+00
-1.000000000000000000e+00
5.648891341882808503e-02
8.751677178557770720e-01
-8.627544755907073926e-02
4.133364585290846271e-01
1.000000000000000000e+00
-9.396749090367303991e-02
1.000000000000000000e+00
-5.549880874759899330e-01
3.059349154700525819e-01
-6.624940464174958743e-01
-1.000000000000000000e+00
-1.000000000000000000e+00
9.940409638874744269e-01
-3.007347088090933651e-02
1.900262626977334279e-01
1.000000000000000000e+00
1.000000000000000000e+00
-1.000000000000000000e+00
3.376535451135492111e-02
1.000000000000000000e+00
6.247025965117350976e-01
-6.185372050355836260e-02
-3.068190238997672847e-01
4.924294085055768155e-01
-7.594489252690939107e-02
3.551743163727715813e-01
-4.906176605138314328e-01
4.333048953332171438e-01
7.217135884507014376e-01
9.673647587388162217e-02
-1.000000000000000000e+00
9.841976105252627782e-01
-3.935874228667916586e-01
-9.187091672373449702e-01
1.000000000000000000e+00
6.284109327374138854e-01
-6.641420902084408384e-01
4.085667394748338510e-01
-3.426010773602641279e-01
9.943666210287233076e-01
1.000000000000000000e+00
2.644524254254224660e-01
-8.202757221449167302e-01
-8.946544622446443995e-01
2.937098298558891707e-01
-1.000000000000000000e+00
1.000000000000000000e+00
1.000000000000000000e+00
3.711135436571924018e-01
6.944453299378765543e-01
-6.987228479865827957e-01
4.999336600459478031e-01
7.246165695987654143e-01
1.000000000000000000e+00
4.276217567462808344e-01
-1.000000000000000000e+00
4.235757057531382985e-01
1.000000000000000000e+00
1.000000000000000000e+00
5.146132804186982490e-01
4.377032421372665238e-01
-1.000000000000000000e+00
1.000000000000000000e+00
8.132258689645730509e-01
-1.000000000000000000e+00
7.913244435756960904e-01
-1.000000000000000000e+00
1.000000000000000000e+00
1.000000000000000000e+00
-1.000000000000000000e+00
6.197983530496852245e-01
-2.116767620973971087e-01
1.186993305898501466e-01
3.317175382595055622e-02
-1.402944758332325126e-02
1.000000000000000000e+00
3.222566254957098808e-01
4.972778187232481661e-01
7.044676510351495502e-02
8.326894868656865567e-01
2.874670826517137234e-01
8.274115782090811777e-01
1.000000000000000000e+00
1.000000000000000000e+00
-3.502952932056674351e-01
8.475491357747548526e-02
-4.298856357282737628e-01
-3.545461272685139220e-01
2.699071630066441352e-01
-4.333291181944715076e-01
-9.950102623019595471e-01
-1.067235788784770267e-01
-4.276067385576996505e-01
7.174265183749595209e-01
7.178941029420226050e-01
1.000000000000000000e+00
2.789214028858097438e-01
-7.597808356327999668e-01
1.000000000000000000e+00
-9.370554611837444980e-03
3.735639118122895397e-01
1.000000000000000000e+00
-1.000000000000000000e+00
-2.293757361835060404e-01
2.054049044231866517e-01
-4.221466774499413321e-01
1.000000000000000000e+00
-7.967130851245753931e-01
1.000000000000000000e+00
1.000000000000000000e+00
-8.606975822362942230e-01
1.000000000000000000e+00
-1.000000000000000000e+00
-7.752731576464316765e-01
-7.809973609123894711e-01
7.722188259123852205e-01
3.369499613013997585e-01
1.000000000000000000e+00
-3.771557438468261525e-01
-7.647129504178523662e-01
5.201079272077997473e-01
-6.554188539534256952e-01
-5.998945585476584963e-01
6.750354303383695465e-01
4.517917286558649492e-02
-9.938250738102522019e-01
-1.000000000000000000e+00
-6.595855747973418115e-01
7.060747160359250874e-01
4.336651627308112378e-01
5.594621841056359735e-01
-5.317535358794045486e-01
-1.000000000000000000e+00
3.786003932462472799e-02
1.557166451263860829e-01
1.000000000000000000e+00
1.000000000000000000e+00
-1.000000000000000000e+00
-3.130114192659852468e-01
-3.878114148312550302e-01
1.000000000000000000e+00
9.953097711706737627e-01
1.000000000000000000e+00
1.000000000000000000e+00
-2.096739408315305142e-01
1.000000000000000000e+00
-8.766683779555854983e-01
1.000000000000000000e+00
-1.930410605685989600e-01
2.285239424938236286e-01
1.927308256060300817e-01
-3.312275719949990815e-01
-3.987415132198440793e-02
7.454975820869448322e-01
-2.509867558485651129e-02
1.173159562274959100e-01
6.782363192150138165e-01
1.000000000000000000e+00
-1.319254861585947569e-01
6.473223348132274291e-01
-1.000000000000000000e+00
-4.610201570228525947e-01
1.635187360278340385e-01
-1.000000000000000000e+00
2.662127437127225216e-01
2.664797151733047098e-01
-5.480648348046345264e-01
-2.144992984820974780e-01
-1.000000000000000000e+00
-8.936692356166054951e-01
-1.000000000000000000e+00
9.534803018714528289e-01
-4.568861716186971011e-01
-1.652312350644144223e-01
1.378754204953256679e-01
-1.000000000000000000e+00
4.255657200538645601e-01
7.256973613290396141e-01
1.000000000000000000e+00
3.052760748760103837e-01
9.970406700524389043e-01
2.100665624908813200e-01
-8.991288672437544038e-01
4.887037177041689828e-01
-1.000000000000000000e+00
1.703790606156460052e-01
5.705360018684055845e-01
-4.212752592775145799e-02
1.000000000000000000e+00
-7.190319019540079015e-01
-3.662740565228975176e-01
-5.401637100931736546e-01
-1.284533253293196342e-02
-6.429194708134535752e-01
1.000000000000000000e+00
-1.047513342311015977e-01
4.597947993820865054e-01
7.140358355737762563e-01
1.000000000000000000e+00
1.000000000000000000e+00
-5.900098551827446247e-01
1.000000000000000000e+00
-1.094863953895829772e-01
1.000000000000000000e+00
-1.000000000000000000e+00
4.086557274615539859e-01
-3.592501013827904544e-01
-7.096945875486317945e-01
-1.000000000000000000e+00
7.588240691063746768e-01
-4.247746486045240188e-01
-5.421232236035392615e-01
-7.398148989391308827e-01
5.384317394076463398e-02
-5.327597841926555722e-01
-5.567045311738049174e-01
4.493027108967715400e-01
1.000000000000000000e+00
-1.000000000000000000e+00
1.705684285949665702e-01
-9.450743501594821572e-01
-1.000000000000000000e+00
-6.139475609178381976e-01
-1.000000000000000000e+00
-1.114074876288081439e-01
2.557924105498519673e-01
1.000000000000000000e+00
-2.854662288563584727e-01
-1.152938643758683324e-01
6.866490352524741159e-01
5.849589452272591084e-01
-5.114852428128624506e-01
1.870042077278733228e-01
1.000000000000000000e+00
9.690571150281322987e-01
2.240005131607909483e-01
1.000000000000000000e+00
-2.749416049076068291e-01
-1.000000000000000000e+00
-5.419998205153558901e-02
-1.000000000000000000e+00
1.588533866071791256e-01
6.817028263903034402e-01
-8.145139336145768016e-01
-1.000000000000000000e+00
3.400555170155471485e-01
-9.127656981849343598e-01
-1.000000000000000000e+00
1.000000000000000000e+00
-3.835135466211472277e-01
2.802827146623073085e-01
-1.000000000000000000e+00
-1.000000000000000000e+00
-6.498007774083061072e-01
5.702345034653751865e-01
1.000000000000000000e+00
1.000000000000000000e+00
-5.815393189311313105e-01
-1.997080649877171765e-01
-3.576306869264373467e-01
9.928986506455668160e-01
-4.210148138857535138e-01
-1.283469546752606938e-01
-1.000000000000000000e+00
1.000000000000000000e+00
3.383758776528866807e-02
-1.000000000000000000e+00
1.000000000000000000e+00
-7.562354736783076792e-01
6.700172105393137345e-01
-1.000000000000000000e+00
-1.000000000000000000e+00
-5.941293705365070510e-01
1.000000000000000000e+00
-1.884856654514898699e-01
-1.000000000000000000e+00
-8.224587647701799842e-01
-3.673918853904769577e-01
-8.127551871266573691e-02
-6.827775869316357049e-01
-3.128509844353737357e-01
1.000000000000000000e+00
-7.847159101549889826e-01
4.342256301681576280e-01
-1.000000000000000000e+00
1.227787002917193893e-01
7.124125801117764389e-02
-1.000000000000000000e+00
1.000000000000000000e+00
-1.000000000000000000e+00
7.171545274652927349e-01
-9.852118001007327264e-01
-3.509499498775457693e-03
3.789604148887557034e-01
-8.666529746189191030e-01
-2.899389747404174655e-01
-1.144147348845762080e-01
2.915317466358007814e-01
-5.922081796446951873e-01
-1.000000000000000000e+00
-7.312900892840498157e-01
1.000000000000000000e+00
-1.000000000000000000e+00
1.000000000000000000e+00
-8.451512105237130035e-02
2.381149090660091838e-01
4.882854277524091291e-01
1.000000000000000000e+00
-1.000000000000000000e+00
2.377731983874869504e-01
1.000000000000000000e+00
5.489675969617276996e-01
3.008195006278216455e-01
-1.000000000000000000e+00
4.390547683193364581e-02
1.000000000000000000e+00
-9.958380191258293657e-01
-2.320314294241663244e-01
-1.000000000000000000e+00
-4.782409813121475395e-01
5.359888058027499902e-01
-1.000000000000000000e+00
1.000000000000000000e+00
9.476396577526199350e-01
-2.896754870122220105e-01
6.473092315595248003e-01
-3.802794229995318798e-01
1.000000000000000000e+00
-2.725472263088796199e-02
-1.000000000000000000e+00
1.000000000000000000e+00
-1.000000000000000000e+00
1.000000000000000000e+00
-5.003070784355408973e-01
-3.925999213810675292e-01
-3.870000427389137521e-01
-1.000000000000000000e+00
1.000000000000000000e+00
-8.927255860616347682e-01
-1.000000000000000000e+00
1.000000000000000000e+00
1.977075561828826322e-01
-8.114620047974109296e-01
1.000000000000000000e+00
1.453484695463165728e-02
6.790656620558217504e-01
1.460616207301958513e-01
6.937700467822723871e-01
8.054724938595410055e-01
-1.300269967487349687e-02
6.456539280742902287e-01
-1.440497138858769233e-01
2.004810852058552806e-01
7.142232177264574711e-01
-6.078472654604135661e-01
-4.717451489338547743e-02
-6.562684883094580535e-01
-1.000000000000000000e+00
8.677960550397694206e-01
-1.000000000000000000e+00
-3.813269972447754230e-01
1.000000000000000000e+00
1.000000000000000000e+00
-1.000000000000000000e+00
1.000000000000000000e+00
1.000000000000000000e+00
1.000000000000000000e+00
1.000000000000000000e+00
-1.000000000000000000e+00
-1.000000000000000000e+00
8.385791451556231513e-01
-1.000000000000000000e+00
6.474045696147648910e-01
8.893990275658301137e-01
-1.000000000000000000e+00
1.000000000000000000e+00
1.000000000000000000e+00
1.000000000000000000e+00
1.000000000000000000e+00
1.231179875586771444e-02
1.000000000000000000e+00
1.000000000000000000e+00
-1.000000000000000000e+00
9.190015095322170424e-01
-9.299176488149267783e-01
-8.549021834363460526e-01
-4.173136130002429445e-01
-2.603339066516406897e-01
-6.216002902131654295e-01
-3.413812299350883483e-01
-1.000000000000000000e+00
-1.000000000000000000e+00
1.000000000000000000e+00
-7.564091968161512636e-01
-6.202989336137211263e-01
1.531794159117627896e-01
-1.000000000000000000e+00
1.000000000000000000e+00
9.553159629905156880e-01
7.911845153286923837e-01
-1.000000000000000000e+00
-1.000000000000000000e+00
1.473353794184323606e-01
-1.000000000000000000e+00
1.000000000000000000e+00
3.387077081649776666e-02
1.000000000000000000e+00
1.000000000000000000e+00
-6.849794009773557679e-01
-7.639467538158026816e-01
1.904223540281421989e-01
-3.246410300523187020e-01
-1.000000000000000000e+00
-4.374792388797992260e-01
1.000000000000000000e+00
-4.225762661535971132e-01
-7.830661545720032368e-01
-3.016308111132828262e-01
-6.701707500886011637e-01
-1.581254561638978651e-01
-2.714849501630018369e-01
-4.000382560751731265e-01
3.238516061446952699e-01
8.848184532295744198e-01
-1.850348787175762066e-01
1.000000000000000000e+00
3.988933304611128050e-01
-1.000000000000000000e+00
1.000000000000000000e+00
-2.342337679058468514e-01
-7.272049298376672688e-01
7.432876853292942343e-01
8.994482293237824333e-01
1.000000000000000000e+00
1.000000000000000000e+00
-3.944722014930232556e-01
-1.000000000000000000e+00
2.333329235400103396e-01
5.697897580768951364e-01
-1.000000000000000000e+00
4.172455542394831185e-01
-6.324807598392923058e-02
3.116416921029452336e-01
4.089866172967869806e-01
7.258905712609027283e-01
-3.906355920459042563e-01
1.000000000000000000e+00
-4.677677447040421432e-01
-1.000000000000000000e+00
-1.041592573347300682e-01
-6.723517102106435495e-01
6.052603451964748693e-01
6.689022864759140985e-01
-1.000000000000000000e+00
1.000000000000000000e+00
-8.758857550682713766e-02
-2.668394788626223812e-01
3.262898343404195267e-01
-1.000000000000000000e+00
-3.378492081356703203e-01
-1.000000000000000000e+00
1.000000000000000000e+00
-3.115179214568629673e-01
-1.000000000000000000e+00
1.350853492257736432e-01
3.030892414975167592e-01
3.816917989245015019e-01
1.000000000000000000e+00
1.000000000000000000e+00
-8.505429781524066479e-01
8.702678905133598430e-01
-4.537321673934839317e-01
-5.809173394233715371e-01
4.258015158372098485e-02
-8.318966119085929867e-02
1.000000000000000000e+00
-9.521387021369602799e-01
2.820806476976427390e-01
-1.000000000000000000e+00
-6.269644219924015438e-01
1.428409930799322269e-01
4.974542601754579074e-01
7.096916134695114842e-01
-1.000000000000000000e+00
-9.935310459481340173e-01
4.559889986899612890e-01
1.000000000000000000e+00
5.238095892261007691e-01
3.574652260699510142e-01
-1.785188402293950705e-01
8.166745934525213579e-01
2.536565484648131696e-02
-1.000000000000000000e+00
-1.000000000000000000e+00
-7.767142267381252907e-01
1.000000000000000000e+00
7.034747232990903321e-01
-1.000000000000000000e+00
6.209082562153928064e-02
9.413753542758489523e-01
-4.334908383989818925e-01
-6.740048611613147500e-04
-2.062922218996746659e-01
4.198132833811125675e-01
-1.000000000000000000e+00
-1.000000000000000000e+00
-1.249023501153358612e-01
-1.000000000000000000e+00
1.000000000000000000e+00
-2.411471807252504873e-01
6.250899288550042232e-02
9.710677332011524721e-02
-4.834369127334076643e-01
-1.000000000000000000e+00
-2.178470869944022503e-01
-1.000000000000000000e+00
1.000000000000000000e+00
-3.058110564401939069e-01
-2.767676960830841026e-01
-1.000000000000000000e+00
4.195517050241271972e-01
-1.000000000000000000e+00
7.533575376819438008e-01
7.564487076808503740e-01
3.662092648411862106e-01
1.000000000000000000e+00
-2.070612975581290760e-01
4.834478410395466330e-01
6.341791848327910097e-02
4.788725579288521383e-01
1.000000000000000000e+00
8.741284063368010004e-01
1.000000000000000000e+00
-9.125720243725322645e-01
1.000000000000000000e+00
-1.000000000000000000e+00
-1.000000000000000000e+00
-7.670409201444867708e-01
3.041053815658183446e-01
-9.455233734191318407e-01
1.000000000000000000e+00
1.000000000000000000e+00
1.000000000000000000e+00
-1.922296530789142366e-01
-1.451873601693630667e-01
2.022614361218867673e-02
1.000000000000000000e+00
-9.904126864977792488e-01
7.133575992344249883e-01
1.000000000000000000e+00
-1.000000000000000000e+00
-1.000000000000000000e+00
-5.715121177352620041e-01
-1.341339423768905248e-01
-3.642446644902050945e-01
-1.000000000000000000e+00
1.000000000000000000e+00
3.408673510424973796e-01
1.000000000000000000e+00
2.174405758961161506e-01
6.842989582576396446e-01
1.000000000000000000e+00
-1.000000000000000000e+00
1.000000000000000000e+00
1.000000000000000000e+00
2.415318900562447302e-01
1.000000000000000000e+00
-1.000000000000000000e+00
4.910475922006571903e-01
-6.224327339419002403e-01
1.000000000000000000e+00
3.822174659618830517e-01
-9.214559008500976534e-01
1.823486776269258869e-01
1.000000000000000000e+00
-3.872168979861990989e-02
1.829084679075107522e-02
-1.000000000000000000e+00
-1.000000000000000000e+00
-4.766844261920167858e-01
6.290727024025466463e-01
-5.457897796604749274e-01
-6.642571938700823075e-01
-6.204124478964584410e-01
1.000000000000000000e+00
8.419704756554184932e-01
1.000000000000000000e+00
6.888278481406143738e-01
7.182487001513823133e-01
-8.125000432841599229e-01
-7.961198814233352850e-02
-1.000000000000000000e+00
2.419982198418275665e-01
-7.327535106249647434e-01
-1.000000000000000000e+00
6.691475425365144281e-01
-1.000000000000000000e+00
1.000000000000000000e+00
-8.102620616074581728e-01
-7.038773088688660140e-02
-7.522836328882023249e-01
-4.408024220771983304e-02
1.000000000000000000e+00
-3.663922930090323105e-01
-4.490440924792349908e-01
2.928360336310896206e-01
-3.031357685563738635e-01
-1.000000000000000000e+00
-1.000000000000000000e+00
-3.568713979701094163e-01
-7.958623427650809434e-01
9.340046139101654266e-02
1.000000000000000000e+00
-5.395695276106245997e-01
1.715219743381715400e-01
-8.567480716762135851e-01
-1.157545388538103737e-01
8.307031405959278691e-01
1.000000000000000000e+00
9.031993363873758174e-01
-3.277714929039778347e-01
9.454153693681316417e-01
-1.000000000000000000e+00
5.945144671855285834e-01
2.661407109722535025e-01
-1.000000000000000000e+00
1.055356371347389438e-01
-1.000000000000000000e+00
1.000000000000000000e+00
1.000000000000000000e+00
-1.000000000000000000e+00
3.670869097552045268e-01
1.000000000000000000e+00
1.348773988631712384e-01
3.038422016202367848e-01
1.000000000000000000e+00
7.912864122203115969e-01
-7.532151530240566162e-01
-1.000000000000000000e+00
1.106877394426018513e-01
-3.897521147348280146e-01
7.145298145167696680e-01
-2.013001410486146558e-01
-6.826164240419548834e-01
1.242174604275831512e-01
1.000000000000000000e+00
-1.000000000000000000e+00
-4.467441391901847553e-02
-7.992494211482090716e-01
1.000000000000000000e+00
6.017548951528323142e-01
-7.066031491214649352e-01
1.000000000000000000e+00
1.836559333909378311e-01
5.658436579311976189e-01
5.349844889583255103e-02
-1.000000000000000000e+00
1.000000000000000000e+00
-1.000000000000000000e+00
-1.000000000000000000e+00
5.805873649415904669e-01
-8.642737235484071467e-01
-1.425977932206569099e-01
-9.585115835393707151e-01
4.790743844071685409e-01
-1.000000000000000000e+00
-1.000000000000000000e+00
5.641002039713558514e-01
1.636398333033270980e-01
3.650903898864307079e-02
1.000000000000000000e+00
5.558491688508376827e-01
2.829573636874382347e-01
-1.000000000000000000e+00
1.000000000000000000e+00
-3.108587349593527338e-01
-2.071718405638306448e-01
1.772872219300224150e-01
1.000000000000000000e+00
-1.000000000000000000e+00
-2.791240495045183012e-01
-1.784250770682870857e-01
1.000000000000000000e+00
5.539057090823723550e-01
-1.000000000000000000e+00
1.000000000000000000e+00
3.931593531714129286e-01
-1.000000000000000000e+00
-5.639490486626833610e-01
2.967210341270418161e-01
9.862353184151186891e-01
1.000000000000000000e+00
-9.731759786937440593e-01
4.054386938976332067e-01
1.000000000000000000e+00
9.761965717567152589e-01
-7.177188467966890695e-01
-1.000000000000000000e+00
1.000000000000000000e+00
-1.000000000000000000e+00
-1.000000000000000000e+00
1.000000000000000000e+00
1.000000000000000000e+00
-1.000000000000000000e+00
1.000000000000000000e+00
-5.043785921703153319e-01
2.892859542588259170e-01
-5.091577003132427004e-01
9.002288101451348945e-01
-5.166837560967094678e-01
-1.000000000000000000e+00
-9.986717600012027241e-01
-7.756172211390539584e-01
-1.000000000000000000e+00
5.407835819597094362e-01
4.517968738078229629e-01
8.931872987545308451e-01
6.942675004706466702e-03
2.185047675518556609e-01
-1.000000000000000000e+00
-1.000000000000000000e+00
-8.806244301629354565e-01
2.371203179543673878e-01
1.000000000000000000e+00
-3.211834330978726726e-01
4.788071887421093131e-01
7.157105700009178118e-02
1.000000000000000000e+00
3.255189029759440467e-01
6.965887964985508773e-01
-1.728433984351532282e-02
-7.670548226590654384e-01
-1.000000000000000000e+00
-7.094859004655823531e-01
1.872054222061381168e-01
-1.000000000000000000e+00
-1.949176516788188041e-01
2.857674608291640994e-01
1.000000000000000000e+00
4.060550249222160679e-01
-2.688841131811336993e-02
-1.000000000000000000e+00
-3.745694652370555322e-01
-5.278115037845428903e-01
-1.000000000000000000e+00
7.250158353585534066e-01
3.405994730750274702e-01
3.498675782060954864e-01
-1.000000000000000000e+00
-2.083999185210546612e-01
-5.055947293806115628e-01
1.000000000000000000e+00
6.641973705624334423e-01
9.532977132299865763e-01
-5.956996052807110864e-01
1.000000000000000000e+00
-1.000000000000000000e+00
1.000000000000000000e+00
6.110462494726653926e-01
-5.874961659878725762e-01
7.005036495061345292e-01
8.375379197203216552e-01
1.000000000000000000e+00
-2.443444762540602361e-02
-4.944868948498225003e-01
-1.000000000000000000e+00
2.250369096672873159e-02
4.914897153635791049e-01
1.000000000000000000e+00
-1.000000000000000000e+00
1.000000000000000000e+00
8.248060069915515991e-01
-1.000000000000000000e+00
1.000000000000000000e+00
1.000000000000000000e+00
-1.316755881710035547e-01
1.000000000000000000e+00
4.582779936888045635e-02
-7.525249883762115122e-01
5.000163610879831966e-01
1.000000000000000000e+00
1.244152962402463314e-01
8.037783866050132731e-02
-3.339571134444281331e-01
1.566711006646099580e-01
-4.016638870685912410e-01
-1.985501578353237040e-01
-1.825613074415748660e-01
7.244244275549842627e-01
-6.877275620256413646e-02
2.818385396206074534e-01
7.792722298945499171e-01
-4.261810779449723974e-01
1.000000000000000000e+00
-9.605520187923743958e-01
-9.867043099456858091e-01
1.378549407782176661e-01
-1.000000000000000000e+00
3.933877762791680444e-01
2.253740602703611096e-01
3.207491628681340412e-01
1.000000000000000000e+00
9.489676634752490791e-01
-7.063597960007397814e-02
2.149126659128302863e-01
-8.265703406779928430e-03
-1.000000000000000000e+00
1.000000000000000000e+00
1.000000000000000000e+00
-4.472177739454861189e-01
5.269503420102245039e-01
-2.113992530998752006e-01
-6.241425380284247870e-01
-9.603810018624771017e-01
-4.407878551146746648e-01
1.343867288198306864e-01
8.522921080024937757e-01
-3.550174344495683476e-01
-1.000000000000000000e+00
2.980081603788520273e-01
-7.103040598412612150e-01
-1.000000000000000000e+00
2.711400574223400972e-01
-1.000000000000000000e+00
3.413986037734015322e-01
1.979854768312359625e-01
-6.611553606308939735e-01
-2.376736251961197866e-02
-2.963511746423274640e-01
-6.590682387839479350e-01
-1.050742751255198254e-01
6.456633584392560410e-01
9.805822571955616906e-01
-1.712341053855790385e-01
-1.000000000000000000e+00
1.000000000000000000e+00
1.000000000000000000e+00
-2.352049262018514053e-01
-1.870663220018767281e-02
1.000000000000000000e+00
1.179434888837367218e-01
5.305993472405615696e-01
-8.542821731570088284e-01
1.000000000000000000e+00
-1.000000000000000000e+00
-4.350479502686215305e-01
-2.846747138700907453e-01
-5.930966054194960480e-01
-4.197880222874073586e-01
7.042969880522162995e-01
9.131979260644743635e-01
-9.335568418776475363e-01
3.938925487357415323e-01
4.796849753969225083e-01
-7.798563770414536078e-01
5.786504136350285876e-02
-2.325533247445904783e-01
-8.434328204526009287e-01
4.111021318916429634e-01
1.000000000000000000e+00
-1.000000000000000000e+00
-6.350740108034645948e-01
2.244319988300156887e-01
6.512203657023374337e-01
-9.172085192000141163e-01
-1.000000000000000000e+00
-1.000000000000000000e+00
1.000000000000000000e+00
1.893301040166267546e-02
-1.501497368725204229e-01
-7.666926325459073599e-01
1.000000000000000000e+00
-5.062003769984138035e-01
-4.474652611120861212e-01
-2.185724269449439428e-01
-1.000000000000000000e+00
-5.926963192730533292e-01
1.000000000000000000e+00
1.000000000000000000e+00
-1.032084361496556635e-01
-1.000000000000000000e+00
1.000000000000000000e+00
3.847378468736930568e-01
-1.000000000000000000e+00
-1.000000000000000000e+00
-3.289007638788543630e-01
-7.882673529277878233e-02
1.000000000000000000e+00
1.000000000000000000e+00
-2.392655276008464060e-01
-7.511261818906661558e-01
1.000000000000000000e+00
-1.000000000000000000e+00
1.000000000000000000e+00
4.866840502497562504e-01
7.638320760177257362e-01
1.000000000000000000e+00
-4.817750790541217715e-02
6.979682932718351829e-01
-1.000000000000000000e+00
-3.675231947222267204e-01
-1.000000000000000000e+00
2.982969056425212595e-01
1.000000000000000000e+00
1.000000000000000000e+00
-1.000000000000000000e+00
-3.411435127043914717e-01
8.177544224404214024e-01
-1.000000000000000000e+00
1.000000000000000000e+00
4.281913372422881947e-01
2.362748630459475530e-01
1.337961401016142526e-01
-4.856756077382565762e-01
-5.314454980153038299e-02
-3.663843546444587318e-01
4.707036172180311118e-01
-1.000000000000000000e+00
4.904891376514188273e-01
1.000000000000000000e+00
-8.043096058645837765e-01
4.743587599643299402e-02
-1.000000000000000000e+00
-8.052139724524749465e-01
2.988030474897764299e-01
-1.000000000000000000e+00
-7.919828680920751873e-01
-6.253595629102062237e-01
-5.579673923181085460e-01
1.000000000000000000e+00
-1.786305337556629291e-01
1.000000000000000000e+00
1.000000000000000000e+00
1.000000000000000000e+00
-1.000000000000000000e+00
1.000000000000000000e+00
-1.250368059875670013e-02
1.000000000000000000e+00
1.000000000000000000e+00
-2.605503059109354203e-02
-6.526373194086289020e-01
-1.000000000000000000e+00
1.000000000000000000e+00
2.487081512459343724e-02
1.881079818051110686e-01
-8.472955518002722730e-01
-2.761580361741262091e-01
-3.682642190336298249e-01
5.997558757752289305e-01
4.292471933468833267e-01
9.052860464900154280e-01
1.000000000000000000e+00
2.078462226884381370e-01
-1.000000000000000000e+00
2.933467599030527562e-01
-1.000000000000000000e+00
3.243668941459207922e-01
-1.000000000000000000e+00
8.317573366554353864e-01
-3.077453249519083167e-01
-1.000000000000000000e+00
-3.581180254293465648e-01
2.315788300137076317e-01
-8.956215821666454469e-01
1.000000000000000000e+00
-1.000000000000000000e+00
-4.912436197712114483e-01
1.142674924290879024e-01
-1.000000000000000000e+00
-1.000000000000000000e+00
1.815542199516129718e-01
-1.000000000000000000e+00
1.000000000000000000e+00
-1.046904343300689155e-01
5.363635005275829704e-01
6.522509655365974490e-01
6.108430466098161427e-01
-9.713432933354473331e-01
7.044184236398018939e-01
-2.749047185023110185e-01
-1.000000000000000000e+00
-2.696767488665413603e-01
9.022909990174088346e-02
-1.000000000000000000e+00
-9.591886040469752017e-02
-1.000000000000000000e+00
4.595834852143105276e-01
-2.645012652089471228e-01
1.000000000000000000e+00
-5.378348832984093386e-01
-5.177627725372678791e-01
-7.549985876436952070e-01
3.871991333713332706e-01
1.000000000000000000e+00
6.344009335823800333e-01
-5.245421981508826548e-01
6.291127317498593774e-01
3.804149902761809199e-01
-4.259236039935572204e-01
1.000000000000000000e+00
-2.596997203922886688e-01
-5.153629795265449731e-01
-1.649919683579818830e-01
-1.000000000000000000e+00
-5.252800059140509958e-01
-1.000000000000000000e+00
-1.000000000000000000e+00
5.092218840774561661e-01
-1.000000000000000000e+00
5.169970937905031816e-01
2.308751145262375459e-01
-1.000000000000000000e+00
7.547203714870391877e-01
-4.876585962823103415e-01
3.247664102253151053e-01
7.729039522974464616e-01
-1.000000000000000000e+00
1.000000000000000000e+00
4.115378298269712354e-01
1.000000000000000000e+00
4.771631842399797763e-01
-6.173842729256296541e-02
-1.000000000000000000e+00
1.000000000000000000e+00
-2.854945955140940350e-02
8.322259557680071751e-01
-1.000000000000000000e+00
1.000000000000000000e+00
1.689471990584677785e-01
-8.280538940953072191e-02
-1.000000000000000000e+00
1.000000000000000000e+00
5.201269540971102945e-01
3.820725321229062610e-01
-3.887723477959177387e-01
-1.000000000000000000e+00
-1.000000000000000000e+00
-1.000000000000000000e+00
6.545538364533277642e-01
1.000000000000000000e+00
1.000000000000000000e+00
5.336255784207902808e-01
4.850424538403776964e-01
-4.744005901220782473e-01
1.000000000000000000e+00
1.000000000000000000e+00
1.000000000000000000e+00
-4.381776244518632013e-01
1.000000000000000000e+00
3.396570302863629043e-01
3.941023985981371713e-01
-8.262648881424716762e-02
1.057073591872383506e-01
-2.376846524596678278e-01
-6.490494076179981198e-02
9.120716759230382831e-01
1.865460763817026191e-01
-8.501088514256942563e-01
7.567565101289899787e-02
1.000000000000000000e+00
-3.239748564482086701e-01
5.978026723029179479e-01
5.305860715879877620e-01
-1.036138087383140921e-01
2.286558942468185363e-01
1.283694577378331203e-01
1.000000000000000000e+00
-3.457049933539598774e-01
-8.485577860296389385e-01
5.477956714250988846e-01
1.000000000000000000e+00
-1.000000000000000000e+00
1.000000000000000000e+00
-1.000000000000000000e+00
7.869721214408011978e-01
-1.000000000000000000e+00
-1.000000000000000000e+00
-2.141189500904784326e-01
9.653296721173877382e-01
-2.716217516900949480e-01
-5.108634713334671978e-02
1.258605975963442980e-01
-4.641601273397369387e-01
1.000000000000000000e+00
1.000000000000000000e+00
-9.876416776629737271e-01
1.000000000000000000e+00
1.000000000000000000e+00
4.640705328252914263e-01
1.000000000000000000e+00
-4.595108797169428216e-02
-3.712542019415412953e-01
6.009816353359626051e-01
-7.201954829785854606e-02
-3.949971420586587123e-01
-7.808541871210696872e-01
-1.000000000000000000e+00
2.487797387977368768e-01
1.000000000000000000e+00
-2.013075928927651193e-01
6.587976194626218862e-02
-1.000000000000000000e+00
9.445848469205764264e-03
-6.504916772267426150e-01
-8.128828566994585891e-01
1.620280922397065171e-01
1.000000000000000000e+00
-4.633485509424459248e-02
3.800527061239579174e-01
7.995619335316077603e-01
8.921767001713749590e-01
7.224278193438317119e-01
-1.000000000000000000e+00
-2.821294199589083340e-01
-6.051623816027040803e-01
2.145200022499966497e-01
1.000000000000000000e+00
1.000000000000000000e+00
6.130277517448298186e-01
4.981946829196524651e-01
9.331537608249804716e-01
2.395402839534376271e-01
5.409509561292012991e-01
1.000000000000000000e+00
-4.265464938175847487e-02
-1.000000000000000000e+00
-2.069984656891566688e-01
-8.090887755138351789e-01
-8.856349467494868399e-01
-9.227459645911879615e-01
-1.093636696012605103e-01
1.408717439281219896e-01
-1.000000000000000000e+00
2.598286602343203855e-01
1.000000000000000000e+00
-1.000000000000000000e+00
1.000000000000000000e+00
1.000000000000000000e+00
-1.798785465716210286e-01
-4.969260829927933942e-01
-5.211446793398845090e-01
-1.568476200862266856e-01
1.252535474164579443e-01
5.043079020778293287e-02
-1.000000000000000000e+00
-4.839297234154636418e-01
1.750738760923233051e-02
-1.000000000000000000e+00
7.792268776149038345e-01
1.010269970144578033e-01
-5.111823998244156009e-01
-3.350266353510116812e-01
-2.921340034483014270e-01
1.000000000000000000e+00
-6.127832424492690722e-02
-1.000000000000000000e+00
1.000000000000000000e+00
-1.056288824761536516e-01
-3.189814429381878647e-01
1.000000000000000000e+00
-1.000000000000000000e+00
1.000000000000000000e+00
7.715154108011051948e-01
-8.172525723014628651e-02
9.824771051573359948e-01
-1.000000000000000000e+00
8.883562744836647207e-01
1.000000000000000000e+00
-1.000000000000000000e+00
2.558478736766955919e-01
2.373947262289410887e-01
-4.695284780942344804e-01
-5.541060313603494158e-01
1.000000000000000000e+00
1.000000000000000000e+00
-8.312604279116610206e-02
-3.463874116589221730e-01
-1.618748095035506540e-01
-4.227650666084111775e-01
1.552185754334670653e-01
-7.178539888904118538e-01
-1.000000000000000000e+00
-7.678767263493446737e-01
-1.000000000000000000e+00
1.000000000000000000e+00
9.779133226978176108e-01
-9.927136266042132506e-01
-4.741534593495533301e-01
1.000000000000000000e+00
1.000000000000000000e+00
-1.768573335035485417e-01
1.000000000000000000e+00
-5.525941824326927598e-01
1.000000000000000000e+00
1.000000000000000000e+00
-6.664933052605792607e-01
-9.397634761254112234e-01
1.000000000000000000e+00
-2.086628648069201730e-01
-3.160151878277031035e-01
-1.000000000000000000e+00
-3.351224742806709900e-01
1.000000000000000000e+00
8.998242219220955462e-01
1.000000000000000000e+00
8.426755008936116509e-01
-1.000000000000000000e+00
1.000000000000000000e+00
-4.211876929284581739e-02
-6.659208712710269484e-01
7.317427226595467626e-01
7.161362043096068941e-01
4.768624175718859659e-01
-1.000000000000000000e+00
6.348316883769671293e-01
-7.624262892937936353e-01
-3.430732460617640922e-01
-9.545785721705758453e-01
3.157652408538248467e-01
-2.453481568511984290e-01
5.067848829158534407e-01
-1.000000000000000000e+00
-4.863266733195651392e-01
5.409270170726094840e-01
7.044300863388913703e-02
3.294558849495490271e-01
-1.991289796726515293e-01
-1.345259708499536022e-01
8.134754656730843747e-01
1.000000000000000000e+00
1.000000000000000000e+00
-1.806708496204577907e-01
1.000000000000000000e+00
2.327246804322992135e-01
1.000000000000000000e+00
-1.000000000000000000e+00
-6.453078515644634638e-01
1.000000000000000000e+00
-1.000000000000000000e+00
-5.974030326379844436e-01
-7.510841324629824456e-01
-9.377766325072187659e-01
-4.345600620567408034e-03
-2.049835564323894965e-01
-2.921844969489225119e-01
2.542370064495870774e-01
9.141989609686340668e-01
1.000000000000000000e+00
-1.000000000000000000e+00
1.319642544911960036e-01
4.018043231670417326e-01
2.349302979134889613e-01
-8.184625509679143152e-01
-1.000000000000000000e+00
2.636181557594527991e-01
1.000000000000000000e+00
1.000000000000000000e+00
6.791289974745355895e-01
3.546324810922760196e-01
-9.768116766050636279e-01
5.522357784792836233e-01
-1.381898143121568223e-01
1.000000000000000000e+00
-1.000000000000000000e+00
5.398739175863707107e-01
4.513562280805648308e-02
-1.327954927808844832e-01
-9.685243733360906493e-01
1.601943798981623202e-01
1.713119312666797622e-01
1.000000000000000000e+00
-3.678453415121679115e-01
-8.602196268316399941e-01
1.000000000000000000e+00
-7.995113341007303864e-02
-5.800939273563293641e-01
-2.802121750533193012e-01
1.000000000000000000e+00
-1.000000000000000000e+00
-7.802073344662208143e-01
6.224116274821648309e-01
3.704149038448900089e-01
-7.048518644532146826e-01
8.477032861842720424e-01
-7.443785620361055289e-01
-9.156645430125229246e-02
-1.000000000000000000e+00
-3.291284301110558586e-01
-8.876552422554637722e-01
-7.857273987255277703e-01
1.311181151970623460e-01
-3.376655539548294449e-01
1.000000000000000000e+00
5.298454318745393632e-01
5.261990985082480865e-01
1.103064002016218709e-01
9.643406499255955389e-01
4.871172364693131529e-01
2.726673036838920261e-01
-1.000000000000000000e+00
4.702557745669419531e-01
3.265631490110293411e-02
1.886455537392192627e-02
5.736169988025632271e-01
-7.072535908946989691e-01
7.033665575957728233e-01
-2.627944154360851159e-01
2.725185719627321035e-03
-1.000000000000000000e+00
1.000000000000000000e+00
-6.263605046259110853e-01
1.000000000000000000e+00
8.377002220161103851e-01
6.160938426307521754e-01
-7.268602356833164801e-01
2.910144016363588881e-01
-1.000000000000000000e+00
8.190633727377361062e-02
6.885973610271194367e-01
1.000000000000000000e+00
-1.000000000000000000e+00
7.704743225540719442e-02
1.000000000000000000e+00
6.726298380792480325e-01
1.554993066402451940e-01
-1.000000000000000000e+00
-1.000000000000000000e+00
6.805238000148619015e-01
-1.000000000000000000e+00
2.415730000596487403e-02
6.355928659473242259e-01
3.633417170377303274e-01
5.985783496437396822e-01
-1.000000000000000000e+00
3.838507550397373125e-01
4.893051680376138690e-01
-1.000000000000000000e+00
-1.116373673752111967e-01
5.838281867012475868e-01
1.000000000000000000e+00
-2.718004392272863057e-01
1.000000000000000000e+00
8.396018928222013233e-01
3.725062068694452722e-02
-2.204539067377472850e-01
-2.911644967428145270e-01
1.862366278277601539e-01
2.427658363823241294e-01
-1.000000000000000000e+00
-9.276410751804473609e-01
-3.101313914742828692e-01
-3.911764298455445155e-01
1.000000000000000000e+00
7.776054105425529439e-01
-8.543894797179909517e-01
-7.024552168459254897e-01
-1.000000000000000000e+00
1.000000000000000000e+00
8.604792947578429607e-02
-8.589739395265807431e-01
-1.000000000000000000e+00
-5.141119108506344570e-01
-6.123316584331642970e-02
-1.155225967274406823e-01
1.000000000000000000e+00
-8.588254790569499475e-01
-8.807198387092619596e-01
1.689476670338491415e-01
1.000000000000000000e+00
1.000000000000000000e+00
-1.000000000000000000e+00
-2.666550712205890683e-01
1.000000000000000000e+00
6.360877219370466573e-01
-9.356436905006362270e-01
-1.000000000000000000e+00
7.251040384558860019e-02
-3.948949680941851170e-01
9.170035228550330597e-01
-8.574694623410504812e-01
-1.000000000000000000e+00
1.000000000000000000e+00
-4.626477581458078858e-01
-1.000000000000000000e+00
1.000000000000000000e+00
1.000000000000000000e+00
-1.000000000000000000e+00
1.000000000000000000e+00
-4.280562627002639786e-01
1.000000000000000000e+00
5.645813488067871200e-01
6.017973882539715547e-01
7.340594341967083825e-01
9.525839140898040291e-02
1.000000000000000000e+00
-5.355451602345567830e-01
-1.000000000000000000e+00
-1.000000000000000000e+00
-1.000000000000000000e+00
5.168727124891099312e-01
-1.000000000000000000e+00
-6.093017023782020258e-01
-1.000000000000000000e+00
-1.279545583107176143e-01
-7.179390808874958063e-01
-1.285790589811399154e-01
6.618430156815424681e-02
1.000000000000000000e+00
1.000000000000000000e+00
7.340739188634175516e-01
-1.000000000000000000e+00
1.154689326010859170e-02
-9.640487215364820228e-01
-5.021798446443723751e-01
-7.983973685137490950e-01
4.095828940751692904e-01
-8.013588886808669098e-01
1.000000000000000000e+00
-1.000000000000000000e+00
-1.000000000000000000e+00
1.000000000000000000e+00
1.000000000000000000e+00
4.742396955808956260e-01
-3.612439226492832334e-01
8.080917743839153289e-01
1.000000000000000000e+00
-6.544391735416212885e-01
-4.010889359111678987e-01
8.039130979251309927e-01
-6.411791142864604609e-01
-8.728139390441284062e-01
1.259446373662633234e-01
-4.615478621901315526e-01
-1.000000000000000000e+00
2.783931024394000753e-01
1.000000000000000000e+00
-1.000000000000000000e+00
1.000000000000000000e+00
-6.877167625878751744e-01
5.533446206114872590e-01
2.636657059975413553e-01
-1.885672010058302428e-01
1.000000000000000000e+00
2.513757144034000635e-01
-1.000000000000000000e+00
6.206258598406031446e-01
7.536425220393078162e-01
-1.000000000000000000e+00
6.954752363129744763e-01
-6.242761402503181900e-01
7.187662921821291739e-01
-2.443470448862271327e-02
-4.459208307091400147e-01
9.377972422507521166e-01
1.889092374465140833e-01
-1.000000000000000000e+00
1.000000000000000000e+00
6.056425485942813075e-02
7.147482863551154475e-01
9.092608476734324041e-01
1.000000000000000000e+00
-7.123765148024945315e-01
1.628857345308405424e-01
1.732846117015174325e-02
2.860830036225040507e-01
4.494814911276703850e-01
1.000000000000000000e+00
4.578028056137997681e-02
-6.268424744060513421e-01
4.442972404516448010e-02
-9.399880783481406876e-01
7.354736166620868820e-01
-1.000000000000000000e+00
7.639509786705784844e-01
4.264953252712463394e-01
1.213651008572601969e-01
3.076886034110871693e-01
1.000000000000000000e+00
6.132442871072383284e-01
-1.000000000000000000e+00
-1.000000000000000000e+00
1.000000000000000000e+00
-4.395664567758357233e-01
-1.353676623040032667e-01
1.000000000000000000e+00
1.000000000000000000e+00
-8.288327720262927967e-02
-1.000000000000000000e+00
3.917992110079066004e-02
-3.227267137960762033e-01
-8.714190450116130471e-01
9.832056897963694642e-01
-2.030835086026211989e-01
9.941089049947073875e-01
1.000000000000000000e+00
-7.562230357090491406e-01
-6.996639293398847492e-01
-6.876953585557551429e-01
-2.978175347456719635e-01
3.432586619385156745e-01
-4.218972210739523887e-01
9.135535246325720005e-01
-5.157573855341347491e-01
-9.930638773978690548e-01
4.676496508157675369e-01
-5.477845963183016753e-01
-3.795705438703446122e-01
1.000000000000000000e+00
-1.302320381089528412e-01
4.085429836326536779e-01
-9.755265149402141400e-01
8.929924328358715413e-02
-1.000000000000000000e+00
-1.000000000000000000e+00
1.000000000000000000e+00
-1.000000000000000000e+00
3.494888554782644707e-01
1.000000000000000000e+00
-2.089806552706257037e-01
-1.000000000000000000e+00
-2.933574306955552546e-02
6.412351435513850006e-01
7.847521192060112893e-01
1.000000000000000000e+00
-1.000000000000000000e+00
1.226258455772666345e-01
1.000000000000000000e+00
2.288144207267303609e-02
-5.562544368531051608e-01
-1.058681631537868595e-01
-5.377797303869948919e-01
9.496515531377737185e-01
1.552332512420350752e-01
-7.437586760437385758e-01
-1.000000000000000000e+00
-4.199422141258280505e-01
-2.351760304701078219e-03
-5.178767973521887225e-01
1.416997932474664545e-01
-4.280322531880946246e-01
-7.556627382487788314e-01
-1.000000000000000000e+00
-8.494917181191005140e-01
-1.000000000000000000e+00
-1.000000000000000000e+00
2.191380324596711449e-01
1.000000000000000000e+00
-1.000000000000000000e+00
5.353003168229234499e-01
9.814379357493803191e-01
-9.059738988941239413e-01
-1.912696320752563239e-01
7.273695117060039461e-01
1.000000000000000000e+00
-4.933223598463266635e-01
-1.000000000000000000e+00
-8.685903529419166658e-01
-6.458781951853470593e-02
-2.298399340407351887e-01
-9.583401635506039185e-02
3.779349734956211071e-01
-7.071118631499564433e-01
8.535646810510092442e-01
8.299634403581725162e-02
-1.000000000000000000e+00
-1.000000000000000000e+00
-6.485179139903887169e-01
-1.089275319974711276e-01
1.000000000000000000e+00
9.165904722496945878e-01
1.000000000000000000e+00
-1.475112150867869398e-01
2.588924360981648132e-01
1.000000000000000000e+00
9.858931781511073300e-01
-1.000000000000000000e+00
7.936310832968109796e-01
-9.802324042899505097e-01
-1.000000000000000000e+00
1.216592055594135774e-01
6.513264889552456971e-01
-4.819234722748660937e-02
7.618772345580583361e-01
-1.000000000000000000e+00
4.285762177271553591e-02
1.000000000000000000e+00
8.936430156698823568e-01
2.730666341465054492e-02
-1.325031468442219307e-01
4.085009924105026391e-01
-4.096829241732617422e-01
5.531207507059887618e-01
-1.000000000000000000e+00
1.000000000000000000e+00
1.000000000000000000e+00
2.092031015708006869e-01
5.394395460984759971e-01
2.867760962398633318e-01
3.109277276196502626e-01
2.703708218510780248e-01
1.000000000000000000e+00
1.000000000000000000e+00
8.833766943469906208e-02
-2.571873604125466395e-01
-4.272980874142355834e-01
-1.000000000000000000e+00
1.681380791983670131e-01
-4.789783623870192963e-01
1.000000000000000000e+00
-8.084542572558823803e-01
-1.000000000000000000e+00
2.806706059183439739e-01
-2.180560546496591867e-01
-4.932215507686124045e-01
8.291840044650207187e-01
3.057465135413095503e-02
-2.928713243461910087e-01
9.560926002249964251e-01
6.807519102991863580e-01
7.796579588908054692e-01
-4.976457478063999740e-01
-2.824382216222275366e-01
-4.343996964059816390e-01
-5.417674917926287304e-01
-7.298129349830813073e-01
-7.641838078140834878e-02
1.000000000000000000e+00
9.134358853722795990e-01
4.516091425726480590e-01
2.364778735528912379e-01
-9.907880894143737960e-01
5.814031586396574414e-02
7.689763938996883041e-01
8.306586424835041838e-01
-4.098553600886948312e-01
-1.000000000000000000e+00
-2.870650799049453417e-01
1.708506428147405776e-01
1.000000000000000000e+00
-2.094428900910176305e-01
-1.000000000000000000e+00
4.521901694162949736e-01
1.000000000000000000e+00
-8.356949298462382769e-01
6.405350613804232651e-01
-7.048357207523837653e-01
6.240681173522943936e-01
-8.427144941838473624e-01
1.000000000000000000e+00
8.799028801275268763e-03
1.000000000000000000e+00
1.000000000000000000e+00
-4.348684628216947790e-02
-1.000000000000000000e+00
6.738498534163103737e-02
3.845769609188773863e-01
1.000000000000000000e+00
-4.291851160436369605e-01
-7.834157525863046923e-01
-4.705685185411130345e-01
-9.379499163600994727e-02
5.474830463170903272e-01
5.762224808101268358e-02
-1.390843988008703680e-01
1.000000000000000000e+00
3.003282785042379333e-01
-5.395372710242185565e-01
2.219737152852915008e-01
-7.154518566768947041e-01
1.000000000000000000e+00
4.644686887058462749e-02
1.000000000000000000e+00
8.514126357549854918e-01
1.446312863091995526e-01
-5.756949645926709991e-01
1.168366230240455717e-03
-1.734288434909060372e-01
-1.000000000000000000e+00
3.474110987795053229e-01
1.000000000000000000e+00
-2.695446173036611381e-01
8.354845809711507476e-01
1.000000000000000000e+00
1.000000000000000000e+00
2.772452751236589852e-01
1.000000000000000000e+00
-9.328228102769954289e-01
7.153402975952395382e-01
8.362769766564135399e-01
7.414113289317111888e-02
1.000000000000000000e+00
-1.737331284330355663e-01
1.000000000000000000e+00
-8.959530679360052652e-01
2.411836451870862374e-01
1.000000000000000000e+00
8.502186666307527396e-01
-6.082711885271476770e-01
3.784729073773240859e-01
2.059812107906896506e-01
1.000000000000000000e+00
7.769342734470270351e-01
6.628616464362133698e-01
8.108428395221842222e-03
9.683802478510373790e-01
-5.939297894164305425e-02
-1.000000000000000000e+00
7.963179149701860027e-01
4.014482598318817042e-01
9.388913273945985738e-01
1.241216031030148298e-01
-9.593558456948102497e-01
4.546112957562098433e-01
1.000000000000000000e+00
9.100060005808499053e-01
2.700562577921790108e-01
9.121498381456379922e-01
-1.000000000000000000e+00
1.000000000000000000e+00
-1.000000000000000000e+00
8.144534744202156507e-01
8.963496643039301492e-01
4.258469714122858352e-01
7.235503698304657227e-01
5.261552201928352268e-01
-1.000000000000000000e+00
-1.000000000000000000e+00
1.000000000000000000e+00
1.000000000000000000e+00
4.744551574293086604e-01
-7.455853573514434895e-01
-4.659686649758698618e-01
1.000000000000000000e+00
-1.000000000000000000e+00
-1.000000000000000000e+00
-1.000000000000000000e+00
7.128269882640972388e-02
8.526985719418683773e-01
-1.908729035413068986e-01
3.355876639681895646e-01
-4.661124205581832491e-01
4.549437452227915735e-01
-1.000000000000000000e+00
1.000000000000000000e+00
4.149208204688623614e-01
2.489412101021214185e-01
5.562394139337497601e-01
1.000000000000000000e+00
-9.925875990695894879e-01
-4.029765279037605952e-01
3.725679390783180334e-01
-5.616513387154352666e-01
-1.000000000000000000e+00
1.000000000000000000e+00
7.868662280224116845e-01
9.505563712689037992e-01
-1.000000000000000000e+00
9.644677148592208926e-01
-1.829748903148802619e-01
1.284858783168998930e-02
-1.000000000000000000e+00
1.000000000000000000e+00
-3.955209578348301003e-01
6.616199797961322959e-01
-7.402297285819495754e-01
-1.000000000000000000e+00
8.299720695703549644e-01
1.000000000000000000e+00
-9.820475689157811550e-01
1.000000000000000000e+00
1.000000000000000000e+00
-7.791339348879767757e-01
1.000000000000000000e+00
1.000000000000000000e+00
-7.322603767599106250e-02
8.494765670913675404e-01
-6.881659250607248535e-02
8.452059859419532029e-02
-1.000000000000000000e+00
-8.120618615970652820e-01
-1.538808810613847000e-01
1.000000000000000000e+00
2.889919680883291098e-01
-1.755604079417774355e-01
6.512972510683472382e-01
1.856445677127280258e-01
4.363631703617807944e-01
-1.000000000000000000e+00
8.991621128486628756e-01
1.000000000000000000e+00
2.202550465735826912e-01
9.279311428180547772e-01
-6.227379274465134618e-01
-1.000000000000000000e+00
3.911032635261768586e-02
-8.403532435272987877e-01
9.766050579759993910e-02
5.987596311556553363e-01
1.000000000000000000e+00
-3.933113095098016432e-01
1.000000000000000000e+00
-2.999194294006410910e-01
-6.126344156022318632e-01
-1.000000000000000000e+00
8.235501172069431552e-02
-1.000000000000000000e+00
1.000000000000000000e+00
-1.000000000000000000e+00
-4.842282383739591745e-01
6.856063798815508203e-01
8.461411027846250654e-01
2.736527393235738681e-01
5.717882825474476238e-01
-2.924070746825301326e-01
-1.000000000000000000e+00
-1.000000000000000000e+00
-1.000000000000000000e+00
5.263477417055758556e-01
-1.000000000000000000e+00
2.959032576842485218e-01
-3.300954933442107331e-01
-1.000000000000000000e+00
6.406731824008176091e-01
-2.502107184778907256e-01
1.704078540339316605e-01
5.620575806055270185e-01
1.000000000000000000e+00
1.041502125314651001e-01
-1.000000000000000000e+00
9.433948026121680153e-01
-6.145767733771848595e-01
-1.000000000000000000e+00
-1.000000000000000000e+00
-9.589440293288369332e-01
-8.049425570442361177e-01
1.000000000000000000e+00
-1.000000000000000000e+00
1.960038564923904936e-01
9.925911280499982725e-01
-5.557276000822160000e-01
-1.745024347788016739e-01
1.000000000000000000e+00
1.000000000000000000e+00
2.075531437121387879e-01
-1.000000000000000000e+00
-7.701033522799241027e-01
1.000000000000000000e+00
2.316622422273262316e-01
-5.804705593713147538e-01
-5.459841878966097406e-01
9.998056095247171982e-01
-3.529750164744265839e-01
-7.206897464595791725e-01
1.000000000000000000e+00
1.375626620915301190e-01
1.000000000000000000e+00
1.698696507004684997e-02
3.718897519956306796e-01
-7.627459557226379250e-01
-4.621770290896978217e-01
3.934963723604428809e-01
1.000000000000000000e+00
-1.980854293763755214e-01
-1.000000000000000000e+00
9.869390324644350398e-01
-8.275616685687388063e-01
4.780640309486598460e-01
-5.486456169221278767e-01
-5.899067163950881543e-02
-1.000000000000000000e+00
-9.858476218724328277e-02
-1.000000000000000000e+00
-4.649379362910501801e-01
-3.722625602275734247e-01
1.186768499295198787e-01
-3.598415205673831108e-01
-2.951258481441230153e-01
7.045524235807052449e-01
1.000000000000000000e+00
-8.384827661226580409e-01
-1.382643967619477388e-01
3.837372059220685028e-01
9.550325487682358450e-01
1.581274266726826749e-01
-7.060254246655877086e-01
1.000000000000000000e+00
-8.009291338003547978e-01
1.000000000000000000e+00
5.070475821341863254e-01
6.107320619062559519e-01
3.249488029457504867e-02
1.301060050876401419e-02
-6.077783517631238919e-01
-4.363320043987383157e-01
1.000000000000000000e+00
-1.000000000000000000e+00
-1.000000000000000000e+00
5.383593261219830062e-01
4.017309645669429607e-01
-5.483171567660379830e-01
-1.000000000000000000e+00
2.063928362345943957e-01
8.247607794544611348e-01
-6.918854091284534213e-01
-9.774302541619609430e-01
2.537084560127141897e-01
4.267230910797820131e-02
1.000000000000000000e+00
6.527547585201006752e-01
5.611648311595487382e-01
3.962624920006185825e-01
1.000000000000000000e+00
4.024070873691024675e-01
-4.672105717921312684e-01
1.000000000000000000e+00
7.923973816505940349e-01
9.135733791147986338e-01
1.508531662538881157e-01
-8.663232048970326282e-01
1.752886617975556866e-02
-5.108738777943885312e-01
2.706778482644028871e-01
1.000000000000000000e+00
-1.000000000000000000e+00
5.315958232251194460e-01
2.807512806964703733e-01
-4.201333470314109197e-01
-1.000000000000000000e+00
2.319125955420955898e-01
1.000000000000000000e+00
2.945853967164393516e-01
-6.850688986532450508e-01
-4.957890036920818977e-01
8.705233762421141219e-02
-5.064961076875831303e-01
-3.179072388529084470e-01
3.936780152574785863e-01
2.463519728352139837e-01
-1.105134682487095010e-01
-4.423017188931424593e-02
8.840216200308932404e-01
-7.054021047321299420e-01
4.288380775951430857e-01
-4.429477541933024010e-01
8.924229443675579798e-01
1.000000000000000000e+00
-1.944175511880548435e-01
-1.000000000000000000e+00
4.557989629957819866e-01
-6.887570884467913990e-02
-1.220259720718333551e-03
-2.231865317578292929e-01
-7.910697955904877343e-01
-1.000000000000000000e+00
-8.115267460604830285e-01
1.000000000000000000e+00
9.595632784277710048e-01
1.000000000000000000e+00
1.259264010007674073e-01
9.378227781809341801e-01
-4.187285060885819754e-01
4.285914887799347484e-01
5.169221230898202180e-02
-2.284949156308437312e-01
-6.693339102084465697e-01
1.625847469874178164e-01
-1.000000000000000000e+00
2.958333100669371385e-01
-1.061092273172708489e-01
8.797730240829553239e-01
2.278887033206805079e-01
9.406530781142254938e-01
-3.852122695559678789e-03
-1.000000000000000000e+00
8.526091023483655107e-01
9.781402945293782292e-02
-6.433147396062118828e-01
-1.000000000000000000e+00
-1.000000000000000000e+00
-1.000000000000000000e+00
-9.893612197334038516e-01
1.000000000000000000e+00
-9.901990268508344961e-01
1.000000000000000000e+00
-1.000000000000000000e+00
-4.422372471306736941e-01
-5.820500071609981951e-01
1.000000000000000000e+00
1.000000000000000000e+00
1.608385737931036508e-01
2.511388589875622745e-01
-1.000000000000000000e+00
-4.154299404528565831e-01
-2.716610069089282486e-01
9.655068425067929727e-01
2.693965611290780049e-01
-1.196839934238291131e-01
-9.850064372110767241e-01
1.000000000000000000e+00
5.817983148415213357e-01
5.611986321783566378e-01
-1.036671155185340254e-01
2.410472984851525502e-01
-1.000000000000000000e+00
1.000000000000000000e+00
-4.480404995446758409e-01
-1.000000000000000000e+00
-1.000000000000000000e+00
-7.996837198337931607e-01
-6.943672159780499564e-01
4.399747426959872421e-01
-4.209586178062764417e-02
-1.000000000000000000e+00
4.943866584471474090e-01
-1.000000000000000000e+00
-5.037314075537600022e-01
9.452239201904649724e-01
1.000000000000000000e+00
4.181772801995179978e-01
-2.198044715350602751e-01
-6.565740439439157194e-01
-1.000000000000000000e+00
1.000000000000000000e+00
-2.975274438879059735e-01
-3.679455042090974959e-01
2.872174378294011232e-01
-5.324611285760596502e-01
-5.757897450441794573e-01
6.256455695756149571e-02
7.773060183731865802e-01
-7.428178405090684056e-01
8.502618603295437893e-02
1.000000000000000000e+00
-1.000000000000000000e+00
1.000000000000000000e+00
1.396114817580936807e-01
4.545865885565001929e-01
7.834683893309842828e-01
2.173338242216965588e-02
-1.000000000000000000e+00
-1.000000000000000000e+00
-2.014606839971432306e-01
1.067075334582602703e-01
-6.562620837300260357e-01
1.000000000000000000e+00
1.000000000000000000e+00
-3.127048950851685771e-01
1.000000000000000000e+00
-3.919367348770281811e-01
1.000000000000000000e+00
1.000000000000000000e+00
-1.000000000000000000e+00
9.361960480688554798e-01
9.135378908802633813e-01
-1.000000000000000000e+00
1.000000000000000000e+00
-7.940879405683055614e-01
4.026966797386167252e-01
-1.000000000000000000e+00
-6.282144962386602138e-01
1.000000000000000000e+00
4.175283715118875971e-01
-1.000000000000000000e+00
8.992131635799346934e-02
-1.000000000000000000e+00
1.000000000000000000e+00
8.151240921499935954e-01
3.895286257399365737e-01
-4.575877123364725518e-01
9.953387060797332930e-01
-4.801064206215024943e-02
1.000000000000000000e+00
1.192625910763547709e-01
1.047727970874469117e-01
8.032769880556611675e-01
6.302724302432438641e-01
-2.075743765869138557e-01
-4.760347260141384873e-01
3.161622227041762101e-01
-2.806317554080767773e-01
-1.463490036326449695e-01
-6.161298283134518661e-01
-1.238997174666315870e-01
1.000000000000000000e+00
1.000000000000000000e+00
-1.000000000000000000e+00
2.515933515115696406e-01
8.773695239981950111e-01
-3.183852398461398114e-01
7.274093286566205574e-01
-1.107322235110209108e-01
1.000000000000000000e+00
-1.000000000000000000e+00
-1.000000000000000000e+00
8.542322461260067890e-01
-1.410454304911017420e-01
-4.178769620511224026e-01
9.148988721892348241e-02
1.582848771167668089e-01
1.334679199627196722e-01
1.000000000000000000e+00
6.871725151305431156e-01
1.135170196949275845e-01
1.000000000000000000e+00
-1.931549771891208078e-01
1.000000000000000000e+00
-4.919286559306505491e-01
1.000000000000000000e+00
-4.236456865168770625e-01
-2.325064104632200424e-01
-1.000000000000000000e+00
-8.342695722664386082e-01
-7.543772962187953457e-01
-1.328553413126298266e-01
1.000000000000000000e+00
-1.000000000000000000e+00
1.000000000000000000e+00
1.000000000000000000e+00
-7.237009989505513996e-01
1.000000000000000000e+00
-2.443340194466060988e-01
1.000000000000000000e+00
1.008561229235104689e-03
-7.617524125457395545e-01
-1.827242868061587366e-01
1.000000000000000000e+00
-1.000000000000000000e+00
1.000000000000000000e+00
3.297920168592904377e-01
-1.000000000000000000e+00
2.586030310390007025e-02
2.960279809790282157e-01
-2.502036594436960470e-01
3.988218525340365139e-01
-5.595431752695927408e-01
-1.360897977222249033e-01
1.000000000000000000e+00
1.000000000000000000e+00
3.765352328647625368e-01
-1.697014839011442011e-01
-2.897580847207508192e-01
-3.629279006001915886e-01
1.000000000000000000e+00
6.947675342959815925e-01
-1.000000000000000000e+00
4.535909116362406013e-01
-4.757765219924002253e-01
-2.138036887369971217e-01
-5.330679677440655073e-01
1.000000000000000000e+00
-3.695593309567299922e-01
-1.000000000000000000e+00
2.248703294744060499e-01
1.000000000000000000e+00
-2.846477586561952378e-01
1.659533027457123500e-01
-2.824242712102441044e-01
-1.000000000000000000e+00
-4.833654566746335979e-01
-8.795098574197899310e-01
-1.000000000000000000e+00
1.002113960067475829e-01
2.308277900815403072e-01
1.000000000000000000e+00
1.377331748381062093e-01
2.444350440637518829e-01
-9.447106394767532667e-01
6.884615038733088443e-01
5.640918441376850945e-01
1.000000000000000000e+00
6.647118623556035333e-01
1.000000000000000000e+00
1.000000000000000000e+00
5.852207116749835736e-02
-2.900520129566983019e-01
5.641976898083318481e-01
-1.000000000000000000e+00
5.325140468362908885e-01
-9.739180762335442054e-01
-1.000000000000000000e+00
1.000000000000000000e+00
-9.426381042880049854e-01
-6.848221276636488053e-01
-1.914232518503657943e-01
-5.823905263287143530e-01
5.291522681738881628e-01
-2.999167133638199201e-01
-3.797739634094977057e-01
-5.039137282866201772e-02
-1.000000000000000000e+00
-1.000000000000000000e+00
-2.628716661839023416e-01
1.000000000000000000e+00
8.177358305033295416e-01
4.264064553823316839e-01
1.042819747386019846e-01
2.295175405822674208e-01
2.097443050330558001e-01
1.422540522016406059e-02
-4.017147556544103382e-01
-3.594850091625294564e-01
1.000000000000000000e+00
5.051974066134967689e-01
-1.890984467363254762e-02
-1.000000000000000000e+00
6.098146040099360343e-01
4.891636694076457736e-01
-6.158740543784160248e-01
1.000000000000000000e+00
9.575205364697961241e-02
-2.375770481364539721e-01
-3.275838025302124645e-01
6.161467553920811913e-01
5.908628500421696517e-01
-1.000000000000000000e+00
6.766216255627987008e-01
2.061068821195650158e-01
1.000000000000000000e+00
8.372335879973062944e-01
-9.220000979896199045e-01
-4.693255328491460210e-01
-7.164384390489242360e-01
-5.618944514383906741e-01
1.000000000000000000e+00
1.000000000000000000e+00
-6.702214713169747373e-01
9.294943811040661252e-01
-5.142951630775960403e-01
-4.275263001733408674e-01
-4.961190934242732942e-01
1.000000000000000000e+00
2.441374324140700158e-01
-2.880144561917065138e-01
1.000000000000000000e+00
-1.000000000000000000e+00
-1.000000000000000000e+00
3.684503409227805060e-01
-2.089740379216520338e-02
3.680212359459520965e-01
-1.000000000000000000e+00
-6.247005538815368908e-01
6.363807020548617466e-03
1.000000000000000000e+00
-1.566205460579961906e-01
6.749485118881773937e-01
-7.187643236684297943e-01
-1.000000000000000000e+00
1.954242116151600483e-01
4.603825936404599140e-01
-2.742136003685476942e-01
6.125016191519794262e-01
-4.015115460335425546e-01
-9.378270222262703737e-02
1.000000000000000000e+00
1.935216754862176258e-01
-9.883638165774741857e-01
8.157656517438182098e-01
1.000000000000000000e+00
8.471868590962132461e-02
5.919377036815205440e-01
-3.813539097033785130e-01
1.552461584288981067e-01
3.225573282662979602e-01
1.000000000000000000e+00
-5.760297731190853199e-01
4.616612383877727321e-01
-3.291033781371014988e-01
7.485318255690153189e-01
-1.000000000000000000e+00
-7.253525945099614791e-01
9.517155290790126898e-01
1.000000000000000000e+00
-9.586478303796097666e-01
4.780213699312545472e-01
-4.484814587147056275e-01
1.000000000000000000e+00
3.085222648863535921e-01
1.000000000000000000e+00
3.674188500522462819e-02
1.489158081164691505e-01
2.404299778920096775e-01
9.578159687823145640e-01
-1.000000000000000000e+00
-1.000000000000000000e+00
-2.512643131533147112e-01
4.792607817762647437e-01
-1.000000000000000000e+00
-4.659272414469340373e-01
1.696911408638636376e-01
-9.488500817145770760e-01
1.240236189732769889e-01
-1.000000000000000000e+00
5.158556778439312707e-01
-4.045233148049411920e-01
-1.971936574302513012e-01
-1.000000000000000000e+00
-1.966548179312282152e-01
-9.095244159338439216e-01
-1.424961408311335720e-02
1.000000000000000000e+00
1.000000000000000000e+00
-6.057823391985490691e-01
8.554434386343370278e-01
-9.913281495254899767e-01
-2.420635919105807998e-01
1.000000000000000000e+00
6.544347917765347411e-01
2.332137433417225125e-01
8.353063604951002086e-01
7.582718960772627526e-02
1.000000000000000000e+00
1.985819244005501416e-01
1.000000000000000000e+00
5.464401088335477663e-01
-6.810786549153233782e-01
-1.000000000000000000e+00
2.910417091093660535e-01
6.895257672730069620e-01
-1.000000000000000000e+00
-1.000000000000000000e+00
-7.491359395336278926e-01
1.630111278961265397e-01
1.432560660645407213e-01
1.450676925840030107e-01
-3.425836437252723354e-01
1.000000000000000000e+00
-1.000000000000000000e+00
-5.333211875082475295e-01
7.817730136657867757e-01
1.000000000000000000e+00
1.000000000000000000e+00
1.877172944803687793e-01
-1.217236070093263289e-01
-1.000000000000000000e+00
-1.451775481595966311e-01
7.021872491210094935e-01
-3.634594487205835556e-01
-5.408051120506986997e-01
6.888783076708790976e-01
-6.952311925974588025e-01
-1.000000000000000000e+00
1.274132804526509344e-01
2.890094247201110966e-01
-3.221684171489058723e-01
1.000000000000000000e+00
-7.083383422709274013e-01
1.000000000000000000e+00
-8.550560354443816902e-01
7.112148839013963109e-01
-1.000000000000000000e+00
-7.899533048629667764e-01
1.000000000000000000e+00
-4.321010169687072855e-01
-1.000000000000000000e+00
-2.438555474893028263e-02
1.000000000000000000e+00
-9.910248271097445993e-01
-8.579836587836088269e-01
-3.198684122462780999e-01
-1.000000000000000000e+00
3.132637368614256124e-01
8.149203592532177076e-01
-3.715121125085326659e-01
5.166358446675274330e-01
7.519567099409985023e-01
7.408387090220809323e-01
6.775019018067985899e-01
-8.012243447945442965e-01
2.319970221811332722e-01
1.575355245448366026e-01
-5.908274897393772651e-01
-8.658844444949019836e-01
-1.000000000000000000e+00
1.000000000000000000e+00
-6.118463013718170584e-01
7.526924125151741585e-01
1.261931170065415109e-01
-1.000000000000000000e+00
-4.735263428723441859e-01
7.442125414387431581e-01
-1.000000000000000000e+00
5.338063938125797714e-01
5.258801497612674014e-01
4.246999983018963643e-01
6.286663940281627116e-01
1.000000000000000000e+00
8.888515189853882781e-01
-1.000000000000000000e+00
-1.000000000000000000e+00
1.172277098095656361e-01
5.458509479171456125e-01
-3.585749437030944509e-01
-9.960515279362119889e-03
5.101133754166585765e-01
-1.000000000000000000e+00
1.000000000000000000e+00
-1.000000000000000000e+00
-2.842886696816144809e-01
-1.000000000000000000e+00
-1.815364526170307191e-02
7.322761946230202934e-01
-1.000000000000000000e+00
-4.527737415139757027e-01
1.000000000000000000e+00
1.000000000000000000e+00
3.455281420128539227e-02
1.349181609697416850e-01
-1.000000000000000000e+00
4.142990743220079097e-01
1.000000000000000000e+00
-1.000000000000000000e+00
-1.242688823314762464e-01
8.416578194257060552e-01
4.667578449042666944e-01
1.000000000000000000e+00
9.220411714955171201e-01
1.000000000000000000e+00
2.948636282339723858e-01
-2.856055899961132960e-01
4.593013528749751440e-01
-5.922779055857451541e-02
-1.000000000000000000e+00
1.000000000000000000e+00
-1.000000000000000000e+00
-8.018751651277126191e-01
-8.287759212031609035e-02
1.000000000000000000e+00
7.335677450597647420e-01
-6.439375416346704295e-01
-1.000000000000000000e+00
1.000000000000000000e+00
-1.000000000000000000e+00
-8.295423200655314133e-01
1.000000000000000000e+00
-2.936976547976626328e-01
1.000000000000000000e+00
1.000000000000000000e+00
-3.146212458410452273e-01
-2.189660749612215573e-01
1.000000000000000000e+00
1.000000000000000000e+00
-1.000000000000000000e+00
-1.000000000000000000e+00
-2.564300614104960130e-01
7.788678664405036534e-01
-7.646310451265770913e-01
-9.206948446768402627e-01
6.737195710492125400e-01
-4.112715202579707574e-01
-1.000000000000000000e+00
6.187157921463548593e-01
1.353183433974568251e-01
-3.671337737384211541e-01
-9.945758763086602894e-01
-7.659332252094557258e-01
7.780085709776896064e-01
-1.000000000000000000e+00
1.000000000000000000e+00
-1.000000000000000000e+00
7.425287452207413041e-01
-3.218946746094636935e-01
5.606505115311527510e-01
-2.698846709673156652e-01
9.815744679808353634e-01
1.587515688601576769e-01
-8.823628349583163555e-01
-1.000000000000000000e+00
1.000000000000000000e+00
1.000000000000000000e+00
-1.000000000000000000e+00
1.517782593209837938e-01
-7.660755113292602170e-01
-1.591586135213858277e-01
-1.000000000000000000e+00
-1.000000000000000000e+00
6.630755137822055278e-01
4.223476034635450516e-01
9.172347999234722327e-01
4.027162248596347083e-01
5.988126779769233909e-01
-1.000000000000000000e+00
-5.916779831187137795e-01
-7.058399077355870244e-02
1.000000000000000000e+00
1.000000000000000000e+00
-2.760161225842446830e-01
5.596309445968057350e-01
7.004391610199330875e-01
-1.000000000000000000e+00
-2.601575710130862862e-01
-1.000000000000000000e+00
-4.460709114667127384e-02
6.057591075152065629e-01
-5.870346086757638471e-02
1.000000000000000000e+00
-1.000000000000000000e+00
1.451664211231012969e-01
-3.479052382514994934e-01
-6.909035082321329790e-01
1.072419081001348418e-01
1.473421302717130010e-01
-1.000000000000000000e+00
5.161466588853208526e-01
-5.947609266675125683e-01
1.000000000000000000e+00
1.000000000000000000e+00
3.500219604782390803e-01
-5.546822443099953537e-01
1.000000000000000000e+00
5.347506713254133182e-01
1.000000000000000000e+00
1.000000000000000000e+00
-1.000000000000000000e+00
-9.418102686562190851e-01
7.499185153248654201e-01
2.151672782326489453e-01
-4.580755686902069912e-01
-1.000000000000000000e+00
-1.000000000000000000e+00
1.229068862038535381e-01
-1.331543650078851893e-01
1.000000000000000000e+00
-1.000000000000000000e+00
7.896555760140494540e-01
-1.000000000000000000e+00
-1.000000000000000000e+00
4.652511197420646227e-01
1.000000000000000000e+00
3.246523678808421742e-01
2.221807464625658035e-01
-1.000000000000000000e+00
-3.170901314507013624e-01
1.790702912343026254e-01
7.194999319035232099e-02
3.087195579122616884e-01
-2.759261385208788275e-01
2.045655098007456152e-01
7.733735492449499427e-01
-6.150497561024126369e-01
5.162430963485187263e-01
-1.000000000000000000e+00
6.404841338987116162e-01
-7.349680389615440568e-01
5.742436660884647770e-01
-6.299695278408929955e-01
1.000000000000000000e+00
1.000000000000000000e+00
-1.000000000000000000e+00
3.986588597797269262e-01
-1.000000000000000000e+00
-9.921222170481627245e-01
-1.000000000000000000e+00
-1.000000000000000000e+00
1.000000000000000000e+00
-1.000000000000000000e+00
1.000000000000000000e+00
5.287792205307451088e-01
7.038513315991703490e-01
-1.834900967355466428e-01
-3.868513749764929677e-01
1.000000000000000000e+00
1.000000000000000000e+00
-3.875367958397034629e-01
1.000000000000000000e+00
-3.025961971119319749e-01
-5.199852112140683769e-01
8.731377858889348698e-01
2.016108128128195065e-01
3.827573119924410072e-01
-1.477557723305661375e-02
-2.976865990260761374e-01
-8.455677278903879213e-01
1.000000000000000000e+00
-6.121767530641887278e-01
-1.738003677487073573e-01
3.487815583324874735e-01
-1.000000000000000000e+00
-2.705303654983882700e-01
1.000000000000000000e+00
-1.000000000000000000e+00
-3.544005935412743447e-01
-1.646479938308305913e-01
1.000000000000000000e+00
-7.584594308530727691e-01
1.000000000000000000e+00
-1.000000000000000000e+00
-1.041641768388077739e-02
-5.097293365218470707e-02
-3.872424189243807158e-01
1.000000000000000000e+00
1.000000000000000000e+00
4.622524564122491020e-01
-9.672241703888742048e-01
-9.929802960121128508e-02
-1.000000000000000000e+00
6.891671302014459322e-01
1.000000000000000000e+00
3.848507051684052493e-01
-1.000000000000000000e+00
6.709479001653516628e-01
-2.889027520963722839e-01
-6.414547089165257843e-01
-1.516047054677177597e-01
3.303473579855575881e-02
-4.758578521563074371e-01
1.000000000000000000e+00
-1.000000000000000000e+00
-4.299027861695112751e-01
-9.479880754241077900e-01
-1.669856173258504883e-02
9.385852870507925827e-01
-3.857200821565607285e-01
1.000000000000000000e+00
2.157988249631642430e-01
-1.000000000000000000e+00
-1.000000000000000000e+00
1.618546506504857652e-01
1.000000000000000000e+00
-6.938665022299825846e-01
-3.650678223758143659e-01
-2.260516707457588814e-01
3.716105907463463365e-01
-8.737349700528235230e-01
-1.395296911536840212e-01
-2.004535174164458478e-01
-7.883790566036700254e-01
8.297319696686794588e-01
1.000000000000000000e+00
-1.000000000000000000e+00
-1.000000000000000000e+00
1.063949348604578127e-01
-3.577056024750107088e-01
3.987083021542435768e-01
-1.409471301861500991e-01
-7.674270450279250255e-01
6.791296429065328821e-01
6.222972834221468519e-02
5.266200286597519931e-01
-1.000000000000000000e+00
-1.000000000000000000e+00
2.990974008153318708e-01
3.847809479549564315e-01
-8.443972045166756590e-01
-2.122457068121769985e-01
1.000000000000000000e+00
-5.379226078240408881e-01
1.000000000000000000e+00
-1.000000000000000000e+00
-4.956115737795174780e-01
-1.000000000000000000e+00
1.000000000000000000e+00
-1.000000000000000000e+00
2.416450185605669154e-01
-1.000000000000000000e+00
1.000000000000000000e+00
1.724177149860791070e-01
1.000000000000000000e+00
-3.630666140633195121e-02
1.000000000000000000e+00
-6.866455838408969115e-01
1.000000000000000000e+00
-1.000000000000000000e+00
1.000000000000000000e+00
2.776176759302447644e-02
8.347877753062448170e-01
9.990701578897928092e-01
9.043123848982932422e-01
-3.095877817631770279e-02
-1.000000000000000000e+00
-1.327580744363122955e-01
1.000000000000000000e+00
2.992502696706351717e-01
5.670349275422972291e-01
-1.000000000000000000e+00
-1.753046946752430113e-01
8.527642479172281575e-01
-4.826694843017325515e-02
1.000000000000000000e+00
1.000000000000000000e+00
-6.789733536937085923e-01
1.000000000000000000e+00
-1.000000000000000000e+00
-4.821727317434765792e-01
1.000000000000000000e+00
-4.560336872580120771e-01
-1.000000000000000000e+00
-5.432002457619222735e-01
1.000000000000000000e+00
4.719271240702650472e-01
1.000000000000000000e+00
-1.000000000000000000e+00
1.000000000000000000e+00
-4.387582191028099876e-01
-1.000000000000000000e+00
1.000000000000000000e+00
-1.582889618377076313e-01
3.331434839614393906e-01
1.671931186098318256e-01
-4.428603731390619025e-01
8.531298777955972357e-01
1.000000000000000000e+00
-1.000000000000000000e+00
-1.000000000000000000e+00
4.393985210970648980e-01
-7.400511970519152438e-01
6.542805022987767671e-01
-1.000000000000000000e+00
-3.654517307228350442e-01
1.000000000000000000e+00
2.308249628637474848e-01
1.712959268932445767e-01
6.574372884033353737e-01
-1.000000000000000000e+00
5.730750397497450521e-01
-2.590228220870704479e-01
1.000000000000000000e+00
7.558779921001212987e-01
9.383701848605684459e-01
1.000000000000000000e+00
8.693179766447746148e-01
1.934041808347107261e-01
-1.713572876789119792e-01
-1.000000000000000000e+00
-1.000000000000000000e+00
1.796166746861202479e-01
-9.410494469214887303e-01
-1.000000000000000000e+00
3.860730222050083871e-01
1.000000000000000000e+00
-6.186583821427925622e-01
-5.015631317389865340e-02
-7.474724395281939771e-01
-8.383902438926137402e-01
1.000000000000000000e+00
1.000000000000000000e+00
-4.670049286290585688e-01
9.553015590295362847e-01
-1.216741513997836033e-01
6.799070751957844161e-01
3.901787854482781648e-01
1.271300834816317948e-01
-7.783936110023687016e-01
1.000000000000000000e+00
3.184430059418597025e-01
5.378813078259556679e-01
1.000000000000000000e+00
4.411657357968867821e-01
9.320476066118217329e-01
-1.692298191255503514e-02
6.033024000127260589e-01
1.000000000000000000e+00
-1.000000000000000000e+00
5.483346847651916489e-01
-1.000000000000000000e+00
-1.234916946812489869e-01
-9.882754905085950892e-01
6.222504263534160973e-01
9.561978389954713942e-01
6.324789738970568176e-02
-5.429989362943172804e-01
-6.027484127695175165e-01
-1.000000000000000000e+00
1.307296610323528396e-01
-2.082710801446339410e-01
2.584389468985239247e-01
1.000000000000000000e+00
5.631268178771917654e-01
5.600691303706899493e-01
-4.836503319268440348e-01
-9.475392532273202439e-01
1.000000000000000000e+00
-3.795548164462675400e-02
-9.581208067550686103e-01
-1.000000000000000000e+00
-6.096434011496154604e-01
-9.103106880223068575e-01
1.000000000000000000e+00
5.902311799253928681e-01
5.432774791581417295e-01
2.172768578884720081e-01
-1.000000000000000000e+00
1.000000000000000000e+00
-2.094828007377451118e-01
-2.053306041283572414e-01
-1.000000000000000000e+00
-6.518976874303346047e-01
4.248574153170691647e-01
1.225798381973774304e-01
-9.810242065465593075e-01
9.166349925459769121e-01
-3.277490500545033880e-01
-9.983865088147441114e-01
9.355265871456589499e-01
6.729224077512535596e-01
6.686980211956783382e-02
1.726543917535008354e-01
3.179575739833915282e-01
1.709897170235077923e-02
-9.920984175612123090e-01
2.789929613606967340e-03
6.969292181199854275e-01
1.335668739766083524e-01
5.546194582850778598e-01
-4.851887630438645460e-01
1.000000000000000000e+00
-1.000000000000000000e+00
-2.719959754783857764e-01
-7.484670429153550408e-01
-1.000000000000000000e+00
-1.450378008392517459e-01
1.000000000000000000e+00
8.037649613934166881e-02
5.597264315607096696e-01
-1.000000000000000000e+00
7.662190401145112517e-01
3.583148612124151255e-01
-7.157099040724297367e-01
4.477919980038874148e-01
1.000000000000000000e+00
1.000000000000000000e+00
5.634002539917998265e-03
1.000000000000000000e+00
-8.833955330642020431e-01
-6.092051578618766783e-01
6.784538366029226886e-01
-7.505316829570277681e-01
1.882443072858404065e-01
3.172726843738544189e-01
1.810840943438658257e-01
-1.192246177532601259e-01
9.502565122909875650e-02
-9.410717267095162208e-01
-1.000000000000000000e+00
-3.238805713614305026e-01
-1.000000000000000000e+00
7.226716750182070603e-01
3.626543738980919640e-01
-9.304325386540278631e-01
1.000000000000000000e+00
4.820759478871599613e-01
5.305877461539987294e-01
-1.000000000000000000e+00
5.703726587654898983e-02
-1.000000000000000000e+00
1.000000000000000000e+00
-1.641116427950759238e-01
2.187679146086774773e-01
-9.259583128035770994e-01
-1.326451893305275465e-01
-5.712903332720852267e-01
6.129205143167940628e-01
1.000000000000000000e+00
-8.179690502294358068e-02
-1.000000000000000000e+00
6.188097462133810289e-01
1.000000000000000000e+00
-1.000000000000000000e+00
-5.010822572512047685e-02
-1.000000000000000000e+00
8.363442849723260464e-01
-9.330175693563037553e-01
-2.466469511356672584e-01
-1.000000000000000000e+00
6.418689663274306234e-01
7.981536284422834360e-01
-1.439037470163185284e-01
-4.348837594944159057e-02
-1.000000000000000000e+00
2.907077201611115713e-01
-1.000000000000000000e+00
2.752735319505151268e-01
-3.054070563483921585e-01
5.425074336256374696e-01
4.054130179006590895e-01
-1.000000000000000000e+00
3.992661396664166085e-01
-4.326603063582863951e-01
-4.481596282282641619e-01
1.000000000000000000e+00
5.229273050664511313e-01
-9.228012915718781795e-01
-1.000000000000000000e+00
1.000000000000000000e+00
-3.299738987142184499e-01
6.320655312067855469e-01
-1.176613351186567430e-01
-7.892882258269012796e-01
-4.083929360899413163e-01
-3.629431464039676314e-01
1.000000000000000000e+00
-1.000000000000000000e+00
8.794052805932180139e-02
1.000000000000000000e+00
-1.000000000000000000e+00
1.000000000000000000e+00
1.718709526957434286e-01
6.769431756304771231e-01
-1.000000000000000000e+00
3.147353316213093444e-01
1.000000000000000000e+00
3.651118691279603978e-01
-1.000000000000000000e+00
2.816251622426808598e-01
1.000000000000000000e+00
-4.190366729956714886e-01
-1.416545749818872435e-01
9.413167312174592904e-01
1.000000000000000000e+00
-2.269731779148939366e-01
-1.000000000000000000e+00
1.000000000000000000e+00
-8.499850159504335201e-01
-1.910384069047073308e-01
1.000000000000000000e+00
1.000000000000000000e+00
-9.322538262725053038e-01
-1.000000000000000000e+00
-7.205649988106304082e-01
1.000000000000000000e+00
1.000000000000000000e+00
1.000000000000000000e+00
1.319384391272449830e-01
3.134533140247363070e-01
-1.000000000000000000e+00
-3.589538251149300696e-01
-2.751257233555783888e-01
8.459643167254414786e-01
-7.438330425542699631e-01
-2.783570989708331611e-01
6.750739303477274467e-01
5.457452044782666878e-01
6.631061507408617661e-01
-1.000000000000000000e+00
-1.000000000000000000e+00
-1.000000000000000000e+00
1.000000000000000000e+00
-1.000000000000000000e+00
4.667485650400555741e-01
8.497524607416060416e-01
1.000000000000000000e+00
-4.547896304587475402e-01
-1.595049412824058599e-01
-6.650216751245615621e-01
1.903799263041548728e-02
-1.000000000000000000e+00
1.000000000000000000e+00
-1.000000000000000000e+00
-1.000000000000000000e+00
2.800356272306211980e-01
4.865996133828949244e-01
5.420231834617817990e-01
1.000000000000000000e+00
6.328416870082751444e-01
1.000000000000000000e+00
-2.176979886865343383e-01
-1.000000000000000000e+00
3.433207180854117024e-01
-1.554149333839624225e-01
-2.523939707168382784e-01
-1.545847710273966502e-01
9.229423400856381909e-02
-1.498570107219794334e-01
-1.000000000000000000e+00
-8.656545533957079597e-01
4.616358285224981262e-01
-1.000000000000000000e+00
3.105037799147951638e-01
-7.953794614302441834e-01
-1.000000000000000000e+00
2.128315624203346856e-01
1.000000000000000000e+00
9.005906645102178532e-01
-9.417635761197281630e-01
1.000000000000000000e+00
-5.687498354397275691e-01
1.000000000000000000e+00
9.559358477188620862e-01
-4.046446871812666712e-01
1.000000000000000000e+00
6.649543958143284694e-01
3.467215463701270317e-01
-9.248702944587322561e-02
7.255774659381190039e-01
-8.866320097617621521e-01
-6.695291162603806967e-01
6.600164446672018848e-01
-2.358656796815695178e-01
-3.623197028794927776e-01
-4.567573004152220006e-01
-1.000000000000000000e+00
-6.742810575874891299e-02
5.186454096312533846e-01
-1.000000000000000000e+00
-1.000000000000000000e+00
-2.449561407781707945e-01
5.313638787993867352e-01
-2.233076005398120234e-01
-9.101769020035878066e-01
-6.181210795599748620e-01
1.000000000000000000e+00
-1.000000000000000000e+00
-1.000000000000000000e+00
-5.140315310971483864e-01
-1.000000000000000000e+00
4.637685559781956623e-01
-1.000000000000000000e+00
-2.245779539895356725e-01
-1.000000000000000000e+00
8.836115813973592914e-01
-3.567436591782489619e-01
6.214095045212508772e-01
-1.000000000000000000e+00
-4.221622215891784324e-01
-1.000000000000000000e+00
-1.214081151004426373e-01
-1.000000000000000000e+00
6.039359086302436008e-01
5.661111517650505576e-01
-1.000000000000000000e+00
-9.206600014944406052e-01
4.699961761447293829e-01
-1.785191233446228321e-01
1.000000000000000000e+00
1.166748777894800471e-01
-1.136965932885472402e-01
-2.543627948192803134e-02
1.000000000000000000e+00
-2.236358359002241225e-01
5.060383355484241452e-01
7.045308284997796600e-01
3.820716316702981730e-01
1.000000000000000000e+00
1.000000000000000000e+00
2.942973524611113834e-01
-2.508762659807348694e-01
-1.000000000000000000e+00
5.410559281895030992e-01
4.670905518424640634e-01
-1.000000000000000000e+00
-1.000000000000000000e+00
1.000000000000000000e+00
-4.417348212137355290e-01
5.379431896240586264e-01
-7.962234055967503110e-01
-1.000000000000000000e+00
7.520292581068508397e-01
-1.000000000000000000e+00
-1.873689044241204638e-01
-7.254074966646972822e-02
1.000000000000000000e+00
1.826709932747903053e-01
-4.542753841451943053e-01
-1.000000000000000000e+00
3.321796750222151817e-01
4.708763889859112206e-01
1.000000000000000000e+00
-1.622000818073681960e-01
6.754089313018336593e-01
1.000000000000000000e+00
-1.000000000000000000e+00
2.005303950339144547e-01
-2.637661464260686039e-01
-2.000900373921848385e-01
1.000000000000000000e+00
-1.643155560843089225e-01
-1.906577637224464439e-01
-1.000000000000000000e+00
2.125113787965571266e-02
3.031814317452538599e-01
1.000000000000000000e+00
-7.070910327992926403e-01
1.000000000000000000e+00
1.000000000000000000e+00
-9.409162384692213443e-01
1.000000000000000000e+00
-1.000000000000000000e+00
-1.000000000000000000e+00
1.000000000000000000e+00
-6.671196377247410325e-01
1.000000000000000000e+00
2.908404335309539013e-01
-3.320405406826318351e-01
5.234288036479479711e-01
8.182954070722924245e-01
-1.000000000000000000e+00
-9.271460297057934064e-01
-1.000000000000000000e+00
-3.770501101733165772e-01
5.529306861297276221e-01
-8.336997274872188779e-01
-8.403016580765160226e-01
-9.575375069623057178e-02
-4.932563780238666262e-02
-3.231216234325719472e-01
8.883405880555308998e-02
6.368388113251044480e-01
1.306639553748371319e-01
-7.753898307237931942e-01
-9.380290977682617104e-01
-7.052293923791974617e-01
-2.580590540192259641e-01
-9.636540434121358967e-01
-1.000000000000000000e+00
8.751063792159544663e-01
-8.977938907904728927e-01
-4.034853550871250194e-01
-5.417568958967209358e-01
-5.540917255609012493e-01
1.000000000000000000e+00
-2.254133832090517708e-01
-1.423629911974463869e-01
-8.055590600846416205e-01
3.420033070814410547e-01
-5.689276487141488037e-01
9.960681467619081353e-01
1.298435354574505318e-01
6.855495831853359867e-01
1.000000000000000000e+00
-1.339501771077435954e-01
8.184104112631910288e-01
-1.000000000000000000e+00
1.000000000000000000e+00
-9.935726503140254739e-02
-6.739613062859393100e-01
-1.000000000000000000e+00
-1.000000000000000000e+00
7.980679253451783417e-01
-6.638682182495060369e-01
-3.581203691821209789e-01
-3.466354424587718697e-01
-3.965492092604916419e-01
5.110502285288847091e-01
-1.000000000000000000e+00
-1.000000000000000000e+00
2.512669502963884582e-01
6.618041880151627199e-01
6.189063710393400974e-01
-1.000000000000000000e+00
1.000000000000000000e+00
8.647325083169942195e-01
-9.494173394799133581e-01
-1.760119336868559425e-01
-7.135550899353837462e-01
5.263367573966695190e-01
1.000000000000000000e+00
-3.519834011930461082e-01
-3.528193938740802338e-01
-1.000000000000000000e+00
-1.000000000000000000e+00
2.764254318167788660e-02
-1.000000000000000000e+00
-1.000000000000000000e+00
1.000000000000000000e+00
-7.906671740995355746e-01
2.438766197077267550e-01
-6.677658910832535710e-01
-9.148959112950123540e-01
-5.176929380760662003e-01
1.000000000000000000e+00
-7.602446796178070620e-01
-1.450726968976924214e-01
-6.865161950292412163e-01
-1.511634823861091603e-01
-6.983117857431289099e-01
9.049977722612403408e-01
-4.570600062176824463e-02
6.948689594087674726e-01
-1.000000000000000000e+00
-1.000000000000000000e+00
-1.406456589685186609e-01
1.828128843744643017e-01
2.144595988020246702e-01
1.000000000000000000e+00
1.000000000000000000e+00
-4.740772544295118185e-01
-9.163998319605299869e-01
1.954432464272766179e-01
4.113145366899841893e-01
-3.015864806294470957e-01
4.907717066791257299e-01
4.044985366032403939e-02
8.193438468623399640e-01
7.652376170433736746e-01
8.794107076777111232e-01
-6.130491456463064148e-01
-5.460872888217562782e-01
1.000000000000000000e+00
6.964170806517153700e-01
1.000000000000000000e+00
-5.743883012622814643e-01
-9.133361687016383623e-01
-3.539825755916976013e-01
-3.670376711774786527e-01
2.701109494148149492e-01
-9.420649157987726063e-02
-4.961690053437367576e-02
-9.158242126757455692e-02
3.283015175477481673e-01
-1.933840496132082365e-01
-1.206354174329482276e-01
4.985016134574652980e-01
8.913317556206987735e-01
