-1.000000000000000000e+00
1.000000000000000000e+00
-8.972120382437400732e-01
6.308937364376143719e-01
5.944443424338837767e-01
-1.000000000000000000e+00
4.343819679226021968e-01
-1.585317111305384330e-01
-1.000000000000000000e+00
1.607713830705653213e-01
1.000000000000000000e+00
1.000000000000000000e+00
-1.000000000000000000e+00
-5.888795488969000846e-01
-1.000000000000000000e+00
1.000000000000000000e+00
-5.960929004791828412e-01
6.752835442591932358e-01
6.726464119046565715e-01
-1.000000000000000000e+00
1.000000000000000000e+00
2.418442458452159938e-01
8.576297858691044329e-01
-3.157775143926221384e-01
-1.000000000000000000e+00
8.024419783231073744e-02
9.436678287160069623e-01
3.976473060121210601e-01
1.000000000000000000e+00
1.014369060187022553e-01
-4.784377380043124406e-01
-2.777215183143849631e-01
-1.000000000000000000e+00
-5.361941427748282418e-01
-1.000000000000000000e+00
-2.010881695995470064e-01
-1.000000000000000000e+00
-1.000000000000000000e+00
-1.000000000000000000e+00
6.405184101788048423e-01
-1.000000000000000000e+00
3.644397165533528327e-01
1.000000000000000000e+00
1.000000000000000000e+00
-1.000000000000000000e+00
1.000000000000000000e+00
2.684374399175951664e-01
9.070242078294683541e-01
1.000000000000000000e+00
9.693977456322422359e-01
-1.000000000000000000e+00
-1.000000000000000000e+00
-1.005875841315161945e-01
-1.000000000000000000e+00
-2.084070741661947501e-03
-9.562932385742970443e-01
-6.525963101435484637e-01
-8.903965673234085498e-01
-5.371714594704630752e-01
-3.258512381612983511e-01
1.000000000000000000e+00
-1.000000000000000000e+00
-5.571891078967066147e-01
-8.170373267882347079e-01
3.718306372487759637e-01
1.000000000000000000e+00
1.000000000000000000e+00
5.386070412118635353e-01
-1.000000000000000000e+00
2.643089917513759546e-01
-1.000000000000000000e+00
-1.000000000000000000e+00
-6.218836799150164740e-01
3.624804927553061384e-01
-9.579379437193413782e-02
1.421454581908977444e-01
-3.649694215940016973e-01
1.000000000000000000e+00
-1.362892237376005511e-01
5.705032031390991909e-01
-1.000000000000000000e+00
1.000000000000000000e+00
1.000000000000000000e+00
-6.716532443424354515e-01
5.912996802410375174e-01
1.400066641842452331e-01
-1.000000000000000000e+00
-4.224973915566513361e-01
-1.208507551576645800e-01
1.000000000000000000e+00
1.000000000000000000e+00
3.712494286106293728e-02
6.607695956619846767e-01
1.000000000000000000e+00
4.293111100228063082e-01
3.129894095119827857e-01
8.237989767910763872e-01
6.723580779128137674e-01
1.000000000000000000e+00
1.000000000000000000e+00
1.000000000000000000e+00
8.443362466916117803e-01
1.000000000000000000e+00
1.000000000000000000e+00
-2.565169006472131086e-01
4.783147559534089988e-01
1.000000000000000000e+00
1.000000000000000000e+00
1.000000000000000000e+00
-1.972899019889501337e-01
-1.000000000000000000e+00
1.000000000000000000e+00
-1.000000000000000000e+00
-5.415376616136655663e-01
-1.000000000000000000e+00
-1.000000000000000000e+00
-1.000000000000000000e+00
-8.064288542758435430e-01
-1.000000000000000000e+00
-1.000000000000000000e+00
-8.752662742885386482e-02
6.543646358116919082e-01
1.000000000000000000e+00
1.000000000000000000e+00
3.263995006103617147e-01
-1.000000000000000000e+00
-2.488154132278228570e-01
-1.000000000000000000e+00
4.101451004275326051e-01
-1.000000000000000000e+00
3.777817612951340775e-01
-1.000000000000000000e+00
-3.294254946258861061e-01
-1.000000000000000000e+00
4.967765594233749527e-01
-8.519471024351658039e-01
-5.087522167942296614e-01
-1.000000000000000000e+00
-1.000000000000000000e+00
1.000000000000000000e+00
-9.208417147262381031e-01
-7.533457150282352188e-01
1.123543937988025210e-01
3.639417286497786952e-01
-8.168489254079571715e-01
1.991671211411741305e-01
-8.499612888570198255e-01
-2.380778929738690541e-01
1.000000000000000000e+00
-1.000000000000000000e+00
1.000000000000000000e+00
3.699202886959059855e-01
1.234599091814364835e-01
-1.078109545431895633e-01
-5.238058176348371342e-01
1.266824230049181654e-01
-1.000000000000000000e+00
-1.000000000000000000e+00
-1.000000000000000000e+00
-6.980745366073698444e-01
-2.749458234058901329e-01
1.000000000000000000e+00
6.561248893299065355e-01
-6.356236879068892787e-01
-4.647861124362703267e-01
6.546985943625218685e-01
1.400320012335768416e-01
-2.598952985326293819e-01
-1.000000000000000000e+00
-1.000000000000000000e+00
-4.812898631709781050e-01
-9.498124406703631895e-01
-1.000000000000000000e+00
-1.000000000000000000e+00
-4.645618017507846531e-03
-1.311159297272158630e-01
1.000000000000000000e+00
-3.174862198867741681e-01
1.000000000000000000e+00
-1.980006249940176044e-01
1.000000000000000000e+00
-3.585739851175787640e-01
-7.413691471483665474e-01
-1.729992011210371716e-01
-5.377289389618726823e-01
8.642636683408222442e-02
2.138122741775327906e-01
1.000000000000000000e+00
1.000000000000000000e+00
-1.558517412009914338e-01
-1.000000000000000000e+00
3.790997413230837720e-01
-1.000000000000000000e+00
-9.248534694696859682e-02
-8.056852307254187551e-01
-2.887491300874466260e-01
-4.207647186131071582e-01
-5.328386782026728330e-01
1.000000000000000000e+00
2.082471306213142803e-01
4.610312596710707256e-01
6.581017054206774741e-01
1.340323588172130931e-01
1.000000000000000000e+00
2.226654550211352168e-01
1.000000000000000000e+00
-7.106782046893500571e-01
-3.919057171079186053e-01
7.487822025708661400e-01
1.000000000000000000e+00
1.000000000000000000e+00
1.000000000000000000e+00
5.345610540133438615e-02
6.175224136859256419e-01
-1.000000000000000000e+00
1.000000000000000000e+00
-1.000000000000000000e+00
6.561134586163850368e-01
-2.948822351517093043e-01
-8.865054368340976598e-01
-1.633074400631564504e-01
3.616469222445281573e-01
1.000000000000000000e+00
-1.000000000000000000e+00
-6.981577898890932721e-01
1.000000000000000000e+00
1.000000000000000000e+00
-3.776528606494687912e-01
6.348149133398561794e-02
-7.708183413813555207e-01
5.489149941194961801e-01
-1.000000000000000000e+00
1.000000000000000000e+00
-1.000000000000000000e+00
-1.000000000000000000e+00
-1.000000000000000000e+00
-6.367355636087158599e-01
1.000000000000000000e+00
-6.380927264600372295e-01
-1.000000000000000000e+00
1.000000000000000000e+00
-9.948842660988680420e-01
4.430250586401462964e-02
5.191245207217012325e-01
-4.827937518467375066e-01
-5.179060512191657750e-02
1.902114306948885503e-01
4.416921745738239258e-01
1.000000000000000000e+00
-9.085475610773854349e-01
-1.000000000000000000e+00
-1.000000000000000000e+00
-1.000000000000000000e+00
1.000000000000000000e+00
1.000000000000000000e+00
-1.000000000000000000e+00
-1.000000000000000000e+00
1.000000000000000000e+00
-1.000000000000000000e+00
1.000000000000000000e+00
1.000000000000000000e+00
2.403264209303188625e-01
-1.000000000000000000e+00
-1.000000000000000000e+00
1.000000000000000000e+00
-1.000000000000000000e+00
1.000000000000000000e+00
1.000000000000000000e+00
1.000000000000000000e+00
4.210252244990764225e-02
1.000000000000000000e+00
-1.235587204072118306e-01
7.799898186742187933e-02
-7.537794144918601447e-01
-7.464390784287573410e-01
1.465768617478626634e-01
-8.532309877169614865e-01
-1.000000000000000000e+00
1.000000000000000000e+00
2.982102201939641484e-01
-4.927933676540134922e-01
-8.832320800698816310e-01
-1.000000000000000000e+00
1.056218888206954531e-01
-1.000000000000000000e+00
-8.997774082437646204e-01
4.612840313525268243e-01
-4.899639322188883983e-01
2.786082020688890326e-01
-6.600044252231286324e-01
2.809082668341564837e-01
1.000000000000000000e+00
1.305453885285623450e-02
-8.876870292637454307e-01
1.000000000000000000e+00
-1.000000000000000000e+00
1.000000000000000000e+00
-5.814216680077669563e-01
-1.000000000000000000e+00
-3.512434537964341796e-01
-1.000000000000000000e+00
1.988046904123534908e-01
-8.357678994723617416e-01
-3.586941803520997674e-01
-3.824710884392983345e-01
-3.519528430872037039e-01
-7.660758857923989640e-02
-1.000000000000000000e+00
-4.464379468205491031e-01
1.000000000000000000e+00
7.948604903411681244e-01
2.723759711668546357e-01
1.000000000000000000e+00
-1.000000000000000000e+00
-8.375595410091509763e-01
-1.000000000000000000e+00
1.000000000000000000e+00
-6.392523065005978333e-01
-1.000000000000000000e+00
7.000642966254222443e-02
-1.000000000000000000e+00
1.000000000000000000e+00
9.921385957591172255e-01
-5.404355796581545857e-01
-8.698363107597257837e-01
5.050479848552102968e-01
6.722575577812972547e-01
-1.000000000000000000e+00
1.756857043661268492e-01
-8.171413414073698256e-01
2.924076738606912196e-02
7.757300841327073870e-01
5.506391230654610336e-01
1.000000000000000000e+00
1.000000000000000000e+00
-2.582449069159786781e-01
-8.025398157701446600e-01
7.788773252969649619e-02
1.000000000000000000e+00
3.898584501133350866e-01
-5.157245054653218919e-01
-3.375947901004832108e-01
-2.205702975354743578e-01
-6.040446916259869514e-01
-2.526096328567171145e-01
1.000000000000000000e+00
-6.614055747763833981e-01
-7.466622523354380370e-01
1.000000000000000000e+00
-7.284787417449500868e-01
-1.000000000000000000e+00
-1.000000000000000000e+00
-1.000000000000000000e+00
1.162608274215120030e-01
1.416456716313802267e-01
1.000000000000000000e+00
-1.000000000000000000e+00
-1.000000000000000000e+00
1.000000000000000000e+00
9.876601820411229360e-01
6.329779364816010556e-01
-7.698875351431085923e-01
-2.634601064475602938e-01
-5.222872644004004083e-01
-2.828125634850955916e-01
1.000000000000000000e+00
1.000000000000000000e+00
-1.000000000000000000e+00
1.000000000000000000e+00
2.005328936720967015e-01
7.798577129782799933e-01
-1.000000000000000000e+00
-1.000000000000000000e+00
-1.000000000000000000e+00
1.000000000000000000e+00
1.000000000000000000e+00
-1.000000000000000000e+00
8.745701646143873020e-01
-5.258576720480675482e-01
2.174627750027047224e-01
9.529401479926877805e-01
-1.000000000000000000e+00
9.691716419407958583e-01
5.164464914089856862e-01
-3.589167834396322920e-01
-9.264515879166463908e-01
2.433673907088838018e-01
1.000000000000000000e+00
-1.000000000000000000e+00
1.000000000000000000e+00
-1.000000000000000000e+00
1.000000000000000000e+00
-1.000000000000000000e+00
-9.056162725747853859e-01
-1.000000000000000000e+00
1.000000000000000000e+00
4.964939288540464180e-01
-1.000000000000000000e+00
-1.000000000000000000e+00
-2.094196830005670973e-01
1.000000000000000000e+00
5.496584237692803132e-01
-2.245062759068351954e-01
-5.046172552360889130e-01
1.000000000000000000e+00
3.893327388296493607e-01
-1.852176220357934500e-02
3.049090186021461979e-01
-1.000000000000000000e+00
-5.943947945687448609e-02
1.708474217200052214e-01
-4.390227718881754004e-01
1.000000000000000000e+00
-9.666373943637239785e-01
8.045057298626745457e-02
8.240988717686534848e-01
-1.000000000000000000e+00
-6.290285776860298217e-01
4.940032763440316277e-01
1.249060356200017985e-01
-1.877626315378537747e-01
1.000000000000000000e+00
-1.704941274550642039e-02
-1.000000000000000000e+00
-2.039681090437852062e-01
-1.724704874173621505e-01
-3.511887847242701755e-01
1.000000000000000000e+00
7.519631195622600295e-01
1.000000000000000000e+00
6.263273192379241738e-01
-3.021956318094182192e-01
-1.000000000000000000e+00
1.000000000000000000e+00
-5.433882917552640412e-01
-4.613065967200076223e-01
1.000000000000000000e+00
-5.352029815669080426e-01
-6.016557024777555718e-01
-2.731278801713749038e-01
-9.397738851671655347e-02
8.404678905035199987e-01
1.000000000000000000e+00
-1.000000000000000000e+00
-1.346862673931308318e-01
-4.385208617618447935e-01
-1.000000000000000000e+00
-1.000000000000000000e+00
1.000000000000000000e+00
4.383209829488875497e-01
-3.033809281823263704e-01
1.000000000000000000e+00
1.335070766557882038e-01
-1.000000000000000000e+00
1.000000000000000000e+00
1.000000000000000000e+00
1.784283420567893685e-01
-8.580549717076995098e-01
-5.774398267818938724e-01
-8.562800063446056598e-01
-1.472567083670821564e-01
1.000000000000000000e+00
-1.000000000000000000e+00
-1.000000000000000000e+00
-8.916750186610200579e-01
1.000000000000000000e+00
-3.963261108974961422e-01
-3.636706164139359987e-01
-1.000000000000000000e+00
-1.592478243122474879e-01
9.288702399695977219e-01
3.960221445610581648e-01
4.610503341266645183e-01
-5.227195198976553048e-01
1.000000000000000000e+00
-9.064736502445918109e-01
-1.000000000000000000e+00
1.000000000000000000e+00
7.884961262684999639e-01
4.321432540707603742e-01
-1.357350808499681039e-01
1.000000000000000000e+00
-1.642404766043703557e-01
-1.000000000000000000e+00
8.310605208163518443e-01
3.565903073132781209e-02
-2.394631184982054517e-01
1.000000000000000000e+00
1.000000000000000000e+00
1.000000000000000000e+00
5.761699431311921860e-01
1.000000000000000000e+00
-1.000000000000000000e+00
1.000000000000000000e+00
1.000000000000000000e+00
-1.000000000000000000e+00
1.000000000000000000e+00
1.000000000000000000e+00
-3.280404710149253944e-01
9.899798319550801029e-02
1.000000000000000000e+00
-1.000000000000000000e+00
1.000000000000000000e+00
-1.000000000000000000e+00
-6.935187556722155477e-01
-1.000000000000000000e+00
-1.000000000000000000e+00
1.000000000000000000e+00
-3.313715789375892840e-04
9.081366449512164873e-01
7.485649545678102479e-01
8.046523569984616042e-01
-1.000000000000000000e+00
-5.023855043582403646e-01
4.623714722188047022e-01
3.961615289599926815e-01
1.000000000000000000e+00
-7.204685242360833186e-01
-6.275360433991060694e-01
5.401066820445136196e-01
-9.321912481170899767e-01
5.749112100944299142e-01
1.000000000000000000e+00
-9.832471847924125763e-01
-1.000000000000000000e+00
-9.000281270071460726e-01
-1.000000000000000000e+00
8.290705757822122157e-01
1.000000000000000000e+00
6.113875381023996525e-01
1.000000000000000000e+00
-1.000000000000000000e+00
1.000000000000000000e+00
-1.000000000000000000e+00
1.000000000000000000e+00
7.785753137861020079e-01
-4.255375404665895367e-02
1.000000000000000000e+00
7.775815983133229636e-01
-8.439219159601116238e-02
8.428782872925832947e-01
9.058456184088865548e-01
7.776900330472548140e-01
-6.826433999872923986e-01
-2.535765309767574749e-01
5.350041948496573330e-01
-1.000000000000000000e+00
-7.920482856475850042e-01
1.000000000000000000e+00
-1.000000000000000000e+00
-7.166547934014755317e-01
1.000000000000000000e+00
1.000000000000000000e+00
1.000000000000000000e+00
-1.000000000000000000e+00
-1.000000000000000000e+00
-1.000000000000000000e+00
-4.943558519918964667e-01
-9.519159560136671860e-01
2.846493993367574804e-01
3.114911201015053699e-01
1.000000000000000000e+00
1.000000000000000000e+00
-1.000000000000000000e+00
-1.000000000000000000e+00
1.000000000000000000e+00
5.629497400526348727e-01
-2.048990230115139699e-01
-1.000000000000000000e+00
1.000000000000000000e+00
4.176082333515078737e-01
-1.000000000000000000e+00
3.522565569312833267e-01
-8.057049798346964664e-01
1.000000000000000000e+00
1.000000000000000000e+00
2.533246293147128902e-02
1.252043874282537939e-01
1.000000000000000000e+00
-1.000000000000000000e+00
-1.000000000000000000e+00
1.139881873036865390e-01
7.135143153107593728e-01
-6.808032773384616876e-01
1.000000000000000000e+00
6.028791424041578528e-01
-1.000000000000000000e+00
9.263087920659350827e-01
-1.965991480944624392e-01
1.000000000000000000e+00
-3.626522517941908053e-01
1.000000000000000000e+00
-1.000000000000000000e+00
1.000000000000000000e+00
-1.475977101942844427e-01
1.000000000000000000e+00
-8.598555543272090596e-01
1.000000000000000000e+00
-1.000000000000000000e+00
-7.351299341156070088e-02
6.664603385176470773e-01
-1.000000000000000000e+00
-7.192745537695770519e-01
8.097472285482789633e-01
3.428967881561024722e-01
-5.376062140144464152e-01
-1.000000000000000000e+00
1.744508333934593480e-01
-1.000000000000000000e+00
9.789825161740390858e-01
3.464372998838907147e-01
-1.000000000000000000e+00
1.000000000000000000e+00
-5.100994930272616523e-01
7.381357365792071690e-01
2.240361166183807151e-01
3.487119452701521460e-01
7.449732685439984792e-01
-1.000000000000000000e+00
6.876373733483690520e-01
9.329181972354707586e-01
2.330310870722746008e-04
1.000000000000000000e+00
1.000000000000000000e+00
-1.000000000000000000e+00
-1.000000000000000000e+00
6.872823987865630535e-01
1.000000000000000000e+00
9.044576221402149674e-01
7.326370738582401732e-01
1.000000000000000000e+00
-3.320517957616700433e-01
-1.000000000000000000e+00
-5.955427473970810182e-01
-1.000000000000000000e+00
9.149023597859833323e-01
-1.000000000000000000e+00
4.285148237154148276e-01
9.156893906266992955e-01
1.000000000000000000e+00
1.000000000000000000e+00
-5.505089883071581092e-01
8.014198261513366672e-01
-7.732584785128991944e-01
1.000000000000000000e+00
6.479871380986917950e-01
-1.000000000000000000e+00
5.609601331640898803e-01
-8.307648039502318893e-01
-1.000000000000000000e+00
9.200891940104649613e-01
5.923113704592259943e-01
1.000000000000000000e+00
7.036405009777284558e-01
1.000000000000000000e+00
-6.320456811209596015e-01
1.000000000000000000e+00
3.110381460607314352e-02
3.103597091137364483e-01
-2.860989450984635085e-01
-2.121314311779192996e-01
-5.513579780057880075e-01
-8.792668082683994246e-01
4.360326100598023169e-01
1.068707935638101292e-01
-4.708512306475224340e-01
-1.000000000000000000e+00
-1.000000000000000000e+00
2.177496377754291057e-01
-1.000000000000000000e+00
1.000000000000000000e+00
1.472992341487604495e-01
6.261162157037702958e-02
1.000000000000000000e+00
-1.000000000000000000e+00
6.516516931186768780e-01
4.060754596441922271e-01
8.066016757609606458e-02
-1.000000000000000000e+00
-8.006206402497915153e-01
4.979937825506097759e-03
-1.000000000000000000e+00
-1.000000000000000000e+00
8.937189475698973373e-01
-1.000000000000000000e+00
3.767419832707722405e-01
6.011419306903915682e-01
5.550032705120750975e-01
2.922409874608403735e-01
-5.534296258086499609e-01
-4.936498031137315223e-01
-1.058533485857294787e-01
-1.000000000000000000e+00
-1.000000000000000000e+00
3.110415598541674820e-01
6.124510062383824449e-01
-5.387258642783997464e-01
-5.425824309466111828e-01
-6.705411253530826343e-01
4.573045822968273555e-01
-1.000000000000000000e+00
1.000000000000000000e+00
-2.987483942569704176e-01
-1.000000000000000000e+00
-4.780440722344403426e-03
-1.000000000000000000e+00
1.000000000000000000e+00
-1.000000000000000000e+00
1.000000000000000000e+00
-2.182973796049230142e-01
-1.000000000000000000e+00
-2.183821154940855935e-01
-1.000000000000000000e+00
1.451082465002655475e-01
-7.550027257503755251e-03
1.000000000000000000e+00
1.000000000000000000e+00
-1.000000000000000000e+00
-4.864950457370263992e-01
1.000000000000000000e+00
1.739080814913142037e-01
-1.000000000000000000e+00
-1.000000000000000000e+00
3.590358097020499573e-01
5.103234350653501616e-01
1.000000000000000000e+00
-1.000000000000000000e+00
-1.000000000000000000e+00
2.920172313590910784e-01
1.000000000000000000e+00
8.736066431782485431e-01
-1.000000000000000000e+00
-2.903787507118393840e-01
1.000000000000000000e+00
-1.305631055241165961e-02
6.073979008905802113e-01
-1.977393693398558638e-01
-1.917505784572457461e-01
1.000000000000000000e+00
1.000000000000000000e+00
1.000000000000000000e+00
-3.666197066653169578e-01
5.715594584248884225e-02
1.000000000000000000e+00
-1.000000000000000000e+00
-2.649107898716297482e-01
-5.386572709689559924e-01
-9.828112105538296950e-01
-1.000000000000000000e+00
-7.820045212201457430e-01
-4.422106185513157151e-01
-9.029830433307730608e-01
1.000000000000000000e+00
-1.000000000000000000e+00
1.184770409600949259e-01
-1.000000000000000000e+00
1.000000000000000000e+00
4.276264503232702907e-01
7.178766145283032030e-01
-4.921963305323135973e-01
-3.376258012799105979e-01
5.371840210424045914e-01
4.805172157393204913e-01
1.000000000000000000e+00
1.000000000000000000e+00
8.751849813275675016e-01
-2.293860421404914085e-01
3.772864389932334417e-01
1.000000000000000000e+00
-1.000000000000000000e+00
6.076359697907194324e-01
3.791733276776110273e-02
-3.556494759989203835e-02
-2.995485476502568467e-02
-4.963543644091936713e-01
-1.000000000000000000e+00
-3.233033358234911891e-01
8.077864270166467131e-01
-2.897179223784679403e-01
-3.225650737550021518e-01
5.657110423660236531e-01
1.000000000000000000e+00
-9.297307449704963478e-01
2.589127995414159944e-01
1.000000000000000000e+00
5.075439167126176709e-01
1.434771841271997861e-02
4.377076174572583911e-01
-1.537978097450249937e-01
-6.703831149995473915e-01
-1.000000000000000000e+00
-2.800393830814340568e-02
1.000000000000000000e+00
1.000000000000000000e+00
-4.621399938052772605e-02
-1.393457063670977547e-01
-3.398532215367007225e-01
1.000000000000000000e+00
-3.996425879781407842e-01
2.000110906515899512e-01
-1.000000000000000000e+00
1.000000000000000000e+00
7.640989082257774179e-01
-1.415036665867501764e-01
-1.000000000000000000e+00
1.000000000000000000e+00
-1.000000000000000000e+00
-5.955375251032060113e-01
-1.000000000000000000e+00
7.325787004112461753e-01
-7.318380096414781044e-02
2.343767480630176703e-01
1.000000000000000000e+00
1.000000000000000000e+00
1.000000000000000000e+00
-7.511819116079598846e-01
-5.529358467684564182e-02
-2.867376541825210068e-01
-1.000000000000000000e+00
-1.000000000000000000e+00
-7.665396117767867556e-01
-6.712020046025399811e-01
-2.797938445570216093e-01
-3.928597435660652337e-02
1.000000000000000000e+00
1.000000000000000000e+00
-1.000000000000000000e+00
8.705091248469326581e-02
-1.000000000000000000e+00
-5.082034223826376040e-02
-1.941484536201116551e-01
-3.642972478695361005e-02
1.000000000000000000e+00
9.189336222660537956e-01
1.000000000000000000e+00
-2.709141461639564818e-01
3.532197953481813757e-01
1.000000000000000000e+00
1.000000000000000000e+00
1.000000000000000000e+00
-1.000000000000000000e+00
1.000000000000000000e+00
7.995026068752952852e-01
1.000000000000000000e+00
-1.000000000000000000e+00
1.000000000000000000e+00
-1.000000000000000000e+00
1.000000000000000000e+00
-8.293927583597838771e-01
-1.000000000000000000e+00
1.000000000000000000e+00
-5.626252075470953296e-01
-9.321742998006403713e-01
-5.323351751225313677e-01
-1.000000000000000000e+00
2.671204569470151391e-01
1.000000000000000000e+00
1.000000000000000000e+00
-1.000000000000000000e+00
-1.000000000000000000e+00
-4.778092052195889727e-02
1.000000000000000000e+00
5.347925696103280613e-01
1.000000000000000000e+00
-9.312398916269725158e-01
8.761135210549041430e-01
1.102441952599886310e-02
6.809487418584053708e-01
-1.000000000000000000e+00
1.000000000000000000e+00
2.868461762338747612e-01
-3.381278254746761247e-01
1.000000000000000000e+00
-1.000000000000000000e+00
-1.000000000000000000e+00
7.113141939585638784e-01
-4.201708237981803817e-01
1.000000000000000000e+00
9.273464902719921743e-02
7.908409906749598317e-01
1.000000000000000000e+00
5.573946399678971764e-01
1.000000000000000000e+00
-1.000000000000000000e+00
1.109965642879432446e-01
5.258568673331539545e-01
-1.000000000000000000e+00
-8.697584904049129317e-01
-1.000000000000000000e+00
3.584165920143878026e-01
1.000000000000000000e+00
1.000000000000000000e+00
1.000000000000000000e+00
2.587991577649989550e-01
-1.052587824302962938e-01
-1.000000000000000000e+00
1.000000000000000000e+00
4.172410286012340208e-02
-1.000000000000000000e+00
9.114912820285583361e-01
-3.817140620774672755e-02
-4.597881213242225318e-01
1.000000000000000000e+00
-1.000000000000000000e+00
-1.000000000000000000e+00
-1.000000000000000000e+00
-6.877994439734206322e-01
1.000000000000000000e+00
1.523882192877858976e-01
6.537477890904107580e-01
6.693841917676648379e-01
-1.000000000000000000e+00
-1.000000000000000000e+00
3.992083115693644824e-01
-4.301160537363135639e-01
1.000000000000000000e+00
-6.840461488630926734e-01
8.809082328099245851e-01
-8.038373863281101928e-01
6.499457889465265481e-01
1.000000000000000000e+00
-1.000000000000000000e+00
1.000000000000000000e+00
-1.000000000000000000e+00
1.000000000000000000e+00
8.202994562541467971e-01
4.339851362845846827e-01
1.000000000000000000e+00
1.000000000000000000e+00
3.027537117854937621e-01
-3.303267230469244531e-01
2.422472216625558561e-01
2.363047128422837151e-01
6.674164405488307583e-01
-3.956449095067725574e-01
-7.399223906085673486e-01
-1.501898642930390992e-01
-6.673304266023272202e-01
-4.086882064867899955e-01
4.394821114021871811e-01
5.008006001275875363e-01
8.492581200980486855e-01
-8.858655296999686790e-01
7.568144071741051970e-01
1.000000000000000000e+00
-1.000000000000000000e+00
-5.532987707288190560e-01
1.000000000000000000e+00
-1.000000000000000000e+00
-5.031720101827350522e-01
-1.000000000000000000e+00
4.627769911257925139e-01
4.230341643120253403e-01
1.000000000000000000e+00
8.193532310722293488e-01
-1.000000000000000000e+00
-3.750125635631689214e-01
4.489071522900724975e-01
1.000000000000000000e+00
-8.595343190851559845e-01
8.217264036171512132e-01
1.125459196172770016e-01
-1.000000000000000000e+00
9.529262999600094375e-01
1.000000000000000000e+00
1.000000000000000000e+00
1.000000000000000000e+00
-5.439483934066049464e-01
-5.135604367633003209e-01
3.475792325342730305e-01
9.231506164403047165e-02
2.073649655971309125e-01
-9.022217102714558123e-01
-1.000000000000000000e+00
1.000000000000000000e+00
-1.000000000000000000e+00
-3.843667623512427856e-01
-1.000000000000000000e+00
1.000000000000000000e+00
6.063443062517603899e-01
2.915943447753329143e-01
-1.000000000000000000e+00
-1.000000000000000000e+00
4.605456882293883503e-01
1.371736604832973772e-02
-1.000000000000000000e+00
8.637722861798580176e-01
-6.203474754144971959e-01
-6.163265269371598354e-02
-5.959911526225488698e-01
2.244207879472768230e-01
1.000000000000000000e+00
-1.000000000000000000e+00
3.047780979798397905e-01
3.893126837518303685e-01
-8.850205041804449779e-01
5.001235058520303589e-01
-1.000000000000000000e+00
8.569005171406678389e-01
-5.099279132638454559e-01
1.000000000000000000e+00
-1.000000000000000000e+00
-5.151341373883442376e-01
1.000000000000000000e+00
-5.898579078664170083e-01
-1.000000000000000000e+00
2.777775026417361182e-01
-1.000000000000000000e+00
1.000000000000000000e+00
1.000000000000000000e+00
-7.218912500178242819e-02
1.000000000000000000e+00
3.642157755047235046e-01
6.827482638929145420e-01
-9.642603609825350919e-01
-1.000000000000000000e+00
6.578487136953703462e-02
1.000000000000000000e+00
-1.000000000000000000e+00
1.000000000000000000e+00
-6.135574738099653924e-01
1.000000000000000000e+00
-3.838472189388256739e-01
1.000000000000000000e+00
1.000000000000000000e+00
-5.955336021627464227e-01
-2.643774987108142849e-01
-1.000000000000000000e+00
-9.344446055391398831e-01
1.332655482065961960e-01
1.000000000000000000e+00
-7.635182583969913894e-01
-2.913039450772867411e-01
1.767167284326243148e-03
7.555912344453352691e-01
1.000000000000000000e+00
-9.899418531299275514e-01
1.000000000000000000e+00
6.981255668621197952e-01
3.317069491495767131e-01
-9.219833660385693408e-01
1.000000000000000000e+00
4.495378736956048837e-01
2.956168430763581600e-01
1.000000000000000000e+00
7.364875847837910605e-01
1.000000000000000000e+00
-7.717463129092819729e-01
8.456553718835861932e-01
1.000000000000000000e+00
6.750488683217078512e-01
1.000000000000000000e+00
5.051105620917536454e-01
-3.650620185613915325e-01
1.000000000000000000e+00
-8.311127927777732793e-01
1.224667908652316561e-01
-7.417647628123252845e-02
-9.125863501398739919e-01
-3.956809369428381240e-01
-8.701175541688961346e-01
-1.000000000000000000e+00
1.000000000000000000e+00
-1.440607725760294500e-01
1.000000000000000000e+00
-1.000000000000000000e+00
-2.301290528369528410e-01
1.000000000000000000e+00
5.431756200968647086e-01
1.000000000000000000e+00
-5.899240148524131921e-01
-1.000000000000000000e+00
-1.000000000000000000e+00
5.085009462906302513e-01
-1.000000000000000000e+00
-1.000000000000000000e+00
1.000000000000000000e+00
-2.630428751462884351e-01
-1.000000000000000000e+00
-3.457295285078672564e-01
-1.000000000000000000e+00
-1.000000000000000000e+00
-1.000000000000000000e+00
6.668564855468825936e-01
5.495600512262743820e-02
-4.718116582871331177e-01
-1.000000000000000000e+00
-1.000000000000000000e+00
1.000000000000000000e+00
-7.659291570139763472e-01
-4.039188538334038681e-01
1.000000000000000000e+00
-1.000000000000000000e+00
-1.000000000000000000e+00
1.000000000000000000e+00
1.000000000000000000e+00
8.951554731603493797e-01
-1.000000000000000000e+00
1.000000000000000000e+00
-4.359458975488880728e-01
-1.000000000000000000e+00
-6.967012267403924763e-01
-1.000000000000000000e+00
-7.779851590725570532e-01
1.254948546100222440e-01
4.269695741860561888e-01
-1.000000000000000000e+00
2.903140280285567698e-01
2.835061325601605509e-01
1.000000000000000000e+00
6.727475505378985310e-03
-1.000000000000000000e+00
-9.602322795889373097e-01
-1.000000000000000000e+00
-7.100371493685703195e-01
-7.245913914127120048e-01
1.000000000000000000e+00
1.000000000000000000e+00
7.197558107346312406e-01
-1.000000000000000000e+00
4.376553987565966475e-01
-9.029230677999721122e-01
-2.242419453508108784e-01
2.436003357974454442e-01
-1.000000000000000000e+00
-2.750024802344575026e-01
7.718726047458056572e-01
-9.837618970743778890e-01
-1.000000000000000000e+00
1.000000000000000000e+00
4.648330902688007082e-01
-5.781180880125684762e-01
-1.000000000000000000e+00
3.360844397823714580e-02
8.539772066144968310e-02
1.000000000000000000e+00
1.000000000000000000e+00
-3.596058240097519398e-01
-6.299857518202136575e-01
8.683163734675440892e-01
1.923213840305937339e-01
-1.000000000000000000e+00
8.847105287402934337e-02
-9.392884288438169138e-02
1.000000000000000000e+00
-2.843250673062093781e-01
-1.000000000000000000e+00
1.000000000000000000e+00
-9.484675075657087451e-01
2.057789675931097628e-01
-6.306516368531994710e-01
7.667067580452699982e-01
5.632802151553313319e-01
8.071316754678248273e-02
3.137021219840713249e-01
1.000000000000000000e+00
1.088506472266056457e-01
6.244462029673112369e-01
-1.000000000000000000e+00
-1.682051971473021990e-01
-1.000000000000000000e+00
-1.000000000000000000e+00
-7.795585700983591604e-01
-2.466662947622892399e-01
1.000000000000000000e+00
1.000000000000000000e+00
4.690765844398504525e-01
1.859653062938683432e-01
7.532367555296071160e-02
-1.000000000000000000e+00
-2.984680003986428520e-01
9.923012676768617757e-01
1.141373401333878324e-01
-1.000000000000000000e+00
1.000000000000000000e+00
1.114507506941522230e-01
1.000000000000000000e+00
-1.000000000000000000e+00
-1.000000000000000000e+00
1.000000000000000000e+00
-1.536401728864659200e-01
-1.000000000000000000e+00
8.997357164240723515e-01
4.150419160823800580e-01
3.919305663254392669e-01
-1.000000000000000000e+00
7.905432344297674829e-01
1.000000000000000000e+00
-6.253396963466206770e-01
-6.774292769043712692e-01
-5.492573619391274420e-01
-1.000000000000000000e+00
-1.000000000000000000e+00
1.000000000000000000e+00
3.162579833576885657e-01
-3.419081514001531819e-02
1.000000000000000000e+00
1.000000000000000000e+00
-1.000000000000000000e+00
1.000000000000000000e+00
-2.985751643721394899e-01
4.644400998433719785e-01
-5.431879718031940030e-04
6.953080346154989488e-01
1.000000000000000000e+00
1.844288439682377767e-01
1.000000000000000000e+00
-2.230538912459587297e-01
-7.232023927371113992e-01
2.467829154313007090e-01
-6.625952240236949731e-01
1.000000000000000000e+00
1.000000000000000000e+00
4.347558757923934425e-01
1.000000000000000000e+00
-1.000000000000000000e+00
-1.944661114009427205e-02
-1.890541773748876109e-01
-1.000000000000000000e+00
-3.444866551056292581e-01
1.000000000000000000e+00
-1.117640593292177353e-01
3.663687902036872335e-01
7.857767695240619465e-01
-2.030195107765615514e-01
1.000000000000000000e+00
-4.696330130088651189e-01
1.000000000000000000e+00
1.239926898020149437e-01
-6.220130132144485735e-01
-1.000000000000000000e+00
1.000000000000000000e+00
8.195185011813423959e-01
1.000000000000000000e+00
-2.736446475634158881e-01
-1.000000000000000000e+00
5.349955566572142107e-01
6.439591091727032701e-01
-7.140474012910863477e-01
6.634583979348941396e-01
1.000000000000000000e+00
7.861450985127345081e-01
1.000000000000000000e+00
1.000000000000000000e+00
9.749069862729721203e-01
2.328325152005654153e-01
-6.874882558223447404e-01
-1.000000000000000000e+00
-1.798308817832518502e-01
1.000000000000000000e+00
1.000000000000000000e+00
9.166853580752402086e-01
9.973746307142417056e-01
-1.575498343722352979e-01
4.720529197199558880e-01
-1.695047799084263840e-01
1.000000000000000000e+00
1.000000000000000000e+00
1.000000000000000000e+00
-3.946644292454272174e-01
-2.715991469783081147e-01
-9.619801127745707392e-01
9.119275970489211236e-01
1.000000000000000000e+00
-1.000000000000000000e+00
2.003006184629412267e-01
-4.139138668347581707e-01
1.000000000000000000e+00
-7.137848512650246668e-02
-1.000000000000000000e+00
-4.009192710737141674e-01
-4.004027871769292313e-01
-1.000000000000000000e+00
-1.000000000000000000e+00
1.421248263502278286e-02
2.256282523231674109e-01
-7.450366742484951788e-01
-9.239520813779300568e-01
-2.303224796016415388e-01
1.000000000000000000e+00
5.556019414360968689e-01
-3.811821289643661514e-01
-9.180046744654284385e-01
1.000000000000000000e+00
-6.811066998181966037e-01
7.468208938761454752e-01
-1.000000000000000000e+00
-5.956586660446644421e-01
1.000000000000000000e+00
1.000000000000000000e+00
-1.000000000000000000e+00
1.000000000000000000e+00
1.000000000000000000e+00
-1.000000000000000000e+00
2.354411491358394948e-01
-6.268750879354754169e-01
8.431859055308692508e-01
-1.000000000000000000e+00
1.000000000000000000e+00
9.604973818697023491e-01
-1.000000000000000000e+00
-7.069830882752594636e-01
9.139651435037963179e-01
9.178741773335979959e-01
-1.000000000000000000e+00
-1.974125990923446539e-01
1.000000000000000000e+00
-1.000000000000000000e+00
9.978493925301605838e-01
9.346786635017140243e-01
-4.671777683049032071e-01
-3.580936029917656249e-01
1.000000000000000000e+00
-1.000000000000000000e+00
6.954641303892337145e-01
-1.000000000000000000e+00
1.000000000000000000e+00
-8.348201885577564152e-01
-1.000000000000000000e+00
-9.090629036098503146e-01
7.291547716388899758e-01
1.000000000000000000e+00
4.165916172616614954e-01
6.896935866566169526e-01
-1.000000000000000000e+00
-1.000000000000000000e+00
5.972214436328593390e-01
1.000000000000000000e+00
-5.240583563046750104e-01
-1.000000000000000000e+00
-1.000000000000000000e+00
9.150728266611705131e-01
7.308021232569350545e-03
1.000000000000000000e+00
8.684378421586858021e-01
-7.171175073235103170e-01
-1.000000000000000000e+00
8.189020229610810553e-01
-1.000000000000000000e+00
9.911754144880466910e-01
-1.000000000000000000e+00
-1.000000000000000000e+00
-2.381939171231506891e-01
-9.330825177481942845e-01
-1.000000000000000000e+00
1.000000000000000000e+00
1.000000000000000000e+00
-1.403521184568151392e-01
6.399196989103808075e-01
-1.000000000000000000e+00
7.491415876558047415e-01
-1.000000000000000000e+00
2.658504278267308507e-01
1.109194150471840556e-01
1.000000000000000000e+00
1.000000000000000000e+00
9.220843132556784116e-01
4.144399185782160489e-02
-6.045565923436846401e-01
-1.386233473703666341e-01
-1.000000000000000000e+00
-9.823364193714800852e-01
-1.503594006572317454e-02
-7.024363811117553258e-01
1.000000000000000000e+00
-6.428394896269249426e-01
-8.401964416001227454e-01
-1.000000000000000000e+00
3.514315837045189350e-01
-2.190915525336568637e-01
2.007575602089502476e-01
-1.000000000000000000e+00
8.770387642959240893e-01
1.000000000000000000e+00
8.557578141530036708e-01
1.000000000000000000e+00
-9.864873464314163898e-02
-9.316010837261341493e-01
7.760105212907745242e-01
-1.000000000000000000e+00
8.645508737668017307e-01
1.000000000000000000e+00
6.635076212847500488e-01
-4.476523124839143497e-01
1.000000000000000000e+00
-6.084004315825849440e-01
8.470702896487964928e-01
1.000000000000000000e+00
7.280190599559164255e-01
1.000000000000000000e+00
1.000000000000000000e+00
9.605322945034265869e-01
1.000000000000000000e+00
2.012265664118557673e-01
-1.000000000000000000e+00
-6.965527300056008064e-01
-3.380952260078908811e-01
3.969129972547930651e-01
3.035378698566094657e-01
1.000000000000000000e+00
9.917384629730181533e-01
-5.960215527789847201e-01
-1.000000000000000000e+00
-4.276243335227897235e-01
1.000000000000000000e+00
-7.791291141632985529e-01
-7.654633541031354849e-01
-1.000000000000000000e+00
9.162210953423283177e-02
1.000000000000000000e+00
-1.000000000000000000e+00
7.159489808797870891e-01
-8.279840005438426909e-01
1.000000000000000000e+00
-8.727411938419915582e-02
-1.000000000000000000e+00
1.000000000000000000e+00
-1.000000000000000000e+00
-1.344217147880709673e-01
1.000000000000000000e+00
-9.674617594355741090e-01
1.000000000000000000e+00
-8.145731672232603415e-02
-7.295361063013672265e-02
3.634810813448388078e-01
-1.000000000000000000e+00
7.055540731558466172e-01
-1.942803658596635730e-01
-1.000000000000000000e+00
-7.048395628210655239e-01
-5.671226830528048879e-01
1.988367279325019277e-01
3.727980516626102636e-01
-1.000000000000000000e+00
8.621582298219843121e-02
-1.829300361546900566e-01
2.284296241928267246e-01
9.824467586883364190e-01
-1.000000000000000000e+00
1.000000000000000000e+00
1.000000000000000000e+00
6.660956621751137341e-01
7.163855627987374408e-01
1.379555272157481083e-01
1.000000000000000000e+00
1.000000000000000000e+00
-2.661289876343454486e-01
-4.943024870562862105e-05
1.000000000000000000e+00
-1.000000000000000000e+00
5.758263689230097571e-02
-8.452969121298868904e-01
6.588777845801649935e-01
-3.884431384663699083e-01
-1.000000000000000000e+00
1.000000000000000000e+00
-1.000000000000000000e+00
1.000000000000000000e+00
-6.021842850684834270e-01
-1.000000000000000000e+00
1.000000000000000000e+00
-1.409508915934998274e-01
-1.000000000000000000e+00
1.000000000000000000e+00
-4.692909160598162099e-01
-2.826519656439187012e-01
-1.000000000000000000e+00
-5.579369580800872530e-01
3.770262809990964636e-01
4.827885582927127217e-02
7.229732407099760394e-01
-9.344948977220575159e-01
-1.000000000000000000e+00
-4.544935059957516676e-01
2.851619559615782284e-01
3.297763353549669763e-01
-1.000000000000000000e+00
3.126256668610655209e-01
1.000000000000000000e+00
-1.000000000000000000e+00
1.000000000000000000e+00
1.000000000000000000e+00
-1.000000000000000000e+00
1.000000000000000000e+00
-1.404527759711845514e-01
1.000000000000000000e+00
1.000000000000000000e+00
-1.000000000000000000e+00
1.095978040583328594e-01
-9.901685446162169502e-01
-3.033032177245716943e-01
7.660944793909951755e-01
4.369452518925931450e-02
1.000000000000000000e+00
1.108702789676023759e-01
1.000000000000000000e+00
-1.000000000000000000e+00
-3.366045533955535074e-01
-1.000000000000000000e+00
-5.141619101025773908e-01
-7.489971025620989487e-01
1.285487664880069492e-01
-1.000000000000000000e+00
4.815168577216411006e-01
-1.000000000000000000e+00
5.260537581541994134e-01
-2.649641823585277001e-01
1.000000000000000000e+00
-7.994492353160729259e-01
1.000000000000000000e+00
-1.000000000000000000e+00
-4.818185360024614949e-01
4.204548376467334703e-01
2.147376614665101879e-01
-8.876721556462345841e-01
-8.581507792151379377e-01
8.633052021121090380e-01
-3.437441642949801701e-01
-1.783120838417745491e-01
-1.000000000000000000e+00
1.000000000000000000e+00
-1.802982523439558005e-01
3.599330956448867358e-01
-9.014556002225301290e-01
-1.000000000000000000e+00
7.275677699808530408e-01
1.000000000000000000e+00
-1.000000000000000000e+00
3.739626517682161921e-01
2.557150259055973596e-01
-6.142416514600353983e-01
-6.046852126143456019e-01
1.000000000000000000e+00
1.000000000000000000e+00
5.816407082924243133e-01
9.788875507585367286e-01
-9.857998238514930067e-01
1.000000000000000000e+00
-1.000000000000000000e+00
-7.562556735017783582e-01
-6.492314306595294848e-01
9.527951287252584001e-01
-9.214101886962821064e-01
-1.000000000000000000e+00
1.000000000000000000e+00
-3.126392794789850660e-01
-1.000000000000000000e+00
-1.000000000000000000e+00
1.000000000000000000e+00
-1.000000000000000000e+00
-2.329615133283979844e-01
-1.000000000000000000e+00
-1.000000000000000000e+00
1.000000000000000000e+00
1.000000000000000000e+00
3.099144586352187147e-01
-1.000000000000000000e+00
6.686589961287925377e-01
-1.000000000000000000e+00
-8.507381432916949482e-01
-4.720782304338454471e-01
-2.650065304551747492e-01
-1.000000000000000000e+00
-2.285329709394940956e-01
2.247361244513776946e-01
9.087562283889530912e-01
1.000000000000000000e+00
1.000000000000000000e+00
-7.513257225805762829e-01
-1.000000000000000000e+00
1.000000000000000000e+00
1.000000000000000000e+00
-1.000000000000000000e+00
1.000000000000000000e+00
-4.809522120862942396e-01
-1.000000000000000000e+00
-1.000000000000000000e+00
-1.000000000000000000e+00
-1.000000000000000000e+00
-6.887686558591024077e-01
-9.792462635286636186e-02
-6.643543106056200021e-01
8.182405578194821283e-01
9.264817217313044972e-01
-1.000000000000000000e+00
-1.000000000000000000e+00
-1.000000000000000000e+00
1.000000000000000000e+00
-1.000000000000000000e+00
-5.612266649829275034e-01
-4.954744264853039315e-01
-1.000000000000000000e+00
4.046051632163993883e-01
-2.660448228964600315e-01
-9.999235743322242298e-01
-1.000000000000000000e+00
5.307868537376241314e-01
-1.000000000000000000e+00
-1.000000000000000000e+00
1.000000000000000000e+00
1.000000000000000000e+00
1.519667246165291585e-01
1.536389196714667005e-01
-1.000000000000000000e+00
3.579180433595249289e-01
-1.000000000000000000e+00
-1.000000000000000000e+00
-9.995078338696993248e-01
5.957377208982883587e-01
1.000000000000000000e+00
-5.560012112327529232e-01
-5.569349457102626966e-01
2.221261555801048448e-01
-1.000000000000000000e+00
-4.484350108351176090e-01
-1.000000000000000000e+00
-1.044832306909748709e-02
4.749122376100323173e-01
-1.000000000000000000e+00
-5.947894601724484920e-01
-1.000000000000000000e+00
-9.516366835545124747e-01
5.449405083541571937e-01
4.723782262441600377e-01
1.000000000000000000e+00
4.351677442728565381e-01
1.000000000000000000e+00
4.816207844752745659e-01
1.000000000000000000e+00
-1.000000000000000000e+00
-8.052131573046708013e-01
5.339572120176615533e-01
-1.000000000000000000e+00
-1.000000000000000000e+00
-6.320114508637608708e-01
6.788008465121562196e-01
1.000000000000000000e+00
-8.781026933498234932e-01
6.537713831731544190e-01
-9.551747283955431822e-01
2.558884165134143185e-01
-1.000000000000000000e+00
-2.478277762400864503e-01
-2.324606335849678240e-01
5.643365661350082663e-01
-1.390920398880816644e-01
4.840731953233627927e-01
-4.755162200279560158e-01
-1.000000000000000000e+00
-2.102690302091348995e-01
4.908224479169545074e-01
2.484283692081321049e-01
2.635690993250916492e-01
2.812280049982398555e-01
-1.000000000000000000e+00
-1.359376799131022384e-01
-2.405439836409054566e-01
-7.947030886961533591e-01
-1.000000000000000000e+00
-1.000000000000000000e+00
-1.000000000000000000e+00
2.341216970576668333e-01
-4.226063656129007695e-01
2.612648938965461132e-01
1.000000000000000000e+00
6.030941558516733636e-01
7.881064393632519760e-01
7.815238100117463116e-01
3.530282060746292583e-02
-5.046802677633946965e-01
1.000000000000000000e+00
4.644947422846312790e-02
1.000000000000000000e+00
3.294008605174093551e-01
1.009137944446871771e-01
-1.000000000000000000e+00
1.000000000000000000e+00
1.000000000000000000e+00
6.321915437800220694e-01
7.025851772098635761e-01
-4.099849750362262180e-01
-2.145372134475930226e-01
1.000000000000000000e+00
-1.000000000000000000e+00
-1.000000000000000000e+00
-8.957766315523755241e-01
3.762343508419975779e-01
1.822538305438691220e-01
7.434877090732241456e-01
-9.793436537323574331e-01
-6.110157563931917224e-02
-2.744611504873933905e-01
-2.207892214497931827e-01
1.000000000000000000e+00
-5.595955757669743846e-01
1.000000000000000000e+00
6.212769416367263098e-01
-1.000000000000000000e+00
-8.841670266683625545e-01
9.023887052011247967e-01
-8.251146430410298827e-01
-5.150915472016358576e-01
-7.870724469038696824e-01
1.490609965161437955e-02
1.000000000000000000e+00
1.000000000000000000e+00
1.000000000000000000e+00
-6.260931045916499071e-01
9.642917945923638046e-01
1.000000000000000000e+00
1.000000000000000000e+00
1.000000000000000000e+00
-1.000000000000000000e+00
1.000000000000000000e+00
-9.605474904344524223e-02
-3.395658317237822965e-01
4.477192819580463334e-01
-1.000000000000000000e+00
-1.000000000000000000e+00
1.000000000000000000e+00
6.594003815709115202e-01
-8.109891286866917071e-01
-1.000000000000000000e+00
-4.797571945304275332e-01
1.000000000000000000e+00
4.793796748020617837e-01
6.134320197100083805e-01
3.281341770333738861e-01
-8.278281748322582345e-01
1.000000000000000000e+00
-1.000000000000000000e+00
1.000000000000000000e+00
-1.000000000000000000e+00
-7.079742627665638333e-01
-1.000000000000000000e+00
8.202898427447533058e-02
1.000000000000000000e+00
-2.563738568807937268e-01
-4.639452007241926523e-01
2.624991161068642720e-01
-5.222878205554677411e-01
5.102380933208763292e-01
-1.000000000000000000e+00
1.000000000000000000e+00
1.000000000000000000e+00
6.246584993393407004e-01
-7.183856456785688849e-01
1.000000000000000000e+00
-4.080852863360809879e-01
1.000000000000000000e+00
1.000000000000000000e+00
7.110643208501208345e-01
6.395212484763652672e-01
1.000000000000000000e+00
-8.765536818506214356e-01
1.000000000000000000e+00
-5.006432000833921370e-01
-6.014115169946755435e-01
1.000000000000000000e+00
-7.978248792774775833e-01
-1.000000000000000000e+00
3.031589463007787755e-01
-1.000000000000000000e+00
-2.632211900762247425e-01
-4.710376769419495901e-01
-8.285708079361595590e-01
-9.082372783275420858e-01
-6.818308799730821157e-01
-7.272722403463902641e-01
1.000000000000000000e+00
-7.106528655128889760e-01
-1.166985621641535298e-01
-6.181553915977830993e-01
-7.347541317866004285e-01
-1.000000000000000000e+00
9.428564714169196392e-01
1.000000000000000000e+00
5.889830636131460073e-01
-2.383173175057140547e-01
1.000000000000000000e+00
-1.000000000000000000e+00
8.935107368457406718e-01
-1.000000000000000000e+00
2.438041406280333501e-01
5.034951929053289588e-01
-4.724004013285236780e-01
8.799431403681368113e-02
-1.078819909543561328e-01
-1.000000000000000000e+00
5.539272421814437353e-01
-8.213185773870158579e-01
1.000000000000000000e+00
7.539508028075398993e-01
-6.550433072214552066e-01
-8.037900067309450280e-03
3.924413563695449136e-01
1.548789386250458144e-01
3.705318606675359755e-02
1.000000000000000000e+00
6.979484420669614941e-01
6.154846987704520878e-01
-2.920977275731240219e-01
-6.836664529223690501e-02
-1.000000000000000000e+00
4.526195915640232048e-01
3.905635864004696201e-01
-1.000000000000000000e+00
8.365164379678894369e-01
-1.000000000000000000e+00
-2.169344768045943783e-01
1.000000000000000000e+00
-9.727268085176336010e-01
-1.000000000000000000e+00
1.547166531684029955e-01
1.000000000000000000e+00
-1.000000000000000000e+00
1.000000000000000000e+00
-8.872205200831153604e-01
8.408744143765433110e-01
5.359777688574780541e-01
9.888861441106060468e-01
-8.828225811887160379e-01
-1.000000000000000000e+00
-1.000000000000000000e+00
-1.000000000000000000e+00
6.082852402648513124e-01
1.000000000000000000e+00
-8.855827978140373702e-01
-7.019599322417190423e-01
1.000000000000000000e+00
1.000000000000000000e+00
1.000000000000000000e+00
-3.569046628556105105e-02
7.020824315682461236e-01
6.770805417207848009e-02
1.821860424423372704e-01
-1.000000000000000000e+00
-1.000000000000000000e+00
-1.000000000000000000e+00
5.103629192648166946e-01
-5.430959577886688150e-01
-7.322696682050302552e-01
-2.954977178308808572e-01
5.948193481749253220e-01
-6.551019720805916213e-01
-1.000000000000000000e+00
7.654678777909862397e-02
-7.074388955371676557e-01
1.000000000000000000e+00
-9.630303020638661948e-01
1.259074320497340915e-01
7.374077564720882272e-01
-1.000000000000000000e+00
7.753009017680005943e-01
1.000000000000000000e+00
-1.000000000000000000e+00
8.058231634322876591e-01
-4.689849627425862200e-01
-9.843990465192659078e-02
1.017075417179436059e-03
7.239363221584939057e-01
3.355244586887007330e-01
1.000000000000000000e+00
1.000000000000000000e+00
4.369242762226387411e-01
5.596536427139222614e-01
-1.000000000000000000e+00
9.958408845978551360e-01
3.061663710783646408e-02
-1.000000000000000000e+00
-1.000000000000000000e+00
1.000000000000000000e+00
-1.000000000000000000e+00
4.659890221331167703e-01
4.397405452318188801e-01
1.000000000000000000e+00
-7.579341086707924724e-01
-9.805444813946966320e-01
3.165765751546519846e-01
9.252420494977305898e-01
-1.000000000000000000e+00
1.000000000000000000e+00
7.023879376457059509e-01
4.436709959813426862e-01
1.000000000000000000e+00
1.000000000000000000e+00
1.000000000000000000e+00
-1.000000000000000000e+00
-1.000000000000000000e+00
6.207232257234366335e-01
1.000000000000000000e+00
-1.000000000000000000e+00
-3.442964837488420304e-01
1.000000000000000000e+00
1.537625952232832827e-01
6.538352652013779132e-02
-1.000000000000000000e+00
-1.000000000000000000e+00
-3.021925410967870040e-01
-1.000000000000000000e+00
1.000000000000000000e+00
-7.838748283669713102e-01
-1.000000000000000000e+00
-4.077922445388488804e-01
3.602587970614944957e-01
-1.000000000000000000e+00
-1.000000000000000000e+00
-6.648667825358655081e-01
1.479922399199468108e-01
1.000000000000000000e+00
1.000000000000000000e+00
-1.000000000000000000e+00
-1.000000000000000000e+00
-1.000000000000000000e+00
-1.000000000000000000e+00
-1.000000000000000000e+00
-1.000000000000000000e+00
1.000000000000000000e+00
1.000000000000000000e+00
-1.000000000000000000e+00
-5.931335093761227473e-01
1.000000000000000000e+00
-7.403881316218932085e-01
1.000000000000000000e+00
1.802542243022841051e-01
1.000000000000000000e+00
1.756690087374824377e-02
6.393452148454646933e-01
8.316182247980350439e-01
-8.007084688093890623e-01
-1.000000000000000000e+00
-8.022736118029056840e-01
1.000000000000000000e+00
-1.639409932251594260e-01
-9.151425847966108140e-01
-5.495553680726225076e-01
1.000000000000000000e+00
1.000000000000000000e+00
-6.379315834185521616e-01
6.386783656051635560e-01
-7.410624723754322130e-01
-1.000000000000000000e+00
2.818109629963196916e-01
1.000000000000000000e+00
1.000000000000000000e+00
-1.210031853988201567e-01
1.000000000000000000e+00
-1.000000000000000000e+00
2.351753616946139491e-01
-1.000000000000000000e+00
1.000000000000000000e+00
2.589062482329137493e-01
-7.492176090899451690e-01
1.707781412446840452e-02
-1.000000000000000000e+00
1.000000000000000000e+00
6.684271278534457128e-01
-1.000000000000000000e+00
2.992669038019175609e-01
-1.000000000000000000e+00
-1.000000000000000000e+00
8.635828420055179366e-01
9.812801878719632498e-01
4.378725196016700627e-01
-2.316253109826976186e-01
-1.000000000000000000e+00
1.000000000000000000e+00
-4.533662318397875257e-01
-1.000000000000000000e+00
-6.500522236987877900e-01
-1.000000000000000000e+00
-1.000000000000000000e+00
1.000000000000000000e+00
-1.000000000000000000e+00
9.342970500945815826e-02
-8.684814405144687388e-01
1.000000000000000000e+00
-6.919465534355018210e-01
2.478454371908511700e-02
-1.000000000000000000e+00
1.000000000000000000e+00
3.190370060913362282e-01
1.000000000000000000e+00
-5.928866849084886148e-01
9.026436882473802825e-01
1.000000000000000000e+00
-1.000000000000000000e+00
-1.000000000000000000e+00
1.000000000000000000e+00
2.965005973991741151e-02
-1.000000000000000000e+00
-1.000000000000000000e+00
-4.569305539086199186e-01
-6.445552066064683672e-01
-1.000000000000000000e+00
9.448602005751448596e-01
-3.184583456900652587e-01
-1.681867220120421003e-01
8.953205952075415919e-01
-1.000000000000000000e+00
-1.000000000000000000e+00
1.000000000000000000e+00
1.000000000000000000e+00
-1.000000000000000000e+00
4.116906192035596490e-01
-1.000000000000000000e+00
-2.102933046303767650e-01
1.865620467345104894e-01
1.000000000000000000e+00
-6.054233645333897407e-01
8.278634025851012712e-01
-1.088071214817309951e-01
5.188876312822142678e-01
1.000000000000000000e+00
8.050497572206805064e-01
-8.500949984214021260e-01
5.290894916021442462e-01
-1.000000000000000000e+00
1.000000000000000000e+00
7.698551299983436014e-02
-4.827572688114709631e-01
-1.000000000000000000e+00
-7.310362508195193953e-01
-5.243229746411797176e-01
1.751176352465680930e-01
-1.000000000000000000e+00
-2.472947716788250760e-01
8.888970111411786945e-02
4.811629162297949014e-01
-1.000000000000000000e+00
-1.000000000000000000e+00
6.957000514376063816e-01
4.605226625282903274e-01
1.000000000000000000e+00
-4.780478490379913570e-01
-2.583996773653383094e-01
-7.882271799496231024e-01
-1.111424865832256748e-01
8.976239994083966556e-01
-1.393604770073498811e-01
-8.998563958141977404e-01
-1.000000000000000000e+00
-8.917853135712605628e-01
-6.286019612101546583e-01
1.000000000000000000e+00
-8.308525434008326993e-01
1.000000000000000000e+00
-1.396519749738375227e-01
1.000000000000000000e+00
-1.000000000000000000e+00
5.310481628400791632e-01
-6.818905273068220918e-01
-8.344650883278532660e-01
8.932114891064157902e-01
1.000000000000000000e+00
-9.870947314861160393e-01
-1.000000000000000000e+00
5.430856275096525021e-01
7.573653259602900478e-01
-9.629979319070269828e-01
6.398996866084759594e-01
1.000000000000000000e+00
-1.000000000000000000e+00
-1.000000000000000000e+00
9.997791756445166822e-01
-1.000000000000000000e+00
2.651755102457102886e-01
-3.128372477415763964e-01
1.739017976501783247e-01
3.603956734831663677e-01
-5.283241306532009129e-02
2.422621095755850273e-02
1.000000000000000000e+00
6.962013427379680763e-01
4.636461366607780299e-01
-1.000000000000000000e+00
-6.439599158521807087e-01
-9.170348106867735050e-01
1.000000000000000000e+00
-1.251553801297558555e-01
1.000000000000000000e+00
1.000000000000000000e+00
8.651613649253570015e-02
9.170337368509455800e-01
1.000000000000000000e+00
-1.000000000000000000e+00
-1.000000000000000000e+00
-1.000000000000000000e+00
6.922342145651314560e-01
-5.520754110635941458e-01
6.309820879347172173e-02
-1.605501972943501610e-01
7.201546056685457220e-01
8.281131786508546533e-01
-9.312606930152722562e-01
-3.846644258975906450e-02
-8.314399327437369536e-01
1.000000000000000000e+00
1.331726830051562782e-01
1.000000000000000000e+00
-7.211490812508410952e-01
-6.120919390289155659e-01
-1.000000000000000000e+00
1.000000000000000000e+00
1.000000000000000000e+00
1.000000000000000000e+00
-8.598134582299103990e-01
1.000000000000000000e+00
9.747793016335358773e-01
2.304312543982400263e-01
2.599323788899311483e-01
1.000000000000000000e+00
9.691190423589524094e-01
-6.254282941192998990e-01
2.651909546670728202e-01
-1.000000000000000000e+00
1.000000000000000000e+00
1.000000000000000000e+00
-7.509375056700086093e-01
-6.389737773956885025e-01
1.000000000000000000e+00
4.393692884975776147e-01
6.228976018705847939e-02
3.308420294988371202e-01
-1.000000000000000000e+00
-1.000000000000000000e+00
4.274655907197550397e-01
1.000000000000000000e+00
7.575837769775368713e-01
-1.000000000000000000e+00
-7.405340556635140459e-01
-8.219635613897037230e-01
-1.000000000000000000e+00
-4.847457349909648494e-01
8.087831896076893567e-01
1.000000000000000000e+00
-1.000000000000000000e+00
-1.000000000000000000e+00
-8.836715186572133840e-01
9.225948797457097506e-01
1.000000000000000000e+00
-4.387824407551035311e-01
-5.397234776448316396e-01
1.000000000000000000e+00
-9.615324914426979230e-01
1.000000000000000000e+00
-3.671657377047694570e-01
3.091139186258554661e-01
-7.788572198518097789e-01
-1.000000000000000000e+00
-1.000000000000000000e+00
-9.458759935673082264e-01
-1.000000000000000000e+00
1.000000000000000000e+00
-8.647750988902308533e-01
-1.000000000000000000e+00
1.000000000000000000e+00
1.000000000000000000e+00
-1.000000000000000000e+00
3.101470275939799404e-02
5.233128766259389497e-01
-1.610065029604054176e-01
-1.000000000000000000e+00
-5.419500453843490995e-01
1.623384749114500369e-01
1.000000000000000000e+00
7.220776199856970834e-01
-1.000000000000000000e+00
5.758631524289863357e-01
1.000000000000000000e+00
2.488502637179024202e-01
1.000000000000000000e+00
1.000000000000000000e+00
1.000000000000000000e+00
4.205189139045034663e-01
-1.000000000000000000e+00
1.000000000000000000e+00
6.526036388450606740e-01
9.089822898794821526e-01
-2.789065959543541307e-01
7.671690219137881073e-01
-1.000000000000000000e+00
-3.364330960887969013e-01
6.451289428923223657e-02
4.544608050789622489e-02
1.000000000000000000e+00
4.908366983300002095e-01
1.000000000000000000e+00
1.000000000000000000e+00
9.675850959170914090e-01
2.838355705547068730e-02
-1.000000000000000000e+00
1.000000000000000000e+00
-5.141161675460999003e-01
1.000000000000000000e+00
1.269086465737667702e-01
9.999324339926001226e-01
-4.859993257952154866e-01
6.865029617641169590e-01
-1.000000000000000000e+00
9.247098599673655439e-01
-2.418329134124030944e-02
-8.772235977131759288e-01
-1.000000000000000000e+00
-7.535514254883807217e-01
1.100126925057296479e-01
-4.945932393774060687e-01
4.599233851336810286e-01
3.858787815848987446e-01
-1.000000000000000000e+00
1.000000000000000000e+00
-9.515086733640970573e-02
-8.085771149109665101e-01
-1.000000000000000000e+00
-1.000000000000000000e+00
9.605460833101950313e-02
1.000000000000000000e+00
-4.085734573708607043e-01
-1.000000000000000000e+00
-2.376171334035727112e-01
-1.000000000000000000e+00
4.485073268048789252e-02
-1.000000000000000000e+00
9.567126371863501344e-01
-3.896842085345950668e-01
2.282116451161423920e-01
1.000000000000000000e+00
-5.929149697206770320e-01
6.363110157309955772e-01
1.000000000000000000e+00
-2.112783713697549137e-01
1.000000000000000000e+00
1.000000000000000000e+00
2.043655552990137902e-01
1.000000000000000000e+00
-1.000000000000000000e+00
-1.000000000000000000e+00
-1.000000000000000000e+00
7.906434384454104070e-01
1.000000000000000000e+00
7.743445700476803140e-03
1.000000000000000000e+00
-8.708529494623813427e-01
-1.000000000000000000e+00
9.623308485421333547e-02
1.000000000000000000e+00
1.956928114317901812e-01
1.000000000000000000e+00
-9.281413952721631055e-01
1.000000000000000000e+00
4.259555987534457966e-02
-1.000000000000000000e+00
-1.000000000000000000e+00
-3.362113067654799448e-01
1.000000000000000000e+00
1.000000000000000000e+00
-5.736698368126107450e-01
1.000000000000000000e+00
-9.178935481599981294e-01
6.145352396227845571e-01
5.006820568642627034e-01
1.000000000000000000e+00
1.000000000000000000e+00
-6.918435887241363158e-01
1.000000000000000000e+00
3.843837137536114668e-01
-1.000000000000000000e+00
-1.000000000000000000e+00
-8.486678144487513897e-01
-1.000000000000000000e+00
8.733258294780723574e-01
-1.000000000000000000e+00
-8.992329546236228488e-01
-1.000000000000000000e+00
-9.702882881927359371e-01
9.152176211351784607e-01
5.468958195746103090e-01
-1.000000000000000000e+00
1.000000000000000000e+00
1.016561833241830248e-01
-2.541632662297871326e-01
-1.000000000000000000e+00
-1.000000000000000000e+00
-7.340772577546682554e-01
9.541924240847385885e-01
-1.000000000000000000e+00
-1.000000000000000000e+00
-1.000000000000000000e+00
-1.000000000000000000e+00
1.000000000000000000e+00
-6.502044182110406911e-01
-1.000000000000000000e+00
3.971940124089921031e-01
-1.000000000000000000e+00
-4.494329455344443502e-01
1.000000000000000000e+00
-9.967055678307582545e-01
-7.026088468108884211e-01
-1.000000000000000000e+00
4.619274562071290502e-01
1.000000000000000000e+00
-9.490005204266427352e-02
-1.000000000000000000e+00
-9.220116512070375414e-01
-1.000000000000000000e+00
-8.695733521181585601e-01
-1.000000000000000000e+00
-7.801760604706498015e-04
-1.000000000000000000e+00
2.609883264698562577e-01
-1.000000000000000000e+00
-1.000000000000000000e+00
-6.496614790115857740e-01
-1.000000000000000000e+00
-4.670452221454156616e-01
2.306153531511770938e-01
1.000000000000000000e+00
4.313483712945941906e-01
1.000000000000000000e+00
1.000000000000000000e+00
-1.000000000000000000e+00
-6.976152713820997775e-01
-1.000000000000000000e+00
-1.000000000000000000e+00
-2.225055763930678943e-01
1.000000000000000000e+00
-5.480918312422945471e-01
-5.640715973316742238e-01
1.000000000000000000e+00
-3.455810294299253016e-01
-1.000000000000000000e+00
1.000000000000000000e+00
1.000000000000000000e+00
2.323064987743071463e-01
4.484722886502446881e-01
-1.000000000000000000e+00
-1.000000000000000000e+00
9.241786970997808437e-01
-4.821345688125438511e-01
-1.000000000000000000e+00
7.701098569354526413e-01
-8.058422167372687461e-01
1.000000000000000000e+00
-1.000000000000000000e+00
-7.716355775533334516e-02
4.404093462884720589e-01
6.734635478966530808e-01
8.884716168284856330e-02
-1.000000000000000000e+00
3.807959551835355949e-01
-1.716363941409998484e-01
-1.000000000000000000e+00
1.000000000000000000e+00
-1.000000000000000000e+00
-8.098412207955036912e-01
1.000000000000000000e+00
-7.889466887379265048e-01
4.661930307117829742e-01
1.000000000000000000e+00
-1.000000000000000000e+00
7.057481672582524013e-01
1.132934981487018211e-01
-1.000000000000000000e+00
-1.329018130598079717e-01
-4.574051970283684598e-01
1.000000000000000000e+00
9.124965345164339769e-01
-1.060376560316621530e-01
1.000000000000000000e+00
5.459484519241615263e-01
8.216259621561979865e-01
-1.000000000000000000e+00
9.374869384839715769e-01
-7.742080672256611562e-01
-1.000000000000000000e+00
1.000000000000000000e+00
2.169145068021655631e-01
1.000000000000000000e+00
-8.113119965765247521e-01
1.000000000000000000e+00
-1.000000000000000000e+00
-1.000000000000000000e+00
-1.000000000000000000e+00
-2.528158097386438707e-01
3.426283884222089959e-01
-1.000000000000000000e+00
1.000000000000000000e+00
-3.081668221562219312e-01
-1.000000000000000000e+00
3.405183913751306801e-01
5.637993182655831603e-01
-1.000000000000000000e+00
-8.717546821407814450e-01
-3.135165028876130133e-02
-7.019760919359638862e-01
-1.000000000000000000e+00
1.000000000000000000e+00
-1.954473738022677320e-01
-9.399033518736700232e-01
5.408918851684839657e-01
-1.000000000000000000e+00
2.836602114157537602e-01
-1.000000000000000000e+00
7.671383587674924787e-01
-1.502400498096799208e-01
-1.000000000000000000e+00
-1.566902082966685206e-01
8.247176852429338734e-01
-1.991133248726263405e-01
1.000000000000000000e+00
-8.805789639998508056e-01
5.365379006527254413e-01
-4.682717637147886247e-01
5.980585739931448819e-01
-7.116616318774837691e-01
8.516189069399959788e-01
1.000000000000000000e+00
1.000000000000000000e+00
8.598775060329080233e-01
-1.000000000000000000e+00
1.100132718851036806e-01
-1.000000000000000000e+00
1.000000000000000000e+00
-1.000000000000000000e+00
2.119299357635080483e-01
4.098919437751422645e-01
-1.000000000000000000e+00
-1.000000000000000000e+00
1.000000000000000000e+00
6.920627248483290916e-01
4.863973255844278309e-01
-4.548929378217164698e-01
-1.950109647885940878e-01
-1.000000000000000000e+00
-5.238483129641818836e-01
-3.236950865428571134e-01
-2.134502820882783203e-01
1.000000000000000000e+00
1.000000000000000000e+00
-1.000000000000000000e+00
1.637537680544716157e-01
1.000000000000000000e+00
1.000000000000000000e+00
9.020081764083536235e-01
-8.617957524472544817e-01
-1.000000000000000000e+00
-3.008504796668226566e-01
1.000000000000000000e+00
-1.000000000000000000e+00
1.000000000000000000e+00
5.446565534394788299e-01
-1.482974494382600650e-01
-5.451070008734537620e-01
-6.547052911666650932e-02
-2.691879944890234189e-01
-5.774472057030635153e-01
-8.948179210657080107e-01
-7.263094309058570897e-01
-1.000000000000000000e+00
-6.593146059154912919e-01
-3.542080881200371234e-02
-5.370320726474233641e-01
-7.468903292868533939e-02
1.000000000000000000e+00
-4.393188348419001521e-01
-3.627360832439219251e-01
9.034231540002547467e-01
-6.277293132886394567e-01
1.000000000000000000e+00
1.000000000000000000e+00
-1.000000000000000000e+00
-5.556832965773101929e-01
3.202627794703591380e-02
-1.000000000000000000e+00
1.000000000000000000e+00
6.560409277380356841e-01
-1.000000000000000000e+00
1.000000000000000000e+00
5.157533789238086808e-01
-8.403577494482243893e-01
1.000000000000000000e+00
-8.750605535979719685e-01
1.000000000000000000e+00
1.000000000000000000e+00
1.000000000000000000e+00
-2.450149646054297081e-01
-1.000000000000000000e+00
-1.000000000000000000e+00
-1.000000000000000000e+00
-1.000000000000000000e+00
6.042626061101326052e-01
-1.000000000000000000e+00
1.000000000000000000e+00
-1.000000000000000000e+00
1.000000000000000000e+00
1.000000000000000000e+00
-4.101714370998342796e-01
-6.193532675995039316e-01
-1.000000000000000000e+00
5.471685191516475477e-01
1.000000000000000000e+00
-1.000000000000000000e+00
1.000000000000000000e+00
5.128270892446540330e-02
9.974428116327653804e-01
-2.740733426760481595e-01
-1.000000000000000000e+00
-7.403155172930935279e-01
-1.000000000000000000e+00
8.682462181374241972e-01
1.000000000000000000e+00
1.696586367613739932e-01
-1.000000000000000000e+00
1.000000000000000000e+00
-1.000000000000000000e+00
-6.941609190584117073e-01
2.694375894766334323e-01
-5.545970396706521033e-01
1.000000000000000000e+00
-8.732180754616321039e-01
-3.657452682830507618e-01
-1.000000000000000000e+00
1.000000000000000000e+00
-5.694807570557582910e-01
-3.919886281520690297e-01
-1.228858732645837781e-01
-1.000000000000000000e+00
-1.000000000000000000e+00
7.088357443317379047e-01
2.884105102856686365e-02
-1.000000000000000000e+00
-2.007435942913748939e-03
1.000000000000000000e+00
-9.461195238230524218e-01
-1.000000000000000000e+00
-1.000000000000000000e+00
-3.412986546628955509e-01
1.000000000000000000e+00
1.700781485874576227e-01
1.000000000000000000e+00
1.000000000000000000e+00
6.635374136171623416e-02
-1.000000000000000000e+00
4.950328608561332389e-01
5.745689749214167863e-01
-1.000000000000000000e+00
-1.415389390729878683e-01
7.530127361384424400e-01
-1.000000000000000000e+00
-4.677698511596137809e-01
-8.506206499682529287e-01
1.000000000000000000e+00
2.782318678992254934e-01
7.998829060766394772e-01
3.144515702716497163e-01
-1.052428452892251176e-02
8.444469844514974621e-01
6.851674860304449721e-01
1.000000000000000000e+00
4.337018388590151430e-01
4.359810599311647050e-01
1.000000000000000000e+00
-1.076054492582522171e-01
3.657262555527472925e-01
9.466990325999652400e-02
-7.929280813335387590e-01
-4.932610360829163820e-01
1.000000000000000000e+00
-1.763958645519855262e-01
1.000000000000000000e+00
-1.000000000000000000e+00
-1.000000000000000000e+00
4.347742177352859616e-01
3.151812850273683075e-01
5.687310179367590646e-01
-1.000000000000000000e+00
1.000000000000000000e+00
-1.000000000000000000e+00
6.262938274538067951e-01
-1.000000000000000000e+00
1.227833891766424435e-01
-8.243490606387755548e-01
-1.000000000000000000e+00
8.316543185436797714e-01
-1.000000000000000000e+00
-8.105377380943212806e-02
-1.000000000000000000e+00
-1.987197231383399099e-01
-8.831444691277834380e-03
4.401490949631048366e-01
1.000000000000000000e+00
1.000000000000000000e+00
-1.000000000000000000e+00
1.000000000000000000e+00
9.972085589822484719e-01
1.000000000000000000e+00
-1.000000000000000000e+00
-5.870482741421121364e-01
1.000000000000000000e+00
-1.000000000000000000e+00
-2.350182440570894038e-01
5.246563089601750107e-01
-1.662952055085777925e-01
1.000000000000000000e+00
-9.950002158501849436e-01
-1.000000000000000000e+00
-3.804931492105488866e-01
-3.640621752743011807e-02
-7.200027945889012626e-01
1.482889512348465333e-01
1.000000000000000000e+00
9.357912399858414609e-01
-1.000000000000000000e+00
1.000000000000000000e+00
1.000000000000000000e+00
1.000000000000000000e+00
1.456540074047156796e-01
1.000000000000000000e+00
1.943329147524894829e-01
8.278985288995936997e-01
-2.789635011285842570e-01
-1.000000000000000000e+00
-1.000000000000000000e+00
7.538904865867483984e-01
-1.000000000000000000e+00
-2.463752310271518642e-01
-7.246735599054876520e-01
1.000000000000000000e+00
-2.871910414630627351e-01
5.257068059377847380e-01
-3.833429582190941431e-01
-1.000000000000000000e+00
-1.194716345480750785e-02
-8.867516535841335479e-02
-1.000000000000000000e+00
9.275453404971978344e-02
-2.634567332493998881e-01
-9.584703013848283604e-01
1.096873890928562467e-02
-1.000000000000000000e+00
-1.000000000000000000e+00
1.000000000000000000e+00
-1.000000000000000000e+00
-1.000000000000000000e+00
-2.344356390156743797e-01
-6.512887365225226155e-01
-5.156484109430695684e-01
-1.000000000000000000e+00
7.780870447595076289e-01
1.000000000000000000e+00
-6.102397733117934653e-01
-1.000000000000000000e+00
1.000000000000000000e+00
-1.000000000000000000e+00
-1.175175301118310811e-01
-6.102839609890422512e-01
-1.000000000000000000e+00
-1.000000000000000000e+00
-1.000000000000000000e+00
-4.718859967402962985e-01
-1.000000000000000000e+00
1.000000000000000000e+00
-1.000000000000000000e+00
1.000000000000000000e+00
-8.043290670610910853e-01
-7.997844463868413190e-01
-1.805222461499804698e-01
-1.000000000000000000e+00
-1.329462016626755672e-01
-1.000000000000000000e+00
1.000000000000000000e+00
-1.000000000000000000e+00
1.000000000000000000e+00
4.747919858888326530e-03
-1.005368833273584395e-02
-1.000000000000000000e+00
-7.564137550485778849e-01
-1.000000000000000000e+00
3.721491046699982874e-01
-1.000000000000000000e+00
-6.651439586591284536e-02
-4.907114882441014903e-01
-1.004442829885343613e-01
1.000000000000000000e+00
-1.696564879279670590e-01
-9.571964769234115877e-01
8.127783735635271123e-01
-1.000000000000000000e+00
-1.000000000000000000e+00
-1.000000000000000000e+00
1.000000000000000000e+00
-3.928482510944846240e-01
-1.000000000000000000e+00
-1.000000000000000000e+00
-7.915790484104099356e-01
-6.650546978816554988e-01
8.197263025800881620e-01
2.495932484955249997e-01
8.494652021537780762e-01
-7.609175751623675765e-02
4.554290702211374331e-01
1.000000000000000000e+00
-1.000000000000000000e+00
5.720840619885451117e-01
3.069010863536932865e-01
1.000000000000000000e+00
-5.704844815116355550e-02
-4.456072662336032497e-01
1.000000000000000000e+00
1.000000000000000000e+00
1.000000000000000000e+00
1.000000000000000000e+00
-3.635906505307759939e-01
-9.440894529131980129e-01
5.821153554243114758e-01
-1.000000000000000000e+00
-8.161665074685949817e-01
5.218083940525919395e-01
1.758161280173948515e-01
-3.037131241365811363e-01
-8.255322106488001133e-01
-1.208823466797119828e-01
1.300363274920428580e-01
1.000000000000000000e+00
-1.000000000000000000e+00
-7.563241991187528157e-01
-1.000000000000000000e+00
-6.873402963408890010e-01
1.000000000000000000e+00
2.240923678928188334e-01
4.197244339811452840e-01
1.000000000000000000e+00
1.000000000000000000e+00
-1.000000000000000000e+00
-1.000000000000000000e+00
-7.734944934027568886e-01
-6.398237034140363821e-01
5.830346591580117810e-01
-1.000000000000000000e+00
5.742877922610805097e-01
-5.998814689878400053e-01
-1.000000000000000000e+00
1.000000000000000000e+00
-1.000000000000000000e+00
7.548331953497264823e-01
-4.013522317304429876e-01
1.000000000000000000e+00
1.000000000000000000e+00
1.000000000000000000e+00
5.094562251151368848e-02
7.651634516409971942e-02
3.376867207616999211e-01
1.000000000000000000e+00
-5.455772825458626851e-01
1.000000000000000000e+00
-1.000000000000000000e+00
-7.654821376212074258e-01
1.000000000000000000e+00
7.979628997659190537e-01
7.856176856941405884e-01
-4.232714166591209359e-01
6.063468900064905576e-02
1.000000000000000000e+00
-1.000000000000000000e+00
-1.000000000000000000e+00
6.949428125947548773e-01
3.465654497211264617e-01
4.897430747717981259e-01
8.658129903998683652e-01
-5.688873801211150605e-01
-1.000000000000000000e+00
3.528697138810824585e-01
-4.218922887278738765e-01
-1.000000000000000000e+00
6.748351555006217861e-01
9.176280763783482008e-01
-9.999424666728162769e-02
2.015020438817671788e-02
-1.000000000000000000e+00
-5.755954725568713792e-01
-1.000000000000000000e+00
-1.000000000000000000e+00
9.519483435463915733e-02
1.000000000000000000e+00
8.343033608240141286e-01
-8.405217922762685534e-01
9.012484397930957680e-01
1.716743402460345624e-01
-8.338352372339048468e-01
-4.521238024571878622e-01
3.182082871497371457e-01
-1.000000000000000000e+00
6.782722191702090786e-01
-6.211020139196433698e-01
-7.824931928696476913e-02
-1.000000000000000000e+00
1.000000000000000000e+00
-1.649584287866420196e-01
-6.090699981312636818e-02
-3.756186620762558270e-01
1.000000000000000000e+00
-2.359188900558072399e-01
-1.000000000000000000e+00
1.000000000000000000e+00
1.003176447504527946e-02
3.826023857798781513e-01
-1.173222001244284551e-01
1.000000000000000000e+00
7.618452758186203821e-01
1.000000000000000000e+00
-2.233370486384253506e-01
-9.590591903153458109e-01
8.364623158665127622e-01
-1.000000000000000000e+00
-2.691264467471841670e-01
3.341191472847321875e-01
-7.746736960971035701e-01
-4.268329304394991031e-01
2.378636206410541520e-01
6.901650357527222557e-01
5.367007058378525652e-02
-1.000000000000000000e+00
7.854169816101721491e-01
-4.822546573475254839e-01
4.954748672798307552e-01
-4.343355988252126654e-01
-1.000000000000000000e+00
-2.877184434326777729e-01
-4.669299688864420594e-01
7.319759993467291892e-01
-3.160149953432169756e-01
1.000000000000000000e+00
1.000000000000000000e+00
9.579317226472183755e-01
-8.189010021181506449e-01
1.000000000000000000e+00
1.000000000000000000e+00
-3.850576168136391475e-01
-1.000000000000000000e+00
-3.005475924647010855e-01
-9.217377605347520930e-01
1.000000000000000000e+00
-1.000000000000000000e+00
-1.000000000000000000e+00
-2.792848344965404017e-01
6.090553504418436681e-01
3.826733537678261299e-01
1.000000000000000000e+00
1.000000000000000000e+00
1.000000000000000000e+00
-1.377466599074224085e-01
-8.637236760257834822e-01
6.629906336810932332e-01
1.957728703452418229e-01
1.000000000000000000e+00
4.811735175000952935e-01
-1.000000000000000000e+00
-1.000000000000000000e+00
-1.000000000000000000e+00
-4.366382031940631014e-01
1.000000000000000000e+00
1.795516416610625221e-01
-1.000000000000000000e+00
7.494866372274557875e-01
-9.757629768885029975e-01
-1.054135162817020355e-01
8.353979635351825861e-01
-1.000000000000000000e+00
-1.000000000000000000e+00
-4.859381219194425228e-01
-1.000000000000000000e+00
1.000000000000000000e+00
-1.000000000000000000e+00
-1.000000000000000000e+00
-1.000000000000000000e+00
-1.000000000000000000e+00
1.000000000000000000e+00
1.000000000000000000e+00
-3.797623768609212913e-01
3.703062145022989471e-01
1.000000000000000000e+00
-2.361994547780815745e-01
1.000000000000000000e+00
-1.621957227371826349e-01
-1.000000000000000000e+00
-1.000000000000000000e+00
-1.000000000000000000e+00
-8.765031802194014343e-01
1.000000000000000000e+00
8.136535054423938984e-01
1.000000000000000000e+00
1.000000000000000000e+00
-1.000000000000000000e+00
1.000000000000000000e+00
-5.351361484792946932e-01
-9.303442220420645725e-01
-2.666535249111963157e-01
9.940490397107797360e-01
-5.569354553354652904e-01
1.000000000000000000e+00
-1.000000000000000000e+00
1.000000000000000000e+00
2.378765946747007642e-01
1.000000000000000000e+00
1.000000000000000000e+00
-4.300222751196272619e-01
-1.000000000000000000e+00
-1.000000000000000000e+00
-1.000000000000000000e+00
-1.000000000000000000e+00
6.641069733238409434e-01
-2.056223299965947993e-01
1.000000000000000000e+00
-1.000000000000000000e+00
1.000000000000000000e+00
2.047065632863565021e-01
5.004230367903519383e-01
2.362319558077916049e-01
-5.974246856571573394e-01
-1.000000000000000000e+00
7.037334993220194512e-01
-1.000000000000000000e+00
1.000000000000000000e+00
1.000000000000000000e+00
-7.026293540636143753e-01
-8.876045134688606009e-01
-5.925178805022832673e-01
-1.000000000000000000e+00
-5.987306617461942704e-01
3.805834034621871087e-01
2.494312063180185168e-01
-3.670019816904181997e-01
-6.690599430566033234e-01
1.000000000000000000e+00
-1.000000000000000000e+00
-1.859146762981940260e-01
1.000000000000000000e+00
-4.600832372154856076e-01
6.355350945386706307e-01
7.750344049170814209e-01
1.000000000000000000e+00
-1.000000000000000000e+00
9.960136801119933159e-01
-4.808683911922920218e-01
1.000000000000000000e+00
1.000000000000000000e+00
-3.373312843310761755e-01
-1.527248133717052925e-01
7.799776693753855961e-01
-1.000000000000000000e+00
-6.231161736846531074e-01
-1.984031477248285880e-01
-1.000000000000000000e+00
-1.000000000000000000e+00
1.000000000000000000e+00
3.943790341863419036e-01
-8.466377125058162090e-01
-1.000000000000000000e+00
-1.000000000000000000e+00
-1.000000000000000000e+00
-2.753662731767720917e-01
-1.000000000000000000e+00
1.047894624048106016e-01
-2.591919377419674153e-01
9.798530760665613570e-01
-1.000000000000000000e+00
1.000000000000000000e+00
1.000000000000000000e+00
1.000000000000000000e+00
-1.000000000000000000e+00
1.000000000000000000e+00
-3.112827362796042330e-01
3.071566374289921297e-01
-1.000000000000000000e+00
-1.000000000000000000e+00
2.741240660119091954e-01
-6.682403183869423113e-03
1.000000000000000000e+00
-2.306401355633522221e-01
-1.000000000000000000e+00
-2.810251269617819458e-01
1.000000000000000000e+00
5.520372441571189670e-01
1.000000000000000000e+00
-1.000000000000000000e+00
1.000000000000000000e+00
1.000000000000000000e+00
9.959957042382695525e-01
-8.500448608552238494e-02
-1.591334990476743205e-01
1.000000000000000000e+00
1.000000000000000000e+00
1.000000000000000000e+00
-9.615733303409099708e-01
-6.239809531551987476e-01
1.555033290797147583e-03
7.113948320643279644e-01
1.000000000000000000e+00
-5.663185058502102631e-01
-7.589145774963911295e-01
1.000000000000000000e+00
8.052290314875267807e-01
2.749692836217104697e-01
1.000000000000000000e+00
-1.000000000000000000e+00
-1.000000000000000000e+00
6.201634784925310617e-01
-1.000000000000000000e+00
-6.120529331047332988e-01
-1.000000000000000000e+00
8.826850180222280962e-01
-1.000000000000000000e+00
-1.000000000000000000e+00
-6.948112495297180669e-01
-1.000000000000000000e+00
1.000000000000000000e+00
2.441919711045349439e-01
-1.000000000000000000e+00
1.000000000000000000e+00
1.000000000000000000e+00
1.237264616230460273e-01
1.000000000000000000e+00
-1.000000000000000000e+00
-1.000000000000000000e+00
1.458291569922940401e-01
1.000000000000000000e+00
-7.351949917237681209e-01
-8.822625148093798941e-02
5.579947586105727941e-01
1.000000000000000000e+00
-1.000000000000000000e+00
-1.000000000000000000e+00
7.570244794477565264e-01
-1.000000000000000000e+00
7.299150312974151955e-01
2.328678152070531859e-01
2.152294953401048816e-01
1.000000000000000000e+00
5.718462845977609899e-01
-8.318983803915462882e-01
1.000000000000000000e+00
3.266602804140811278e-01
1.000000000000000000e+00
1.000000000000000000e+00
1.000000000000000000e+00
2.988473097017647628e-01
4.811400669899615901e-01
1.000000000000000000e+00
-1.000000000000000000e+00
-1.000000000000000000e+00
-6.667015959687616622e-01
-1.000000000000000000e+00
-1.000000000000000000e+00
4.145713602752749694e-01
1.822703610714055955e-01
1.000000000000000000e+00
-1.000000000000000000e+00
1.124937965322452271e-01
-1.243531888192455082e-01
1.000000000000000000e+00
-1.000000000000000000e+00
-1.000000000000000000e+00
8.621909451396408963e-01
-1.000000000000000000e+00
-1.000000000000000000e+00
5.749496635294784053e-01
-1.000000000000000000e+00
1.000000000000000000e+00
7.033075511928950085e-01
-4.286085750316592780e-01
6.792118321049421814e-01
6.414637087853302111e-01
-1.000000000000000000e+00
6.220274718277267745e-01
2.393729490379725711e-02
-4.005601380772411124e-01
-9.957668455265288321e-01
3.403208852791173022e-02
2.380479211928617778e-01
-1.000000000000000000e+00
-5.865387563903001755e-01
1.000000000000000000e+00
1.000000000000000000e+00
1.000000000000000000e+00
-2.583541767192347738e-01
-8.115251064189696883e-01
-7.129925690846313779e-01
-1.223173522792929679e-01
4.338982441172167803e-01
1.000000000000000000e+00
-1.000000000000000000e+00
-1.000000000000000000e+00
-7.389037934930186013e-01
9.791723334143349611e-01
-1.000000000000000000e+00
-3.609778181887410980e-02
1.601037731655837737e-01
-1.000000000000000000e+00
1.000000000000000000e+00
-8.930290600487311714e-01
5.982194123689810183e-02
4.529351782679564842e-01
-4.581530138639884897e-01
-6.445331324524012917e-01
-6.043814881318063659e-01
-1.000000000000000000e+00
4.451363933913785598e-01
-1.000000000000000000e+00
-9.918027684507202402e-01
-6.306508252125446745e-01
-1.000000000000000000e+00
-6.991290856994603065e-01
3.913526753550937709e-01
-9.728498162810147454e-01
-7.597857850429278193e-01
1.000000000000000000e+00
-1.000000000000000000e+00
-1.000000000000000000e+00
-7.122945429629524705e-01
-5.824713216118235781e-01
-1.000000000000000000e+00
-1.000000000000000000e+00
1.000000000000000000e+00
-1.000000000000000000e+00
-1.000000000000000000e+00
-1.000000000000000000e+00
-8.119100467742645932e-02
-1.050789278658015302e-02
1.560311162414337316e-01
4.823679684445231208e-01
1.000000000000000000e+00
3.575043468691649906e-01
-1.000000000000000000e+00
8.527591173349415854e-01
-1.000000000000000000e+00
-1.000000000000000000e+00
1.000000000000000000e+00
1.000000000000000000e+00
-1.563759337807109906e-01
4.551531903947788615e-01
1.000000000000000000e+00
4.352432632316319827e-01
-1.000000000000000000e+00
1.685928058891854042e-01
2.858825480906351801e-01
-1.000000000000000000e+00
-4.858687835796284826e-01
-1.000000000000000000e+00
-1.000000000000000000e+00
-1.000000000000000000e+00
1.000000000000000000e+00
8.362284292085815363e-01
-1.000000000000000000e+00
8.908398640570478477e-01
5.622750982944689779e-01
7.775125454512954448e-01
-7.035199640050808778e-01
-7.222115760967983134e-01
1.000000000000000000e+00
-7.680659529762414728e-01
-1.000000000000000000e+00
-5.484994619998488918e-01
-3.950542600155826367e-02
3.308524603261929764e-01
-2.583135913255161231e-01
1.000000000000000000e+00
-3.034334509410365754e-01
1.249404410570464918e-01
1.000000000000000000e+00
2.849341099632876073e-01
-2.724517977245035638e-01
-9.108879238091524000e-01
-1.000000000000000000e+00
-1.000000000000000000e+00
1.000000000000000000e+00
8.363665528780062086e-02
1.770068343692224877e-01
1.000000000000000000e+00
1.000000000000000000e+00
-6.747989882273073281e-01
5.737115408182867915e-01
1.000000000000000000e+00
9.854910326332905202e-01
-1.000000000000000000e+00
-1.000000000000000000e+00
-9.613094676867556254e-01
-1.036298716114240903e-01
8.063500982773426085e-01
-4.134377646324047806e-01
-2.610883961919646112e-01
1.000000000000000000e+00
-1.304266818729880040e-01
-7.070108621009179029e-01
-3.094934778274400777e-01
-1.000000000000000000e+00
-8.803859877803588141e-02
-3.842418037597220559e-01
5.348795227661135021e-01
-1.000000000000000000e+00
1.000000000000000000e+00
-1.000000000000000000e+00
-1.000000000000000000e+00
1.000000000000000000e+00
-1.000000000000000000e+00
1.000000000000000000e+00
1.000000000000000000e+00
1.000000000000000000e+00
2.804619411104325444e-02
3.637848854080061312e-01
-1.000000000000000000e+00
8.474147107442902005e-01
-1.000000000000000000e+00
3.640987119481975398e-02
1.000000000000000000e+00
1.000000000000000000e+00
-3.533861231331478781e-01
-1.653148564007459465e-01
-1.000000000000000000e+00
-1.000000000000000000e+00
-1.000000000000000000e+00
-1.000000000000000000e+00
-1.000000000000000000e+00
-2.686239789711117876e-01
2.890154129825783791e-02
-1.000000000000000000e+00
-7.236039463631762647e-01
2.792253083028340410e-01
-1.000000000000000000e+00
-1.000000000000000000e+00
-6.869692456344289599e-01
7.007239471056949665e-01
-2.479620300480891715e-01
1.000000000000000000e+00
-1.922100572872489088e-01
3.156604532182105682e-02
-1.000000000000000000e+00
1.000000000000000000e+00
-1.000000000000000000e+00
1.517249799441686697e-01
-1.000000000000000000e+00
-6.865915292385726953e-01
1.000000000000000000e+00
-1.000000000000000000e+00
1.000000000000000000e+00
9.297564378565970067e-02
1.000000000000000000e+00
1.000000000000000000e+00
1.000000000000000000e+00
-1.000000000000000000e+00
3.018048994654275452e-01
1.000000000000000000e+00
1.218327403474267351e-01
9.631053591495235544e-01
-6.760807271842250721e-01
-1.000000000000000000e+00
8.029633907241437996e-01
1.000000000000000000e+00
-2.353317342969437620e-01
-2.179466267766213550e-01
-8.889109252342979328e-01
-3.673922922449960327e-01
1.221194659870912247e-01
-4.472072283930829117e-01
9.704903034742806689e-02
4.416909997319435899e-01
1.857752320009699032e-01
3.010807087606310883e-01
2.130940096939712980e-01
7.759198348072129381e-01
-1.000000000000000000e+00
1.000000000000000000e+00
1.829082353579387088e-01
1.056614021125009684e-01
-9.229590636759359423e-01
6.032375901108163463e-01
-2.284368370765974543e-01
3.286682520741952551e-01
-1.000000000000000000e+00
-1.000000000000000000e+00
1.583364706872078254e-01
6.891513234386242859e-02
6.166376340125802047e-01
5.705438700170779587e-01
1.755212688187284820e-01
6.868406234507820063e-01
1.000000000000000000e+00
9.557231044111142992e-01
-1.000000000000000000e+00
-1.141280747668196455e-01
1.446708428033695870e-01
1.000000000000000000e+00
2.006041735271968385e-01
1.000000000000000000e+00
-4.792311791729898518e-01
4.803095160198516123e-01
5.972815781760532072e-01
-3.732073918489913211e-01
-9.317366694422685169e-01
-5.226697381733694803e-01
-2.618404550409800802e-01
-1.000000000000000000e+00
-1.000000000000000000e+00
-1.000000000000000000e+00
-7.120900432147769799e-01
1.000000000000000000e+00
1.000000000000000000e+00
1.000000000000000000e+00
-1.000000000000000000e+00
1.000000000000000000e+00
1.000000000000000000e+00
1.000000000000000000e+00
-3.042362735801162898e-04
1.000000000000000000e+00
-1.000000000000000000e+00
-3.039215408564497345e-01
-1.000000000000000000e+00
-4.366821854230038547e-01
4.746295641054731895e-02
-4.104677352411607583e-01
-4.759836412206641110e-01
1.000000000000000000e+00
-5.358374780529213677e-01
-1.000000000000000000e+00
1.000000000000000000e+00
-1.000000000000000000e+00
6.341917272232338032e-01
-8.389299641069047908e-03
-1.000000000000000000e+00
-1.000000000000000000e+00
-4.213540260285747463e-01
-1.000000000000000000e+00
1.000000000000000000e+00
-6.384202716247846521e-01
