-1.000000000000000000e+00
-5.968208342655557663e-01
-1.000000000000000000e+00
-3.922119352515742730e-01
-6.198410051780434138e-02
-1.000000000000000000e+00
4.799903085318669715e-01
-4.139333744411075044e-02
-1.000000000000000000e+00
9.529799375543572815e-01
8.168684143902482653e-01
1.000000000000000000e+00
1.000000000000000000e+00
-1.000000000000000000e+00
-1.962371065184376762e-01
9.580904741868679908e-01
7.947277431741812670e-01
6.061077178800571286e-01
-1.000000000000000000e+00
8.377805613129301054e-01
1.171554235311619285e-01
1.000000000000000000e+00
-1.000000000000000000e+00
3.839986986542565095e-01
-1.000000000000000000e+00
-1.000000000000000000e+00
-6.015742650559491311e-01
9.312612987135272524e-01
1.000000000000000000e+00
-6.917457025168525231e-01
-1.000000000000000000e+00
-1.000000000000000000e+00
1.000000000000000000e+00
1.000000000000000000e+00
1.000000000000000000e+00
-1.000000000000000000e+00
-1.000000000000000000e+00
2.158094291701753709e-01
-1.000000000000000000e+00
1.223136223048599813e-01
-4.981788032868158522e-01
-3.664047835867392244e-01
1.000000000000000000e+00
1.000000000000000000e+00
4.499956583314616565e-01
7.465002223888261845e-01
1.000000000000000000e+00
-1.000000000000000000e+00
-1.000000000000000000e+00
-3.043692046545088958e-01
-1.303045028826550489e-01
-6.658812715032738083e-01
-5.477038362178452413e-01
-1.000000000000000000e+00
1.000000000000000000e+00
1.000000000000000000e+00
-5.271376364911256607e-01
6.744766186309207878e-01
2.310283754308541937e-01
-7.099305583230062222e-01
-1.000000000000000000e+00
-8.251956078390509930e-02
-1.798850968858833888e-01
3.406680480326454985e-01
-1.000000000000000000e+00
-2.552900545040086566e-01
1.770761719905870335e-01
1.000000000000000000e+00
-1.000000000000000000e+00
-1.000000000000000000e+00
-1.000000000000000000e+00
-1.000000000000000000e+00
-1.012453791446822349e-01
-1.000000000000000000e+00
-1.000000000000000000e+00
-8.308474967852019777e-01
1.000000000000000000e+00
-1.000000000000000000e+00
1.000000000000000000e+00
6.596971952422505669e-01
2.191482623063020219e-01
-6.577810898597967748e-01
5.446338459297425105e-01
1.000000000000000000e+00
-4.666541361499221274e-01
-8.753499379584912532e-01
1.000000000000000000e+00
-8.318909867305868122e-01
6.946828143621812668e-01
-8.645725342551657810e-01
8.325341168837021577e-01
-7.159781495875305879e-01
1.454485421657726318e-01
2.708448235560771966e-01
8.170754826768396040e-01
1.000000000000000000e+00
-1.000000000000000000e+00
-1.000000000000000000e+00
-1.000000000000000000e+00
-1.000000000000000000e+00
-1.000000000000000000e+00
-1.000000000000000000e+00
-2.981385550488069303e-01
6.678932224985405508e-01
-1.000000000000000000e+00
-1.000000000000000000e+00
-7.873002138597620103e-01
-1.000000000000000000e+00
-8.765551384690346559e-01
-9.083612359577646345e-01
1.000000000000000000e+00
-1.000000000000000000e+00
-7.221889133555636775e-02
-1.000000000000000000e+00
-3.436391810133906932e-01
1.000000000000000000e+00
-3.996790080670548639e-01
-1.000000000000000000e+00
-6.088933344691447314e-01
-1.206202035425618657e-01
1.000000000000000000e+00
-1.604920970862933061e-02
3.175545572161111996e-01
-7.506726497649116037e-02
-1.000000000000000000e+00
-5.178270991579261295e-01
1.000000000000000000e+00
-9.427907959866338450e-01
-1.000000000000000000e+00
-8.249305569633937907e-01
1.000000000000000000e+00
-7.093845583320617099e-01
4.819027618648252798e-01
-1.000000000000000000e+00
-7.205484511338453579e-01
-8.252838759549769865e-01
-1.000000000000000000e+00
1.000000000000000000e+00
-8.134874188959624330e-01
3.294579733572166047e-01
1.000000000000000000e+00
1.000000000000000000e+00
7.305840586047445129e-01
7.561077775845346238e-01
-1.000000000000000000e+00
1.000000000000000000e+00
2.462577080591510370e-02
1.000000000000000000e+00
-7.384181585922742208e-01
8.306303448572829318e-01
1.208888365299254780e-01
7.931260110470284008e-01
-1.000000000000000000e+00
1.000000000000000000e+00
-5.226100595309763897e-01
-6.198767228611243851e-01
-8.479289102758627017e-01
4.803980644971606040e-01
-2.163540381141002000e-01
1.000000000000000000e+00
9.674827825511211898e-01
1.000000000000000000e+00
4.402898550912678899e-01
-8.943421231363345436e-01
-1.000000000000000000e+00
1.000000000000000000e+00
-1.000000000000000000e+00
-1.000000000000000000e+00
-1.000000000000000000e+00
6.881935478617656754e-01
-1.000000000000000000e+00
-8.680932829452434607e-01
-1.000000000000000000e+00
1.000000000000000000e+00
8.283253313828645714e-01
-1.000000000000000000e+00
1.000000000000000000e+00
1.000000000000000000e+00
8.713529830763128148e-01
-1.000000000000000000e+00
-5.594903233179049362e-02
-1.000000000000000000e+00
1.000000000000000000e+00
9.325566169305868902e-01
-1.000000000000000000e+00
-1.000000000000000000e+00
5.494122329866634180e-01
-8.826999475316497090e-01
-5.228067631493544809e-01
-5.857131914866788858e-01
-3.805602398596621416e-01
1.000000000000000000e+00
1.910186945638385758e-01
9.972408606772589224e-01
5.975113231213728948e-01
1.000000000000000000e+00
1.230570246417426183e-01
-6.791780924642758510e-01
1.186549158205993937e-01
1.865464710075337429e-01
1.000000000000000000e+00
-9.135184590245430947e-01
1.000000000000000000e+00
1.000000000000000000e+00
-8.579653715998496466e-01
1.000000000000000000e+00
1.000000000000000000e+00
3.677962718758487348e-02
-1.000000000000000000e+00
1.000000000000000000e+00
3.028903342770959406e-01
1.013085441713054147e-01
1.000000000000000000e+00
-9.501972562732063921e-02
-5.815655085014072023e-01
1.000000000000000000e+00
1.000000000000000000e+00
-1.000000000000000000e+00
-2.171914172369374674e-01
1.017816883779465442e-02
-4.252824433815250993e-01
-5.553291562829039130e-01
-1.000000000000000000e+00
1.000000000000000000e+00
-1.000000000000000000e+00
1.000000000000000000e+00
1.000000000000000000e+00
3.884089560765450200e-01
1.000000000000000000e+00
1.000000000000000000e+00
1.000000000000000000e+00
-4.245917408608934629e-01
-9.160971802314995527e-01
1.000000000000000000e+00
-9.787364117572010525e-01
-1.000000000000000000e+00
1.000000000000000000e+00
1.000000000000000000e+00
-1.000000000000000000e+00
-1.000000000000000000e+00
-1.000000000000000000e+00
7.346037599028008014e-01
1.000000000000000000e+00
-3.524677612702121765e-01
4.609778503176155673e-01
-3.886984469045035029e-01
1.000000000000000000e+00
1.000000000000000000e+00
7.374961759735332301e-01
8.934992792629130598e-01
-1.000000000000000000e+00
8.381710723899017390e-01
1.633027942407949684e-01
6.334787626997908649e-01
-8.192180953633450002e-01
-1.000000000000000000e+00
1.000000000000000000e+00
4.719597081883875056e-02
-9.366537386206237326e-01
-1.000000000000000000e+00
-1.000000000000000000e+00
-6.400499650630421256e-01
-1.000000000000000000e+00
-8.878328218034315933e-01
-5.936713406764807521e-01
-1.000000000000000000e+00
6.235478548995952996e-01
1.000000000000000000e+00
-7.095773673802341364e-02
-8.392128019142979234e-01
7.678302396948053499e-01
-4.650908821324232223e-01
7.888473376733089459e-01
-1.796788685256868190e-01
2.496716122559445861e-01
1.000000000000000000e+00
1.000000000000000000e+00
1.669106697519140425e-02
4.095508157780436420e-01
4.135376281236481932e-01
-1.000000000000000000e+00
1.000000000000000000e+00
-5.774119439244996821e-01
-1.000000000000000000e+00
-3.019733649827402999e-01
8.410528541499842081e-01
6.234883877285068987e-01
-2.444590021921435596e-01
9.609104255923964222e-02
-1.000000000000000000e+00
-9.824107671951488596e-01
-4.326344571033723385e-01
8.903380497925001968e-01
-3.706340886496807818e-01
1.000000000000000000e+00
-1.000000000000000000e+00
1.452483129557154418e-01
-1.000000000000000000e+00
-1.000000000000000000e+00
3.686857226726958370e-01
5.919543281969861237e-01
1.000000000000000000e+00
1.000000000000000000e+00
4.152306739581997919e-01
1.000000000000000000e+00
6.617797056479166606e-01
3.433864794263225551e-01
-1.000000000000000000e+00
2.522542843379633193e-01
-1.000000000000000000e+00
-1.000000000000000000e+00
-8.166954344254282461e-01
-1.000000000000000000e+00
-1.000000000000000000e+00
5.129260569970848227e-01
-2.776464592366681972e-01
-1.000000000000000000e+00
7.342087411080819859e-01
-1.000000000000000000e+00
8.825964801208507904e-02
7.654200464726385045e-01
-1.000000000000000000e+00
-1.000000000000000000e+00
5.731761384157327832e-01
1.000000000000000000e+00
8.759449767282462274e-01
5.241906090857241240e-01
-7.012764672752065387e-01
1.000000000000000000e+00
1.000000000000000000e+00
1.000000000000000000e+00
1.000000000000000000e+00
-1.000000000000000000e+00
-1.000000000000000000e+00
1.000000000000000000e+00
-7.671827783984350724e-01
8.594658164881352480e-01
-4.966635250513813382e-01
1.000000000000000000e+00
5.125690507135807206e-01
1.000000000000000000e+00
1.000000000000000000e+00
4.358689258857961768e-02
1.000000000000000000e+00
-1.000000000000000000e+00
-1.035743596354736784e-01
-8.624702153941619098e-01
1.016242668171479790e-01
1.000000000000000000e+00
1.793864944817920026e-01
3.226176175119363498e-01
-1.459938216228695573e-01
1.566542589040154088e-02
-1.000000000000000000e+00
-1.000000000000000000e+00
-9.516059381969470543e-01
7.886004165502209506e-01
-7.280197777803187886e-02
-1.000000000000000000e+00
-3.223486271932294311e-01
2.802707601622260736e-01
-1.000000000000000000e+00
1.000000000000000000e+00
-1.000000000000000000e+00
1.000000000000000000e+00
-1.486025502262018350e-01
6.189186783517619528e-02
2.683109688439874740e-01
-1.000000000000000000e+00
9.853201413197676395e-02
-6.353634834241540519e-01
1.000000000000000000e+00
1.000000000000000000e+00
-1.000000000000000000e+00
8.252809445230180341e-01
-1.000000000000000000e+00
-1.000000000000000000e+00
-9.112644159623772833e-01
-1.000000000000000000e+00
1.000000000000000000e+00
-6.945822096724749706e-01
-2.157029115148579868e-01
-6.124506452365322540e-01
3.256258306517297307e-01
2.685999944047864352e-01
1.000000000000000000e+00
2.398968924695846772e-01
1.000000000000000000e+00
-4.797598864056895618e-01
-8.371416796141160077e-01
-5.522427284499593636e-01
-1.000000000000000000e+00
7.893987760132358256e-01
-4.251077074007986178e-01
4.757791729703035322e-01
1.000000000000000000e+00
1.000000000000000000e+00
-1.000000000000000000e+00
1.000000000000000000e+00
9.059228613011218734e-01
-8.469447660696890479e-01
4.492272759257881498e-01
4.243569727630583377e-03
-8.503625477044820524e-01
2.357785398236775798e-01
-1.000000000000000000e+00
-4.496445512836317882e-01
-2.952168238596529770e-01
1.000000000000000000e+00
4.302519550113551583e-01
-1.000000000000000000e+00
-8.050467811631949466e-01
9.809479547107835540e-01
-6.888587613164618428e-01
-1.000000000000000000e+00
-9.069417648237998453e-01
1.000000000000000000e+00
-1.000000000000000000e+00
1.000000000000000000e+00
1.000000000000000000e+00
1.000000000000000000e+00
1.811343533483666945e-01
5.734917295027280870e-01
-1.000000000000000000e+00
1.000000000000000000e+00
6.411416753234111532e-01
7.241516219672647914e-01
1.000000000000000000e+00
-3.791343077134232131e-01
-1.004454706985083157e-01
-1.020020973934325781e-01
-1.000000000000000000e+00
5.008387264993623411e-01
8.328727828585020809e-01
8.051858010048015268e-01
-1.000000000000000000e+00
1.000000000000000000e+00
-8.669008278550638380e-01
-1.000000000000000000e+00
-7.341574720785162267e-01
8.331821800192611427e-01
-1.000000000000000000e+00
2.983968417118511574e-01
4.850919431343667099e-01
-1.000000000000000000e+00
1.000000000000000000e+00
6.225878511054077080e-01
7.091801317082904732e-02
1.000000000000000000e+00
-6.306711559435721481e-01
-4.733106561240492116e-01
1.000000000000000000e+00
2.535337261671537501e-01
-2.576340627945167272e-01
1.039065475501006475e-01
-1.000000000000000000e+00
-1.000000000000000000e+00
1.000000000000000000e+00
1.000000000000000000e+00
2.388187242694563284e-01
1.000000000000000000e+00
8.591432410878141468e-01
4.748942563988749477e-01
-1.000000000000000000e+00
2.525350411639983306e-01
5.729764481457497727e-01
-1.000000000000000000e+00
-1.000000000000000000e+00
-1.000000000000000000e+00
7.324875016001028971e-01
1.000000000000000000e+00
-1.000000000000000000e+00
1.000000000000000000e+00
-5.469570341522076440e-01
7.683833495687029114e-01
-8.517524147502175680e-02
5.325874754813976208e-01
1.000000000000000000e+00
-7.497856380818532784e-01
-1.000000000000000000e+00
8.273416238107569876e-02
-8.333181599817480745e-01
1.735512366191770961e-01
-7.350308929546320869e-01
1.000000000000000000e+00
-1.000000000000000000e+00
-7.402969942765795786e-01
-6.581961182728102155e-01
-1.000000000000000000e+00
1.000000000000000000e+00
1.000000000000000000e+00
-8.037041347851860973e-01
7.874892286252987983e-01
4.296597635652122937e-01
-1.000000000000000000e+00
-1.000000000000000000e+00
6.296443628255454783e-01
-6.837744716488773911e-01
-1.000000000000000000e+00
-1.000000000000000000e+00
-1.000000000000000000e+00
1.000000000000000000e+00
1.000000000000000000e+00
-1.000000000000000000e+00
1.000000000000000000e+00
-1.000000000000000000e+00
6.883699208381950374e-01
1.000000000000000000e+00
1.000000000000000000e+00
-1.000000000000000000e+00
-2.615681062008611280e-01
1.000000000000000000e+00
-7.863664242168195706e-01
1.000000000000000000e+00
3.230028172624779259e-01
5.520443391580550641e-01
-8.029454579640380452e-01
-1.000000000000000000e+00
-1.000000000000000000e+00
-1.365896233755327926e-01
1.000000000000000000e+00
8.691745643904551510e-01
-1.000000000000000000e+00
1.000000000000000000e+00
1.659050050044310609e-01
-9.223608208465233771e-02
4.030316247162188392e-01
4.868666068593137108e-01
9.865322813931526325e-01
6.718476052882866867e-01
-1.711951557933468759e-01
-1.000000000000000000e+00
-1.039734380296317706e-01
-1.000000000000000000e+00
-6.584841540034100937e-01
2.942516406217850489e-01
1.393148575229219144e-01
-8.257568510549541108e-01
1.000000000000000000e+00
-3.496999940486222869e-01
-1.000000000000000000e+00
3.143750140138988347e-01
6.934544523537478078e-03
-1.000000000000000000e+00
9.012862109497151719e-01
-2.189550520234745390e-01
-8.716770741771459607e-02
-1.000000000000000000e+00
-1.000000000000000000e+00
-2.481397336378466933e-01
-1.000000000000000000e+00
-1.000000000000000000e+00
1.000000000000000000e+00
4.692535787633141942e-01
-6.273897775917925967e-01
-1.000000000000000000e+00
7.349733899398312731e-02
-1.000000000000000000e+00
1.000000000000000000e+00
-1.000000000000000000e+00
2.292024083477109397e-02
-1.000000000000000000e+00
-5.961651710540971649e-02
1.000000000000000000e+00
-1.968885624994756167e-01
-1.000000000000000000e+00
-1.000000000000000000e+00
-1.000000000000000000e+00
1.000000000000000000e+00
-1.000000000000000000e+00
2.636015802912241024e-01
-1.000000000000000000e+00
1.000000000000000000e+00
1.000000000000000000e+00
1.000000000000000000e+00
-6.895084132077977657e-01
8.540046681398903994e-01
-8.228823119847080703e-01
2.198206827035130706e-01
1.000000000000000000e+00
1.000000000000000000e+00
1.699832728903399315e-01
-9.006431091932998179e-01
9.365693180586647237e-01
5.394013284542720221e-01
1.000000000000000000e+00
1.000000000000000000e+00
6.815958472660718082e-01
-1.000000000000000000e+00
-5.163248561588247298e-01
-1.000000000000000000e+00
-2.357557997026926699e-02
1.000000000000000000e+00
-1.000000000000000000e+00
-1.000000000000000000e+00
-8.983327744088718259e-01
-9.270825592239171353e-01
-5.285363959528540656e-01
-5.160846468069699711e-01
-1.000000000000000000e+00
1.000000000000000000e+00
-7.274729930726299143e-01
3.164320156094108105e-01
5.730543434612067610e-01
-4.963089017333990882e-01
4.700130765666926669e-01
5.646179770299777356e-01
-1.000000000000000000e+00
6.196668261295253943e-01
3.156064955078236589e-01
2.708470232735930017e-01
-7.306839733720267294e-01
-1.000000000000000000e+00
-1.000000000000000000e+00
2.112662579421875630e-01
1.000000000000000000e+00
1.000000000000000000e+00
-3.903261685630970979e-01
-9.722297924721534645e-01
1.000000000000000000e+00
-6.291621574209265155e-01
5.640163351195889296e-01
-9.278503904655723833e-01
2.399749183284449749e-02
1.000000000000000000e+00
1.000000000000000000e+00
-1.000000000000000000e+00
6.742543349663367991e-01
-1.000000000000000000e+00
6.361523941773531421e-01
-5.703031426611261390e-01
1.534586789774860516e-01
3.886786388666444436e-01
2.124601215313325353e-01
-1.258548803499326407e-02
-7.245551956913889313e-01
1.353044108887326291e-01
-1.000000000000000000e+00
-1.637813555689588974e-01
1.000000000000000000e+00
-1.000000000000000000e+00
4.528853239728614088e-02
-1.000000000000000000e+00
7.842627855746642229e-01
-4.799364843693619820e-01
-4.832087836087639587e-02
-1.000000000000000000e+00
-1.000000000000000000e+00
1.000000000000000000e+00
4.707658466715518575e-01
-1.000000000000000000e+00
1.589106289420378071e-01
-5.426452343052501348e-01
8.686881189430624151e-01
2.544003990445126151e-01
-1.000000000000000000e+00
-1.000000000000000000e+00
-1.000000000000000000e+00
-1.000000000000000000e+00
-1.000000000000000000e+00
5.585613906667719064e-01
-1.000000000000000000e+00
4.598856945305436761e-01
-6.645934023874768837e-01
-1.000000000000000000e+00
-1.000000000000000000e+00
-1.000000000000000000e+00
-9.635912447113235135e-01
1.000000000000000000e+00
1.000000000000000000e+00
1.000000000000000000e+00
-1.000000000000000000e+00
8.573128340129099190e-01
4.647877567297785673e-01
-5.274678119067774951e-01
3.879379644349945089e-02
-2.737392513836214292e-01
-6.775419903044672676e-01
-5.547363317317277609e-02
1.000000000000000000e+00
1.000000000000000000e+00
-7.904389361858108476e-01
-1.832146715634030976e-03
-1.000000000000000000e+00
-2.402084373844048937e-02
1.000000000000000000e+00
1.000000000000000000e+00
1.000000000000000000e+00
-8.876289229318179430e-02
2.627759423184927723e-01
-3.244823526155147242e-01
-4.740699127206027264e-01
-5.254685644702797864e-01
1.000000000000000000e+00
-9.423044846655176388e-02
-3.538488066032139390e-01
1.000000000000000000e+00
-1.000000000000000000e+00
1.339110956870310787e-01
-8.722864194802963933e-01
-1.000000000000000000e+00
-1.000000000000000000e+00
-3.428167562230090004e-01
1.000000000000000000e+00
1.000000000000000000e+00
-8.042841360612441592e-01
-9.977201024152670961e-01
1.000000000000000000e+00
-1.000000000000000000e+00
-2.458619401138630867e-01
-3.035658590856840089e-01
-1.000000000000000000e+00
7.286068415403406107e-01
1.000000000000000000e+00
-1.000000000000000000e+00
5.545572622548117225e-01
-7.415548289190888598e-01
-1.000000000000000000e+00
7.469218856206248924e-01
-6.414553700160060545e-01
4.591735113536660196e-01
-3.454016190334096015e-01
1.234915549254376188e-01
-8.970172306510063587e-01
1.000000000000000000e+00
1.000000000000000000e+00
3.297803473413744024e-01
-8.439564041576570474e-01
1.000000000000000000e+00
-3.027232909408494876e-02
1.000000000000000000e+00
1.033603021607110151e-02
1.000000000000000000e+00
-6.474888541341560222e-01
-1.000000000000000000e+00
-8.141941576702681482e-01
-1.000000000000000000e+00
-2.908637642015168279e-01
-1.000000000000000000e+00
2.473165045499375880e-01
-1.000000000000000000e+00
1.000000000000000000e+00
1.000000000000000000e+00
-9.217245911805478364e-01
2.283242180413603828e-01
1.000000000000000000e+00
-4.834197664387239191e-01
4.869262174499856544e-01
2.454914450931282577e-01
4.121369215656089380e-01
-1.000000000000000000e+00
4.355730586420369921e-01
-1.000000000000000000e+00
6.828868764627498145e-01
4.425320085255455282e-01
1.000000000000000000e+00
-1.000000000000000000e+00
-8.092863271544710191e-01
1.000000000000000000e+00
1.974386246640278952e-01
-1.000000000000000000e+00
-4.824849332883529018e-01
-1.000000000000000000e+00
1.000000000000000000e+00
-9.996292658477762272e-01
2.738585243658258617e-01
1.000000000000000000e+00
-1.000000000000000000e+00
2.327612701425715303e-01
1.000000000000000000e+00
1.000000000000000000e+00
-1.000000000000000000e+00
-1.000000000000000000e+00
1.000000000000000000e+00
6.933934831315882175e-01
9.188939041622098403e-01
1.000000000000000000e+00
8.105199996920183780e-01
-1.554199304244763824e-01
1.000000000000000000e+00
-2.827203839756482484e-01
-1.000000000000000000e+00
-7.414132093670332546e-01
1.000000000000000000e+00
-1.000000000000000000e+00
1.000000000000000000e+00
5.253171684987985035e-01
-6.538180751329303320e-02
-6.202819041983078652e-01
1.159513935033153476e-01
9.832842887040595947e-01
2.976650181152811214e-01
1.810508893378666162e-01
9.094292761234255007e-01
-1.000000000000000000e+00
-6.063812793036196802e-02
1.000000000000000000e+00
1.000000000000000000e+00
-1.000000000000000000e+00
5.449034595992440222e-01
1.000000000000000000e+00
-1.000000000000000000e+00
-7.064704162055979175e-01
1.000000000000000000e+00
9.877879757479224310e-01
1.000000000000000000e+00
4.389640370400648695e-01
-6.090172671670731619e-01
3.866702078740116288e-01
-1.149782408105139986e-01
-1.000000000000000000e+00
1.000000000000000000e+00
4.092341819283591420e-01
1.000000000000000000e+00
1.000000000000000000e+00
1.000000000000000000e+00
-1.639509687549709493e-01
-5.175385896080100245e-01
-4.361183404871500358e-01
-3.030983181862245135e-01
1.000000000000000000e+00
7.209152372320192237e-01
1.000000000000000000e+00
2.578079751714534851e-01
6.961233374212745240e-01
7.989817838781565484e-02
1.000000000000000000e+00
-7.188646445513318106e-01
-1.219184129412737572e-01
9.218229846285406204e-01
-1.000000000000000000e+00
1.000000000000000000e+00
-3.511140411059689992e-01
-1.727328507415293313e-02
-6.753789030701136120e-01
-5.144818628840861496e-01
1.839673537352753963e-01
-2.293313997156383177e-01
2.846422283949887611e-01
-1.000000000000000000e+00
4.862331846375638200e-01
9.595243932580405088e-01
1.000000000000000000e+00
-1.000000000000000000e+00
2.441947548245695376e-01
4.978570291811624249e-01
-2.038882764709650797e-01
-1.000000000000000000e+00
-1.000000000000000000e+00
-1.000000000000000000e+00
-1.000000000000000000e+00
2.801620924129833989e-01
-1.000000000000000000e+00
1.000000000000000000e+00
1.000000000000000000e+00
1.000000000000000000e+00
8.807230104504443213e-01
3.157834379030943772e-02
-8.137733978223297138e-01
-1.000000000000000000e+00
6.134498237766026207e-01
-9.614901034227762988e-01
-1.000000000000000000e+00
-7.175074789323656610e-01
-8.648851123066263469e-01
-4.355597451056102409e-01
-5.204064013974953884e-01
-1.678470107884185158e-01
9.840818445993331220e-01
1.000000000000000000e+00
-1.000000000000000000e+00
1.000000000000000000e+00
-1.000000000000000000e+00
-7.824210824567512379e-01
1.000000000000000000e+00
-2.813488583960278011e-01
3.291022841686854772e-01
1.000000000000000000e+00
-1.000000000000000000e+00
4.177070380228371516e-01
1.000000000000000000e+00
1.520841114841584574e-01
-6.015643949226157083e-02
-5.003124594437424744e-02
1.000000000000000000e+00
-3.879560256839067467e-01
-1.000000000000000000e+00
8.711617088589385105e-02
-6.888559461376553283e-01
4.578254872162856870e-02
1.000000000000000000e+00
-1.755358606923923259e-01
9.577667979396239373e-01
-8.797281282101441224e-01
7.857487815771466710e-01
-1.000000000000000000e+00
-1.000000000000000000e+00
-8.003558128833526686e-02
-1.000000000000000000e+00
1.000000000000000000e+00
1.000000000000000000e+00
-2.921731804303362989e-01
-2.576120126926720877e-01
-9.771749692422182498e-02
-1.000000000000000000e+00
-1.000000000000000000e+00
-1.196190560289330240e-01
1.000000000000000000e+00
-1.000000000000000000e+00
5.230959529909329220e-02
-1.000000000000000000e+00
-8.958275478973058981e-01
-2.284936855080748619e-01
1.000000000000000000e+00
8.858486453880282108e-01
-8.643663175103140084e-01
-1.000000000000000000e+00
-3.366293183757020913e-01
-9.927111997569548762e-01
-1.000000000000000000e+00
1.000000000000000000e+00
4.935337084394353369e-02
1.000000000000000000e+00
-4.118296758242698807e-01
-1.000000000000000000e+00
1.000000000000000000e+00
-7.649655278581590778e-01
-1.382221159881824590e-02
-1.000000000000000000e+00
1.000000000000000000e+00
-1.000000000000000000e+00
7.349003112697143347e-01
-2.695989961997609097e-01
1.000000000000000000e+00
-1.000000000000000000e+00
1.745100573370346742e-01
-3.027437884779387023e-01
-1.000000000000000000e+00
-6.837401346626440501e-01
-3.343985256500222603e-01
4.220139547834740879e-01
1.000000000000000000e+00
-3.228010841099528960e-01
1.000000000000000000e+00
1.000000000000000000e+00
-1.819261684204973029e-01
7.418009153965905433e-01
3.063422803304244324e-01
-9.051220621963886881e-01
-6.802624782544324233e-01
-1.000000000000000000e+00
-6.679144764608290208e-01
4.536289839559279891e-01
1.000000000000000000e+00
-1.000000000000000000e+00
9.912431099873652007e-01
-8.806770566663749689e-01
-1.510041757581980781e-01
1.301187843055200133e-02
-9.041415684961474630e-01
-3.918185987556476735e-01
1.000000000000000000e+00
1.475253946193924026e-01
-5.685884026157279614e-01
3.067658648601394589e-01
-8.558580520875385123e-01
6.360598393262963945e-01
-6.646166403606401651e-01
9.356080623462444956e-01
-2.315831916794180989e-01
-1.000000000000000000e+00
-1.000000000000000000e+00
-3.610888054724564200e-01
-7.369171036859107904e-01
2.044585975633506081e-03
-1.528241376829027054e-01
-1.000000000000000000e+00
-1.000000000000000000e+00
-3.688866382830608970e-01
6.176401100417028278e-01
1.000000000000000000e+00
-1.000000000000000000e+00
-1.789853114479122986e-02
-1.000000000000000000e+00
1.000000000000000000e+00
-1.386378258326843860e-01
-1.000000000000000000e+00
1.000000000000000000e+00
3.118076811120034098e-01
-1.000000000000000000e+00
1.414645592178682687e-01
-2.328594317495456534e-01
-8.502060774286892553e-01
1.000000000000000000e+00
4.616662484257246790e-01
1.000000000000000000e+00
1.000000000000000000e+00
8.938635955166985836e-01
3.170323599981945684e-01
1.000000000000000000e+00
-3.311141035353946105e-01
6.338304410239024023e-01
-2.162158842627053268e-01
-1.000000000000000000e+00
1.943864785902698067e-01
-3.476585120677755381e-02
-8.942603970991447326e-01
-1.000000000000000000e+00
1.000000000000000000e+00
-4.226896337288453820e-01
-8.027304720317955944e-01
1.000000000000000000e+00
1.000000000000000000e+00
-1.000000000000000000e+00
-1.000000000000000000e+00
9.136036783701152464e-01
1.000000000000000000e+00
9.993701061230031435e-01
-3.858838698423469604e-02
-1.000000000000000000e+00
-5.709105815825235020e-01
4.012670028454073945e-01
-1.000000000000000000e+00
1.000000000000000000e+00
-6.543096548222715469e-01
-4.205592427977473680e-01
-1.000000000000000000e+00
9.539189800081184778e-01
8.706393714384748073e-01
-4.633954690333767501e-01
-5.391115136755599835e-01
-8.684116977361712175e-01
-1.000000000000000000e+00
-3.356289051023620962e-01
-3.803733609780042269e-01
-2.546732974974986741e-01
-1.000000000000000000e+00
-1.000000000000000000e+00
5.125954070087073156e-01
4.591492287203934319e-01
1.000000000000000000e+00
-1.000000000000000000e+00
4.950473353038675750e-02
-1.000000000000000000e+00
-1.000000000000000000e+00
-1.000000000000000000e+00
-5.216330056212514776e-01
-1.000000000000000000e+00
-6.605124999101348315e-01
6.738347981987061752e-01
1.000000000000000000e+00
4.250283919669591848e-01
-1.000000000000000000e+00
-3.395098703767876480e-01
-9.407627568062049139e-01
1.000000000000000000e+00
-4.172202276555693201e-01
7.331836198755986578e-01
-1.809389076417747821e-01
1.000000000000000000e+00
7.180242340284883618e-01
-1.000000000000000000e+00
-8.905878209197748419e-05
9.611375566085529343e-01
1.000000000000000000e+00
3.139920222718542431e-01
1.000000000000000000e+00
5.009516425671491913e-01
-1.000000000000000000e+00
-1.216028367227032503e-01
5.933845307751728360e-01
1.470660994286991929e-01
3.467564119043091142e-01
-8.602469786504174376e-01
1.000000000000000000e+00
-1.000000000000000000e+00
-1.000000000000000000e+00
7.536965806316662242e-01
8.487728437243877710e-01
-1.000000000000000000e+00
-9.543640645824635893e-01
1.000000000000000000e+00
1.000000000000000000e+00
1.003154317842798182e-01
1.022357455036138063e-01
1.000000000000000000e+00
-1.033125461774500042e-01
2.960971734121636834e-01
-1.000000000000000000e+00
-1.000000000000000000e+00
7.504562236163216937e-01
1.000000000000000000e+00
1.000000000000000000e+00
-1.000000000000000000e+00
-1.000000000000000000e+00
-1.000000000000000000e+00
1.000000000000000000e+00
1.000000000000000000e+00
-1.000000000000000000e+00
-1.000000000000000000e+00
-1.489382545761575027e-01
2.260624822877574935e-01
1.000000000000000000e+00
-1.000000000000000000e+00
-8.359936324907791816e-01
1.000000000000000000e+00
-1.000000000000000000e+00
1.000000000000000000e+00
-1.000000000000000000e+00
-8.340305516589034962e-01
-1.000000000000000000e+00
-1.255044952779685308e-01
-7.421752546535336226e-01
-1.000000000000000000e+00
-5.897814748827647779e-01
7.869511081804086983e-01
-4.706052554772146568e-01
1.000000000000000000e+00
1.000000000000000000e+00
-1.000000000000000000e+00
9.121673129970823135e-01
-1.000000000000000000e+00
-1.000000000000000000e+00
9.473833742021635640e-01
-3.891844730453386525e-01
-3.188815404106383200e-01
8.809233164113934311e-01
-8.057708996071785146e-01
-5.094291510993080863e-01
-2.216821810241581536e-01
-1.000000000000000000e+00
1.000000000000000000e+00
6.400439772663277793e-01
1.000000000000000000e+00
-8.032062387884620902e-01
6.085904614490328379e-01
3.529871023412701203e-01
-4.904627527771390216e-01
-1.000000000000000000e+00
-1.000000000000000000e+00
-1.000000000000000000e+00
1.000000000000000000e+00
-1.000000000000000000e+00
-1.000000000000000000e+00
-8.016186610903346388e-01
-1.018310961225910027e-02
-4.836724497724639305e-01
-5.160371244283972203e-01
9.813381902095970055e-01
1.755275895636496108e-01
5.334937347598611712e-01
-1.000000000000000000e+00
1.000000000000000000e+00
-1.000000000000000000e+00
-9.070723374675651041e-01
-1.000000000000000000e+00
1.000000000000000000e+00
1.000000000000000000e+00
-1.000000000000000000e+00
1.000000000000000000e+00
1.000000000000000000e+00
-8.741748440851351276e-01
1.000000000000000000e+00
-1.000000000000000000e+00
2.348851080134706226e-01
-5.315135479185032485e-01
-1.000000000000000000e+00
-5.849841120341006118e-01
-7.134501334443406062e-01
1.535848484838476802e-01
-1.000000000000000000e+00
3.776181193674303938e-01
-7.437982010470189920e-01
1.000000000000000000e+00
-3.054062323406102619e-01
1.000000000000000000e+00
-1.000000000000000000e+00
5.902167531188756699e-01
3.956353799497920321e-01
-9.662331616629762365e-01
1.000000000000000000e+00
1.000000000000000000e+00
-8.267549003726968326e-01
-1.000000000000000000e+00
5.271486280342696507e-02
-6.977338114953817172e-01
-1.000000000000000000e+00
-8.202703070581859324e-01
1.000000000000000000e+00
-1.000000000000000000e+00
1.000000000000000000e+00
-1.309401018616327406e-01
1.000000000000000000e+00
-4.229717778753169233e-01
5.789905765021741146e-02
1.000000000000000000e+00
-4.344518095085603271e-02
7.405183531365294725e-01
9.695896387740454703e-01
-5.903341345341439617e-01
-1.000000000000000000e+00
8.202710211720642963e-02
1.000000000000000000e+00
-7.819322838211103521e-01
-1.000000000000000000e+00
-5.183067365609878019e-01
-3.599637124471172234e-01
1.000000000000000000e+00
-1.000000000000000000e+00
1.000000000000000000e+00
1.000000000000000000e+00
3.944256325845091338e-02
1.000000000000000000e+00
-9.769447820292801454e-01
-9.293652403642942428e-01
-1.000000000000000000e+00
1.000000000000000000e+00
-1.000000000000000000e+00
-6.468367687083067530e-01
-1.000000000000000000e+00
-6.617437599460851416e-01
-1.000000000000000000e+00
5.136102558483858493e-02
-1.000000000000000000e+00
-3.101695792768451865e-01
-1.000000000000000000e+00
1.000000000000000000e+00
-6.835184436548774611e-01
1.000000000000000000e+00
1.000000000000000000e+00
-6.270338192456639259e-01
1.000000000000000000e+00
-6.295641594614109771e-01
-5.620792703276853430e-01
-1.000000000000000000e+00
1.000000000000000000e+00
4.105279001834120645e-01
-3.546234586660859667e-01
-5.798259586483336392e-01
1.000000000000000000e+00
-1.000000000000000000e+00
5.832774432041429868e-01
1.000000000000000000e+00
-1.000000000000000000e+00
3.700336923039794224e-01
7.269973792466583040e-01
-7.542767057864082636e-01
4.739615678602759896e-01
-1.000000000000000000e+00
5.635820345496730388e-01
6.213521117100655466e-01
6.873652127616525220e-01
-1.000000000000000000e+00
-1.000000000000000000e+00
1.000000000000000000e+00
7.865907210569738073e-01
-2.827788249988413272e-01
9.684971931223009811e-01
-8.700031458270007789e-02
-1.000000000000000000e+00
1.000000000000000000e+00
1.000000000000000000e+00
-1.000000000000000000e+00
1.616731014161449931e-01
4.531989206022969396e-01
4.593199615079646136e-02
2.192887463819938876e-01
1.000000000000000000e+00
6.964819762296442507e-01
-2.628739809439741837e-01
-9.713058422581716256e-01
8.996846114400018912e-01
-3.121682433550556635e-01
1.000000000000000000e+00
-1.000000000000000000e+00
-2.971211721650442450e-01
-9.587338404099214895e-01
-1.473199350561501808e-01
5.480707779214506470e-01
4.152477514629239752e-01
7.699262572263092519e-01
-1.827655764660963689e-01
-1.000000000000000000e+00
-1.000000000000000000e+00
-8.131484761460465727e-01
-7.659637406570911633e-01
-3.001952323347507612e-01
4.231995863922162204e-01
-1.000000000000000000e+00
1.474479004880924204e-02
2.921826692897711020e-02
-1.000000000000000000e+00
-4.713177453039200104e-01
-1.000000000000000000e+00
1.000000000000000000e+00
-4.711052571441906034e-01
-4.741458486003417572e-01
9.599494210375587588e-01
-1.000000000000000000e+00
1.000000000000000000e+00
1.000000000000000000e+00
5.273937043692703552e-01
-5.729344633486062044e-01
-1.000000000000000000e+00
-2.967652016932081915e-01
-1.000000000000000000e+00
-1.000000000000000000e+00
6.462405504225920971e-02
-3.463436880913962623e-01
8.619707167054345698e-01
-7.864686110935356078e-01
4.027285149869015424e-01
6.781279440131238179e-01
-1.000000000000000000e+00
8.105383589070674910e-01
-1.000000000000000000e+00
1.000000000000000000e+00
5.556486139094030108e-02
1.000000000000000000e+00
-1.000000000000000000e+00
3.044137379849785052e-01
1.000000000000000000e+00
-3.328071589410983577e-01
-1.000000000000000000e+00
1.000000000000000000e+00
-9.403776982860558853e-01
7.102945585653441807e-02
4.138790090722206383e-01
-1.000000000000000000e+00
7.862994890097424472e-01
8.243061052128698440e-01
1.000000000000000000e+00
-1.000000000000000000e+00
-1.000000000000000000e+00
-7.776679760885194526e-01
6.536318422744216150e-01
9.502223239867004789e-01
-1.000000000000000000e+00
8.282452414893267667e-01
7.631250875106193599e-01
-4.358684552626458930e-01
-8.985918259198371061e-01
1.000000000000000000e+00
1.745181518527100240e-01
7.922616190971938366e-01
1.000000000000000000e+00
-2.580244848790708145e-01
-1.000000000000000000e+00
-1.000000000000000000e+00
-2.033657151606763636e-01
-8.733553015814036202e-01
-1.095808660915486010e-01
1.000000000000000000e+00
1.000000000000000000e+00
-4.202871846041466020e-01
-1.492891620548514320e-01
1.000000000000000000e+00
-1.000000000000000000e+00
-1.000000000000000000e+00
2.891448710190603899e-01
5.328631033628217217e-02
-9.101681021796760307e-01
2.529023321801867619e-01
3.188108900177419880e-01
1.000000000000000000e+00
1.000000000000000000e+00
-7.365340092027969909e-01
1.342079608589559214e-01
4.196128255177400401e-01
-1.320287175319064810e-01
-4.671631333362812333e-01
1.353662558546839811e-01
-7.886372885847455771e-01
-1.000000000000000000e+00
-2.874066626135431957e-01
6.595352652817947359e-01
1.000000000000000000e+00
1.000000000000000000e+00
-2.947928269649227051e-01
-1.000000000000000000e+00
1.000000000000000000e+00
1.000000000000000000e+00
-6.225666668944124238e-01
-2.682699492772768202e-01
7.315326485374749055e-01
-1.000000000000000000e+00
1.087697489887469726e-01
8.814109941946118854e-01
5.978435493611935492e-01
-1.000000000000000000e+00
3.735210033142780106e-01
-2.360429040986491422e-01
9.356240417041540303e-01
-2.303728737362010781e-01
8.305849521594907969e-01
1.000000000000000000e+00
1.000000000000000000e+00
1.000000000000000000e+00
5.648194536297806989e-01
1.000000000000000000e+00
-1.000000000000000000e+00
2.715460259301467616e-01
7.056307706633708765e-01
1.000000000000000000e+00
2.877776651113577167e-01
1.000000000000000000e+00
-1.000000000000000000e+00
1.000000000000000000e+00
1.000000000000000000e+00
7.001552804729671564e-01
1.860245615821971010e-01
1.000000000000000000e+00
6.120377919265205247e-01
1.000000000000000000e+00
7.520985321352251507e-01
4.699156550682868083e-01
-1.000000000000000000e+00
1.000000000000000000e+00
1.000000000000000000e+00
-1.439694541184633469e-01
1.000000000000000000e+00
-2.179855183408028751e-01
-1.000000000000000000e+00
5.043960363832646898e-01
5.260308546969132415e-01
-6.578872476406253389e-01
5.356229781638562892e-01
-1.000000000000000000e+00
2.491317111037938403e-02
-5.236260037805668954e-01
4.203324714598291045e-01
5.788752744944658524e-02
1.000000000000000000e+00
-1.000000000000000000e+00
1.000000000000000000e+00
1.963202075748388120e-01
-5.120158255603644015e-01
-9.585781777055057962e-01
8.273897980954258990e-02
-1.000000000000000000e+00
-1.000000000000000000e+00
8.396891899079363952e-01
-7.699478182758709988e-01
3.129534545300741710e-01
-1.000000000000000000e+00
6.176326437235022393e-01
1.000000000000000000e+00
-9.398477110118630407e-02
1.000000000000000000e+00
1.000000000000000000e+00
-1.846398807139099443e-02
-1.000000000000000000e+00
3.326272337414650782e-01
1.000000000000000000e+00
-1.000000000000000000e+00
-1.000000000000000000e+00
-7.034319451544077673e-01
1.000000000000000000e+00
1.989806125653181823e-02
7.851002954857002614e-01
6.133939432794456303e-01
-1.000000000000000000e+00
2.764013037660077443e-01
1.000000000000000000e+00
1.000000000000000000e+00
1.000000000000000000e+00
-2.245128621660121837e-01
-5.991346814643040419e-01
1.000000000000000000e+00
1.325832564895861598e-01
-1.000000000000000000e+00
-9.056427024324431585e-02
-1.000000000000000000e+00
-1.000000000000000000e+00
-4.564081984448707940e-01
4.309438493359664113e-01
1.000000000000000000e+00
-8.613845147360733590e-01
8.145156843966576687e-01
6.254211200266879267e-02
-1.000000000000000000e+00
1.000000000000000000e+00
-1.000000000000000000e+00
1.639945056430437975e-01
-1.000000000000000000e+00
1.000000000000000000e+00
-8.766620952106369824e-01
8.606171593324767333e-01
-4.869922923609633081e-01
5.211746810316737477e-01
1.000000000000000000e+00
1.000000000000000000e+00
-9.000032569211011690e-01
1.000000000000000000e+00
8.203853909395185662e-01
3.791057179699370838e-01
1.000000000000000000e+00
1.000000000000000000e+00
6.947026408258857311e-01
-5.209362793793103075e-01
-1.000000000000000000e+00
-9.244295111482444538e-01
-2.494202399624659838e-01
-1.000000000000000000e+00
-5.390859767860993745e-01
-1.000000000000000000e+00
-6.235192689958904966e-01
5.343834040121110407e-01
8.654152774120329461e-01
-5.160183736466068538e-01
1.000000000000000000e+00
1.460523237467973301e-01
2.201434065027699227e-01
5.701755426976471419e-01
6.219725903662661759e-01
1.000000000000000000e+00
6.984805920475167795e-01
-1.000000000000000000e+00
3.336394053172780927e-01
-5.614636981135543436e-01
6.794858008457309584e-01
1.000000000000000000e+00
1.000000000000000000e+00
7.931525036336776191e-01
6.286847604436529569e-01
1.000000000000000000e+00
-1.000000000000000000e+00
-1.000000000000000000e+00
-1.000000000000000000e+00
3.141015366252323249e-01
-1.242770084945450382e-01
7.005413676580259930e-01
1.000000000000000000e+00
1.000000000000000000e+00
2.948768657481641853e-01
1.000000000000000000e+00
2.104108460462279506e-01
-2.510566839578056708e-01
-2.526151122231449220e-01
-9.833874971087589456e-01
4.903630527647564463e-01
-2.956346097658434369e-01
5.505817765531393349e-01
-3.090652996142992937e-01
8.772228373105273036e-01
-5.020373057630360680e-01
-1.000000000000000000e+00
-8.579489193564846516e-01
1.000000000000000000e+00
6.743471901086511844e-01
4.980615565457635618e-02
1.000000000000000000e+00
1.000000000000000000e+00
-1.000000000000000000e+00
5.963942148235944485e-01
-1.000000000000000000e+00
1.000000000000000000e+00
1.000000000000000000e+00
4.751569913304110049e-01
8.992967357828645092e-01
5.891828598086710223e-01
8.777687371825849683e-01
1.300385364079043038e-01
-2.964659372319646824e-01
-1.000000000000000000e+00
1.000000000000000000e+00
1.000000000000000000e+00
1.000000000000000000e+00
-9.231851174492853307e-01
-1.000000000000000000e+00
-1.000000000000000000e+00
4.176412694159357120e-01
1.000000000000000000e+00
1.000000000000000000e+00
6.559073346260212434e-01
-5.674916666653149200e-01
-1.000000000000000000e+00
8.051835191053022811e-01
-1.000000000000000000e+00
7.795409513300235460e-01
1.000000000000000000e+00
-1.000000000000000000e+00
-6.927033747799904440e-02
-1.570221322739349112e-01
1.000000000000000000e+00
-4.244869993149347209e-02
7.621227667550345419e-01
1.000000000000000000e+00
1.000000000000000000e+00
1.000000000000000000e+00
3.111670015371784670e-01
-4.668821863926990723e-01
-1.796953599029809112e-01
-4.501648577681420793e-01
5.414774448701411558e-01
-3.580053929566697768e-01
-1.000000000000000000e+00
-1.731655739392499171e-01
-8.051398182280404825e-01
1.000000000000000000e+00
1.000000000000000000e+00
-1.997839031240076224e-01
6.593322239231866888e-01
-4.855080535862676960e-01
-3.023329350287052852e-01
-1.632141760312640633e-01
1.000000000000000000e+00
6.567797320294619379e-01
-1.000000000000000000e+00
-1.000000000000000000e+00
-7.039483794288976526e-01
8.172106527216564942e-01
1.916647351802658328e-01
-1.000000000000000000e+00
7.212586850420070750e-01
6.197607337436360497e-01
-7.211512658729548608e-01
-2.676777253731557060e-01
-2.994586759998477676e-01
1.000000000000000000e+00
-4.306620474634120788e-01
1.000000000000000000e+00
1.000000000000000000e+00
-1.000000000000000000e+00
-1.000000000000000000e+00
-1.000000000000000000e+00
4.012820222470513398e-01
-7.495620752069271919e-01
4.421656849376848220e-01
1.000000000000000000e+00
7.758027599405045160e-01
-4.211159821941153347e-01
1.000000000000000000e+00
-1.000000000000000000e+00
1.000000000000000000e+00
-1.000000000000000000e+00
1.000000000000000000e+00
-6.993777747893759056e-01
-1.503708567219282921e-01
1.000000000000000000e+00
-9.629375185417324290e-02
-5.114676826444286561e-01
-7.033939771751431813e-01
-1.000000000000000000e+00
7.459606094788582276e-01
-1.000000000000000000e+00
-1.000000000000000000e+00
1.000000000000000000e+00
6.533126962770878787e-01
-1.000000000000000000e+00
1.000000000000000000e+00
-1.000000000000000000e+00
-2.371886252713665266e-01
-1.000000000000000000e+00
2.487576400615987282e-01
8.253250916202420351e-01
5.576737977930306123e-01
-2.608781094493531905e-01
-6.044107135553768995e-01
-1.000000000000000000e+00
6.547599131349818302e-01
-1.000000000000000000e+00
9.787221668401392405e-01
-1.000000000000000000e+00
-2.797399631900224781e-01
-2.052023997969781854e-01
6.113235179114693274e-01
2.622033541941134471e-01
-1.000000000000000000e+00
-4.811976063932699721e-01
1.000000000000000000e+00
1.000000000000000000e+00
1.000000000000000000e+00
2.650730449618844964e-01
-9.638323050730961405e-01
-1.000000000000000000e+00
-1.000000000000000000e+00
3.246223211908124684e-01
6.270573096350228193e-01
1.000000000000000000e+00
-1.000000000000000000e+00
9.925780297720967482e-01
1.487083643889468565e-01
2.879162003300188566e-01
1.000000000000000000e+00
3.133512240462993370e-01
-1.000000000000000000e+00
1.000000000000000000e+00
-3.580989735133162100e-01
1.000000000000000000e+00
-1.000000000000000000e+00
-1.250307093109228607e-01
-1.000000000000000000e+00
-1.000000000000000000e+00
-1.000000000000000000e+00
8.411698944694443458e-01
1.000000000000000000e+00
1.000000000000000000e+00
-1.000000000000000000e+00
-3.239597441814183743e-01
-7.416205013981641558e-01
3.825572621165475029e-01
-8.783871090084292010e-01
-3.704275563565475604e-01
1.000000000000000000e+00
9.676107586472612043e-01
-5.476584109280757673e-02
1.000000000000000000e+00
-1.000000000000000000e+00
-1.000000000000000000e+00
1.000000000000000000e+00
5.939985676805147330e-01
-9.051474825573684324e-01
3.052837534634675887e-01
-6.182233305756812403e-02
-9.518355126205139127e-01
1.000000000000000000e+00
-1.000000000000000000e+00
-5.741673031396055116e-01
9.204642283710614548e-01
-1.000000000000000000e+00
-1.753194406476177303e-01
1.000000000000000000e+00
9.374920096879499898e-01
-1.000000000000000000e+00
9.740652431103945519e-01
-1.000000000000000000e+00
1.000000000000000000e+00
-1.000000000000000000e+00
2.365921489393532084e-01
-1.000000000000000000e+00
-1.000000000000000000e+00
1.000000000000000000e+00
-5.700856879768810836e-01
8.413376155185525729e-02
2.721030421283616718e-01
-9.042212667478394250e-01
-1.000000000000000000e+00
3.852914407936317009e-01
-8.786769331074518741e-01
1.000000000000000000e+00
-4.663353397412026147e-01
-5.891563697559935031e-01
9.645419757684701167e-01
-1.000000000000000000e+00
-1.000000000000000000e+00
-4.083436380345162320e-01
-7.657847122708707488e-01
1.000000000000000000e+00
4.522091575479891823e-02
5.311922270422271275e-01
-9.042827535721166266e-01
-1.000000000000000000e+00
-2.996053127756043155e-01
1.063978739323309108e-01
-3.384763318997682791e-01
-2.681129176890839627e-03
4.989002246718126088e-01
1.000000000000000000e+00
7.625203188507928553e-03
1.000000000000000000e+00
-1.000000000000000000e+00
1.000000000000000000e+00
-1.000000000000000000e+00
-6.780265753436447440e-01
1.000000000000000000e+00
-1.591353742727314169e-01
-1.000000000000000000e+00
5.541131015354985312e-01
-7.860415624849478311e-01
5.339589937600892622e-01
-3.892499929381885160e-01
-1.000000000000000000e+00
-1.000000000000000000e+00
1.000000000000000000e+00
-1.000000000000000000e+00
1.000000000000000000e+00
5.334043084605021301e-01
-1.000000000000000000e+00
1.000000000000000000e+00
1.000000000000000000e+00
-2.283977125212298676e-01
-1.000000000000000000e+00
4.034351650506758924e-01
8.821719474332509470e-02
-1.000000000000000000e+00
5.774021558027144785e-01
1.000000000000000000e+00
-1.000000000000000000e+00
1.000000000000000000e+00
-9.568004718686720089e-01
-5.801453092447981241e-01
1.000000000000000000e+00
1.000000000000000000e+00
-6.140388603922400934e-01
1.000000000000000000e+00
1.000000000000000000e+00
-4.565601186746034990e-02
-9.658006685891852294e-01
1.000000000000000000e+00
-7.317476048238965580e-01
8.995461601431791188e-01
2.535484310496821658e-01
-1.000000000000000000e+00
-1.000000000000000000e+00
-1.000000000000000000e+00
9.695475221543042865e-01
-1.000000000000000000e+00
-1.000000000000000000e+00
2.865581884882791863e-01
-1.000000000000000000e+00
-5.832232383098412409e-02
1.804560198758993206e-01
-8.752114114525160193e-01
-1.445940630315781794e-01
-5.555680338501072235e-01
-1.723982994269927516e-01
8.697035417805770718e-01
-2.688985275190136637e-01
7.869870445146530669e-01
4.040301804154508014e-01
-5.113545596417632400e-01
-1.000000000000000000e+00
1.000000000000000000e+00
9.114698343842290162e-01
-3.580392785856665316e-01
1.000000000000000000e+00
-1.000000000000000000e+00
1.000000000000000000e+00
6.303967487727255570e-01
1.000000000000000000e+00
-9.703286974460065828e-01
2.370852005140591801e-01
-1.000000000000000000e+00
1.000000000000000000e+00
-4.369602161420742537e-01
1.000000000000000000e+00
2.517644607620390662e-01
1.152190970006033849e-01
-1.000000000000000000e+00
-1.000000000000000000e+00
-8.545372387632147460e-01
4.417687683411797295e-02
-4.067111703204595585e-02
-3.337429801949498565e-01
-8.617406238710481059e-01
-1.563500498892667623e-01
1.000000000000000000e+00
1.000000000000000000e+00
-4.340998043640738047e-01
-7.208179646978470911e-01
6.988528923205028498e-02
1.000000000000000000e+00
1.000000000000000000e+00
1.000000000000000000e+00
-6.387491527993531815e-01
1.000000000000000000e+00
-4.350247669573106268e-01
1.651961201376473953e-01
3.218407137874305102e-01
1.000000000000000000e+00
-8.591478480274038487e-01
2.417244733665989131e-01
6.448184022673267846e-01
-1.000000000000000000e+00
1.000000000000000000e+00
1.323696314648533656e-01
-3.842431820662306485e-01
-1.122180147311012677e-01
-1.000000000000000000e+00
1.000000000000000000e+00
-1.000000000000000000e+00
-1.000000000000000000e+00
-1.000000000000000000e+00
-5.130294882431241099e-01
-7.017126062945273635e-01
1.000000000000000000e+00
3.778441090957208037e-01
1.000000000000000000e+00
5.868146521579744590e-01
1.000000000000000000e+00
1.927929389890692125e-01
-4.404079301550887227e-01
3.963242306457076536e-01
-5.108502822211706818e-01
1.000000000000000000e+00
-1.000000000000000000e+00
-3.257374019498188167e-02
1.000000000000000000e+00
-5.864413656146122422e-01
1.000000000000000000e+00
5.073523147881267015e-01
-1.000000000000000000e+00
9.118976304233623598e-01
1.000000000000000000e+00
-5.029482618438559927e-01
-1.000000000000000000e+00
1.000000000000000000e+00
-1.000000000000000000e+00
1.000000000000000000e+00
1.000000000000000000e+00
-3.902650790856287966e-01
5.921637870428185790e-01
-9.306246984844709358e-01
1.000000000000000000e+00
1.000000000000000000e+00
6.912417986315864127e-01
6.100251106039991100e-01
1.000000000000000000e+00
-2.193155359540295279e-01
1.000000000000000000e+00
-1.000000000000000000e+00
1.000000000000000000e+00
-9.837793654132657162e-01
-1.000000000000000000e+00
3.869326017815455376e-02
-6.158398509836759960e-01
1.015647094122309607e-01
5.802070092120614753e-01
5.994064835657957335e-01
-3.275294873529066564e-02
1.000000000000000000e+00
-1.554055060573039659e-02
-7.146216246501981839e-01
-8.124210602330355080e-01
5.604249527104042672e-01
-1.703930963800796006e-01
3.844739484339468327e-01
-1.000000000000000000e+00
8.398624646029811958e-01
5.332100777681936243e-01
1.000000000000000000e+00
5.065725368536415640e-01
-1.000000000000000000e+00
1.000000000000000000e+00
1.387145953056224679e-01
8.213139510327105430e-01
-1.000000000000000000e+00
5.561967478411578014e-01
1.000000000000000000e+00
-1.786508705536832275e-01
-1.000000000000000000e+00
1.000000000000000000e+00
7.273060566456501785e-01
1.000000000000000000e+00
-1.000000000000000000e+00
-1.134494021981369283e-01
5.407428334361077393e-01
-3.458631789897151920e-01
-7.552421557182941170e-01
-8.744723813403260104e-01
-1.000000000000000000e+00
-1.000000000000000000e+00
-8.750755103583767180e-01
5.326060687139487770e-01
1.000000000000000000e+00
1.000000000000000000e+00
4.113392892573570769e-01
-1.000000000000000000e+00
1.000000000000000000e+00
1.000000000000000000e+00
6.199571300503944338e-01
1.000000000000000000e+00
-4.337734405793470804e-01
6.640065963637403756e-01
-1.000000000000000000e+00
-4.534395873394429510e-01
5.532209796561424753e-01
7.495845615281289120e-01
-1.000000000000000000e+00
-1.000000000000000000e+00
-1.000000000000000000e+00
-2.768349809446759568e-01
-1.000000000000000000e+00
1.000000000000000000e+00
1.000000000000000000e+00
-1.000000000000000000e+00
1.000000000000000000e+00
-1.000000000000000000e+00
1.000000000000000000e+00
-3.932465719039168750e-02
1.000000000000000000e+00
-9.289526109254490072e-01
1.000000000000000000e+00
7.336706754014958864e-01
-7.638386600438942242e-01
-8.668201264823667263e-01
-1.000000000000000000e+00
-1.000000000000000000e+00
8.097142168870901102e-01
1.000000000000000000e+00
1.000000000000000000e+00
1.000000000000000000e+00
1.000000000000000000e+00
-2.653952412589855037e-01
-1.000000000000000000e+00
-4.167809377703713958e-01
-1.000000000000000000e+00
-6.717359634338324614e-01
-1.000000000000000000e+00
-1.000000000000000000e+00
-1.216545463105684066e-01
8.387453185456044125e-01
1.000000000000000000e+00
-1.000000000000000000e+00
1.000000000000000000e+00
-3.878976471955303262e-01
-6.267406559592513249e-01
1.000000000000000000e+00
-1.000000000000000000e+00
-1.000000000000000000e+00
-7.508767294456974994e-01
2.726094769406157692e-01
1.000000000000000000e+00
-1.000000000000000000e+00
1.471952921027565586e-01
2.058095428850318098e-01
5.147769110422881766e-01
-1.000000000000000000e+00
-3.768555370862090581e-01
-1.000000000000000000e+00
-2.407101131980926845e-01
1.614304306234397579e-01
1.000000000000000000e+00
6.752997259571931199e-01
1.000000000000000000e+00
-1.000000000000000000e+00
-1.000000000000000000e+00
1.000000000000000000e+00
1.000000000000000000e+00
-1.938875290240725802e-01
-8.468435277241100900e-01
1.000000000000000000e+00
3.898634340971198764e-01
5.063912557544321125e-01
-1.138756456418731355e-01
-1.000000000000000000e+00
-1.000000000000000000e+00
1.000000000000000000e+00
1.000000000000000000e+00
8.917740000785545629e-02
1.587811224544949384e-02
-1.000000000000000000e+00
8.660973326034510089e-01
4.725360844890510448e-01
1.000000000000000000e+00
-1.000000000000000000e+00
8.707966553906443252e-02
9.820348284152260465e-01
-1.000000000000000000e+00
-9.381229666520078947e-01
-6.705565505105337554e-02
-7.227409761739538308e-01
9.630445517102392827e-02
-2.238171172367287576e-01
1.000000000000000000e+00
-1.000000000000000000e+00
7.081238424135873899e-01
6.056966104073582269e-01
9.391247400501121501e-01
2.958174854583085489e-01
3.770830118655426055e-01
-1.000000000000000000e+00
-1.000000000000000000e+00
-1.000000000000000000e+00
1.000000000000000000e+00
8.300306459152739791e-01
3.581815080937240658e-01
4.783059522352721693e-01
1.000000000000000000e+00
-1.000000000000000000e+00
-5.430005344384130073e-01
-1.142993410871551707e-01
4.077799557681833775e-01
1.000000000000000000e+00
-7.944727475234947267e-02
1.000000000000000000e+00
-9.396640824101856193e-01
1.000000000000000000e+00
-1.000000000000000000e+00
1.913494169189178251e-01
2.038863183963668391e-01
-1.000000000000000000e+00
8.151863610388258019e-01
-1.000000000000000000e+00
5.590578385681340690e-01
-5.006771497009316896e-01
1.000000000000000000e+00
4.686441690778730962e-02
-3.158094995188698295e-02
-8.208792317774705749e-01
4.971293508456708921e-01
4.912131187952423206e-01
1.000000000000000000e+00
-1.229887417825687446e-01
1.874250378544508600e-01
1.000000000000000000e+00
1.872111042090022215e-01
-1.000000000000000000e+00
-1.000000000000000000e+00
2.771416542216360579e-01
1.000000000000000000e+00
-1.000000000000000000e+00
1.000000000000000000e+00
1.000000000000000000e+00
1.000000000000000000e+00
-1.000000000000000000e+00
1.000000000000000000e+00
5.369270730465470765e-01
-1.000000000000000000e+00
-1.000000000000000000e+00
1.000000000000000000e+00
1.000000000000000000e+00
-1.000000000000000000e+00
-1.000000000000000000e+00
-1.000000000000000000e+00
1.000000000000000000e+00
1.000000000000000000e+00
1.000000000000000000e+00
3.941512758614120759e-01
-1.000000000000000000e+00
-1.000000000000000000e+00
1.000000000000000000e+00
8.130556751696139672e-01
1.000000000000000000e+00
-6.337869894979433205e-01
-2.131733735284863096e-02
-1.000000000000000000e+00
-3.598677675170762758e-01
-2.211010346205375399e-01
5.321349979818000842e-01
1.000000000000000000e+00
-2.483513510036949867e-02
-1.000000000000000000e+00
-9.402736166693714814e-01
6.544862272973345219e-01
1.000000000000000000e+00
1.977437924988389994e-01
6.119877634411975409e-01
6.497047287710453478e-01
-4.775485020109840328e-01
-1.000000000000000000e+00
-1.000000000000000000e+00
1.000000000000000000e+00
-7.394427868467555731e-01
-3.285835523095723687e-01
1.084139482473819305e-01
-3.351616855271353224e-01
-1.000000000000000000e+00
-1.000000000000000000e+00
-2.868466551440455037e-01
-3.594887352288423932e-01
-7.516580626111613039e-01
1.000000000000000000e+00
1.000000000000000000e+00
1.000000000000000000e+00
-1.000000000000000000e+00
1.000000000000000000e+00
-4.909623651953188839e-01
-1.820301205784543297e-01
-1.000000000000000000e+00
-7.860160104149718219e-01
-1.000000000000000000e+00
-9.426616330987558356e-01
3.889844500674274341e-01
-7.377081570363661633e-01
-1.000000000000000000e+00
-1.000000000000000000e+00
-1.000000000000000000e+00
-3.461092248975572438e-01
4.050025260229607738e-01
1.000000000000000000e+00
-7.749449914846953114e-01
-2.422816063145338816e-02
-3.002398096079176293e-01
8.199216615364851579e-01
7.503041151204243864e-01
-1.000000000000000000e+00
-1.000000000000000000e+00
3.220650997482613631e-01
-2.273589252289482943e-01
3.255561420412926843e-01
-1.000000000000000000e+00
-6.134938693127767184e-01
4.565675417197394559e-01
-1.000000000000000000e+00
-6.566024137448485121e-01
-1.000000000000000000e+00
1.000000000000000000e+00
1.000000000000000000e+00
-1.842135868025477352e-01
-1.000000000000000000e+00
-8.677247099942417830e-01
-1.000000000000000000e+00
1.000000000000000000e+00
-7.079541766072494635e-01
-1.000000000000000000e+00
5.933938371257403421e-01
-1.000000000000000000e+00
2.621000069103196495e-02
-1.000000000000000000e+00
-1.000000000000000000e+00
-1.000000000000000000e+00
1.000000000000000000e+00
-1.000000000000000000e+00
6.042369699670072647e-01
1.000000000000000000e+00
4.137544183806065590e-01
1.000000000000000000e+00
1.000000000000000000e+00
-4.879351931488394856e-01
-8.867953661709377933e-01
5.359901005638970650e-01
3.164219837725036344e-01
1.000994061165250137e-01
-2.079251331535199587e-01
-2.002473733611032092e-01
6.017811416529318391e-01
4.385495971347264099e-01
4.959753447196979526e-01
-7.545367244759962899e-01
1.792097607865348330e-01
1.000000000000000000e+00
1.000000000000000000e+00
1.000000000000000000e+00
1.000000000000000000e+00
-1.000000000000000000e+00
1.000000000000000000e+00
1.000000000000000000e+00
1.000000000000000000e+00
-6.672405774271455980e-02
-1.000000000000000000e+00
-2.141448621237140582e-01
5.353953706181299177e-01
-1.000000000000000000e+00
1.000000000000000000e+00
-1.000000000000000000e+00
2.077786072959408870e-01
2.697695161866360825e-01
-1.000000000000000000e+00
4.214397848934425816e-01
1.000000000000000000e+00
-2.479847809489748589e-01
-1.000000000000000000e+00
-5.801739429540855308e-01
-6.250489636384792824e-01
-9.191459434143617324e-01
3.308088517722196364e-01
-2.985136016209506415e-01
-1.000000000000000000e+00
-6.206470307422597976e-01
7.325859601676443233e-02
-3.159180139443826807e-01
1.000000000000000000e+00
4.790923114074363554e-03
4.551166335795842066e-01
-1.045543833866612315e-01
1.000000000000000000e+00
-6.022297363163938710e-01
3.341786328619790747e-01
-1.000000000000000000e+00
-1.000000000000000000e+00
-1.000000000000000000e+00
-6.940745949733642117e-01
-3.609673352598786744e-01
1.000000000000000000e+00
-6.429115820794457647e-01
-2.961225595726287851e-01
1.000000000000000000e+00
-5.977831327284236496e-01
-1.498414964648741576e-01
-1.000000000000000000e+00
-4.973051010510228798e-01
-1.000000000000000000e+00
-1.000000000000000000e+00
-7.400307991441748001e-01
6.894349862641088178e-01
1.000000000000000000e+00
1.000000000000000000e+00
1.000000000000000000e+00
-1.000000000000000000e+00
-1.000000000000000000e+00
6.054333514864579380e-01
1.000000000000000000e+00
-1.000000000000000000e+00
-1.000000000000000000e+00
-3.026309432777565256e-01
1.000000000000000000e+00
1.000000000000000000e+00
1.000000000000000000e+00
1.000000000000000000e+00
-2.273725869389055521e-01
-6.369869009550350736e-01
1.000000000000000000e+00
-6.276766372107918102e-01
-7.655876129724190626e-01
1.000000000000000000e+00
-1.000000000000000000e+00
-1.000000000000000000e+00
1.000000000000000000e+00
1.358512158192204389e-01
-1.000000000000000000e+00
-1.000000000000000000e+00
-4.164650399220676258e-02
8.867350295508367175e-01
-3.247709689284636880e-01
1.000000000000000000e+00
1.504749889569539922e-02
6.859957422472213739e-01
8.608184338157975901e-01
3.999944428724152568e-01
5.126789690151634105e-02
-1.000000000000000000e+00
-1.000000000000000000e+00
-1.000000000000000000e+00
-6.401487790207549544e-03
9.903268846018711269e-01
-1.000000000000000000e+00
-1.000000000000000000e+00
1.000000000000000000e+00
-6.609252487265906417e-01
-6.864576118277174732e-01
3.227968894833889157e-01
-2.905527522689610453e-01
-1.000000000000000000e+00
6.362724036899572999e-01
-3.289351463726278846e-01
-2.279665268704121894e-01
-3.091802948755099090e-01
-6.637530531711355319e-01
-2.269137854550044020e-01
-9.312631046232524579e-01
-6.279416568885032301e-02
1.000000000000000000e+00
7.112189198491253306e-01
-5.991250438943802603e-01
6.151752125228123758e-01
1.000000000000000000e+00
-1.730511156632482672e-01
1.000000000000000000e+00
-4.481221631036392816e-01
-3.192244561815551496e-01
-5.234394572850838978e-01
7.812874983229278758e-01
-9.349238508825811200e-01
5.194717417821375083e-01
6.517110730509811933e-01
-3.080720686069788883e-01
1.546970509313387310e-01
-1.154590966231494598e-02
1.000000000000000000e+00
-5.944141440291974554e-01
-1.000000000000000000e+00
3.947543129349128099e-01
2.305944629238190213e-01
1.000000000000000000e+00
-1.000000000000000000e+00
-7.609873987222955938e-01
-1.000000000000000000e+00
4.033426586205837716e-01
-1.000000000000000000e+00
-3.423129229377985250e-01
-1.000000000000000000e+00
-7.527743573207035244e-01
-1.000000000000000000e+00
-1.000000000000000000e+00
-1.000000000000000000e+00
-1.000000000000000000e+00
3.061847743512099429e-01
1.000000000000000000e+00
-1.000000000000000000e+00
1.000000000000000000e+00
4.545324103086407774e-01
-3.164895262641580498e-01
-7.382086122958125829e-01
-3.612101163265895032e-01
-1.000000000000000000e+00
5.056868628080274375e-01
-8.251685238323385185e-01
1.000000000000000000e+00
1.000000000000000000e+00
-2.465020711863549763e-01
-1.000000000000000000e+00
-1.000000000000000000e+00
-4.576000469529505899e-01
1.000000000000000000e+00
1.000000000000000000e+00
9.355536189649699130e-01
5.059884384187327555e-01
-8.025016226181986845e-01
1.000000000000000000e+00
-3.429273237356262882e-01
-1.118189983705335511e-01
1.000000000000000000e+00
1.000000000000000000e+00
1.000000000000000000e+00
9.640974735146602415e-01
1.000000000000000000e+00
-4.085420838713379466e-01
-5.084840026505097477e-01
3.652051400269553660e-01
-5.987508149481952646e-01
6.769655528460258864e-01
-6.264510583636929697e-01
-1.000000000000000000e+00
-1.000000000000000000e+00
5.010827548957842437e-01
5.534423172011305736e-01
7.652050479342424882e-01
7.941402873202296764e-01
-1.551583730757959412e-01
-7.260718534141704650e-01
-3.068045321609933485e-01
-1.000000000000000000e+00
1.000000000000000000e+00
1.000000000000000000e+00
-1.000000000000000000e+00
-1.000000000000000000e+00
2.268966653296249358e-01
-1.978268984332471891e-01
-9.532277861828356569e-01
-3.155521630755238061e-01
-4.992110901435183878e-01
1.000000000000000000e+00
-1.000000000000000000e+00
-3.549593922964444648e-01
-1.000000000000000000e+00
-3.356971888453860187e-01
-9.386641193243623338e-01
2.652613891652459976e-01
-1.000000000000000000e+00
-1.000000000000000000e+00
-1.000000000000000000e+00
1.000000000000000000e+00
9.955882704008274242e-01
1.000000000000000000e+00
-4.380049203187864615e-01
1.026875030222947904e-01
-9.699340587861033924e-01
-1.000000000000000000e+00
1.000000000000000000e+00
-2.472718955131072427e-01
9.910202031181142290e-02
4.535695403025112871e-01
-4.039318228947951228e-01
-1.000000000000000000e+00
1.000000000000000000e+00
1.000000000000000000e+00
-1.000000000000000000e+00
8.558749061005019865e-01
2.204342636475293826e-01
-1.000000000000000000e+00
1.000000000000000000e+00
-1.000000000000000000e+00
-1.000000000000000000e+00
-9.222479722560804616e-01
-1.000000000000000000e+00
-1.000000000000000000e+00
-5.860112439690075004e-01
9.587842239000948785e-01
-1.439870821432243098e-02
1.000000000000000000e+00
1.000000000000000000e+00
4.320922649493351697e-01
7.138366167747460800e-01
-5.435687937316022733e-01
2.258128027738607602e-01
6.227652896661917126e-02
-1.000000000000000000e+00
-7.599765934049862448e-02
-1.000000000000000000e+00
-7.635808123629161948e-02
1.000000000000000000e+00
-1.000000000000000000e+00
-6.133874066498945510e-01
-1.000000000000000000e+00
-8.455453628464649762e-01
-5.880036968470424563e-01
9.139844733077859829e-01
4.098030471909222539e-01
-1.000000000000000000e+00
1.000000000000000000e+00
1.000000000000000000e+00
1.000000000000000000e+00
5.754236523047424612e-01
-1.000000000000000000e+00
-9.408661383749777896e-01
1.000000000000000000e+00
1.000000000000000000e+00
-1.000000000000000000e+00
-9.920455336631581744e-01
7.393583249323005813e-01
-1.706902964972194514e-01
1.000000000000000000e+00
-1.000000000000000000e+00
-1.000000000000000000e+00
5.465101961477603076e-02
1.000000000000000000e+00
2.574892705637337187e-01
-3.116719073245881599e-01
2.186866536586820065e-01
-9.716381615139609851e-01
-1.000000000000000000e+00
1.000000000000000000e+00
-1.000000000000000000e+00
-7.241204740060291911e-01
-1.000000000000000000e+00
-1.000000000000000000e+00
-8.193485734211726212e-01
3.853708613176667352e-01
7.194862702538387111e-01
1.000000000000000000e+00
3.537781906214587657e-02
-1.000000000000000000e+00
8.282770905703900066e-01
-7.124496139095438663e-01
-8.436557593837148428e-01
3.960891300506516055e-01
-6.339266569903498905e-01
-1.000000000000000000e+00
1.000000000000000000e+00
-6.750714043536237829e-01
-1.000000000000000000e+00
1.000000000000000000e+00
9.209690599190976101e-01
1.000000000000000000e+00
-1.422331142414685334e-01
-1.000000000000000000e+00
-6.246099201835491055e-01
-9.136594826599485630e-01
1.000000000000000000e+00
-8.247911837487158504e-01
-7.022598608414202248e-01
2.502036533413409813e-01
1.000000000000000000e+00
-8.945712841197187570e-01
-1.000000000000000000e+00
-3.918019173212050621e-01
-5.182482970206789830e-01
-1.000000000000000000e+00
-1.000000000000000000e+00
3.171500011499236438e-01
-3.358201638039143289e-01
1.949270011237597133e-01
-2.011028522255777773e-01
1.000000000000000000e+00
-2.234655708397688678e-01
1.000000000000000000e+00
9.508438209641599803e-01
-1.000000000000000000e+00
-1.000000000000000000e+00
-6.549217609582742572e-01
1.000000000000000000e+00
-6.088755629348059362e-01
-3.152423776473326500e-01
-1.000000000000000000e+00
1.823498042511989548e-01
-1.000000000000000000e+00
1.000000000000000000e+00
-1.000000000000000000e+00
1.000000000000000000e+00
6.986256014819142157e-01
9.282383356062964275e-01
-7.144947930625453747e-01
5.352284542288915370e-01
-4.347427869504704168e-01
-1.000000000000000000e+00
3.273415612622614934e-01
2.231810360897353851e-01
-1.000000000000000000e+00
5.990848788565368288e-01
-1.000000000000000000e+00
-5.446501963788414891e-01
6.211043465058334601e-01
-1.000000000000000000e+00
1.000000000000000000e+00
1.000000000000000000e+00
1.233588084988170852e-01
-8.980293975015429808e-01
-6.100366223870313798e-01
1.000000000000000000e+00
-2.560911024855484497e-01
2.382270208049133975e-01
-1.000000000000000000e+00
8.988776758774600362e-01
-2.139212368753096449e-01
-1.000000000000000000e+00
1.000000000000000000e+00
-1.000000000000000000e+00
1.000000000000000000e+00
1.000000000000000000e+00
1.000000000000000000e+00
-1.000000000000000000e+00
-1.000000000000000000e+00
-3.594871471438607635e-01
-6.725983868274906241e-01
-1.979463341256812448e-01
-6.161803885055571195e-01
-1.089611860904140528e-01
1.000000000000000000e+00
3.173616721652503525e-01
-1.000000000000000000e+00
1.000000000000000000e+00
-5.342355423556066629e-01
-3.191559923975976210e-01
-1.000000000000000000e+00
5.935300520096771226e-01
4.400485290803396454e-01
-2.329664831444823170e-01
-2.476061870449063340e-01
1.000000000000000000e+00
1.000000000000000000e+00
-9.793642458031232012e-02
-1.000000000000000000e+00
-1.089916873443271816e-01
-1.000000000000000000e+00
-1.000000000000000000e+00
1.000000000000000000e+00
1.000000000000000000e+00
-9.271795230410584399e-01
-6.349399851273068718e-01
-1.000000000000000000e+00
-4.830839870596093100e-01
-4.381855397156513288e-01
-2.451604044361177515e-02
-9.802485011014032690e-01
-1.000000000000000000e+00
-1.280076777241724306e-01
-2.436574411987855182e-01
-6.568823413081358309e-01
1.000000000000000000e+00
-1.000000000000000000e+00
-1.000000000000000000e+00
-9.829516190439070433e-01
-2.739219157403983140e-01
1.000000000000000000e+00
-5.409199478833484065e-01
1.000000000000000000e+00
5.645215594640279333e-01
1.000000000000000000e+00
1.000000000000000000e+00
-5.508164254801650728e-01
-1.000000000000000000e+00
-6.394478473552736020e-01
1.993963897118522510e-01
-1.000000000000000000e+00
-1.070070346609578449e-01
-1.000000000000000000e+00
-1.000000000000000000e+00
-1.000000000000000000e+00
1.000000000000000000e+00
-1.000000000000000000e+00
4.942667542917758006e-01
7.210563652419765823e-02
-1.000000000000000000e+00
3.034375082153303316e-01
-5.301459151453986607e-01
-6.230374561669064226e-01
6.710460675240906836e-01
-3.350607667629291186e-01
-9.394786316275534066e-01
1.000000000000000000e+00
-1.000000000000000000e+00
1.000000000000000000e+00
1.000000000000000000e+00
1.000000000000000000e+00
-7.845162619996819409e-01
-8.171978747821078137e-01
-1.000000000000000000e+00
1.000000000000000000e+00
-4.449179306546313661e-02
-9.141057142572892591e-01
5.355653739401836644e-01
-1.000000000000000000e+00
2.432712599404177611e-01
-1.782676015241818623e-01
-1.000000000000000000e+00
7.335577778454187570e-01
1.000000000000000000e+00
-4.435461859352228253e-01
-2.340153135853033639e-01
9.136743676874115039e-01
8.203858528179851506e-01
-8.655500625637981837e-01
-3.949085267341883032e-01
-3.392596881949559717e-02
1.000000000000000000e+00
-9.919741777655690651e-01
-9.337407156882372439e-01
9.381739845739298644e-01
-1.000000000000000000e+00
1.000000000000000000e+00
1.021527367007430132e-01
-9.227398578378914751e-01
-2.372087066245548437e-01
1.000000000000000000e+00
6.675445684459990758e-01
-6.265294346688526916e-01
6.252011732554221268e-01
5.322759355450596974e-01
-1.000000000000000000e+00
-9.937426287120099122e-02
2.461876416409035651e-01
4.069025433889813526e-01
1.000000000000000000e+00
1.000000000000000000e+00
5.703355788401978099e-01
-1.000000000000000000e+00
1.000000000000000000e+00
-6.312284579940109497e-01
-1.000000000000000000e+00
3.245012367062686254e-01
-1.000000000000000000e+00
-1.000000000000000000e+00
-1.000000000000000000e+00
8.644646978640079249e-01
-2.484221615437451902e-01
-8.416670000119701456e-01
8.549351993222273904e-01
1.000000000000000000e+00
-2.731423515698381266e-01
-8.326690572528030465e-01
-6.377038031109270033e-01
-6.767665711581638543e-01
2.175218075288658515e-01
3.829638353740173473e-01
-5.553930714905247479e-01
1.000000000000000000e+00
1.000000000000000000e+00
-1.000000000000000000e+00
-7.947201701583554989e-01
-1.000000000000000000e+00
-1.000000000000000000e+00
-1.000000000000000000e+00
-2.332437322063507512e-01
1.000000000000000000e+00
4.152983988268739157e-01
9.746019846324185387e-01
7.164023365649607733e-01
1.000000000000000000e+00
3.862623476578258552e-02
1.000000000000000000e+00
1.000000000000000000e+00
1.000000000000000000e+00
-1.000000000000000000e+00
-1.000000000000000000e+00
-1.000000000000000000e+00
1.000000000000000000e+00
-9.451816639302618173e-01
1.000000000000000000e+00
-6.837537326119170755e-01
-4.985824562947537841e-01
8.921010047114141805e-02
1.000000000000000000e+00
-8.897128388760895401e-01
6.721315532372520440e-01
-1.000000000000000000e+00
3.396184902735499556e-02
-5.211738519907547218e-01
1.000000000000000000e+00
-2.799462195695781030e-01
8.673283408086954749e-01
-1.000000000000000000e+00
7.320104029134432144e-01
-1.626425345359666652e-01
5.228408191991888998e-01
4.423684226197038827e-01
-2.461409065745088220e-01
-1.000000000000000000e+00
-1.447524266811195393e-01
-8.048011739013360977e-01
-5.904884801012890705e-01
7.973867296078400724e-01
-8.212551544834226780e-01
9.389650881800031268e-01
-4.403484781645436996e-01
-1.000000000000000000e+00
1.000000000000000000e+00
-4.045528823431836507e-01
-4.754201103633498571e-02
-7.305174662344755543e-01
1.000000000000000000e+00
-1.279564662096105421e-01
-1.000000000000000000e+00
8.981292313180783138e-01
1.000000000000000000e+00
-1.000000000000000000e+00
-1.000000000000000000e+00
2.702712393511053079e-03
-1.143162210724764649e-01
7.230838613241801216e-01
-7.595500334063165493e-01
1.000000000000000000e+00
1.000000000000000000e+00
-3.132624260249927683e-01
1.000000000000000000e+00
1.000000000000000000e+00
6.786397076036755349e-01
4.869582285385045672e-01
-3.900726030991947813e-01
-9.345523565031883806e-02
8.440686380021631408e-01
3.738780369541125914e-01
1.000000000000000000e+00
1.000000000000000000e+00
-5.941900039906884423e-01
-1.000000000000000000e+00
-6.017000653474655625e-01
7.903816696488759064e-01
-7.550418461132331061e-01
-1.847144762408685637e-01
1.000000000000000000e+00
-1.000000000000000000e+00
-7.968825377951838096e-01
1.000000000000000000e+00
7.788529484106609946e-02
1.000000000000000000e+00
5.367787471751662709e-01
5.075865335489535557e-01
-8.121702911440220607e-01
-5.051869404428521726e-02
1.751163142937370854e-01
-1.000000000000000000e+00
-7.667402288857197989e-01
-5.540695947808798039e-01
-1.000000000000000000e+00
3.280607941475404132e-01
-1.000000000000000000e+00
-1.000000000000000000e+00
-6.982090963821144802e-01
-1.000000000000000000e+00
1.000000000000000000e+00
8.590719791949030792e-01
7.952229485308526247e-02
5.736624972048043336e-01
1.000000000000000000e+00
-2.009358254643056618e-02
-5.123095466042559831e-01
-1.000000000000000000e+00
-1.000000000000000000e+00
6.744727980231988163e-01
-1.000000000000000000e+00
5.534205117914896555e-01
-1.000000000000000000e+00
-3.963454051921678767e-01
9.245349270287572807e-01
-1.000000000000000000e+00
4.289330373011254749e-01
-1.000000000000000000e+00
-1.000000000000000000e+00
-1.000000000000000000e+00
4.541686181284546042e-01
-1.000000000000000000e+00
8.271934851183140314e-01
3.949936591235355121e-01
-2.042961993580919566e-01
1.002969689298611189e-01
2.396905992250982220e-01
-6.752146874365342333e-01
5.649857553947918998e-01
-2.543068738854825650e-01
2.564720560294297957e-01
4.448503754123451781e-01
9.883735346439737057e-01
-4.262314053065587860e-01
-1.000000000000000000e+00
-6.494544588344024483e-01
1.000000000000000000e+00
-8.847944781286420923e-04
-7.961999981121330450e-01
1.000000000000000000e+00
1.000000000000000000e+00
-5.753573335530390853e-01
3.294115136523151910e-01
-4.570035392882590974e-01
-1.000000000000000000e+00
1.000000000000000000e+00
-1.000000000000000000e+00
-5.898027975919768462e-01
-4.186265862526261095e-01
-1.000000000000000000e+00
-1.000000000000000000e+00
-1.000000000000000000e+00
3.843305170631463596e-01
2.676220005854526018e-01
1.000000000000000000e+00
-3.982351392099231502e-02
4.574179556305555394e-01
1.000000000000000000e+00
-7.017374392301456432e-01
-5.843689088275330068e-01
-1.000000000000000000e+00
2.579486581084290964e-01
1.000000000000000000e+00
6.172083372421370839e-01
1.000000000000000000e+00
-9.439190589990755775e-01
9.905038673784882786e-01
1.000000000000000000e+00
-5.125063742385289611e-01
-1.000000000000000000e+00
1.000000000000000000e+00
-1.000000000000000000e+00
1.000000000000000000e+00
-1.000000000000000000e+00
-8.457803427261204599e-01
4.641111452925331116e-01
1.000000000000000000e+00
1.000000000000000000e+00
1.000000000000000000e+00
1.000000000000000000e+00
-1.000000000000000000e+00
4.571484391598178432e-01
8.659199414959773966e-01
4.168325884923598790e-02
-6.089487310375296669e-01
1.000000000000000000e+00
-1.000000000000000000e+00
-1.000000000000000000e+00
1.000000000000000000e+00
-1.000000000000000000e+00
5.221642330509488339e-01
-8.265361213014587038e-01
1.000000000000000000e+00
-1.000000000000000000e+00
-4.232016694106388588e-02
-1.000000000000000000e+00
1.913697602480100846e-01
-1.000000000000000000e+00
3.933203149390324116e-01
-4.354172639728548511e-01
-1.000000000000000000e+00
-4.538942114586380638e-02
7.552370014629246064e-01
-1.000000000000000000e+00
4.295798819731992957e-01
9.709529451504548270e-01
5.666637538458241252e-01
-1.000000000000000000e+00
6.550148010512918395e-02
-7.107108273249668207e-02
-1.000000000000000000e+00
1.000000000000000000e+00
4.977267071147881694e-01
4.081733644614628509e-01
1.000000000000000000e+00
7.607810702814349346e-02
-3.481230595737041522e-01
1.000000000000000000e+00
-6.900413504398748010e-01
2.305526382265646879e-01
1.000000000000000000e+00
1.000000000000000000e+00
1.000000000000000000e+00
-1.000000000000000000e+00
-1.000000000000000000e+00
-1.000000000000000000e+00
-1.671320685381993132e-01
1.000000000000000000e+00
-1.000000000000000000e+00
3.050960366102903887e-01
1.000000000000000000e+00
-1.000000000000000000e+00
-5.313412395224831331e-02
-1.000000000000000000e+00
-1.000000000000000000e+00
-1.000000000000000000e+00
-5.984805538474906594e-01
1.000000000000000000e+00
-1.000000000000000000e+00
8.312112963414195477e-01
7.972206081871704431e-01
1.000000000000000000e+00
5.228770042031312126e-01
1.000000000000000000e+00
1.000000000000000000e+00
1.000000000000000000e+00
6.834246806394961293e-01
-3.823111075343710308e-01
-1.000000000000000000e+00
-5.704628220218399548e-02
-8.696459000183505150e-01
2.433335218397451594e-01
-1.000000000000000000e+00
1.000000000000000000e+00
-8.762750408640528343e-01
-3.515921120673665690e-01
8.403110805468663180e-01
-1.791003145830556420e-01
1.934408982300649948e-01
4.584258794054638653e-01
1.000000000000000000e+00
-7.628105559873590291e-01
3.914072028662450853e-01
3.891904128254403128e-01
-1.000000000000000000e+00
1.926109881199643548e-01
8.933804595510261848e-01
-1.000000000000000000e+00
1.000000000000000000e+00
-2.888143527637787589e-01
2.056844274538690565e-01
-1.000000000000000000e+00
-1.000000000000000000e+00
6.469437345891004831e-01
1.000000000000000000e+00
-4.829888366609724204e-01
-2.039919068603643915e-01
-1.000000000000000000e+00
7.491822257700841980e-03
1.000000000000000000e+00
-1.000000000000000000e+00
1.000000000000000000e+00
-1.000000000000000000e+00
-1.000000000000000000e+00
-3.497214095492090502e-01
-1.000000000000000000e+00
-5.552642850658968676e-01
2.270049680689799620e-01
1.000000000000000000e+00
-2.917215331011581703e-01
1.000000000000000000e+00
-1.000000000000000000e+00
1.000000000000000000e+00
1.000000000000000000e+00
1.000000000000000000e+00
2.557031818573530790e-01
-2.403055462903318507e-01
-1.000000000000000000e+00
-1.000000000000000000e+00
-6.839716354070075610e-01
-1.000000000000000000e+00
1.000000000000000000e+00
-1.000000000000000000e+00
-1.000000000000000000e+00
1.000000000000000000e+00
-7.904815170354313469e-01
-1.000000000000000000e+00
1.000000000000000000e+00
-2.503046969292495039e-01
-1.000000000000000000e+00
7.349788766778664328e-02
7.120558234774644335e-01
-1.000000000000000000e+00
-8.221408237324216994e-01
6.839468344646859599e-01
1.000000000000000000e+00
8.743489623448064130e-03
-1.000000000000000000e+00
1.000000000000000000e+00
-3.585696319429526602e-02
-9.125095999406549474e-01
1.834930985843870044e-01
9.971916819311276159e-01
-1.000000000000000000e+00
7.084595110094911163e-01
-1.000000000000000000e+00
-2.643435247615677497e-01
-1.000000000000000000e+00
1.000000000000000000e+00
1.000000000000000000e+00
-7.471086325916664883e-01
3.509113794982096080e-01
1.000000000000000000e+00
1.000000000000000000e+00
7.136157228668880137e-01
5.057930150875300512e-01
1.000000000000000000e+00
1.000000000000000000e+00
6.716562050695303876e-01
5.545789637641623804e-01
1.481175435065938961e-01
-4.119223770083234037e-01
-9.128624390705221137e-01
2.044614485960198902e-01
-1.000000000000000000e+00
1.000000000000000000e+00
-1.133278352482074425e-01
8.489271149726618226e-02
-1.000000000000000000e+00
-3.386458961550933289e-01
-4.846570321792810221e-01
1.000000000000000000e+00
2.629089325104719821e-01
-4.315623745691761215e-01
-2.703324372598113756e-01
-1.000000000000000000e+00
-1.000000000000000000e+00
-1.000000000000000000e+00
1.000000000000000000e+00
-1.000000000000000000e+00
-9.605766384580790573e-01
2.350092114395584408e-01
3.004435662841611898e-01
1.000000000000000000e+00
4.101872609782790668e-01
-5.448466210468767557e-01
-1.000000000000000000e+00
1.000000000000000000e+00
-9.404472973724525842e-01
4.584377019275647225e-01
7.776951774848415155e-01
5.582598894606576323e-01
-4.082230558100450324e-01
7.784642350072271677e-01
-1.000000000000000000e+00
-8.989629606068717527e-01
-7.495860042068611673e-01
8.208727642326748564e-01
1.000000000000000000e+00
-1.000000000000000000e+00
-1.000000000000000000e+00
-1.000000000000000000e+00
4.875345811715178224e-01
9.598057779562119141e-02
1.000000000000000000e+00
-9.014791064519602770e-01
-1.000000000000000000e+00
8.372560890073044160e-01
1.000000000000000000e+00
8.004601025241179224e-01
-6.242007763344230575e-01
9.137509869933486684e-01
4.661603766063656673e-01
-7.159723075217616639e-02
8.042114384356124912e-02
1.000000000000000000e+00
1.000000000000000000e+00
-1.000000000000000000e+00
9.193104020799381937e-01
-1.203934982316570146e-01
1.000000000000000000e+00
-4.627687580016870417e-01
-2.137137267867977863e-01
-1.000000000000000000e+00
-1.000000000000000000e+00
8.274674675900015597e-01
-1.000000000000000000e+00
1.000000000000000000e+00
4.212082167589352721e-01
6.764969241447883475e-01
-1.000000000000000000e+00
-2.876057659740552386e-02
-1.409542233987982063e-01
1.000000000000000000e+00
2.801936693673333645e-01
1.000000000000000000e+00
-1.000000000000000000e+00
-4.168303739971199184e-01
-1.000000000000000000e+00
-7.330254348108505846e-02
-1.000000000000000000e+00
-1.000000000000000000e+00
9.298129149133089744e-01
6.183452282200230243e-01
-7.554428701218853792e-01
1.000000000000000000e+00
8.006964136235681373e-01
-1.000000000000000000e+00
6.300164027976539183e-01
1.000000000000000000e+00
5.641539186173822884e-01
-1.000000000000000000e+00
-8.836474801059716055e-01
1.000000000000000000e+00
2.351938186735563763e-01
9.651832614489480600e-01
1.000000000000000000e+00
1.000000000000000000e+00
5.046589429647971858e-01
-1.000000000000000000e+00
1.000000000000000000e+00
9.444730226092648007e-01
-1.110183481701609853e-01
9.647373246029325999e-01
-1.000000000000000000e+00
1.000000000000000000e+00
-2.245838178752590508e-01
-9.696837516531349177e-01
-9.975012580517177430e-01
1.825061109930113945e-01
-2.852066192655406951e-01
3.905795696739802203e-01
-1.091774642611154089e-02
1.000000000000000000e+00
1.000000000000000000e+00
-1.000000000000000000e+00
-8.872931124542995374e-01
-7.724179691071442200e-01
1.000000000000000000e+00
1.000000000000000000e+00
1.000000000000000000e+00
6.987688311470721114e-01
1.000000000000000000e+00
1.000000000000000000e+00
-8.095318402638511657e-01
1.000000000000000000e+00
1.000000000000000000e+00
-1.000000000000000000e+00
-1.000000000000000000e+00
-8.680354608826296170e-02
-1.000000000000000000e+00
-7.780370296504917071e-01
1.000000000000000000e+00
-1.000000000000000000e+00
-7.418823815534130173e-01
-1.000000000000000000e+00
-1.000000000000000000e+00
-6.415725995444050422e-01
7.512711318541763772e-01
4.140079557562814649e-02
-1.365525560484750489e-01
-5.426405253007202667e-01
1.000000000000000000e+00
-4.119907998622775458e-01
-6.001768684133150789e-01
1.000000000000000000e+00
1.000000000000000000e+00
-1.777589027197590266e-02
-1.000000000000000000e+00
3.323305430658326509e-01
1.000000000000000000e+00
-5.169635507274544794e-01
-7.831992571973556139e-02
8.708601826347621699e-01
-7.229244237507794768e-01
-2.338059841819908335e-01
-1.000000000000000000e+00
5.944164949415138288e-01
3.861199683503487301e-01
-1.000000000000000000e+00
-7.335993476294122573e-02
1.000000000000000000e+00
-3.605778867084131756e-01
-4.818629227677241889e-01
1.000000000000000000e+00
-3.594076398605003386e-01
7.870026656424711220e-02
-5.381934492524731439e-01
5.864171814417646900e-01
1.000000000000000000e+00
1.000000000000000000e+00
-1.000000000000000000e+00
-5.117708534934157782e-01
-3.386777157589522802e-01
1.000000000000000000e+00
-8.124852206745898364e-01
1.000000000000000000e+00
9.174552433682998664e-01
1.000000000000000000e+00
5.072668640966724318e-01
-1.000000000000000000e+00
6.501136893724744903e-01
1.000000000000000000e+00
-6.467507288321012737e-01
1.000000000000000000e+00
-2.615333142786065990e-01
4.028078799744712057e-01
-1.000000000000000000e+00
-1.889778363032453834e-01
1.000000000000000000e+00
-4.374992814814240294e-01
6.658163665224957617e-01
-1.000000000000000000e+00
-8.666005400787637480e-01
-1.000000000000000000e+00
1.000000000000000000e+00
-9.396568720482070258e-01
-8.064159288672724246e-01
9.886492745901720447e-02
1.685096560331709181e-01
1.000000000000000000e+00
1.000000000000000000e+00
-1.000000000000000000e+00
-5.214760806262581649e-01
9.007966561663454108e-01
-8.921338302247252550e-01
9.564538035160752294e-01
1.000000000000000000e+00
9.556692802743524950e-01
1.000000000000000000e+00
1.000000000000000000e+00
9.994899347580887827e-02
-1.000000000000000000e+00
-1.000000000000000000e+00
1.000000000000000000e+00
1.000000000000000000e+00
-9.055196075343272533e-01
-2.452271158478261937e-01
-1.000000000000000000e+00
1.000000000000000000e+00
5.557167576038191115e-02
7.600955667677133931e-02
5.102800412807003694e-01
1.000000000000000000e+00
-2.624656924969603899e-01
1.000000000000000000e+00
-4.812889292615485370e-02
1.000000000000000000e+00
-1.000000000000000000e+00
-3.557666248791881980e-01
7.806783690473761972e-01
-3.419132714020016728e-01
-3.939094544843330659e-01
-6.488170817003502400e-02
1.000000000000000000e+00
-1.000000000000000000e+00
-3.030494690398183311e-01
1.000000000000000000e+00
1.000000000000000000e+00
1.000000000000000000e+00
-1.657909100634974431e-02
9.925004045898417893e-01
-1.000000000000000000e+00
7.477020982143336436e-01
2.430546205494179546e-01
-9.538895074375086658e-02
4.128570165676104242e-01
1.000000000000000000e+00
-1.000000000000000000e+00
1.835272408313470827e-02
-1.000000000000000000e+00
1.000000000000000000e+00
-2.819848145303928133e-01
1.000000000000000000e+00
-9.558153437791665485e-01
1.000000000000000000e+00
-1.000000000000000000e+00
-1.000000000000000000e+00
-1.955948432607116927e-01
1.000000000000000000e+00
1.000000000000000000e+00
3.395255352904182899e-01
