-5.530445478581875740e-01
1.000000000000000000e+00
1.000000000000000000e+00
1.000000000000000000e+00
8.589402971585988755e-01
-2.771552838193305224e-01
-1.000000000000000000e+00
9.944580350857672446e-01
-1.000000000000000000e+00
1.000000000000000000e+00
-4.066672248286913316e-01
1.000000000000000000e+00
-2.569915769888644341e-01
9.357260257855826158e-02
-1.000000000000000000e+00
-6.126186586256006095e-01
-5.414988300262297827e-01
2.730488801446880887e-01
1.000000000000000000e+00
1.000000000000000000e+00
8.985997495250142020e-01
-1.000000000000000000e+00
-1.000000000000000000e+00
-1.000000000000000000e+00
-1.000000000000000000e+00
-1.279447821873229141e-01
-1.000000000000000000e+00
-1.000000000000000000e+00
1.000000000000000000e+00
6.338003305800086196e-01
1.000000000000000000e+00
9.355148622656490609e-01
2.492258647204238786e-02
8.097957343846824418e-01
3.374960067123344842e-01
-1.000000000000000000e+00
-4.424663275174825494e-01
1.000000000000000000e+00
5.225772213698114121e-02
2.069843699451209829e-01
-1.000000000000000000e+00
-1.000000000000000000e+00
1.000000000000000000e+00
8.814957007075343576e-01
-4.576835659573805781e-01
-1.555250054233214552e-01
1.000000000000000000e+00
6.132041333779572057e-01
5.262509689799180768e-01
-1.000000000000000000e+00
4.977328995440781223e-01
1.000000000000000000e+00
-1.000000000000000000e+00
-1.000000000000000000e+00
3.615358988067157719e-01
-2.774654910373963723e-01
-7.420659863379819310e-01
7.971548454070975787e-02
-8.929396865694507746e-01
8.488840656336837931e-01
1.581089344011950004e-01
1.831906598046242340e-01
2.153021072086246934e-01
8.573235223586737064e-01
2.561502812849927868e-02
-1.000000000000000000e+00
8.870028003620651635e-02
-1.000000000000000000e+00
1.000000000000000000e+00
-4.058276958717044192e-01
-1.577441244947879739e-01
-6.891961234824237614e-01
-1.000000000000000000e+00
1.000000000000000000e+00
1.000000000000000000e+00
-8.954326587846956897e-01
-1.000000000000000000e+00
-1.175853788084825907e-01
-1.000000000000000000e+00
7.919623023954113217e-01
3.681346672411666132e-01
-3.168315317997943970e-02
6.482334473621690352e-01
-5.216762227036222388e-01
-1.434311411027409111e-01
-4.116809475097781279e-01
-9.327201546610599525e-01
-8.636129551658850989e-01
1.000000000000000000e+00
4.063594215303121815e-01
1.000000000000000000e+00
1.000000000000000000e+00
-2.226375200369046237e-02
4.788203370501090683e-01
-1.000000000000000000e+00
-1.000000000000000000e+00
1.000000000000000000e+00
9.187120390540403081e-01
-5.340813520511769052e-01
1.000000000000000000e+00
-3.707780801890185884e-01
9.620613252599260479e-01
5.796971387379085128e-02
-1.000000000000000000e+00
9.761961829514778088e-01
-5.141644623979011453e-01
6.017901502623400622e-01
-5.324598544442850079e-01
-9.321469136941223921e-01
-1.522537299050552573e-01
1.000000000000000000e+00
1.000000000000000000e+00
1.000000000000000000e+00
3.633383115152061804e-01
-1.000000000000000000e+00
-4.968136028160495821e-01
-1.461981039955199679e-01
8.617559877720019079e-01
8.725629479496233021e-01
-6.096110856840601666e-02
-1.000000000000000000e+00
-4.776483804234588626e-01
1.000000000000000000e+00
-5.096900823518064616e-01
-1.000000000000000000e+00
-1.000000000000000000e+00
-1.000000000000000000e+00
2.366904767050806435e-01
1.000000000000000000e+00
1.072899005406982575e-01
-1.000000000000000000e+00
-3.718193286731045211e-01
-1.000000000000000000e+00
5.476700149594214695e-01
-1.000000000000000000e+00
-1.000000000000000000e+00
6.382833327949390956e-01
1.000000000000000000e+00
3.586238687225719590e-01
8.827547446432801870e-01
-4.485895508227515371e-01
-1.000000000000000000e+00
4.609632326565425986e-01
-1.000000000000000000e+00
1.000000000000000000e+00
-5.484427751040839016e-01
-1.000000000000000000e+00
-5.980623798754712839e-01
-2.643506817555763555e-01
-1.000000000000000000e+00
-6.082350254805546363e-01
-1.000000000000000000e+00
4.635560181325695250e-01
-8.838683437851582725e-02
-1.000000000000000000e+00
-7.664636098229904437e-01
8.108032793344435163e-01
-2.021292736943514634e-01
-5.877170314252325722e-01
4.905581650926132964e-02
2.705576878282104358e-01
-9.386045775885232256e-01
-6.939142582697138684e-01
-1.000000000000000000e+00
-9.483762451798344317e-01
9.268759890008873015e-01
-6.841574286411890027e-01
-2.880009825043781113e-01
1.000000000000000000e+00
1.000000000000000000e+00
6.502110753539890320e-01
1.000000000000000000e+00
-5.623165064389327172e-01
3.950585049906509272e-01
-2.908036572140563214e-01
-3.262479371998067146e-01
-1.000000000000000000e+00
-9.976604387734160362e-01
-1.000000000000000000e+00
-1.000000000000000000e+00
-1.000000000000000000e+00
1.504386574091386153e-01
-1.000000000000000000e+00
-4.981290710556158241e-01
-1.000000000000000000e+00
-1.051158883233662689e-01
5.660920989734431474e-01
-1.088072371420651108e-01
-9.445451461326420661e-01
-1.000000000000000000e+00
6.627880001531153420e-01
-8.075266292599763140e-01
-1.000000000000000000e+00
6.253021050258478208e-01
3.436542779100029144e-01
-1.000000000000000000e+00
-1.376953321872403380e-01
4.087761399288635245e-01
1.000000000000000000e+00
1.000000000000000000e+00
-4.824434659189903440e-01
-6.986459550387886797e-01
-4.302991299881702147e-01
-1.000000000000000000e+00
-1.000000000000000000e+00
-1.000000000000000000e+00
7.009703283289218101e-01
2.535971644317984719e-01
3.057621124192475004e-01
1.000000000000000000e+00
-9.636343759642794771e-01
1.000000000000000000e+00
-7.572087984695385909e-01
1.000000000000000000e+00
-8.867799896339688681e-01
1.000000000000000000e+00
1.000000000000000000e+00
6.194758230368935248e-02
-4.418332890176524530e-01
-2.901980412602105375e-01
1.000000000000000000e+00
-3.271927064886410719e-01
1.000000000000000000e+00
-1.000000000000000000e+00
-2.274248712923434557e-01
-1.000000000000000000e+00
-4.656250542783801905e-01
-3.864193395006282894e-01
1.000000000000000000e+00
1.000000000000000000e+00
-1.000000000000000000e+00
6.393901215719693942e-01
3.600022910096261630e-01
-1.000000000000000000e+00
-1.000000000000000000e+00
-3.154510935870064592e-01
-1.000000000000000000e+00
-4.389147457729061230e-01
-7.805798859323439531e-01
-5.452192889824986066e-01
-1.000000000000000000e+00
7.823363212689524726e-01
1.000000000000000000e+00
3.490490323276124740e-01
3.019507302788014824e-01
-1.000000000000000000e+00
-2.198603278681010575e-02
-1.000000000000000000e+00
-1.000000000000000000e+00
-1.000000000000000000e+00
-1.000000000000000000e+00
8.005472202935975945e-01
-3.610851296897755192e-01
-9.939792060450508560e-01
6.473539137136864463e-01
-1.000000000000000000e+00
2.397515225243414538e-01
9.138924663555056949e-01
2.651094751880720413e-01
1.000000000000000000e+00
-8.624036571453777000e-01
1.000000000000000000e+00
1.000000000000000000e+00
-1.000000000000000000e+00
2.270546108435825827e-01
-7.028080325956770347e-01
1.000000000000000000e+00
-1.000000000000000000e+00
1.000000000000000000e+00
-9.644802129874907592e-02
-1.000000000000000000e+00
1.000000000000000000e+00
2.228684864763283424e-01
1.000000000000000000e+00
-1.000000000000000000e+00
6.608341790624723266e-01
-2.641388061138453258e-01
9.299036493088141953e-01
-1.000000000000000000e+00
-1.000000000000000000e+00
7.104827928683171701e-01
-5.403849984610423762e-01
9.312805918008877359e-01
-6.179384491724242423e-01
5.501737581040977432e-02
3.617302578218950515e-02
-9.512447737574866169e-01
1.785900303752487872e-01
1.000000000000000000e+00
-1.000000000000000000e+00
-5.246937794303712099e-01
-3.808438952165945079e-01
3.633067931444237120e-01
-1.000000000000000000e+00
-1.000000000000000000e+00
1.000000000000000000e+00
-5.889872239930659115e-01
-5.702079802659498764e-01
5.837729224342673717e-01
6.471766102847517077e-01
-6.021453792653645998e-01
8.703340227148794739e-01
1.000000000000000000e+00
-1.000000000000000000e+00
2.685808454531524170e-01
-1.000000000000000000e+00
-1.000000000000000000e+00
-6.561087436660044681e-01
-1.000000000000000000e+00
-4.988851206543866157e-01
4.937695795106389340e-04
-4.381937033743488197e-01
1.000000000000000000e+00
-1.000000000000000000e+00
1.000000000000000000e+00
-1.000000000000000000e+00
2.503996086186630055e-02
5.269037320992263629e-01
-3.142158500497345130e-01
5.152915829860232888e-01
-1.000000000000000000e+00
-8.934940456527167285e-01
1.000000000000000000e+00
-5.014118202659878509e-01
7.393658057145464646e-01
4.454864026345339290e-01
1.000000000000000000e+00
-9.440600558794454145e-02
-1.484598612037879295e-01
1.000000000000000000e+00
1.000000000000000000e+00
1.000000000000000000e+00
-1.000000000000000000e+00
-1.000000000000000000e+00
1.000000000000000000e+00
1.000000000000000000e+00
-1.459600155374097818e-01
-7.204438468660304129e-02
-1.000000000000000000e+00
1.000000000000000000e+00
-1.000000000000000000e+00
-1.935012069341963681e-01
-1.000000000000000000e+00
5.518972809835993587e-01
-6.485043525887981275e-01
-7.504722595564126131e-01
-6.708904093951918446e-01
-4.702911655042831818e-01
2.580006707241524477e-01
-9.628201486073989512e-01
-1.000000000000000000e+00
2.725524417639233477e-01
-3.761018085222525009e-01
9.178799231983911788e-01
-9.514944471892722300e-01
-1.000000000000000000e+00
8.329225487506917158e-01
1.000000000000000000e+00
-6.327784435385730433e-02
-2.383849902883513061e-01
-1.000000000000000000e+00
-4.461879454605653939e-01
4.097781034870505712e-01
-1.000000000000000000e+00
6.240944687277552028e-01
1.000000000000000000e+00
1.000000000000000000e+00
6.238943263066131228e-01
-2.816056802014764715e-01
-7.615319358187582210e-01
-2.573544689783430206e-01
-8.939996273265156113e-01
-1.000000000000000000e+00
1.000000000000000000e+00
1.000000000000000000e+00
1.643129186536727848e-01
7.224978859033979184e-01
9.295153128850321966e-01
3.515272837476659529e-01
5.515842179043173310e-02
1.000000000000000000e+00
-3.440390890447719840e-02
6.693929449942610521e-01
9.008032732848951785e-01
-1.000000000000000000e+00
-9.148293107107694500e-01
3.703233381517694323e-01
-1.000000000000000000e+00
-1.000000000000000000e+00
-5.971193203579947539e-01
-1.000000000000000000e+00
1.829422688276667874e-01
1.000000000000000000e+00
-1.669328320224105211e-01
-4.486414004752664608e-01
-4.633022998878332799e-01
1.783018109234964510e-01
2.197857879678742354e-01
8.077448747940052520e-01
-1.000000000000000000e+00
5.119115236863054363e-01
1.000000000000000000e+00
7.901036174420729141e-01
5.938020332941983392e-01
-7.778221892023631234e-01
3.756526527632562118e-01
-2.168068590019862629e-01
-1.000000000000000000e+00
1.000000000000000000e+00
-3.549676463314702102e-01
1.000000000000000000e+00
-1.000000000000000000e+00
-1.000000000000000000e+00
5.506586461012838996e-01
1.000000000000000000e+00
-1.000000000000000000e+00
-5.182219893155093349e-01
1.000000000000000000e+00
1.000000000000000000e+00
-6.744328942021435846e-01
-2.384931885748156066e-01
1.991041175414713926e-01
1.000000000000000000e+00
9.176819088626508858e-01
2.987148124531778803e-01
1.000000000000000000e+00
4.075595101593726399e-01
-1.000000000000000000e+00
1.000000000000000000e+00
6.945980677811386395e-01
1.000000000000000000e+00
-5.476216650087519788e-01
-5.036575067775546088e-01
3.673023567512696541e-01
-7.989465892640587041e-01
-1.903203244194733579e-01
-7.921643566204867870e-01
2.024669978982041041e-02
1.000000000000000000e+00
9.460252531901447437e-02
-7.254336451783700568e-01
5.274166287399923991e-01
2.341388529877470592e-01
1.000000000000000000e+00
1.000000000000000000e+00
-5.486911315557367885e-01
-2.989001509430850301e-01
3.049492475135970326e-02
-1.000000000000000000e+00
-9.900167360970829611e-01
7.167695319410639643e-01
4.370486720271021253e-01
3.830353285017508158e-01
7.299447132908706282e-01
-1.000000000000000000e+00
-8.709974540731370007e-01
1.728925057543261590e-01
-5.946491700288184523e-01
-1.000000000000000000e+00
-9.508212897356812521e-01
5.181236816380119237e-02
1.000000000000000000e+00
1.000000000000000000e+00
6.944640596340259098e-01
-3.041455879253642802e-01
-1.000000000000000000e+00
1.000000000000000000e+00
1.000000000000000000e+00
8.874220434604301877e-01
-3.297933208023386964e-01
-8.723910799670575589e-01
8.665100870576099013e-01
-1.292523665030819169e-01
1.000000000000000000e+00
2.168484503756899218e-01
5.114695984904005233e-02
1.000000000000000000e+00
5.386739326477361089e-01
-1.000000000000000000e+00
1.000000000000000000e+00
8.550768521996372495e-01
-1.000000000000000000e+00
4.296532731158878571e-01
-5.426525150326317881e-01
1.000000000000000000e+00
-7.167104772011883007e-01
-1.292266402060386621e-01
-6.041632456131081907e-01
1.000000000000000000e+00
2.231357866995913042e-01
-6.307918900367990300e-01
1.000000000000000000e+00
-1.000000000000000000e+00
8.524555611315162151e-01
-1.000000000000000000e+00
-1.000000000000000000e+00
-7.082535115470695031e-01
-1.579559165725691050e-01
-1.000000000000000000e+00
1.000000000000000000e+00
-1.000000000000000000e+00
-8.872425779347955510e-01
-7.077333796156153323e-01
-1.000000000000000000e+00
-1.000000000000000000e+00
4.152176393888179495e-01
-6.156085603141303597e-01
-1.717013364232925776e-01
1.000000000000000000e+00
1.720379518902205862e-01
1.000000000000000000e+00
1.000000000000000000e+00
-1.820458150076032511e-01
1.360951270093868626e-01
-1.000000000000000000e+00
3.827975750588643589e-01
3.792757223260458943e-01
9.945464819219108632e-01
-6.694217668115920450e-01
6.430172743610901298e-01
1.654167455248684582e-01
2.279196719720192332e-01
1.000000000000000000e+00
-9.948805290167193061e-01
-5.882523780018800164e-01
-1.000000000000000000e+00
1.000000000000000000e+00
-1.000000000000000000e+00
5.633182811124429201e-02
-1.000000000000000000e+00
-1.000000000000000000e+00
-1.000000000000000000e+00
-1.000000000000000000e+00
1.000000000000000000e+00
3.866829582523815811e-01
-1.000000000000000000e+00
-1.000000000000000000e+00
1.000000000000000000e+00
-1.000000000000000000e+00
1.000000000000000000e+00
-6.400706768358573884e-01
7.840752074704102625e-01
3.734614413164034641e-01
1.000000000000000000e+00
1.000000000000000000e+00
1.000000000000000000e+00
3.061369686296916415e-01
5.910045636758114451e-01
-6.753036400731409206e-01
1.000000000000000000e+00
1.000000000000000000e+00
-6.571848432237010762e-01
-4.977740785503974030e-01
-6.118814806217927060e-01
1.091198838471534316e-01
-2.337888875844694736e-01
-1.556716253066481315e-01
1.000000000000000000e+00
1.747831664939029916e-01
5.220404913649237533e-02
7.673343379296826416e-01
-2.089661091511263447e-01
1.000000000000000000e+00
-6.713370651589595228e-01
-8.886237934162172225e-01
-6.564486244261183989e-01
-1.000000000000000000e+00
-9.211923948360338787e-01
-6.713698742043158196e-01
-9.346487859093737249e-01
7.720979968138623750e-01
6.155812460361755889e-01
-1.000000000000000000e+00
-1.000000000000000000e+00
-7.930571899772783651e-01
2.364184987197398558e-03
-1.000000000000000000e+00
8.752318885876004817e-01
-2.454981576133711263e-01
-1.000000000000000000e+00
-1.000000000000000000e+00
-5.350196493103267503e-01
8.907798761423130207e-01
-1.000000000000000000e+00
-7.550316661251712524e-01
1.000000000000000000e+00
-8.761499118162767719e-01
-5.313672576274819370e-01
9.965283898070428914e-02
-1.000000000000000000e+00
8.274051669331425884e-01
-1.000000000000000000e+00
-1.937960449220037518e-01
-1.431593949072335614e-01
-3.307320438234329085e-01
1.000000000000000000e+00
-1.000000000000000000e+00
-9.288697515737804888e-01
1.000000000000000000e+00
-2.337199171456595392e-01
1.000000000000000000e+00
1.000000000000000000e+00
-1.215498986606996512e-01
1.000000000000000000e+00
-2.143574631819511467e-01
1.000000000000000000e+00
3.851466965191542857e-01
-1.000000000000000000e+00
-1.000000000000000000e+00
-8.642231423225984477e-01
1.000000000000000000e+00
-3.355552845414127017e-01
-1.000000000000000000e+00
-8.960569448157152950e-01
2.066971619325755904e-01
3.778329900469653002e-01
-1.000000000000000000e+00
-1.000000000000000000e+00
-1.000000000000000000e+00
-9.274794568988317667e-02
1.000000000000000000e+00
-4.970033871049412411e-01
5.327020160124096293e-01
1.223506946632977321e-01
7.940416547958371041e-01
5.775692082152735773e-01
1.000000000000000000e+00
2.613652904397898435e-01
-1.000000000000000000e+00
1.000000000000000000e+00
1.000000000000000000e+00
-4.752468296585671270e-01
1.455862538233376746e-01
8.178442292612618791e-01
1.693730746189643366e-01
9.494134683137189779e-02
3.391565880682249068e-01
1.000000000000000000e+00
7.027676942577678609e-01
-1.000000000000000000e+00
1.000000000000000000e+00
1.000000000000000000e+00
5.365756556746383854e-01
6.485582221612500309e-01
-4.445743788725161627e-01
-1.000000000000000000e+00
8.844913258789508514e-01
8.024527999797027578e-01
5.130130639797547687e-01
-4.797014784748454552e-01
1.000000000000000000e+00
-1.000000000000000000e+00
3.690798170025317848e-01
-9.132580857262715401e-01
5.026291377442553276e-01
6.904644854944522736e-01
6.810584289589529661e-01
1.000000000000000000e+00
3.818790426372957736e-01
5.631575101434735942e-01
-2.352569460842612870e-03
-3.912160686915417962e-01
-2.351635621825373113e-01
1.095200410104953115e-02
6.185304612703992899e-02
-1.000000000000000000e+00
1.958139419748245180e-01
6.770225027060210454e-01
1.000000000000000000e+00
-1.000000000000000000e+00
8.014170714906463378e-01
9.867023132196650614e-02
-4.568787093080739492e-01
-9.788594786105287993e-01
-1.000000000000000000e+00
-1.000000000000000000e+00
-1.000000000000000000e+00
5.064815378663448664e-01
1.000000000000000000e+00
1.000000000000000000e+00
-1.000000000000000000e+00
4.990293311281313038e-02
7.401665900937399734e-01
1.000000000000000000e+00
-1.000000000000000000e+00
-1.000000000000000000e+00
-5.625667256408367622e-01
-1.000000000000000000e+00
-1.000000000000000000e+00
5.138296827571670056e-01
8.983930873315941756e-01
-1.000000000000000000e+00
-1.000000000000000000e+00
-1.517235793563703750e-02
2.756219297647379829e-01
8.466331324218794308e-01
2.914221073451267463e-03
-5.477465870209250465e-01
-1.462624848869023900e-02
3.074202533536118942e-02
-3.975182217730869327e-01
3.540444531819790797e-01
-7.059999082739187859e-01
-7.690090469502509629e-01
1.000000000000000000e+00
1.000000000000000000e+00
-1.000000000000000000e+00
-5.046231944253486423e-01
-1.000000000000000000e+00
1.988679725423584954e-01
3.965796023925534097e-01
2.932518295114726059e-01
-1.000000000000000000e+00
7.621483297629658704e-01
-3.424911659530637253e-01
1.000000000000000000e+00
9.213803252295701962e-02
-1.000000000000000000e+00
8.021337089681219723e-01
1.000000000000000000e+00
-7.972078164420339785e-01
-7.734372492891889994e-01
-9.327396195432884340e-01
8.225383294278577617e-01
-2.800149016592098361e-01
-2.644901657565963959e-01
-7.816979906295551395e-01
4.874880458541026584e-01
-1.000000000000000000e+00
-3.739466109581147113e-01
1.000000000000000000e+00
1.000000000000000000e+00
1.000000000000000000e+00
-8.332792296411378752e-01
-3.255464286910468852e-01
-1.000000000000000000e+00
1.000000000000000000e+00
4.904645354245261712e-01
9.976411343461388803e-04
8.506253556061471599e-02
-6.272436838631634259e-01
-2.844738189076557733e-01
3.283193933874158366e-01
2.930966838266728103e-01
-4.889781093572265203e-01
8.121298183516714175e-01
6.824700528713267822e-01
-7.342012359891877393e-01
8.091825987817407029e-01
1.000000000000000000e+00
1.861420020201327574e-01
-1.000000000000000000e+00
-6.905486122665467352e-01
1.000000000000000000e+00
4.048775567467715053e-01
4.420476660176427264e-01
-3.563406791985684885e-02
9.685033967519525167e-01
1.099743590875534582e-01
-7.769895379489557552e-01
1.000000000000000000e+00
1.391356634563378769e-02
1.000000000000000000e+00
1.797807489261340486e-01
1.000000000000000000e+00
2.946942861444705741e-01
9.652420041046163579e-01
2.904117783692860000e-01
-7.538132843648994719e-01
-5.571976696151028641e-01
1.000000000000000000e+00
-1.000000000000000000e+00
1.000000000000000000e+00
-1.000000000000000000e+00
-8.524955748877355299e-01
-1.000000000000000000e+00
-8.702435357070481547e-02
-1.000000000000000000e+00
-9.990281662572662036e-01
6.819421827500529165e-01
-6.388098885003452576e-01
-8.776737661876458096e-01
-7.438084884568293420e-01
-2.587282551882799653e-01
1.000000000000000000e+00
-1.000000000000000000e+00
-1.186173938448394360e-01
9.923565457638718890e-01
-1.000000000000000000e+00
3.542961002733726605e-01
-5.712290221071614216e-01
1.000000000000000000e+00
-5.091473378806087302e-01
-1.000000000000000000e+00
1.000000000000000000e+00
-3.484055458717149056e-01
-7.032670990911291664e-01
-1.000000000000000000e+00
1.000000000000000000e+00
-1.000000000000000000e+00
-1.000000000000000000e+00
7.943288674902481139e-01
-3.077505860185224540e-01
1.000000000000000000e+00
-1.000000000000000000e+00
-3.456256653230672660e-01
1.000000000000000000e+00
1.000000000000000000e+00
1.000000000000000000e+00
1.000000000000000000e+00
-6.933432885391983547e-01
1.000000000000000000e+00
-1.497934348780148861e-01
-6.054467131373468813e-01
6.183601319177030042e-01
7.528654522504751867e-02
-1.000000000000000000e+00
-6.464283470521394737e-01
-2.970234743557652046e-01
-1.000000000000000000e+00
3.899512232759687613e-01
1.000000000000000000e+00
1.000000000000000000e+00
-8.112512965548397403e-01
1.000000000000000000e+00
-1.000000000000000000e+00
9.968508152854507198e-01
-1.000000000000000000e+00
-1.507655871390515268e-01
-1.000000000000000000e+00
-6.898965250929310900e-01
-3.258098937947168094e-01
6.312486978337614740e-01
1.707231393809674758e-01
-2.346555414749728341e-01
3.537799003337728232e-01
7.248545382344016019e-01
-3.131977045611873678e-02
3.056032196485930497e-01
-9.134173650418310197e-01
1.000000000000000000e+00
1.000000000000000000e+00
4.836801216075633514e-01
-1.000000000000000000e+00
-2.096388723857062208e-03
1.000000000000000000e+00
-1.000000000000000000e+00
6.884642826796494308e-01
1.000000000000000000e+00
6.048868264448976628e-01
-8.669429768745908760e-01
-6.461815678059311674e-01
-7.590427055782319465e-01
5.516997370723935035e-01
-1.395086389265782212e-01
9.852037915680352809e-01
5.127714819039397298e-02
1.000000000000000000e+00
-1.000000000000000000e+00
8.515221810149123938e-01
9.693367097456880854e-01
2.298749776649436916e-01
-1.729168411386893811e-01
4.365065287538046901e-01
-8.316700480293758302e-01
-3.269916350629121782e-01
1.000000000000000000e+00
8.055719275950585789e-01
1.000000000000000000e+00
-5.179129015426320315e-01
8.552751943787295641e-01
-3.395783876991967931e-01
-1.000000000000000000e+00
-3.594645485664765272e-01
-8.434686270819685694e-01
-5.242915157781302682e-01
3.879849797332549644e-01
-4.915729723490963599e-01
3.302231336453776978e-01
2.244348399215891632e-01
-1.000000000000000000e+00
4.836708791448659506e-01
-6.384216583730882855e-01
9.279756249732915574e-01
-5.065748033273014261e-01
-1.806031583115512706e-01
-2.733948776081662757e-02
-2.086297338014339031e-01
-8.777916051450572743e-01
1.000000000000000000e+00
-5.319685818217979589e-01
-1.000000000000000000e+00
-1.000000000000000000e+00
-7.780993378945720851e-01
1.000000000000000000e+00
-1.000000000000000000e+00
4.895838753003534105e-03
-3.894216604087685774e-02
-1.000000000000000000e+00
-4.720735282842705161e-01
-1.844085239190477732e-01
-1.000000000000000000e+00
-8.874293569756617206e-01
1.643726452290005524e-01
-3.871500196346600586e-01
-1.000000000000000000e+00
-5.468694834933206517e-01
-6.777076590187360861e-01
1.000000000000000000e+00
-9.984863929614994360e-01
-3.862710916240222891e-01
-2.004632800567758832e-01
3.666066264865814328e-01
3.025973109514554782e-01
1.000000000000000000e+00
-1.979191586676892767e-02
1.000000000000000000e+00
1.837144408997368750e-01
-7.235292242286649467e-01
6.301900095526854484e-01
-9.789610214415104261e-01
1.000000000000000000e+00
1.000000000000000000e+00
-1.000000000000000000e+00
-1.000000000000000000e+00
-8.606640679149426543e-01
4.897293515288171362e-01
1.000000000000000000e+00
1.000000000000000000e+00
1.927993754309431651e-02
-7.143507874877850217e-01
-1.000000000000000000e+00
1.000000000000000000e+00
-5.558920071873618696e-01
2.177821940791461186e-01
-7.501773239569180518e-01
-2.198159322256276749e-01
1.423461673025046628e-02
1.000000000000000000e+00
1.000000000000000000e+00
-1.000000000000000000e+00
-9.498353981439958682e-01
-1.000000000000000000e+00
-1.000000000000000000e+00
-1.000000000000000000e+00
-8.080410969574622904e-01
1.000000000000000000e+00
2.092534833416550555e-01
-8.232357849781590797e-02
-1.000000000000000000e+00
-6.311234373086402893e-01
1.000000000000000000e+00
1.771906916775735641e-01
8.054679306842520425e-01
1.000000000000000000e+00
-1.000000000000000000e+00
-3.342584981293077462e-01
-1.000000000000000000e+00
1.000000000000000000e+00
-6.033343732464666598e-01
1.000000000000000000e+00
-1.000000000000000000e+00
-2.983480117798168463e-01
-8.125815489786139545e-02
1.000000000000000000e+00
-7.469367183517183761e-02
-1.000000000000000000e+00
-1.855859153584978882e-01
6.934828174929645872e-01
3.304457052835041431e-01
-1.000000000000000000e+00
2.013594751663766447e-01
-3.574137185640383074e-01
-1.000000000000000000e+00
1.000000000000000000e+00
7.445281153054993384e-01
1.000000000000000000e+00
-1.687370885806060983e-01
-2.480452340259570176e-02
1.000000000000000000e+00
1.000000000000000000e+00
9.266535473817181234e-01
-9.517476708120895523e-01
-1.000000000000000000e+00
1.000000000000000000e+00
3.095442245412070581e-01
1.009317985823054431e-01
1.159967036795472306e-01
9.625439197764967814e-01
4.787651246570804320e-01
-5.562360578259925026e-01
-5.091296739202433308e-02
-1.782026010436285057e-01
1.000000000000000000e+00
-1.000000000000000000e+00
-1.000000000000000000e+00
5.764014921113275181e-01
1.000000000000000000e+00
1.000000000000000000e+00
-1.000000000000000000e+00
8.032589010194433055e-01
-9.707631400188395654e-01
1.000000000000000000e+00
-7.198147719690116686e-01
-9.161325599836462885e-01
4.900788162699709627e-02
-8.372970738953064984e-01
4.697068676269219312e-01
1.101638555887649584e-01
5.467228462615950635e-01
4.564307436671805052e-01
-1.000000000000000000e+00
-8.294136585497380310e-02
-1.000000000000000000e+00
1.000000000000000000e+00
-1.000000000000000000e+00
-1.000000000000000000e+00
5.948361755486126778e-01
-1.424951002155155633e-01
1.000000000000000000e+00
9.478350733540348294e-01
1.000000000000000000e+00
-8.835874983756734913e-02
-1.000000000000000000e+00
-1.612992528102707990e-01
3.061587367315560249e-01
1.000000000000000000e+00
7.920375521003631958e-01
1.124507506060207773e-01
1.000000000000000000e+00
4.545030250011234951e-01
-1.000000000000000000e+00
-1.000000000000000000e+00
2.133370148836422064e-02
-3.228179868019555587e-01
-2.134899967123105591e-01
2.814469376910563869e-01
9.218124666986888816e-01
7.274806485019856828e-01
-1.000000000000000000e+00
-4.302061886295725501e-01
-7.942549901024442693e-01
2.112628788820327674e-01
2.553922450419164880e-01
-1.947315126148150555e-01
1.000000000000000000e+00
1.415624484178964471e-01
2.349512349212140583e-01
-1.000000000000000000e+00
-5.667870120951444823e-01
5.417280188692135123e-01
-9.860982896343917226e-01
-1.000000000000000000e+00
4.473248224858028532e-01
3.505417858990189095e-01
6.376479636880319490e-02
1.000000000000000000e+00
3.107381989477861484e-01
-1.000000000000000000e+00
7.770688620912740152e-01
6.696879526482480971e-01
5.555080644262089251e-01
2.082711943773283836e-01
1.000000000000000000e+00
-1.000000000000000000e+00
1.424917522140884407e-01
-4.103680518446012337e-01
1.000000000000000000e+00
1.000000000000000000e+00
6.738729302178874114e-01
-8.735203756575541378e-01
-1.000000000000000000e+00
-1.000000000000000000e+00
-6.722339093686935385e-01
-7.050882344498747845e-01
4.472009714394475921e-02
-1.000000000000000000e+00
4.208251857520012851e-01
1.000000000000000000e+00
-1.000000000000000000e+00
1.000000000000000000e+00
-1.000000000000000000e+00
-9.535607224172995000e-01
-7.985360418285896156e-01
5.885272446912459543e-01
3.700878781803601525e-01
4.420261180317475169e-02
-1.000000000000000000e+00
-1.000000000000000000e+00
7.537824882512385027e-01
9.101624540771759975e-01
-1.093509926191317712e-02
-1.000000000000000000e+00
-1.024866439020668540e-01
-1.000000000000000000e+00
1.000000000000000000e+00
-1.709657266038112633e-01
7.507595767904066131e-01
-1.000000000000000000e+00
-1.000000000000000000e+00
4.442231281759853045e-01
8.248330094748244079e-01
8.884311309750271279e-01
-1.000000000000000000e+00
2.793679919357455743e-01
7.798572724267454070e-01
1.000000000000000000e+00
-5.526448605369990164e-01
6.345657108469855423e-01
-1.000000000000000000e+00
1.000000000000000000e+00
1.000000000000000000e+00
1.000000000000000000e+00
4.065723510055485046e-01
-6.339257942314108218e-01
-7.984614289015333766e-01
-1.000000000000000000e+00
-2.040306920667989132e-02
-1.000000000000000000e+00
-1.655340587203650571e-01
-1.000000000000000000e+00
-7.319043554544747421e-01
-4.032103019140103051e-01
1.000000000000000000e+00
1.000000000000000000e+00
-8.138462246386931609e-01
-7.019703189158850443e-02
-3.482898963687552918e-01
7.067487551552260605e-01
-3.580066916969364410e-01
-6.791182444063003087e-01
1.000000000000000000e+00
-1.000000000000000000e+00
-1.000000000000000000e+00
8.014396901497307102e-01
-8.029586905523427021e-01
-1.000000000000000000e+00
1.000000000000000000e+00
-4.113849048195578062e-01
-1.000000000000000000e+00
6.607693078351263294e-01
2.644929109827161007e-01
1.000000000000000000e+00
7.729016280731708655e-01
1.000000000000000000e+00
5.342405821556686085e-01
-1.000000000000000000e+00
9.354025747134053770e-01
-5.222523017851885552e-01
-1.000000000000000000e+00
-1.373114666838549935e-01
1.000000000000000000e+00
6.237607422386084455e-01
5.951799622035314208e-01
1.000000000000000000e+00
1.000000000000000000e+00
-5.819997008632378233e-01
8.473438666807824315e-01
3.046911917451264329e-02
5.588978510865028060e-01
-1.530076109694842867e-01
1.000000000000000000e+00
1.000000000000000000e+00
1.000000000000000000e+00
3.913385854292100730e-01
7.512941267296062708e-01
-1.000000000000000000e+00
1.234489132250798649e-01
-1.000000000000000000e+00
-4.752642561824934608e-01
9.532502356342407168e-01
5.797161294051002001e-01
-5.015126419226636489e-01
-8.681187169515679480e-01
-1.000000000000000000e+00
-1.000000000000000000e+00
9.729288247538753209e-02
3.934844368172110141e-01
7.877276403453021825e-01
9.011630891440939317e-01
1.000000000000000000e+00
-1.542796672417849346e-01
1.079945644910170754e-01
-9.260982383242668536e-01
-1.000000000000000000e+00
1.000000000000000000e+00
-1.000000000000000000e+00
1.745169833375787016e-01
-4.738549848863511937e-01
-1.000000000000000000e+00
3.039171141021000389e-01
-1.000000000000000000e+00
-1.000000000000000000e+00
-9.638471247521220864e-01
-7.553820383279298278e-01
-8.575529851150351934e-01
1.000000000000000000e+00
-1.000000000000000000e+00
6.731866299236506368e-01
-6.729480902275595255e-01
-6.098814587003428267e-01
3.918346682569170958e-01
-1.225838495867581646e-01
-9.365398136531982720e-01
-2.088598436507009271e-01
-4.171446398009188705e-01
7.169130695759725613e-01
3.096190967677010519e-01
-4.816821721028241576e-01
7.311428927023433388e-02
7.612036426964590152e-01
2.833453314380629529e-02
-2.774287402601705588e-01
-9.259470633413962037e-01
-1.336422291728657785e-01
1.000000000000000000e+00
1.000000000000000000e+00
2.481824487561871129e-01
1.091234523092862174e-01
-1.368733508423234380e-01
-5.728063471827846698e-01
-1.467038600954847227e-01
-1.155585528602555145e-01
-1.000000000000000000e+00
1.188913523492884927e-02
-5.784509207391324015e-01
-7.232688482512101835e-01
-1.166705424725724555e-01
-5.187719340981412214e-02
4.103396372523057112e-01
-1.000000000000000000e+00
-2.242546117068142941e-01
-7.677689179638728101e-01
3.674043477533701640e-01
7.839252608612455875e-01
-7.997515108790169414e-02
1.685925693340622478e-01
2.788979458669641476e-01
-3.260621994216619246e-01
-1.000000000000000000e+00
1.000000000000000000e+00
-1.000000000000000000e+00
-1.000000000000000000e+00
6.729495048050363470e-01
1.000000000000000000e+00
3.797549252966936351e-02
-9.424524323093511624e-01
-5.333365427017734417e-01
-1.000000000000000000e+00
-8.814959896233425241e-01
9.743389120830927563e-01
-6.570741766085053115e-01
-2.653348250071924097e-01
-1.000000000000000000e+00
-5.025179870194129705e-01
-3.570891064172315721e-01
-3.891228290285386748e-02
1.000000000000000000e+00
1.000000000000000000e+00
-1.186183862452162563e-01
-8.675802156072784932e-01
1.000000000000000000e+00
1.000000000000000000e+00
2.513459531058335195e-01
-1.000000000000000000e+00
-4.420976714833814158e-01
3.167852960907409088e-01
-1.000000000000000000e+00
-7.684687318349436858e-01
2.328289473986485114e-01
2.296325345489726166e-01
2.412279936311351181e-02
-1.000000000000000000e+00
1.000000000000000000e+00
1.000000000000000000e+00
-5.034359990878436442e-01
-5.461078819562035225e-01
-2.360830990015672926e-01
1.000000000000000000e+00
-1.000000000000000000e+00
6.624740645782818405e-01
-1.294330270893107315e-01
2.358203755618929476e-01
1.000000000000000000e+00
9.571824751939533860e-01
-7.062452485588024409e-01
-6.088003387029814473e-01
1.758330056288515963e-01
-7.833302348349129307e-01
-1.000000000000000000e+00
1.000000000000000000e+00
1.000000000000000000e+00
1.000000000000000000e+00
6.826643877563360885e-01
-2.064603044101429863e-01
5.017037558924786200e-02
-5.318144011039762642e-01
1.000000000000000000e+00
-1.000000000000000000e+00
1.989341543686029556e-02
1.000000000000000000e+00
6.354030578458319534e-01
-1.541168304206755324e-02
-3.408843661414450721e-01
1.000000000000000000e+00
-7.838322187911116457e-01
2.012272248317925061e-01
1.000000000000000000e+00
9.984352181115349056e-01
-4.869798934665424683e-01
1.000000000000000000e+00
7.515611419983070363e-01
7.790095837286292735e-03
2.515452588756137420e-01
2.094841461174271613e-01
9.873203932583881626e-01
-9.301622543769478835e-01
-1.000000000000000000e+00
6.415774762065594716e-01
-7.816428476667001135e-01
-1.000000000000000000e+00
7.555061645281542226e-01
-7.600381029956448931e-01
-6.370323751117321631e-01
5.037551009794696277e-01
-2.530753222605963693e-01
9.205964354500079105e-01
-1.000000000000000000e+00
-7.960205407930442956e-01
-3.809445943593454675e-01
8.603998517032270810e-01
1.000000000000000000e+00
-3.660492485973740884e-01
1.000000000000000000e+00
-1.341112174613229291e-02
-6.794920972526796721e-02
-1.000000000000000000e+00
-1.000000000000000000e+00
-4.285714598753261884e-01
1.000000000000000000e+00
-6.751026522035590283e-01
-6.322519767510186295e-01
-3.607216198903949456e-02
-6.899995298732133353e-01
-3.272918680375359046e-01
7.608535488509011735e-01
9.833378173660510813e-01
-1.000000000000000000e+00
-1.000000000000000000e+00
1.000000000000000000e+00
6.814502745086198354e-01
1.000000000000000000e+00
-4.467452914888347393e-01
-1.414262922770739284e-01
-1.000000000000000000e+00
3.720808202535009768e-01
-2.709559448911063595e-01
-1.000000000000000000e+00
8.181433413850058844e-01
8.908577302412767907e-01
-3.988345341858583470e-01
-1.000000000000000000e+00
4.251679808603323618e-01
1.000000000000000000e+00
-6.499264526761452387e-01
1.000000000000000000e+00
1.104588089919289473e-02
-1.000000000000000000e+00
1.000000000000000000e+00
1.579775422756041214e-01
5.774299047811626284e-01
1.000000000000000000e+00
-5.176370656613146215e-01
1.000000000000000000e+00
-1.000000000000000000e+00
4.495084149931449224e-01
1.000000000000000000e+00
1.618017722318293994e-01
3.931992766691485564e-01
1.821720688253702924e-02
-2.426069766201575661e-01
7.185102552107949236e-01
-9.664920871084290432e-01
-1.000000000000000000e+00
-2.469921241161704417e-01
-1.000000000000000000e+00
-1.000000000000000000e+00
-6.485656315581254105e-01
-9.978094980052855112e-01
1.000000000000000000e+00
9.366594177061352000e-02
4.936111146933698235e-01
-1.000000000000000000e+00
4.996425986881453118e-01
-2.910641577537660951e-01
-1.000000000000000000e+00
5.615495114328191706e-01
-9.219416859297437927e-01
-2.994635392211801861e-01
8.949701265372542736e-01
-9.378513542946973480e-01
-5.016556882697345010e-01
1.000000000000000000e+00
2.250232050117008109e-01
3.885530361502630425e-01
4.314130904034921832e-01
1.000000000000000000e+00
-4.328960169212208164e-01
5.107687282901078873e-01
1.413855179416662611e-01
2.544131195046109850e-01
-3.521794241864232844e-01
1.662494855321330900e-01
-1.000000000000000000e+00
-1.000000000000000000e+00
1.623598774610542639e-01
-9.952179866879186099e-01
-1.000000000000000000e+00
-9.327578197689171402e-01
5.894438624219313638e-01
-1.000000000000000000e+00
6.400512558869032587e-01
-9.214263959791757497e-02
5.279497353693244355e-01
1.000000000000000000e+00
1.000000000000000000e+00
-2.947309629822539856e-01
9.917170992294213061e-01
-1.581665686404077897e-01
-1.000000000000000000e+00
6.891402023961088474e-01
-1.873055941089758203e-01
-1.000000000000000000e+00
1.000000000000000000e+00
8.469347480825352159e-01
-7.128795247838028981e-01
6.954665261898851369e-01
1.000000000000000000e+00
7.485037584526315069e-01
1.000000000000000000e+00
-1.000000000000000000e+00
-9.325670239122321736e-02
-1.000000000000000000e+00
-1.000000000000000000e+00
-1.000000000000000000e+00
1.000000000000000000e+00
4.384230469839058841e-01
4.351218853697575439e-01
-1.000000000000000000e+00
1.000000000000000000e+00
-1.000000000000000000e+00
4.131489352971420836e-01
-8.655361118954196797e-02
8.147154890048512454e-01
-4.758343957114286038e-02
7.848084459794057999e-01
-1.000000000000000000e+00
2.587998343466632600e-02
1.000000000000000000e+00
4.192699691921224492e-01
-1.000000000000000000e+00
-1.000000000000000000e+00
1.000000000000000000e+00
8.187528765840401679e-02
6.856497989199096255e-01
-5.251269499374485727e-01
-1.000000000000000000e+00
-9.911566177619086648e-01
-2.791321603818146535e-01
6.100503352944715019e-01
8.673750870639902466e-01
1.000000000000000000e+00
-4.686418828532153968e-01
-2.125038474795467591e-01
-7.431357479666583776e-01
8.949753300166486403e-01
2.979481610808139003e-01
-3.968051246207739968e-01
-5.391683530114554923e-01
1.000000000000000000e+00
8.286711102092538805e-01
-2.946716031439695627e-01
8.766565240081586330e-01
-8.487602441115459362e-01
-1.533274180240936924e-01
4.881450637875982268e-02
1.000000000000000000e+00
5.544259210217420408e-01
-1.000000000000000000e+00
-7.119757367594659048e-02
1.000000000000000000e+00
1.000000000000000000e+00
-3.904239641244401371e-01
1.000000000000000000e+00
1.000000000000000000e+00
-6.515649265519514177e-01
9.959592007607332986e-01
9.579789378440730641e-01
-3.190984871730989658e-01
1.000000000000000000e+00
4.352058076968834399e-01
1.000000000000000000e+00
4.130061679558035825e-01
-1.000000000000000000e+00
-1.000000000000000000e+00
5.856175145254839398e-01
1.000000000000000000e+00
-5.005526904433329483e-01
-4.963451472514637253e-01
2.270953847895622879e-01
1.000000000000000000e+00
-1.000000000000000000e+00
-1.000000000000000000e+00
1.000000000000000000e+00
4.054572275220826305e-01
-1.043820811802187443e-02
9.212792652370296320e-01
-9.310724171584772169e-01
-4.533607185037525911e-01
-4.887604845309980739e-01
-4.042863246655933329e-01
1.000000000000000000e+00
-1.182513705960648864e-01
2.752309331608568943e-01
1.000000000000000000e+00
1.000000000000000000e+00
-2.269845740318938709e-01
1.000000000000000000e+00
-1.000000000000000000e+00
3.732307612553349419e-01
8.764411857845273435e-01
-3.963337450801582840e-01
1.000000000000000000e+00
-5.862530586462653126e-01
-5.845335068069623663e-01
1.000000000000000000e+00
3.935936847129775651e-01
-1.000000000000000000e+00
1.451095424164857151e-01
-1.000000000000000000e+00
-1.000000000000000000e+00
6.957887804833287060e-01
-1.000000000000000000e+00
7.093942539751481036e-01
-9.056975201468209224e-01
1.000000000000000000e+00
-8.025159606115566113e-01
-1.000000000000000000e+00
1.000000000000000000e+00
9.661662766963530213e-02
-1.000000000000000000e+00
1.000000000000000000e+00
8.549447894772685963e-01
-1.829340757830921760e-03
-1.000000000000000000e+00
-1.000000000000000000e+00
-2.488222285609839601e-01
-6.030368485009701685e-02
-1.000000000000000000e+00
3.499421650837336029e-01
6.470296875129767367e-01
3.763819877894941657e-01
-1.000000000000000000e+00
1.000000000000000000e+00
-2.906382299888131127e-01
-3.273910927945896110e-01
1.000000000000000000e+00
1.000000000000000000e+00
1.000000000000000000e+00
-4.233898667358995671e-01
4.303582875951244002e-01
1.000000000000000000e+00
-1.000000000000000000e+00
4.442478211616371908e-01
5.880033284580269415e-01
-2.329225654717160254e-01
-1.000000000000000000e+00
-6.229040729988398750e-01
6.956586058800103833e-01
-1.000000000000000000e+00
-9.961644600049852638e-01
-1.000000000000000000e+00
-7.518218805434597751e-01
8.416747756481248732e-01
3.238084056994171567e-01
1.000000000000000000e+00
-1.000000000000000000e+00
-1.000000000000000000e+00
-4.286718930255620785e-01
-1.000000000000000000e+00
-7.016854023993273071e-01
1.000000000000000000e+00
-3.168475794774688881e-02
-9.404975434242723864e-02
3.049785557043979689e-01
-1.000000000000000000e+00
-2.565023356193324444e-02
-5.705274385132863557e-02
-1.000000000000000000e+00
-4.835647279746718152e-01
-1.238096814776983301e-01
-5.849509695119314845e-01
1.940099130219844759e-01
1.000000000000000000e+00
9.170396684468395954e-01
-1.000000000000000000e+00
2.258010880724876379e-01
1.000000000000000000e+00
-1.000000000000000000e+00
1.735733149108867335e-01
1.000000000000000000e+00
-5.868016579929529186e-01
9.045528697363929282e-01
1.000000000000000000e+00
-9.610360084063430675e-01
1.182706358786367318e-03
1.000000000000000000e+00
9.074905552416239196e-01
-1.348606853187687415e-01
-3.570321798844158789e-01
-3.651261027926314684e-01
9.672438876121751683e-01
-1.000000000000000000e+00
1.000000000000000000e+00
-6.616568217252745132e-01
6.739925266662574188e-01
4.143103223350227265e-02
-6.916988087325393053e-01
6.912335658910325753e-01
-8.413702130229006038e-01
-4.670192321248209377e-01
5.770061149971187353e-01
-7.023840261671874252e-01
-1.000000000000000000e+00
9.065206337926077218e-01
6.205813155960406835e-01
-8.202443677649001730e-02
-3.661921229715293657e-01
-1.000000000000000000e+00
-7.252352651032372144e-01
1.058337965389217622e-01
4.417521898160619021e-01
5.074796323406806087e-01
-1.000000000000000000e+00
-9.512664926951747146e-01
1.000000000000000000e+00
-1.000000000000000000e+00
1.000000000000000000e+00
4.054028048923954408e-01
2.772152387444604682e-01
-1.580673869756196726e-01
-8.907753277409402592e-01
-5.067724365440611223e-01
3.194940254063415308e-01
-3.655105133135625461e-01
1.000000000000000000e+00
-4.037091367032603628e-01
1.000000000000000000e+00
1.000000000000000000e+00
-5.523677834016591515e-01
1.000000000000000000e+00
3.555322504829619423e-01
-3.175541925750196004e-01
-1.000000000000000000e+00
1.000000000000000000e+00
-1.000000000000000000e+00
-3.557494976199769843e-01
-7.551910325207378261e-01
-8.163003896074764176e-01
-1.272764521362042545e-01
1.454717956265019208e-01
1.000000000000000000e+00
-1.944750032555303543e-02
3.150375146276848115e-01
4.935794865904530315e-02
1.000000000000000000e+00
-1.000000000000000000e+00
-7.563091382847990651e-01
1.659430777789566713e-01
-1.000000000000000000e+00
7.362461410949323604e-01
-8.342306290796963619e-01
1.000000000000000000e+00
1.000000000000000000e+00
1.000000000000000000e+00
9.931102152236205294e-01
9.212433208624695724e-02
-2.861867475467218536e-01
-1.210036502555356108e-02
-1.000000000000000000e+00
-1.000000000000000000e+00
-2.553115761023209140e-01
1.000000000000000000e+00
1.812248792517920926e-01
1.000000000000000000e+00
3.874879600700038562e-01
-1.000000000000000000e+00
-1.000000000000000000e+00
-1.000000000000000000e+00
2.302743811586167588e-01
-1.000000000000000000e+00
-1.000000000000000000e+00
-1.000000000000000000e+00
-8.413190351429604696e-01
-7.732700103027956295e-02
-4.922534891801679802e-01
7.461559067739801376e-01
-1.000000000000000000e+00
-1.252122335488961846e-01
7.126266851016582748e-03
1.000000000000000000e+00
-2.540617556796219145e-01
-1.000000000000000000e+00
1.000000000000000000e+00
8.947991116269130574e-01
5.247073274112656893e-02
1.126047626181509859e-01
-1.000000000000000000e+00
3.006484894721758727e-01
-5.829473823984345771e-01
5.158607207426144647e-01
1.000000000000000000e+00
-3.101235752606488205e-01
6.649299661083707402e-01
9.955522774333812608e-01
1.000000000000000000e+00
1.000000000000000000e+00
1.000000000000000000e+00
-5.062230675423343706e-01
1.000000000000000000e+00
-8.787240204697857049e-01
-1.054732109198134316e-01
-8.944212758573862887e-01
-1.000000000000000000e+00
-1.000000000000000000e+00
-3.642035252323438943e-01
-5.991796673562319597e-01
1.000000000000000000e+00
1.000000000000000000e+00
-1.656777351230579592e-02
-6.725694741748013961e-01
2.684296004444017281e-01
4.197127620273864435e-01
-1.395483839819535721e-01
1.000000000000000000e+00
7.202844285646069489e-01
5.470763082188561111e-01
5.499024521528960152e-01
-2.032760065939842598e-01
-1.918978790159500680e-01
-5.075723029835557121e-01
-9.780875978282058680e-01
4.212022292183729283e-02
-1.000000000000000000e+00
1.000000000000000000e+00
-4.541893069919344939e-01
-1.000000000000000000e+00
-1.000000000000000000e+00
7.603637361277286733e-01
4.317978111048782486e-01
-1.000000000000000000e+00
2.522225247040314061e-02
3.674828147490162289e-01
-1.000000000000000000e+00
1.000000000000000000e+00
1.000000000000000000e+00
4.923484488297308337e-01
-9.247904234911852317e-01
-2.197226582939007522e-01
1.000000000000000000e+00
1.000000000000000000e+00
-9.590979895416419376e-01
1.000000000000000000e+00
3.476392970110179226e-01
1.000000000000000000e+00
-9.161684284222717523e-01
-1.000000000000000000e+00
7.348031155793384173e-01
4.399131680129844679e-01
-5.497271155289008560e-01
-6.783302077433612798e-01
-7.729331109159168767e-01
3.360913869074344529e-02
6.316157716192799532e-01
1.501004119165899597e-01
-1.000000000000000000e+00
-1.000000000000000000e+00
5.881810838171561834e-02
-8.396717234158814769e-01
-8.395049104027734188e-01
-1.000000000000000000e+00
-1.771275602687577833e-01
-5.454493002361642251e-01
-5.035193570686773423e-01
-1.218139149309062780e-01
1.000000000000000000e+00
-1.951794842543244091e-01
9.114016206776593965e-01
1.000000000000000000e+00
1.000000000000000000e+00
-5.376480108671337632e-01
5.195025659776485449e-01
6.159032778624056181e-01
1.000000000000000000e+00
5.905259904672990334e-01
6.224236473709577888e-01
-1.550116470623019993e-01
-6.914938070136937842e-01
-7.251749566414653625e-01
-1.000000000000000000e+00
-1.409548112413469279e-01
-2.469962533086898226e-01
1.000000000000000000e+00
-1.000000000000000000e+00
8.223348229726685776e-01
3.940207868394911550e-01
4.735432835725627010e-01
-2.510462183806551062e-01
-6.317618632668131617e-01
-2.296186614576145590e-01
-1.000000000000000000e+00
1.000000000000000000e+00
-3.881488185680392333e-01
-1.000000000000000000e+00
-9.532756280748984068e-01
5.518428249695235266e-01
-1.000000000000000000e+00
1.283636289859936830e-01
-7.586033649040173632e-01
-1.000000000000000000e+00
1.000000000000000000e+00
-1.000000000000000000e+00
-5.776853283637919390e-01
1.000000000000000000e+00
1.346319714327251504e-01
-5.388315538771595165e-02
7.849254496931834524e-01
7.532180051738870397e-01
1.000000000000000000e+00
1.000000000000000000e+00
7.724981377888805456e-01
7.537848088646870170e-01
-2.356373278394681414e-02
-1.028741290899167493e-01
6.344625426018447589e-01
6.752679055565661281e-01
-1.000000000000000000e+00
-3.493446785207974248e-01
1.000000000000000000e+00
-4.688778779525437646e-02
9.596511176201968363e-01
2.220317587929773184e-01
8.166882408166732388e-01
-1.000000000000000000e+00
1.000000000000000000e+00
-9.193812384116951675e-01
5.177239719094053338e-01
-8.764620913854004325e-01
8.328379684330537991e-01
1.000000000000000000e+00
-9.997875478327227228e-01
-8.125194914888675957e-01
5.303710789247315649e-01
-2.802649933121914572e-01
-6.763599845185536141e-02
8.654380098074341277e-01
1.000000000000000000e+00
-1.000000000000000000e+00
-1.000000000000000000e+00
1.000000000000000000e+00
-6.085039592572150102e-01
-1.000000000000000000e+00
1.000000000000000000e+00
-1.182791611350136884e-02
1.980790369990138577e-01
-9.009500751504876392e-01
-7.733423939538468517e-01
-8.602060511090252604e-01
2.169663094861148944e-02
-1.546165078972084050e-01
1.000000000000000000e+00
-1.000000000000000000e+00
2.316490870686820358e-01
1.000000000000000000e+00
7.156959548854365805e-01
-1.000000000000000000e+00
-2.986475399895551774e-01
-9.208561098994778593e-01
-7.354242974781026732e-01
1.000000000000000000e+00
-2.996419420776478826e-01
1.000000000000000000e+00
1.000000000000000000e+00
-7.378621766909102542e-01
-1.000000000000000000e+00
1.000000000000000000e+00
-1.000000000000000000e+00
1.637799138619564498e-01
3.757718698297162208e-01
-2.660505493868683402e-01
3.165289994969062715e-01
-1.000000000000000000e+00
-2.511364734009278177e-01
-6.530251451316898548e-01
-2.516966799750198214e-01
1.000000000000000000e+00
-2.234260766949924537e-01
-7.985552654732456235e-01
6.077876340137560174e-01
1.000000000000000000e+00
8.098330917973427523e-01
-1.000000000000000000e+00
-1.000000000000000000e+00
5.986219281500375633e-01
9.231392345469811023e-01
-1.000000000000000000e+00
-5.617091454361895497e-01
-7.108401404588584604e-01
-1.997176179883843883e-01
-1.000000000000000000e+00
-1.446974864505276015e-01
-8.693349914688857094e-01
-6.907034799429925265e-01
-5.328582642869137409e-01
-5.254000262176493630e-01
5.008079286746455194e-01
3.680737122559595287e-01
-3.280039703564580078e-01
2.687800855640254949e-01
7.231160088772187189e-02
-1.000000000000000000e+00
-9.571071590009027075e-01
-5.982912741821843072e-01
7.653036034571499835e-01
1.000000000000000000e+00
1.000000000000000000e+00
8.625029046293015700e-01
1.000000000000000000e+00
-4.827445535430460732e-01
-1.000000000000000000e+00
-1.722514211628479452e-01
1.447374345434375154e-01
-1.038314482645094072e-01
-1.000000000000000000e+00
-1.000000000000000000e+00
1.000000000000000000e+00
-8.352495562229970139e-01
8.440449991349334713e-01
1.000000000000000000e+00
-6.576971381470806399e-01
-1.000000000000000000e+00
-4.063767047611908101e-01
8.907973287491626202e-01
-3.219520487497684047e-01
5.379385644902688890e-01
1.000000000000000000e+00
-5.304719105445998562e-01
-1.000000000000000000e+00
7.422071729556596331e-01
-1.000000000000000000e+00
-3.891792129996639593e-01
2.567344832513629993e-01
3.712868707557844261e-01
1.000000000000000000e+00
-1.110945647731175767e-01
3.787968049873985388e-01
5.918613498829586872e-01
6.064326825803647569e-01
7.938621436208795901e-01
2.796847119681400984e-01
8.188381897121179698e-01
5.558944290813156996e-01
1.000000000000000000e+00
1.000000000000000000e+00
7.134860545509957852e-01
-1.000000000000000000e+00
-2.509709886199088524e-01
1.000000000000000000e+00
9.103947740188914617e-01
-8.253646905950879908e-01
-7.129944092522296772e-01
9.018830260176378122e-01
-1.000000000000000000e+00
1.000000000000000000e+00
-1.000000000000000000e+00
7.753143828838739982e-01
-1.000000000000000000e+00
5.679652896269320461e-01
1.000000000000000000e+00
1.000000000000000000e+00
-2.802070087430845735e-01
-7.459674925673410728e-01
1.000000000000000000e+00
1.721408671188237038e-01
-2.891211997384910415e-01
-2.233745918275739650e-01
-3.825731892796797595e-01
4.598388571344132481e-01
1.000000000000000000e+00
1.000000000000000000e+00
-5.328915922474631861e-01
-1.000000000000000000e+00
7.488099578127587197e-01
5.580395388403396328e-01
6.100711414666504240e-02
1.000000000000000000e+00
-5.134778229584604503e-01
-3.566327672280115157e-01
-1.000000000000000000e+00
-1.000000000000000000e+00
9.290053152770216816e-02
-8.998661853122449372e-01
4.624843358924923820e-01
4.715837589483684589e-02
-1.000000000000000000e+00
4.602643438444697921e-02
-1.000000000000000000e+00
2.153625161525718479e-01
-1.000000000000000000e+00
-1.000000000000000000e+00
-1.000000000000000000e+00
9.373194509173627953e-01
5.428071773083251728e-01
3.662376993454137253e-01
8.718189717002537975e-01
1.000000000000000000e+00
9.075917453994923889e-01
4.627011928137525487e-01
-2.718317651665622670e-01
-2.947578006340459411e-01
-2.627653101715052841e-01
-6.762728127872875694e-01
1.000000000000000000e+00
1.000000000000000000e+00
1.000000000000000000e+00
1.000000000000000000e+00
-1.000000000000000000e+00
-1.000000000000000000e+00
1.000000000000000000e+00
6.120216866227784491e-01
-9.403166944265878291e-01
1.000000000000000000e+00
-3.360955940165216704e-01
5.901997170957620220e-01
-1.000000000000000000e+00
-1.000000000000000000e+00
-1.000000000000000000e+00
4.115493849350471134e-02
-1.000000000000000000e+00
-1.000000000000000000e+00
-1.152355446942897599e-01
9.106391810307403745e-01
1.000000000000000000e+00
1.756100652661346517e-01
3.786787910473493612e-02
6.113146432347005277e-03
6.028472952905735704e-01
-1.000000000000000000e+00
-9.965198395985867819e-02
-1.000000000000000000e+00
5.548965536399780296e-01
9.988391444355140258e-01
-5.022626135175309869e-01
3.856690593890074181e-01
-1.000000000000000000e+00
-6.199748021152950983e-01
5.852217622424891186e-01
3.167204962123352230e-01
-1.000000000000000000e+00
-1.000000000000000000e+00
3.556992399669756111e-02
-7.505069719313151033e-01
6.971202702203542767e-01
9.200271902868846219e-01
5.107820854133549027e-02
-2.826388327363268393e-01
-1.000000000000000000e+00
7.200679496963044990e-01
2.208614196865713586e-01
-4.914853325154185937e-01
1.000000000000000000e+00
-8.056968271046105468e-01
1.000000000000000000e+00
1.977580963509155687e-01
-8.060585818774668176e-02
-1.000000000000000000e+00
1.000000000000000000e+00
-2.357184099526968835e-01
3.618293311346900687e-01
-5.745088409556196041e-01
-7.315397011335770250e-01
4.179962650949766712e-01
-9.487691980487639176e-01
3.358786106369988644e-01
1.470175548043488600e-01
1.000000000000000000e+00
4.631807873373441353e-01
1.000000000000000000e+00
1.000000000000000000e+00
-5.504754368662869712e-01
-1.000000000000000000e+00
1.000000000000000000e+00
-1.000000000000000000e+00
1.000000000000000000e+00
1.000000000000000000e+00
-1.000000000000000000e+00
9.265301591723323904e-01
6.822512880166962113e-01
9.434434752412015346e-01
-1.000000000000000000e+00
1.000000000000000000e+00
1.000000000000000000e+00
1.046839120700391312e-01
6.789559386928367690e-01
-1.000000000000000000e+00
7.924153098873223389e-01
-6.271769110499941791e-01
-1.000000000000000000e+00
-1.000000000000000000e+00
1.000000000000000000e+00
-1.000000000000000000e+00
-2.006655718472813987e-01
1.000000000000000000e+00
8.285118868253785740e-01
-1.804526544956087108e-01
1.000000000000000000e+00
2.939842691828384313e-01
1.601044003470558641e-01
-1.000000000000000000e+00
-7.891339776168823095e-01
-7.778707965509412681e-02
-1.000000000000000000e+00
6.714540951729325302e-01
1.000000000000000000e+00
4.627073895029698569e-02
1.000000000000000000e+00
2.566776822273098002e-01
-7.748405029231666408e-01
-6.227900422294463390e-02
3.600766720279768851e-01
1.024300481981720301e-01
-1.000000000000000000e+00
-9.628080009599787603e-01
1.000000000000000000e+00
8.969006112643514994e-01
2.383385345209072526e-01
-9.086734541129902754e-01
-1.000000000000000000e+00
-1.000000000000000000e+00
-1.000000000000000000e+00
-3.224511807357243187e-01
-2.884984916238870767e-01
-1.000000000000000000e+00
1.000000000000000000e+00
-1.909920477464066568e-01
-6.858566543963044992e-01
8.416643782487240877e-01
-1.935133289750660124e-01
-3.253231890184739017e-01
8.393428479295037548e-01
-5.538685744496392171e-01
-4.345645799632870121e-01
-1.072063737226092162e-02
-1.000000000000000000e+00
-1.000000000000000000e+00
1.000000000000000000e+00
-1.000000000000000000e+00
1.069137056610143799e-01
8.913220947367308522e-01
-1.042722079602376173e-02
4.554171456389122241e-02
1.000000000000000000e+00
-5.742203206488477596e-01
1.000000000000000000e+00
4.184431771433212432e-01
1.000000000000000000e+00
-1.000000000000000000e+00
1.000000000000000000e+00
-1.000000000000000000e+00
-1.000000000000000000e+00
-3.783570200089383384e-01
1.000000000000000000e+00
-8.307477184673657256e-01
-3.478992542331428850e-01
-9.543573187318126205e-01
-3.661565921044572236e-01
-6.531244303991323719e-01
1.000000000000000000e+00
-1.000000000000000000e+00
6.312419476238007032e-01
-1.000000000000000000e+00
1.000000000000000000e+00
6.018382867322069618e-01
7.311410272603682259e-01
-3.248924615272145155e-01
-3.065573082869620380e-01
1.000000000000000000e+00
-1.125906642057087348e-01
-1.000000000000000000e+00
3.603237532232644869e-02
-3.513314981393138581e-01
-1.000000000000000000e+00
-3.707420909897858330e-01
-1.000000000000000000e+00
1.000000000000000000e+00
4.832090872833181283e-01
1.198580677840783704e-01
1.000000000000000000e+00
-1.296607569021578643e-01
-5.176144606884203192e-01
-7.434856412060644182e-01
-1.000000000000000000e+00
1.000000000000000000e+00
-1.000000000000000000e+00
3.909887555182186003e-01
-1.000000000000000000e+00
-1.000000000000000000e+00
-1.000000000000000000e+00
-5.123133709629628108e-01
1.000000000000000000e+00
8.053963277818595445e-01
1.000000000000000000e+00
9.845525034507888185e-01
8.689120889831647432e-02
-1.000000000000000000e+00
4.307869263176236085e-01
-1.228847458291415506e-01
-3.408383358453582757e-01
-4.903484061912131153e-01
-1.000000000000000000e+00
-2.406946389731610680e-01
1.000000000000000000e+00
-1.000000000000000000e+00
-5.482776777452769146e-01
-1.000000000000000000e+00
-1.000000000000000000e+00
-1.000000000000000000e+00
1.000000000000000000e+00
1.000000000000000000e+00
-4.710740225015819238e-01
-1.000000000000000000e+00
1.000000000000000000e+00
1.000000000000000000e+00
-1.000000000000000000e+00
2.436678803748787425e-01
-1.000000000000000000e+00
-1.067034585536129621e-01
-9.817378111589600831e-01
-1.000000000000000000e+00
-9.339578270754977929e-02
-1.000000000000000000e+00
1.000000000000000000e+00
-7.343010815549719794e-01
1.000000000000000000e+00
-3.366037794910630154e-01
-7.622697489209693256e-01
1.000000000000000000e+00
-4.127256814820166875e-02
1.000000000000000000e+00
6.647016370620844050e-01
1.000000000000000000e+00
-1.000000000000000000e+00
-1.000000000000000000e+00
-3.351616234475527367e-01
-1.000000000000000000e+00
7.217480855082057944e-01
-8.409233353799436816e-01
3.918223598751172654e-01
1.000000000000000000e+00
1.000000000000000000e+00
2.107174663273591042e-01
-5.526814014490113447e-01
-1.000000000000000000e+00
-1.000000000000000000e+00
-1.000000000000000000e+00
-4.646007049678364531e-01
1.180130340474808692e-01
1.000000000000000000e+00
6.234821527066040092e-01
9.499313769206298996e-01
-1.000000000000000000e+00
1.146364716746812729e-01
1.000000000000000000e+00
4.591815307604535379e-01
-6.939212693135149435e-01
-1.000000000000000000e+00
1.386358122727861519e-01
9.295610033772291891e-02
6.476326361460194025e-01
1.000000000000000000e+00
-1.000000000000000000e+00
-9.720335579249921309e-01
-2.870973566737768934e-01
1.000000000000000000e+00
1.000000000000000000e+00
7.159597203247525243e-01
-2.865299193172687886e-01
1.000000000000000000e+00
-1.000000000000000000e+00
-5.355577509078450760e-01
9.927079518123191892e-01
-1.000000000000000000e+00
1.000000000000000000e+00
3.238016121036012551e-01
1.000000000000000000e+00
-9.175860800430246655e-01
-1.000000000000000000e+00
1.000000000000000000e+00
-6.701012492950551014e-01
6.284182114034481126e-01
-7.865820685808553314e-01
1.485652984388770026e-01
-1.000000000000000000e+00
-1.000000000000000000e+00
1.000000000000000000e+00
1.000000000000000000e+00
1.000000000000000000e+00
-1.000000000000000000e+00
1.000000000000000000e+00
-1.000000000000000000e+00
1.000000000000000000e+00
5.503436254970132113e-01
-4.381503646990387857e-01
1.000000000000000000e+00
3.850819208591606535e-01
1.000000000000000000e+00
-8.146892161573247026e-01
1.000000000000000000e+00
1.000000000000000000e+00
-1.000000000000000000e+00
2.700301638313497010e-01
-1.000000000000000000e+00
-1.000000000000000000e+00
-1.000000000000000000e+00
-2.570099912133271269e-01
1.000000000000000000e+00
-3.858080806165805621e-01
-3.906859008836160996e-01
-3.359432492983683849e-01
1.000000000000000000e+00
9.027621860103460238e-02
-1.000000000000000000e+00
6.976096257536508194e-01
1.000000000000000000e+00
1.000000000000000000e+00
-1.537795158766088743e-01
-6.554530011000796463e-01
-1.197524701452139517e-01
-4.689603315102011116e-01
-9.017857949250774885e-01
-2.423750386116249045e-01
9.836086336829417132e-01
1.000000000000000000e+00
-1.000000000000000000e+00
1.000000000000000000e+00
3.724894279182866530e-01
8.071650805478836066e-01
-8.930966191861058334e-01
4.731583364656143376e-01
1.000000000000000000e+00
8.960163105353264879e-01
-3.526724351456649309e-01
-7.632517321949223721e-01
-3.819370950891015637e-02
-7.235535361446627789e-01
-1.000000000000000000e+00
-1.000000000000000000e+00
1.000000000000000000e+00
3.726251109264409056e-01
5.318162605026477419e-01
1.000000000000000000e+00
8.672482721862769806e-01
6.051979896914025936e-01
4.437430751064492251e-01
1.000000000000000000e+00
-1.000000000000000000e+00
1.000000000000000000e+00
5.338534024992620530e-01
-1.000000000000000000e+00
-6.791783200378829211e-01
2.735266191507436107e-01
-1.000000000000000000e+00
7.481203055044646222e-01
-4.367550805180116513e-01
-1.616129725605859324e-01
-1.000000000000000000e+00
-1.000000000000000000e+00
2.883079569361258199e-01
-1.000000000000000000e+00
-8.481838697218327949e-01
2.438709215883905213e-01
-1.591938059427253638e-01
-6.146785164252747125e-01
-5.066832721929407368e-01
-2.919490247976203046e-01
1.000000000000000000e+00
-1.621228045494365611e-01
1.000000000000000000e+00
2.077658287876690268e-01
6.612461611954627561e-01
1.000000000000000000e+00
-1.635567968803618433e-01
7.639849637766893409e-02
-3.916088104459952701e-01
-5.438647039584632026e-02
6.151162900812121581e-01
1.000000000000000000e+00
4.363039283721080741e-01
-5.025435203484237556e-01
2.545368522410008660e-01
-3.821272703511152669e-02
-1.000000000000000000e+00
1.000000000000000000e+00
-9.624900067105622847e-01
1.000000000000000000e+00
6.528812082825069529e-02
5.957273227765846890e-01
-1.154074279155258842e-01
-1.000000000000000000e+00
-1.818616895378476483e-01
3.514345659740331085e-01
1.692147535256474100e-01
3.307971738228784320e-01
4.211814716507892298e-01
-7.985304838117980308e-01
-4.101729677007057151e-01
1.000000000000000000e+00
1.000000000000000000e+00
-2.493677356289147884e-01
-1.000000000000000000e+00
-7.457924310521037992e-01
-3.705024571681845291e-01
-8.680146046934416049e-01
-7.020116177646954503e-01
1.000000000000000000e+00
5.709885790991483523e-01
6.072083443862058560e-01
1.458838172593824867e-01
-1.000000000000000000e+00
-1.000000000000000000e+00
1.000000000000000000e+00
-1.000000000000000000e+00
-2.943197184183053983e-01
1.000000000000000000e+00
1.000000000000000000e+00
1.000000000000000000e+00
1.000000000000000000e+00
1.000000000000000000e+00
-1.000000000000000000e+00
-1.000000000000000000e+00
-1.000000000000000000e+00
-9.809371831020035071e-01
5.854386070088214433e-01
-1.000000000000000000e+00
-7.368707712461004533e-01
3.316164619073045383e-01
-9.506433837283114752e-01
-7.326095552932452293e-01
3.784762659301396659e-01
-2.224554471263650024e-01
4.703763117869405042e-01
-1.743268299259566056e-01
-1.000000000000000000e+00
-7.282607633666121627e-02
-8.633984968001957583e-01
7.609128678692272940e-02
-9.886517710675996051e-01
7.536261691513438388e-01
4.349964050745120936e-01
-7.802317970834289351e-01
-8.045150917498768983e-01
6.172664433316416011e-01
-6.443223996622815530e-02
1.643388893664236017e-01
-1.000000000000000000e+00
-8.957887197416365410e-01
-4.126548002788195113e-01
-1.000000000000000000e+00
-5.651645183796154548e-01
1.000000000000000000e+00
1.000000000000000000e+00
-1.000000000000000000e+00
1.000000000000000000e+00
1.000000000000000000e+00
-3.981664440113122927e-01
-1.000000000000000000e+00
1.000000000000000000e+00
-1.000000000000000000e+00
-1.000000000000000000e+00
-1.000000000000000000e+00
-1.496704614440136361e-01
-4.288391904584268888e-01
-1.000000000000000000e+00
-3.657367411508268829e-01
1.000000000000000000e+00
4.032352947275210098e-01
-6.040117843117628338e-01
3.498091816464787285e-01
1.000000000000000000e+00
8.736975496650618567e-01
-1.000000000000000000e+00
-1.024766226654532097e-01
-7.491489302208762524e-01
-1.654925288143527795e-01
-1.000000000000000000e+00
-1.000000000000000000e+00
-1.325040519110897153e-01
1.000000000000000000e+00
5.982511224366138247e-02
7.641840054287106776e-01
1.000000000000000000e+00
-1.000000000000000000e+00
-4.924088063773428559e-01
-6.923297417548044397e-01
1.000000000000000000e+00
-9.638203114320972320e-01
-1.000000000000000000e+00
1.000000000000000000e+00
1.000000000000000000e+00
-5.946905624594321926e-01
-7.407791766367113340e-01
7.184013916419522694e-01
-1.000000000000000000e+00
1.000000000000000000e+00
1.789590369074998133e-01
-5.302539236651462318e-01
-6.210039799562510066e-01
1.000000000000000000e+00
7.656430304890401439e-01
4.185922289813671648e-01
-1.000000000000000000e+00
1.000000000000000000e+00
-1.000000000000000000e+00
-9.023945048313795070e-01
-2.825339853340810281e-01
-2.450944976264362030e-01
7.153477563450445498e-01
-7.482267206109550761e-01
-1.000000000000000000e+00
-4.262083268622386401e-01
-8.822670838314060626e-01
4.834126126039658411e-01
6.912050613840106106e-01
1.000000000000000000e+00
-1.000000000000000000e+00
1.000000000000000000e+00
1.000000000000000000e+00
1.000000000000000000e+00
6.944259995153119203e-01
3.068185579027338239e-01
1.000000000000000000e+00
-4.510158570087104968e-01
1.000000000000000000e+00
6.461048337401686936e-01
-9.903344534147207057e-01
3.780332012026197397e-01
2.743939583713111974e-01
-1.000000000000000000e+00
-4.841800731900640642e-01
-2.933304143715488310e-01
-5.638425272243747788e-01
-6.767779390249881732e-01
1.000000000000000000e+00
-9.667127323920421400e-01
-1.000000000000000000e+00
8.139451813468823183e-01
-1.000000000000000000e+00
-8.318493711961287840e-01
9.066598105534939833e-02
1.000000000000000000e+00
1.000000000000000000e+00
-1.000000000000000000e+00
1.176355957783069561e-01
4.566072356006125599e-01
-4.113109223203957887e-01
1.000000000000000000e+00
1.000000000000000000e+00
-5.077407237241657878e-01
-1.000000000000000000e+00
3.572032227192941667e-01
1.000000000000000000e+00
5.180821221873412874e-01
1.747623871325684197e-01
1.000000000000000000e+00
-1.000000000000000000e+00
9.688713921081464342e-01
-5.744380028968559815e-01
1.000000000000000000e+00
-1.000000000000000000e+00
-1.792488770754737670e-01
1.000000000000000000e+00
3.429711500329585827e-01
5.950607945720853831e-01
-7.847740235853817303e-02
-1.000000000000000000e+00
-1.773635378806739382e-01
-1.000000000000000000e+00
1.000000000000000000e+00
-6.147873973732116415e-01
-2.653848890677401595e-01
8.276545363683343037e-01
1.000000000000000000e+00
4.067902342175908625e-01
-2.983839545350610578e-01
1.000000000000000000e+00
1.000000000000000000e+00
-1.000000000000000000e+00
1.236480059660065578e-01
-1.000000000000000000e+00
1.000000000000000000e+00
-1.000000000000000000e+00
-1.000000000000000000e+00
1.000000000000000000e+00
-2.758305399111231626e-01
8.659683068042887122e-01
1.000000000000000000e+00
1.000000000000000000e+00
-1.000000000000000000e+00
1.000000000000000000e+00
1.000000000000000000e+00
-6.168700620554895542e-01
4.027291123281833696e-01
-1.000000000000000000e+00
5.297176655288508007e-01
1.000000000000000000e+00
1.000000000000000000e+00
-3.032380146439053736e-01
8.119848711782876594e-01
1.000000000000000000e+00
9.431200197336383484e-01
9.920281795513679057e-01
1.000000000000000000e+00
-1.000000000000000000e+00
-1.000000000000000000e+00
-1.000000000000000000e+00
6.377438109628237317e-01
2.904993737791333741e-01
-1.830926247519359951e-01
-5.902005095013610481e-01
-1.000000000000000000e+00
-6.490343324924755519e-01
2.927853964684351551e-02
2.440803259479632503e-01
8.676188759174454646e-01
-1.508699395202067750e-01
-1.000000000000000000e+00
1.000000000000000000e+00
-1.000000000000000000e+00
-4.633901178841715041e-01
-1.000000000000000000e+00
1.000000000000000000e+00
-1.000000000000000000e+00
4.170789825596563638e-01
-7.626965301769148553e-01
-1.000000000000000000e+00
-8.008072766594965808e-01
3.912039696966474467e-01
1.000000000000000000e+00
-3.663885236280027824e-01
-1.000000000000000000e+00
-9.866955113134784350e-01
6.871373663165796231e-01
1.000000000000000000e+00
8.652836705062871836e-01
-1.805230987032053758e-01
1.000000000000000000e+00
1.000000000000000000e+00
-8.371776198512785871e-01
-1.000000000000000000e+00
1.000000000000000000e+00
-1.000000000000000000e+00
1.000000000000000000e+00
1.000000000000000000e+00
2.537526875516420422e-01
-1.000000000000000000e+00
-7.253411596454356625e-01
-5.682390007507609475e-02
1.000000000000000000e+00
-2.881084976190103064e-01
6.247099246623892821e-01
-1.000000000000000000e+00
-1.000000000000000000e+00
-3.445140724488835460e-01
7.964867252073585258e-01
5.714079408274627125e-01
4.027221049797363728e-01
1.758197817110138117e-01
-2.609795320366641302e-01
-8.771715865122523548e-01
3.206951808965811668e-01
6.340030869667456770e-02
-4.895902739465143316e-01
-7.014017516370891769e-01
-4.682820340742811505e-01
1.000000000000000000e+00
1.000000000000000000e+00
-1.000000000000000000e+00
6.162984184842431601e-01
-1.000000000000000000e+00
5.613933185732796760e-01
9.035134035467839997e-01
1.000000000000000000e+00
1.000000000000000000e+00
1.000000000000000000e+00
-7.611720516202873377e-01
1.000000000000000000e+00
-1.000000000000000000e+00
-2.082475528409866161e-01
-1.000000000000000000e+00
7.655738753501876159e-01
-8.277620291856054857e-01
9.819112602763371278e-01
1.811039818644368804e-01
1.000000000000000000e+00
-9.346263862642062437e-01
-1.000000000000000000e+00
1.561278708989090047e-01
-1.000000000000000000e+00
-9.713582561394420445e-01
1.000000000000000000e+00
4.190912608785470894e-01
-9.637723824235331360e-01
1.000000000000000000e+00
-5.804977819171802667e-02
-1.000000000000000000e+00
-9.656215231713285441e-01
1.000000000000000000e+00
-2.565078764899635932e-01
-8.719748825848222529e-01
1.000000000000000000e+00
-7.926826070731934903e-01
-1.000000000000000000e+00
-6.959853179891963837e-01
1.456062260126866903e-02
4.241563181739581578e-01
-9.444735860376278769e-01
1.000000000000000000e+00
6.968262480494991085e-01
-1.000000000000000000e+00
-1.000000000000000000e+00
1.000000000000000000e+00
1.000000000000000000e+00
-7.068715211397157416e-01
-2.347880054512641035e-01
-8.141099443118112733e-01
-7.675920930827362376e-02
-2.520642190862731891e-01
-1.000000000000000000e+00
-1.000000000000000000e+00
-1.211198076038816351e-01
-4.996262600024304890e-01
-1.000000000000000000e+00
1.443533912301262212e-01
-8.595453270334759699e-01
-1.000000000000000000e+00
-1.000000000000000000e+00
8.488947865736267140e-01
7.823968267601988380e-01
1.000000000000000000e+00
1.000000000000000000e+00
1.000000000000000000e+00
6.300506984347278294e-01
5.194537581290780137e-01
-7.168107343822478494e-01
-1.000000000000000000e+00
-4.303229794364907823e-01
-1.890249586194298059e-02
-1.000000000000000000e+00
-1.000000000000000000e+00
-1.000000000000000000e+00
-5.649392399942565479e-01
-1.000000000000000000e+00
-1.000000000000000000e+00
1.691056455660142899e-01
1.204600217409941554e-01
-8.653503498229205837e-01
1.000000000000000000e+00
-1.000000000000000000e+00
-6.386149324016298090e-01
5.269305073900902858e-01
-1.000000000000000000e+00
1.000000000000000000e+00
2.618993742781138834e-01
1.000000000000000000e+00
-4.473636483041620315e-01
9.760798571485672648e-01
-1.000000000000000000e+00
1.000000000000000000e+00
-3.525147243124124863e-01
-9.403558640227971388e-01
-1.000000000000000000e+00
6.577002179050981390e-01
-8.734401400800717585e-01
-2.052169910702283939e-02
-8.906471286218264893e-01
-3.373967968606628176e-01
-8.393580889499132613e-01
-1.000000000000000000e+00
-1.990772842392868336e-01
1.000000000000000000e+00
-5.358412423622538334e-01
-6.476392648359481363e-01
9.094735973183127875e-01
-1.855575967975723883e-01
1.000000000000000000e+00
-1.000000000000000000e+00
1.000000000000000000e+00
4.311642605259683458e-01
-1.000000000000000000e+00
-8.190943650425787093e-01
1.000000000000000000e+00
1.000000000000000000e+00
5.574123678338500643e-01
-1.000000000000000000e+00
-1.000000000000000000e+00
-9.708082855060043426e-02
4.491681399634556149e-01
1.000000000000000000e+00
1.000000000000000000e+00
-5.730829139864923594e-02
-1.000000000000000000e+00
-1.000000000000000000e+00
-1.000000000000000000e+00
-5.822247528865895361e-02
1.000000000000000000e+00
-1.000000000000000000e+00
8.233147807851244337e-01
-3.598219081779046036e-01
9.758436806678244535e-01
8.023190800612600704e-02
4.265786689779049734e-02
-6.091278189032276469e-01
-6.438637221431887658e-01
-7.644647386564857872e-01
-2.250288512957406284e-01
5.880240568455347150e-02
-2.425300958713546562e-01
1.000000000000000000e+00
-2.249516718522814873e-02
5.266437502963102757e-01
-4.424242311472470490e-01
2.886658281477391119e-01
-3.162955512028620131e-02
-5.208150764427776913e-02
-5.083698786298185279e-01
-7.070278436817440948e-01
1.000000000000000000e+00
-3.145671091419087739e-01
1.000000000000000000e+00
-5.596138020809175995e-01
-9.117803905147622290e-01
-1.000000000000000000e+00
-5.225446845669735607e-01
5.088932679434239326e-01
6.384627580568239535e-01
3.906485283058019897e-01
1.000000000000000000e+00
-1.000000000000000000e+00
-2.315627808750690964e-01
1.000000000000000000e+00
1.000000000000000000e+00
1.000000000000000000e+00
-1.000000000000000000e+00
3.128427340524446709e-01
-6.851652089987060323e-01
1.000000000000000000e+00
3.072567904749223811e-01
3.002012025882985213e-01
1.000000000000000000e+00
1.000000000000000000e+00
-3.937728250258741847e-01
4.305252183515537734e-01
-8.886376680801832961e-02
1.000000000000000000e+00
7.364806903917856529e-01
-1.000000000000000000e+00
-1.000000000000000000e+00
-1.000000000000000000e+00
1.000000000000000000e+00
-8.504130448581985746e-01
-5.127637428463784897e-01
-1.000000000000000000e+00
9.556858791910196604e-01
1.000000000000000000e+00
-9.585112234922736896e-01
8.834413726835813607e-01
1.000000000000000000e+00
1.000000000000000000e+00
-1.000000000000000000e+00
2.388341090935630628e-01
-1.000000000000000000e+00
1.372516375940417976e-01
-4.018658279817459156e-01
-3.704413001540090011e-01
6.306110778593759791e-01
1.000000000000000000e+00
6.209319975649105761e-01
1.000000000000000000e+00
-1.865067819090434620e-01
7.115884770506687440e-01
-2.757776867871313264e-01
7.201157868877815504e-01
1.000000000000000000e+00
1.000000000000000000e+00
3.150466147070624112e-01
1.000000000000000000e+00
1.000000000000000000e+00
6.580809482337355298e-01
4.130543028225781010e-01
-6.489927781414550623e-02
1.000000000000000000e+00
-1.000000000000000000e+00
1.000000000000000000e+00
1.000000000000000000e+00
-8.799217670550366632e-01
7.855189679973583194e-01
-4.575986004625707260e-01
-4.579366747231537471e-01
5.345591447237079130e-01
-1.000000000000000000e+00
1.000000000000000000e+00
1.000000000000000000e+00
3.140865813787791505e-01
1.000000000000000000e+00
3.926772963219644641e-01
6.031862570095432030e-01
-4.386620819795750137e-01
-1.000000000000000000e+00
3.040142426287338884e-01
-6.724686337381207135e-01
-8.278538378387594321e-01
-1.000000000000000000e+00
-1.000000000000000000e+00
-5.503708045188101528e-01
1.000000000000000000e+00
-1.000000000000000000e+00
-4.347659204850862213e-02
1.582983897947142227e-01
5.244306075757744212e-01
-1.000000000000000000e+00
1.000000000000000000e+00
9.103882214873946221e-01
1.000000000000000000e+00
5.584100660980850783e-02
6.640869856726148157e-01
8.898874271262486868e-01
1.000000000000000000e+00
7.677235997494374908e-01
-2.171254689090973966e-01
-1.000000000000000000e+00
8.485365764275494271e-01
-1.000000000000000000e+00
1.000000000000000000e+00
-1.000000000000000000e+00
-7.670050411456363904e-01
1.000000000000000000e+00
2.737111210407637829e-01
1.000000000000000000e+00
9.114185023686982579e-01
-8.146730728177609127e-01
5.231824593611967833e-01
-1.000000000000000000e+00
1.194178205601056919e-01
-3.049324339297188047e-02
4.802107795603046680e-01
4.181839953351136341e-01
1.000000000000000000e+00
-9.328641581809864469e-01
8.067881577049124120e-01
8.539981530129225895e-01
-1.000000000000000000e+00
2.254700058053098477e-01
-1.000000000000000000e+00
1.924417797126345420e-01
-2.766833733565865483e-02
-1.132455382188554127e-01
-5.774666581819729583e-01
-2.758115154718249196e-01
1.000000000000000000e+00
-1.000000000000000000e+00
-2.614370933425442800e-01
-1.000000000000000000e+00
1.000000000000000000e+00
-3.272157260703389969e-01
-2.197620325427518395e-01
8.057492411918234509e-01
5.201433456989008608e-01
-7.354067592202716552e-01
-1.000000000000000000e+00
1.000000000000000000e+00
-1.000000000000000000e+00
-1.000000000000000000e+00
-7.105319949117933076e-02
-1.143405608670369222e-01
-4.570507663647531693e-01
1.219940504941475212e-01
-8.822787762711655768e-01
5.273245343893846471e-01
6.778399837374950998e-01
-1.000000000000000000e+00
3.694273888521792393e-01
-1.803751902385091199e-01
-3.082066891535909514e-01
-1.000000000000000000e+00
9.174486464778197625e-02
-1.000000000000000000e+00
-1.000000000000000000e+00
2.911453557984654550e-01
1.375006335781181477e-02
1.000000000000000000e+00
1.000000000000000000e+00
-5.804547939469599793e-01
7.207153958381895542e-03
1.000000000000000000e+00
2.135657842399242279e-01
1.000000000000000000e+00
-1.000000000000000000e+00
-1.000000000000000000e+00
-3.151316768283730640e-01
-4.127078073873002850e-02
-1.000000000000000000e+00
2.560387818633939605e-01
1.000000000000000000e+00
1.000000000000000000e+00
4.278047916223751135e-01
1.000000000000000000e+00
-1.000000000000000000e+00
-2.725932522363248012e-01
-6.988023414909442232e-01
1.000000000000000000e+00
-8.783332460920456608e-02
1.000000000000000000e+00
7.052547223094142170e-01
1.000000000000000000e+00
1.000000000000000000e+00
-2.099449917272683264e-01
3.399631410670831411e-01
1.804777889501655852e-01
1.000000000000000000e+00
1.000000000000000000e+00
-1.000000000000000000e+00
-1.000000000000000000e+00
1.000000000000000000e+00
-4.663575312841354847e-01
-4.559831504592663509e-01
6.558989470357117213e-01
1.000000000000000000e+00
1.000000000000000000e+00
9.891030722787281793e-01
1.000000000000000000e+00
8.632390498495460252e-01
-1.000000000000000000e+00
-1.000000000000000000e+00
1.000000000000000000e+00
-1.440506827657520583e-01
-6.974426411094970524e-01
-1.000000000000000000e+00
-6.920233415079313222e-01
-1.000000000000000000e+00
6.907470209679036355e-01
-1.000000000000000000e+00
1.000000000000000000e+00
-1.000000000000000000e+00
-3.770702207026476183e-01
1.000000000000000000e+00
-1.000000000000000000e+00
-1.000000000000000000e+00
-1.000000000000000000e+00
-9.196934513738602712e-01
1.000000000000000000e+00
1.000000000000000000e+00
1.000000000000000000e+00
-1.157082707777281616e-01
8.073217384549755682e-01
-1.000000000000000000e+00
-1.000000000000000000e+00
-1.000000000000000000e+00
1.000000000000000000e+00
-1.000000000000000000e+00
6.350108277013665203e-01
1.000000000000000000e+00
3.145777233244975157e-01
6.421412408036686337e-01
1.000000000000000000e+00
-3.142612733226803901e-01
-1.000000000000000000e+00
-1.000000000000000000e+00
1.000000000000000000e+00
-1.000000000000000000e+00
1.000000000000000000e+00
-1.000000000000000000e+00
8.850053976038735337e-01
1.000000000000000000e+00
-5.049119505109760375e-01
-5.522004722078882599e-01
-5.451778285618773534e-01
-2.779895228722024658e-01
-1.000000000000000000e+00
6.436371239538996036e-03
1.000000000000000000e+00
7.101646342126437528e-01
8.747262626909367844e-01
2.209468232486343497e-01
-1.000000000000000000e+00
9.831184604371991931e-01
1.000000000000000000e+00
-1.219751314006016774e-01
5.707404769133614941e-01
-2.728326534075954379e-01
6.312043326483061101e-01
1.000000000000000000e+00
4.406673090889657862e-01
1.000000000000000000e+00
5.791447077619928940e-01
-3.602169033386740660e-01
-1.000000000000000000e+00
-6.836761848540003905e-01
-1.887629133862125386e-01
5.662050958005007129e-01
-1.110690098118068958e-01
-1.631608702802487820e-01
1.000000000000000000e+00
1.000000000000000000e+00
-1.000000000000000000e+00
1.000000000000000000e+00
3.094837072798857225e-01
9.009506414211815306e-01
1.000000000000000000e+00
1.000000000000000000e+00
9.643770511771061482e-01
-2.950046822213056030e-01
1.000000000000000000e+00
1.000000000000000000e+00
1.000000000000000000e+00
-4.011816431629920965e-01
-1.000000000000000000e+00
-1.000000000000000000e+00
1.163699618545895736e-01
1.000000000000000000e+00
-1.000000000000000000e+00
6.401972614749853463e-01
-5.023350087909017603e-02
2.720533773158922974e-02
1.000000000000000000e+00
9.203823984224250854e-01
9.728638803090494669e-02
-1.000000000000000000e+00
1.042419176047681972e-01
-9.769155695577408371e-01
-1.735062865649672492e-01
9.505750672001468393e-01
-1.000000000000000000e+00
9.877979491811157420e-01
1.000000000000000000e+00
1.000000000000000000e+00
7.228734870383229927e-01
1.900297374982541088e-01
4.803575804423820816e-01
3.173782412086110227e-01
-3.643465518000316150e-01
-1.000000000000000000e+00
-8.228256029937524030e-01
7.383991239388634220e-01
4.311626991923542263e-03
2.239514171901175743e-01
1.000000000000000000e+00
-1.130178810108039000e-01
1.000000000000000000e+00
-1.000000000000000000e+00
1.371929313112290050e-01
-1.000000000000000000e+00
-2.132033855052076210e-01
8.007686979702499652e-02
-4.199180761816189156e-01
-1.680875796243209708e-01
-1.661223121075654507e-01
3.533353047651572876e-01
-1.000000000000000000e+00
7.736647071475919457e-01
-8.082575699397572810e-01
1.000000000000000000e+00
1.000000000000000000e+00
-1.000000000000000000e+00
3.329633679417782766e-01
-1.000000000000000000e+00
1.000000000000000000e+00
1.000000000000000000e+00
8.856669893506171620e-01
1.000000000000000000e+00
-3.353739287407357939e-01
-1.000000000000000000e+00
-5.086021334491594992e-01
5.120919678571944633e-01
-6.489331646139517851e-03
-1.000000000000000000e+00
-5.953306988904247810e-01
1.000000000000000000e+00
8.282740850403482735e-01
3.158678222206634523e-02
-1.000000000000000000e+00
-5.361043153681745999e-01
-1.000000000000000000e+00
6.363158439089727780e-01
1.000000000000000000e+00
9.219475038371923725e-01
5.972409075679518953e-02
5.851676868601349835e-01
-1.000000000000000000e+00
8.982402360730046276e-01
-1.000000000000000000e+00
4.944685130564780984e-01
-1.000000000000000000e+00
2.926607488524945455e-01
-9.312970723887779023e-01
9.233148178785904880e-01
-1.000000000000000000e+00
4.077548049037188482e-01
1.000000000000000000e+00
-6.781166718898007373e-01
3.919268098314595550e-01
-1.000000000000000000e+00
3.841612812234295182e-01
-6.426811685532525242e-01
-1.000000000000000000e+00
1.000000000000000000e+00
-1.000000000000000000e+00
9.030919105279584524e-01
-2.897446918122318360e-01
-5.382733234508729758e-02
-4.272351132178679456e-01
2.335603734593988401e-01
7.040441970288163764e-01
-1.000000000000000000e+00
-5.725370678452179618e-01
5.977353698563989681e-01
-7.480399096442436058e-01
9.560988817054627553e-01
-1.000000000000000000e+00
-6.466594144443107428e-01
-6.041044636956429681e-01
3.395058626004341384e-01
5.472147178175088555e-01
-5.146396461381549381e-01
-1.000000000000000000e+00
1.000000000000000000e+00
-3.399443883377997744e-01
1.853325782705509961e-01
-1.000000000000000000e+00
-1.000000000000000000e+00
5.741267018500680885e-01
-7.798163767772512411e-01
4.248889205326015217e-01
-1.040509353352347954e-01
-1.000000000000000000e+00
-6.224635554444775121e-01
-1.000000000000000000e+00
8.601489983103548509e-01
8.812527068606152980e-01
9.714795499724699912e-01
5.354333323815887447e-01
-9.008552065426340683e-01
1.000000000000000000e+00
-6.412810757004803186e-01
-3.090672022244015382e-01
-1.858373522424373869e-01
8.081757438755135525e-02
-2.688706423611865182e-01
-7.005243039332000876e-01
2.183720287764270851e-01
5.611345096311416425e-01
-2.127431903578387573e-01
1.000000000000000000e+00
3.479464798336451281e-02
-3.172203276980877784e-01
-5.425959991210044242e-01
9.284271438009989996e-01
1.000000000000000000e+00
1.000000000000000000e+00
-1.000000000000000000e+00
4.897633018031318786e-01
1.000000000000000000e+00
-7.428094663780592244e-01
1.000000000000000000e+00
-6.879550070364005843e-02
-7.615695014348685676e-01
1.000000000000000000e+00
1.000000000000000000e+00
-3.607126875626229801e-01
-1.000000000000000000e+00
1.000000000000000000e+00
-1.000000000000000000e+00
8.251763380071170939e-01
-1.000000000000000000e+00
1.000000000000000000e+00
5.973538312690915841e-01
-1.000000000000000000e+00
1.000000000000000000e+00
-1.000000000000000000e+00
1.000000000000000000e+00
-4.379263621528179939e-01
-5.808707000543094079e-01
-7.568333863013433360e-01
1.467035281580325035e-01
8.142591801884067060e-01
-5.001689838587000114e-01
1.000000000000000000e+00
2.491630866027567670e-01
-5.779703686311463695e-01
-2.000480099614523333e-01
-1.000000000000000000e+00
-4.467337274991914908e-01
-3.064766355525740948e-01
3.366786121997973891e-01
-4.262032132852688893e-02
9.332731242163629926e-01
-7.142758690070376559e-01
-3.272586940884917306e-01
-4.593557043672702456e-03
1.000000000000000000e+00
1.000000000000000000e+00
3.520808327698421447e-01
7.361827682324519895e-01
-8.027256974436295378e-01
-1.000000000000000000e+00
-7.111630904345138671e-01
2.249782656760972444e-01
-1.000000000000000000e+00
-7.981895032846901550e-02
1.000000000000000000e+00
-9.893773293699372751e-01
-6.954721883581452824e-01
3.886427760120975128e-01
-8.556029528080683066e-01
