-2.526297780067176535e-01
-1.207249752321645081e-01
-3.689440496146224879e-02
-1.479671731925119027e-01
9.205559876414680376e-02
7.540328791266340258e-02
4.949648557572824958e-01
-3.582421232888276519e-01
1.344811076810448480e-01
2.954100174113710384e-02
-3.150701847200201300e-01
-1.055997063503509581e-01
-9.860496967182823258e-02
-2.079569702605768844e-01
1.397726166816973259e-01
-1.846860921491175200e-01
-1.886250133436908061e-01
-8.614939270078406097e-02
2.485417848776804717e-01
5.147339538933413255e-02
-1.115079339540892087e-03
1.753887222842437088e-01
3.146721937675264202e-01
-1.917123399929727134e-01
-4.617040139345090360e-02
3.116748187734880160e-02
5.296933755301198171e-02
-8.894296804853563457e-03
-7.386388843465008236e-02
5.419083367259763112e-02
-5.735560990048830243e-01
-3.155826322369703618e-01
-2.287780694238904511e-01
-1.259865622672111940e-01
1.274841420040591089e-01
1.455894109405015957e-01
-3.000409059938074358e-02
2.247393516694786986e-01
1.125714442755177264e-01
-1.332300591892107422e-01
3.617214954780971770e-01
7.862961837447908497e-02
3.082141059648841885e-01
-1.212822104016938601e-01
-4.455138110226260911e-02
-3.711727374350389796e-01
-5.157180612961043131e-01
-4.240794507969365412e-01
-4.398724639482999577e-02
-7.190273773808066038e-02
2.420847761579986990e-01
-8.115952702985697320e-02
1.237825056127662138e-01
4.652992031880052726e-01
-1.224248995798619816e-01
-5.733057542769091214e-02
2.611025276212755944e-02
-2.265737269824000533e-01
-1.054590999096199772e-01
-2.563856759100930499e-02
1.864872306838034899e-01
2.121821163617511885e-01
-3.092722086076276633e-01
-7.267743717905990330e-02
-2.091720382288119462e-01
-2.491905726983964231e-01
3.365481721610236732e-01
1.126998622050290194e-01
1.879723570117552154e-03
-1.854516301587316451e-01
-4.064652418070099915e-02
-2.746965096897062142e-01
2.393511219457266359e-01
-3.328869933946310145e-02
1.679844821196153082e-01
-2.166784535975351325e-02
3.032992661365648684e-02
1.131547211964663291e-01
3.899156547187289379e-02
-2.940256097933938509e-02
-8.589744778414881710e-02
-2.600534740917958415e-02
-2.222684803537927356e-01
2.430151890240177595e-02
-5.277243811770874343e-02
-1.556329184036771562e-01
-3.289344650892231936e-01
3.902508026004149633e-03
-1.937428089301109491e-01
-3.167932193965751209e-01
1.113711959813033642e-01
-2.590913654325413887e-02
1.283569495604109656e-01
3.697844587270632255e-01
-5.932381719463075687e-02
-8.535323770504055566e-03
7.327330182885333221e-02
-3.215945217811533863e-01
-3.577034915268059029e-03
1.131002307264393214e-01
1.735492732342925823e-02
1.383054173319563096e-02
1.051489282579422951e-01
2.732021619749924746e-01
1.307918982493620208e-01
4.322616372091646619e-01
2.133794923538231136e-01
2.147145444212358312e-01
-2.621708786872594121e-01
1.103329412374760565e-01
4.260378021742704524e-01
4.575527947258264949e-02
5.857990427302048331e-02
2.809576464771486315e-02
2.764233619728445265e-02
6.209191724019990505e-02
9.413398309112303020e-02
9.336006031494664681e-02
-8.007363412637344413e-02
2.382510473882150370e-01
-1.745437402604405747e-02
1.562454637722138218e-02
-2.811522671614050117e-01
-5.057747255011472987e-02
-6.230240944949396592e-02
3.557127785711503565e-01
1.863381926614962603e-01
-9.249218220231233967e-02
3.414899270883803850e-01
-1.748392553727029231e-01
-1.046155185920325525e-01
2.550608984426143144e-01
-2.827733682498648204e-01
1.636630702604269239e-01
4.705845241022240666e-01
3.971788928817713282e-01
-1.483054126011770224e-01
-1.469744782889250145e-01
-2.503917416252923744e-01
3.062544366175996152e-02
1.996974254170102714e-01
-3.430678538119927845e-01
2.566382486708951860e-01
-1.941925446455512183e-01
2.326216355665162439e-01
-7.844939342463094767e-02
1.250332414718424157e-01
1.874605518048626934e-02
-3.307434353917263481e-01
-1.039624878106846090e-01
9.382219065226508892e-02
1.194611579769832149e-01
1.808004930277006816e-01
1.301382138456052273e-01
8.403911023582233408e-02
1.345102597785063359e-01
-4.592899195594857958e-02
5.166415981970412519e-02
2.651366068995754111e-01
-2.401318050638567847e-01
-7.117426906990143021e-02
-8.780313904614180098e-02
5.735541760376793724e-02
-2.026861805111118686e-01
5.110879972940997051e-01
2.366402142122809305e-01
2.711294983313711215e-01
-6.622189589857120640e-02
-3.751996456123347229e-02
-1.824612722612270477e-01
6.950736999371611184e-04
-1.399432810614111289e-01
7.129962623821077539e-02
1.329184616354828763e-01
1.619506238201747494e-01
-2.460654730992301465e-03
1.090058536956667185e-01
1.830833028436590626e-01
-1.344328498655039950e-01
8.216620115979665628e-02
2.050232309723518942e-01
9.169557417667191512e-02
-1.991690789441206630e-02
1.662042598140898997e-01
2.555372186186425920e-01
-8.347220791512309501e-02
6.993464746126976106e-02
-2.172575760552990509e-01
-1.932055130869230752e-01
-1.093440379196773254e-01
-4.041261536404386900e-01
-4.615596601159485113e-01
-3.505719053007466668e-01
3.073844977671284506e-01
-1.380291246709911546e-01
-1.894753625794945995e-01
2.174602717977456787e-02
5.034957431655154858e-01
4.551090159668072510e-01
-2.802913846486590477e-01
-1.760325792502155304e-02
-1.744700378824179665e-01
3.839984249988713239e-01
1.214199434376241754e-01
-2.222858923200076442e-01
-2.796368189668980292e-02
-6.441344558031709966e-02
-1.443910282150102919e-01
6.157336257753127234e-02
-2.460643537010803392e-02
1.573095829940748258e-01
-1.746182253205364743e-01
2.680122865825570327e-02
-2.234278796005947088e-01
-6.177764266805210042e-02
2.310499822805560655e-01
-1.034695383628980864e-01
-2.314847745756856354e-02
1.008364875738044231e-01
-1.117738587338296397e-01
2.651602046633250165e-01
-5.228433815912727350e-03
1.388211831128119689e-01
1.227789653814093107e-02
-3.879142888113847054e-02
-2.056127985057458751e-01
2.208430124496233160e-01
8.157444391736533643e-03
-9.847967754973032881e-03
-1.211106450216944130e-01
-3.525067913703614636e-02
-3.355523645748662021e-01
-2.122494649811122736e-01
1.833244624325870362e-02
-2.029021140262019240e-01
4.133566885732462698e-02
-3.495167636968479208e-01
-2.042975338241372341e-01
7.860193707891376114e-02
1.226551010269169573e-01
-4.669002939414555048e-02
-1.166517767853687132e-01
3.066234897595553899e-01
-1.158621827928742742e-01
1.925707097203825657e-01
-1.823436117967483505e-01
-1.758201216458493144e-01
1.725903944160185333e-01
1.885802262294983545e-01
1.327383875907389710e-01
-7.523936711047780716e-03
-2.531179979620981624e-01
-2.256800119674297056e-01
-1.045191484246154462e-01
3.003975437931777001e-02
-3.710340239937640061e-02
1.992376970744527687e-01
1.096563565156467857e-01
3.271122890911038958e-03
1.104586159593119038e-01
-1.964361316506282595e-01
-3.401756660758555040e-02
-1.364894462718760637e-01
-5.089768102677418721e-02
-3.166185937265839634e-01
3.154727137415392901e-01
-4.571666866678724128e-01
1.425830279049928040e-01
3.464600931837617803e-02
4.130133049144131714e-03
-1.225149956921788852e-01
-3.691037350554365881e-01
-3.475315495783088404e-01
-2.097710739997381002e-01
4.589838496643062205e-01
1.607150484994683826e-01
-1.280403701122310445e-01
-1.092625685750200047e-02
5.336054219155071665e-02
-3.490107181339667797e-01
7.868379619282171722e-02
1.351554056625302869e-01
-2.272411839360442276e-01
3.001674063828578265e-01
7.378314111734256275e-02
1.773950154675084726e-02
7.268659266808594546e-03
4.782397622973014878e-02
2.469317322434650130e-01
-2.344382971540965310e-01
2.678860604159541969e-01
-4.849541799943069692e-02
4.498170392893879183e-02
-9.694631959490872253e-02
-8.771500992594222224e-02
1.795062889885682134e-01
-8.237790450457871394e-02
7.646008247940035141e-02
-5.941869514077893766e-02
-1.064984471744423455e-01
2.936629360659733234e-01
-4.635916299387885520e-01
-1.746738512547458544e-01
4.302887430552834180e-01
2.953097844007067097e-01
2.748798119846967286e-02
-1.299730489655562260e-01
-2.555513757788146698e-02
2.121582880007703009e-01
2.714375582270645536e-03
-1.349171238687336682e-01
-1.735903851180385371e-01
-1.509284249913341314e-01
-2.148781117843547583e-01
-1.239170285403048827e-01
-1.578006631134933335e-01
1.566164793024655555e-01
-3.781875531779729238e-01
-2.091750530702629340e-01
-3.838055091368804961e-01
-6.347672507121952801e-02
2.224687041743360627e-01
-8.892116498337837571e-02
4.244093377451316207e-01
4.402638818409700637e-03
-1.479158697978256998e-02
2.661129822540237999e-01
6.725299492458053363e-01
9.940908954863771074e-02
-1.993385080760124717e-01
1.886364116453598805e-01
-1.446699045265540003e-02
-4.419817139595774158e-01
-1.422847619089802895e-01
-3.294114658028279297e-01
-4.635372069954758062e-02
-1.708994733593361959e-01
1.622766292919380626e-01
3.598925927948071757e-01
-2.424726027418624419e-01
-2.248695618550078656e-01
-1.530727490113107658e-01
4.675305659692886029e-01
4.058191928827883377e-01
1.428778574362663811e-01
-8.019133108099178384e-03
4.072998690009493328e-01
1.195402511435548210e-01
-3.321512149284784610e-02
7.885394851461736965e-02
6.240221162791626322e-03
-1.818130713890886707e-01
8.771010760085728997e-02
-2.416688096021501753e-01
2.551559429290147230e-01
-3.011808596551932560e-01
-4.189553481245351235e-02
-4.944008357697375795e-03
2.752523499030161136e-01
1.167775778000986753e-01
-2.833278209030509753e-01
1.632909993973938600e-01
2.057858348413472427e-01
-1.261662873387318085e-01
3.212612308252093540e-01
-3.255990855852165106e-02
-7.357361350658467303e-02
1.097953415871143340e-01
2.384765012840761589e-01
-1.556476678516049983e-01
3.350996669166710767e-02
-8.720859761172303215e-02
1.831196956758990302e-01
2.222745563536837887e-01
3.708097177501312181e-01
2.360796369034806885e-01
-7.426936434996107839e-02
-4.268863527352175224e-01
-3.743351592909570646e-01
3.238421212553067585e-01
1.461909058491285274e-01
-4.517112338307322644e-02
2.924118744120329239e-01
1.099973769757095071e-01
3.842586823813392005e-01
1.128468570796422876e-01
-1.711923964230265341e-02
-2.807354389899263669e-01
-2.665589768457280601e-02
3.357799023394316545e-02
-1.141494762007908559e-01
2.187350632416791840e-01
-3.031261626103767121e-02
-1.903966147643398332e-01
7.382298314130153472e-02
5.042108801155519016e-02
5.923679850336219938e-02
1.446469653343719353e-01
-4.756627013991737707e-01
3.019489099916114819e-02
5.321511349863201901e-02
-3.698997548664578194e-01
-2.014263684352966266e-01
2.034623103810117017e-01
3.456193086480094379e-01
3.551385105995048894e-03
8.871602091558713002e-03
1.817459039804361354e-01
7.027671867863892474e-02
2.009453812512899951e-01
1.305482186522992361e-02
-1.404954304007087207e-01
1.688318893152951361e-01
-3.247511568265894488e-01
-3.090228100284238555e-01
-1.461249681973404158e-01
3.553085103183982289e-03
1.707803904496545955e-01
-4.505997658914511622e-02
2.394635003037704768e-01
2.907604325029720660e-01
9.025839152564500700e-02
-6.786516269337342089e-02
1.637008401082401254e-01
-4.785121977320341280e-01
-3.123800155894078737e-02
-1.868410430934930866e-01
-2.233955952788507782e-01
2.270720147667139310e-01
-1.214489307920856298e-01
-1.505706650564872240e-01
1.732182369602585370e-01
-1.545548895671401413e-01
2.493283029955263227e-02
-2.100848497854129193e-01
-2.782601973609528656e-01
-1.073043054944821800e-01
1.221552470100622234e-01
2.548638110043713323e-01
-5.369252373583236967e-03
1.168338972404641685e-01
1.641302773769284240e-01
2.082842629452110461e-01
-9.510194079977349335e-02
1.402337781297321451e-01
4.013621584300784001e-02
-1.745474246260209361e-01
-2.154923952752234029e-01
2.857990192483572667e-01
2.726131442553387241e-01
-2.418157006891364647e-01
-2.286877792657359132e-01
2.530798460816964246e-01
-2.329349133091458343e-02
-1.619711503157048038e-01
-4.124835906626918014e-01
-4.538871218494006099e-02
1.199052449252010627e-01
-2.264563816244796746e-01
4.550103194412249280e-02
-2.266501335357774538e-01
-1.192237409037248258e-01
-4.308130106809864718e-02
-1.053505203993474609e-01
1.155634447970920742e-01
4.517310803503678529e-01
-1.645183032988508376e-01
1.683043190737399386e-01
-4.682276610322033683e-01
-2.861984612197588929e-01
-2.519162310134205954e-02
7.378580347844890946e-03
1.395842195969710930e-01
-8.239889218562204687e-02
-3.289828851869432969e-01
-1.264118599948058919e-01
-2.383728897522504817e-02
-1.321370291601500248e-02
-1.447342409570396282e-01
-6.593140396511658341e-02
1.470369133676576179e-01
5.422572341497082782e-01
1.743586812762435434e-01
1.412535042889922765e-01
-1.922170280257577135e-01
-2.218563452302036443e-01
4.318707062680541414e-02
-2.414388352620722156e-01
-1.958807855131516895e-02
-2.913162678235698463e-03
2.689238773120343762e-01
-3.560930975356764172e-01
-1.032911925886776348e-02
2.438347697683746710e-03
5.839936076306387336e-02
1.548605068009513974e-01
-1.881738966223147624e-01
-2.861828510151675359e-02
7.233585966669474343e-02
3.536088649980504983e-01
-4.668255621319773729e-02
-2.836150777233114040e-01
-3.368403634602665786e-01
2.038550418999243025e-02
2.270331000461748572e-01
1.489020073486070107e-02
-5.959907808598225581e-02
-1.316282041055772956e-01
1.732585448157603625e-01
2.309135617902872695e-01
1.698938989228380159e-01
-1.794752766728336113e-01
8.159378107716601380e-03
7.260399006796502963e-02
5.403042832260366440e-02
-1.118326541561175808e-01
1.140896778036821491e-01
1.361856893766918986e-01
8.214181156093415537e-02
1.434841897213230688e-01
-9.965671840109342761e-02
2.261683395626657433e-01
5.055925169781008005e-02
-1.252213270684294222e-01
1.299099872116065701e-01
1.285525870614995791e-01
-1.655952842677893277e-01
1.579481401829081200e-01
3.274830552398780639e-03
1.073052236705688139e-01
-4.036487717926672270e-01
-2.638456021027435830e-02
6.889641705900459434e-02
-3.749847261916039454e-01
5.528551870165041571e-01
-2.787494628537623975e-01
-7.385077027219390244e-02
-2.517558054769312714e-01
4.217225933306301133e-02
7.056995336574091449e-02
1.209050985278734558e-01
5.023335632524721373e-01
5.390124829270165341e-02
1.694634378824383114e-01
4.365082623241099691e-02
6.066044834095753180e-02
4.578506897296188982e-01
-2.284239746322400469e-02
2.155901999921844558e-01
-2.600652004677762030e-01
8.501686320474204084e-02
-1.801887829932885821e-01
1.257749987193880759e-01
9.516832781965874066e-02
-7.446994674685375459e-02
-2.446722196887103351e-01
2.936308529663372163e-02
1.746325881392317703e-01
-1.861971848896643578e-01
2.817942300715015405e-02
1.209494827006459411e-01
1.338081959580961766e-01
-1.935665401019579651e-02
1.080710426088956136e-02
2.419699150888157679e-01
4.738552032940663433e-02
-9.058206402710378136e-02
-1.448579685809554263e-01
-2.862144071254055788e-01
-3.720273228701475587e-01
7.741194248966740132e-02
2.228606031828796186e-02
-2.367494060480128393e-01
-1.223307082954027958e-01
-7.017040476742068822e-02
-1.814283987668219023e-01
-1.789641292201409606e-01
-5.060468663274569207e-02
5.960436607147041876e-02
3.158812699091425036e-01
-1.380137524885758360e-01
-3.571000756454714153e-01
-3.782503783128804975e-01
-3.109661655463184515e-01
7.093231343238975972e-02
-1.617878277183888713e-02
-2.845795624517811206e-01
8.439147012418227178e-02
-9.375760890336080899e-02
1.166810464986580732e-02
-5.270319815278799724e-02
-1.977634878763478155e-01
2.208792099994054126e-01
1.063686399435823382e-01
5.972332282918469543e-02
-5.498392835677085033e-01
1.195967814332495223e-02
2.244481559276660654e-02
1.949957644598255546e-01
-2.204503289167407121e-01
-6.767189521838641586e-02
6.287335968185712998e-02
6.714355921806081096e-02
-1.547015402060021860e-01
6.237599348849486719e-02
-1.678291979766886322e-01
1.398898639200684968e-01
3.167357582307760988e-01
1.154081424974209430e-01
-9.934410411973794777e-03
-1.445225773584654927e-01
-2.818832391046235952e-02
-4.021029525827127249e-02
-9.170480693816554507e-02
-6.311747499623440727e-02
-1.169070848443080068e-01
-2.477385324980250214e-01
1.531443189364426220e-03
-1.063401142102773228e-01
3.286833694875575945e-02
-5.137792069949445040e-01
-2.141777781216389065e-01
1.788793875238998410e-01
-5.959157288243024236e-02
1.855561332071779534e-01
4.341849868048590355e-02
8.676780160066233094e-02
7.533806952508440014e-02
2.003013028616851265e-01
-7.791789643500039199e-03
-2.346450933304360664e-01
-2.964785407329656106e-02
1.337449859685417575e-01
-1.496745387273610839e-01
4.189468943150362890e-01
2.632479289431723379e-01
-6.141412469643586780e-02
1.956045290443743367e-01
-9.387256610485361641e-02
-5.235607240197159146e-02
1.834773010235173085e-01
-6.709091363789652929e-02
2.613193719775313006e-01
-6.524336220864891678e-02
2.266402921640354451e-01
8.920253248581663449e-03
-1.344115154426855918e-01
-1.625059527715376761e-01
3.631246818454969549e-01
-2.839240604058282935e-01
1.655173228518169726e-01
1.111529068757347444e-01
6.174064398674482951e-02
-2.748696180275620460e-01
-8.466138114038214424e-02
-2.820113435469728813e-01
-5.263699132980726586e-02
3.399641608106924728e-01
2.515743527179729877e-02
1.829117863667120425e-01
-3.683820541438120322e-01
-8.383523187607128113e-02
1.795453571007671889e-01
-7.176223992251508366e-02
-7.456892061887936130e-02
1.238148969775975522e-01
5.647863875800046563e-02
-2.825440981809961283e-01
-3.341816536440274654e-01
1.264707220027172507e-01
-1.832418455738922813e-01
3.762656635976157071e-01
-1.653302738869991406e-01
-7.907614387783376553e-02
1.083220683414364144e-01
-1.084709064347972596e-01
2.184071353875164379e-01
-8.969171607172683747e-02
-6.717230735596264879e-02
-1.624885538618220937e-01
9.108924301786093525e-02
-3.837799195564673971e-01
-9.259361070797798854e-02
-8.200956492272019893e-02
-3.116278613110419760e-01
-1.544975093623841833e-01
3.676862005738139039e-01
1.361158548070595664e-02
2.304847876310827659e-01
2.152318918263784742e-01
-2.066613667629587092e-01
3.230459688945165331e-01
-1.977008833947479227e-01
-1.592111415579944289e-01
-3.331884368810439367e-01
-4.304187931532608286e-02
1.544179239561205112e-02
1.115175818490679593e-01
3.867798785224848407e-02
-1.660412666731473086e-01
1.765974740100121829e-02
2.556720374855836475e-01
-2.952577657445009662e-01
-2.368346715470946440e-01
4.655211664639878621e-02
-8.200554910331260550e-02
3.149347686735403662e-01
6.147172328969101318e-02
2.907560988476720620e-01
-3.207790409116971775e-01
3.454674695996368117e-01
-2.097532699706165515e-01
-4.612976658299067778e-01
1.150671196335001922e-01
-2.134569327588760612e-01
-2.339447303780262805e-02
1.543629213545070177e-02
-1.382913975212110846e-01
-2.237680741728873268e-01
2.138103373608670477e-01
5.799093244536927122e-03
-2.708395819438031427e-01
3.462927550555768008e-02
2.502057453924430575e-01
2.253151974321867396e-02
4.304415950190861734e-02
-4.186890662842713273e-01
-1.943062446754156014e-01
6.280423808337826097e-02
-8.917821087486664869e-03
4.472164539248637410e-02
3.508570207277109110e-01
1.358339016866621785e-01
-3.411544895507028774e-01
-1.380318733065651338e-01
-7.704891010969794340e-02
2.331496731814524086e-04
-7.279307696843842490e-02
1.521933555491296330e-01
6.022041427931766611e-02
-4.179855734479385188e-01
1.072171407506630897e-01
4.262181264532046154e-01
-3.914683695793721302e-02
7.138831550851588992e-02
-2.341889498099786748e-01
8.143363843757414622e-02
1.602233351208917078e-01
-1.146541079728644191e-01
9.385027805955016567e-02
-8.172736083958075104e-02
2.013712393881998686e-01
-1.878192770104326059e-01
2.417268631714857563e-01
-1.754943851441618241e-01
2.961568475477675128e-02
1.688346525490330152e-01
-1.700836253934175368e-01
7.344285992596309709e-02
3.998650726366457381e-02
5.358241303616980700e-01
1.395206930062989070e-01
-2.081145330108521707e-01
-3.678181409403122326e-01
-4.744279941163217357e-03
2.698424484174629101e-01
8.955240937922240296e-02
-8.642488012934734787e-02
3.413424603805201851e-01
-1.526949282465149549e-01
8.240052622056898146e-02
1.690211375088653545e-01
9.950666129750065925e-02
2.066580895495528369e-01
-3.217734854412086093e-02
-1.124275456296727066e-01
-4.204924112218771243e-03
1.645947429232339498e-01
-2.832580129766416599e-01
2.165462069875532247e-01
1.766956716605162514e-01
5.156221680385808526e-01
-2.156232818597016432e-01
2.059122676706726940e-01
5.024089919666406556e-02
7.579904857410606211e-02
2.662709628870962297e-01
-2.501139864151318698e-02
2.634915406798356563e-01
-3.994394193173248647e-02
-1.190133140017857472e-01
2.468216699880788345e-01
2.901694019897714250e-01
2.268135369423521230e-02
1.880006102011112512e-01
2.384382496725440392e-01
2.210596856539379790e-02
-2.400120434761183752e-01
-1.411911199076619494e-01
-1.813838396473760883e-01
1.417257978592995592e-02
-1.912218010900643417e-01
-5.506832803292861095e-02
-1.161268024784309350e-01
8.027629991903395545e-02
-1.159351506265938747e-01
3.181044138362351115e-01
5.132018865955854103e-01
5.619174932888004736e-02
-8.940241330445335144e-02
4.473463100438153650e-01
1.135381835087910908e-03
-1.121571015913928465e-01
9.239652426001955521e-02
1.233563973005455568e-02
1.224189820455898470e-01
-3.207482326966779596e-01
6.527752609272576001e-02
2.898899749595973963e-01
-1.191830946289736542e-01
-2.449697543238437206e-02
3.522113589007657142e-01
-2.159778812511219670e-01
-1.654439221478325173e-01
1.006936059529831978e-01
-3.089741429582911966e-02
-2.109805120992438443e-01
1.304613334435155980e-01
1.414274830619851320e-01
-4.570643745031405941e-02
-1.353565435873937128e-01
-1.998768336057396844e-01
1.275039496102133019e-01
-8.052353382915092284e-02
4.158961262102806589e-01
4.224819733006891787e-02
2.246877058869184984e-01
-3.809607163876660985e-01
3.481097976980624398e-01
-5.265201797725765215e-02
-1.669929823474426700e-01
-2.531068869487038686e-01
4.765654479609687105e-02
-6.256295387714431167e-01
-2.117932361983062006e-01
-8.500306025698160795e-02
-2.691369664309484211e-02
4.558028313053442276e-02
2.384306927817392008e-01
2.396905157789224750e-01
-3.912415410277661487e-01
-3.683119997018365066e-02
1.312578691690209076e-01
1.769972407707714745e-01
1.139610069374119850e-01
-1.324711438467737479e-01
-2.261807556226858584e-01
-1.980546016249747909e-01
1.184838334932979695e-03
1.714547497453635938e-01
7.894064397403076708e-03
9.062837810795271176e-02
4.181260753451832707e-02
8.682426107072180321e-02
9.937485848643812236e-02
3.625693519579740176e-01
5.292751790399913107e-03
3.021974896908691810e-01
1.105921918536071635e-01
1.390895025116134776e-01
3.485261943955938468e-01
-7.312827924545983738e-02
-2.186776864764397865e-01
-2.446420136870019191e-01
-3.614136039171000903e-02
3.423410527050030350e-02
-2.185120952014480145e-01
7.940269458990739312e-03
-1.017815435914008332e-01
-1.678835960255549153e-01
7.351861839078062399e-02
-1.532132494619643792e-01
-2.231881984178743505e-01
1.304499217895779273e-01
6.327015229269727925e-02
3.993073358521681548e-01
4.139361711688852585e-01
2.925166256723136793e-01
5.005244044662771584e-03
2.278080978341148477e-01
1.068702930079197394e-01
1.636837796758782992e-01
5.699043489483462260e-02
-1.595713240667899144e-02
1.684171585242975056e-01
-2.101113719526286061e-01
2.454242954057769266e-01
4.831496785431890761e-01
1.200535514802826206e-02
1.133388188253045825e-01
2.699529865973089304e-01
-4.877549265129339506e-01
-3.217067011861275416e-01
-2.109145235529739579e-02
-2.179459556964346290e-01
7.449451126569976989e-01
1.884835412354325668e-01
1.301614870191899753e-01
-2.583053337888664980e-01
-9.590753124841991384e-02
-1.652233616701581087e-01
5.520102720497092053e-01
2.961881845022197868e-01
-4.664815322412357301e-01
-7.317321550185611201e-02
9.584231199512040916e-03
-2.864810537119423239e-01
3.341290437406803648e-01
-3.293679298395821992e-02
-3.966425378761170850e-01
-1.095930731963338789e-01
6.480611983403908316e-02
1.384207320120506290e-01
2.701720944104030742e-01
-3.314954038851836704e-01
-6.567822304183242033e-02
-1.197992220182123591e-01
-2.712449435885573301e-01
1.733938524062695330e-01
3.811108780527087125e-01
2.316805243145463322e-01
-1.005046419274528285e-01
-1.728781021060998291e-01
-3.866136656472985988e-01
-3.682653813998291725e-01
-5.211259619684115163e-02
-7.378654525471428638e-02
1.148563015597446474e-01
-1.017026464175353195e-01
-1.586256311664150098e-01
3.443612363806834720e-02
1.176502757375492113e-02
3.807855076820578222e-01
7.057524119699848039e-03
8.933634323339725847e-02
3.105693207285075141e-01
-8.299175020948700021e-02
3.500842174724312916e-01
3.845647469650905204e-01
-3.017039152718270847e-02
-3.343510463736313471e-02
-3.236692094944038645e-01
1.485212606492089804e-01
-1.670862572308450811e-01
2.219051038752856142e-01
2.972932257967459968e-01
-2.140682614244215354e-01
-9.152250147909109235e-03
2.085618371143700429e-03
-8.271726809937669789e-02
1.934739995637731469e-01
-1.987050505734042904e-01
1.727074955197148709e-01
3.877360799321789148e-02
5.260705070229096392e-02
3.178678931697847543e-01
-6.645661398865813918e-02
-7.435331857066104777e-02
-3.539340319175086069e-01
1.642892430065117162e-03
3.113017404349289752e-01
1.020405640170364385e-02
3.266369250935133306e-01
-1.000824100895465751e-01
9.768607559812383934e-02
7.140793557176577933e-02
1.184761649929681887e-01
-1.338237728458064602e-01
1.665405966147351924e-01
-1.925886716254764375e-01
-1.250338521941889158e-02
-1.034532012278889385e-01
1.744634686245408461e-01
-3.169373549336250151e-01
1.356799207618352709e-01
-1.220917683556980993e-01
-4.228294209159757511e-01
-1.319037675716644709e-01
-2.490026556199347874e-01
-3.236151059858818901e-02
1.922120466615057782e-02
9.379732687624067755e-02
1.722137876448123078e-02
5.348795560352674894e-01
-4.002107398795961418e-02
2.459925582326136229e-01
9.343619717554467463e-02
-3.600757312115236419e-01
-1.409069926331932565e-01
1.726342851807455836e-01
1.049027316770364815e-01
-3.159630531530228659e-01
1.415338085198853402e-01
-8.076905452397951934e-02
4.344928770310171190e-02
-1.910926521517352372e-01
1.940417210673905657e-01
1.546849867830845937e-01
6.703822254604288600e-02
-1.953212204203063074e-01
8.637124994198489003e-02
-7.927381650491066578e-02
1.543089945772922961e-03
-3.088395240098786854e-01
-2.482229181976633170e-01
2.597925042167630316e-01
7.151071497773239805e-02
3.452823449789379495e-01
-3.237670923625887154e-01
-4.678158823151597479e-01
1.115292439894056825e-01
6.358426798862305829e-02
-1.189156498049134536e-01
1.896259027917366058e-01
3.946230791730009901e-02
-2.309063411806972221e-01
-3.970928333032804763e-02
1.993609354784029453e-01
-2.311953839154015991e-02
3.034730635277799182e-01
-1.103304939954650732e-01
-1.520879588649767244e-01
1.140078821189838415e-01
-8.875050410733259509e-02
-2.621764060241125738e-01
5.197679705324877997e-01
-5.640512973540476316e-02
2.264572064430575016e-01
-4.295756733250555848e-01
7.734716394819271534e-02
-1.755652065656685690e-01
-1.366739003280959819e-01
-1.251303898594219588e-01
1.383966729350818436e-01
-1.057832293038675764e-01
-1.594376038632532369e-02
-1.227785627936683471e-01
6.765447310850049301e-02
8.339590729244793221e-02
1.535363252229035025e-01
1.012947215168009812e-01
-3.175995217661625181e-01
-3.138277362282502758e-01
-1.234833134803690891e-02
-6.499717093982412819e-02
1.409790886232045459e-01
-1.309041045466223518e-01
-2.753476171268495198e-01
-2.150780339191064525e-02
-2.785294159909397840e-02
9.170215078385804408e-02
-2.118106060337866525e-01
2.288100030620070502e-01
-1.568194811717237569e-01
1.722517370303245920e-01
-3.173671531143901908e-02
9.468485527311190642e-02
1.526586670926955436e-01
-1.796713693450404103e-01
-2.504527148211189991e-02
2.038717018406437376e-01
1.054843276572202393e-02
-1.297807939853587722e-01
-7.714068336089371751e-03
-1.215647338914677966e-01
4.369919854870353837e-01
-2.625518038664146903e-01
-7.952487998749704912e-02
-1.743894463666298689e-01
8.457126963369467065e-02
7.831676715167459890e-02
4.672417203045009515e-02
3.260299352691832520e-02
-9.310332122138534339e-02
-8.455873496318748461e-02
-7.257443332262909774e-02
-4.844062487807064832e-01
2.979405076008649345e-01
4.223251497397230957e-03
-7.912939576549322951e-02
-2.870485949903538447e-01
-1.215344301681184763e-01
-2.935885396391353930e-01
1.711669306910983124e-01
1.882916994485559631e-02
9.200392413753334664e-02
-1.214371222662686961e-01
-4.662817146369818005e-02
-3.304375583498151969e-01
5.053342572966947055e-02
-1.521634855267491593e-01
7.360661865997968067e-02
1.249343539908903122e-01
1.002355133244768257e-02
-3.063628347650695916e-01
-1.506518771315680238e-01
4.734446437654160622e-01
1.169002699282269409e-01
6.672003829096659344e-02
2.159519406647895101e-01
2.659467589383491815e-01
-4.427103946213959557e-02
3.295447984608818048e-01
-1.047449525119334979e-01
3.356977653844537279e-01
-7.566283328866497959e-02
5.214886354368380994e-02
-4.091531441490305898e-01
3.291915053362022836e-01
2.483406513162114693e-01
-2.095543941403191224e-01
-1.508357897092562627e-01
1.310251437926427120e-01
-2.452750783869155626e-01
1.016701917173247760e-01
3.594178925008663372e-02
-7.034150000674623850e-03
2.866413994629680162e-01
4.145392542678769110e-02
-4.016950333863805178e-01
8.431063648690470536e-02
-3.400040833275906615e-02
1.950180169766435601e-01
3.265603480400793290e-01
-2.210731879540331693e-02
-2.882306746026685323e-02
1.854971657816813779e-01
5.422501954192738838e-01
5.362147040345975960e-03
6.487408767891078565e-02
-2.803851791699819573e-01
-3.918962142518322457e-03
2.103351461216051432e-01
-5.033566205554432793e-01
1.863325607306600962e-01
-2.912986294843002977e-01
1.501454019417898349e-02
-1.110580715222054225e-02
-6.022553941481026407e-02
-4.235152032904845321e-01
3.142609014434101788e-01
-2.038037160027991457e-01
1.288889319516420828e-01
2.937263379658354157e-01
-2.379393303229321854e-01
-2.662206857384143976e-01
7.116252747481546792e-02
2.266792914789614866e-01
-2.434557779129797317e-01
5.198886086090690611e-02
-1.444277628646633560e-01
-2.268916261861626815e-02
1.554362226938360014e-01
-2.542904153594298666e-01
-5.837070079656264676e-02
-1.335202403368574153e-01
8.631536966518789378e-02
-4.225869935121363830e-02
-6.580138018953890500e-01
-8.719801875304081934e-03
-1.202761876641073868e-01
-9.936388384385709538e-02
-2.613356774215670475e-01
1.789114684772229180e-01
1.508109872127898488e-01
1.518320863567519940e-01
-7.274212468993221381e-02
1.560537365952958389e-01
-8.276530463232475987e-02
-2.994003383504916238e-01
-2.353869088698242462e-01
-8.302875217154440102e-02
-9.025253468061440743e-02
-2.894451717688714676e-01
-3.304905297586934604e-02
-2.803736993412975775e-01
-1.082726439925102840e-01
-2.457912599176097501e-01
-2.397217823345041132e-01
5.388695661311014573e-02
2.827537586966465399e-01
-1.797642617070605575e-01
1.493915341849672285e-01
7.127239990515525647e-02
5.158074019685168210e-01
-1.608971017648071211e-01
7.548055897077816934e-02
1.184402384223579158e-01
2.486214570936680635e-01
1.036770073352778626e-01
-8.694670552700392574e-02
-4.417835143425968142e-02
4.153440981719451752e-01
-1.793856398169127730e-01
-2.278922561940636138e-01
1.466769405984477137e-01
-2.671764047440032264e-01
2.071691953043874601e-01
1.017437393507946430e-01
-2.494312171484068530e-01
-1.154566415140135804e-01
-1.017789609272681528e-01
1.154311545497729574e-01
3.098261320652452300e-01
1.952374018988165261e-01
2.270343992280215648e-02
1.076672072603838543e-01
1.515676322987517533e-01
9.332066260262826887e-04
8.026301144335092064e-02
-7.930911113531625978e-02
-1.234268567556128376e-01
1.446933359924696960e-01
2.283327695856745276e-01
1.845603917039115860e-01
-2.202852231476229439e-01
1.716609136535138802e-01
-1.976777856873547790e-01
3.053747467418518532e-02
-3.301501480152152501e-01
-4.216767122115283040e-01
-8.917514181470288792e-02
1.717091308389340487e-01
3.266630593306473207e-01
-1.843584005278960658e-01
2.912903542215585784e-01
2.596951997022740599e-01
1.434977566460230065e-02
-7.433392623292771340e-02
1.964644486715975691e-01
6.817290183251827063e-02
2.755401129257614712e-01
-3.043565019109368275e-01
2.774429846498515512e-02
-9.521548523080793081e-02
2.225163716639833311e-01
4.341342286456697508e-01
-8.946428100295435171e-02
3.307657942312561272e-01
-4.418758117050932549e-02
1.700933624123690188e-02
-8.401466799626101933e-02
-2.549309302906923036e-01
-1.850589036814817845e-01
1.060955491712504695e-01
-1.733634366333774157e-01
2.000840636145853058e-01
3.197307785829386351e-01
-2.868372297742590171e-01
-1.032090753127907767e-01
1.201302709512707817e-01
-5.866844150032588523e-01
-9.912551165075761395e-02
-9.041500586487580260e-02
-4.350923719884764590e-02
1.369909103673191686e-01
-4.533652724831468417e-01
-6.233001527973987960e-02
2.609176380144148655e-01
-3.151599056648416441e-01
2.174908962478700469e-01
-2.691691807853645590e-01
-3.500040532305917496e-01
-1.699156494762718572e-01
-3.566797611409318614e-01
5.976155700057630277e-02
-1.376901866715452283e-01
6.711860635450531687e-01
2.935675530332756272e-02
-3.100361978654334050e-01
7.624041789107795231e-02
2.238785920758313008e-01
2.767948922747126561e-01
2.456043904943182223e-03
2.956194942179671270e-02
-6.359562738946369920e-02
-1.707014479033720222e-01
-1.563331034729400770e-01
9.565194110743006906e-02
-1.409931384767929285e-01
-6.064676426574679841e-02
1.709752924343351660e-02
1.059215056223648116e-01
-8.145722166342068971e-02
-2.913893051806273893e-01
2.210541385301096340e-01
1.842630250482613086e-01
2.327186050456376554e-01
2.544655122463134744e-01
-2.990053031577075138e-01
7.010862401975831437e-02
-1.187578164832558819e-01
3.670099888930611898e-01
8.090953885736845708e-02
-9.910904109494414471e-02
1.478938795160037734e-01
-5.511879958417716940e-01
-2.339142977880547536e-01
-1.722256591157761973e-01
1.979534342813468739e-01
-5.107177052180991716e-02
-1.826792888548884053e-01
-2.700582865711770864e-01
-7.626780812876869653e-02
-2.341206737676416669e-02
-3.392317450267247347e-02
7.019194495383285215e-02
9.917441638402588536e-03
-3.206827727299584735e-02
-4.570652747476460637e-02
4.316715613313401589e-01
3.326234056073665291e-01
8.830696966595372177e-02
-6.241394229791314557e-02
3.811457217884864357e-02
-5.886588452512672709e-02
1.137415820076477929e-01
5.273017129661509289e-02
-1.508783892395248738e-01
3.536549210727021331e-01
-2.257922603466228639e-01
4.030649637336270463e-01
8.822085374330179697e-02
1.761723390720732751e-01
-2.014101735113338343e-01
-1.007280597942727257e-01
1.155043859088951547e-01
2.749618526245169517e-02
-3.028890373829316585e-01
3.174147703302309526e-02
4.245469895637056790e-01
5.923225479469502314e-02
6.627044331348722062e-02
-9.170602275861650110e-02
-3.769988941522411235e-02
-2.451467093636977568e-01
-1.896913330384061847e-01
-1.218725328956947185e-01
5.803494500538930456e-01
-2.259104387510408110e-02
-3.137479914633560796e-01
4.107913712990550643e-03
-7.277912362727087525e-02
-1.785506806778166811e-01
5.200970878398583075e-01
1.049517993910376729e-01
-1.934266541656774474e-01
1.396715519196272126e-01
-9.810996958901652132e-02
9.179999799834265284e-02
1.091623060779152721e-01
-9.004617481668993062e-02
-1.609116294225637067e-01
-2.075400450704584787e-01
-2.775428106137943773e-01
-3.891774365353790899e-02
1.744060523965335618e-01
2.177439452224709526e-01
1.495188522371440620e-01
3.568446460187700287e-01
1.154469676349089424e-01
-2.301907485182693672e-03
-3.469606219268998593e-01
5.135375033071294670e-02
-2.864451100796251981e-01
4.854458001842573006e-02
-4.894654151792687813e-02
2.121531894466046064e-01
1.386035396361779137e-01
-5.993656271403733360e-01
-1.332860433300505076e-01
-3.609739499216532699e-01
-2.120601180092635263e-01
-2.188345531679577183e-01
-2.071887312328817704e-02
2.473976393655764605e-01
1.267559921957642222e-01
-2.526512863080001003e-01
-7.153712668956609122e-02
-1.193918033880151386e-01
-2.801224960604532452e-02
-4.223733334409817547e-02
8.231531620794046988e-02
-6.833248254158773294e-02
-1.575695186839360940e-01
1.598587619663069670e-01
-7.882002917906761816e-03
2.540033028505145341e-01
-1.921521162347517020e-02
-1.351887232650292869e-01
1.127306128947570402e-01
2.316994287456387025e-01
2.208753306481200107e-01
3.428767012971408179e-01
3.597847137403119566e-01
-1.812951520286440743e-01
1.515701546048780213e-01
5.016535176178988503e-02
-2.120424182831947280e-01
3.923780880903987023e-01
2.722367813217453358e-01
-2.728583745029879437e-01
-1.573580097493071372e-01
1.219245722158881634e-01
-6.830474663659837076e-02
2.600034945491058735e-01
-6.605996480624606784e-04
-2.616918337973684894e-01
2.934446129859424324e-01
-8.429295356364273351e-02
4.451472393224201879e-02
1.458130793323935970e-01
-1.862157488391422144e-01
2.141533689361784232e-01
-8.689176283403343692e-02
9.192190182254697528e-02
-1.118886117649686290e-01
-1.793832450541735513e-01
-1.426665216144749060e-01
-2.461328176945576374e-02
2.607095640675994308e-01
-1.934389950137357650e-01
3.551234725474056164e-01
1.772360619019721917e-01
5.612238957137787726e-02
-2.768667590451576732e-01
1.409936167867805179e-01
-2.464787409946361529e-01
-1.395436723537597234e-01
-1.595047163862569339e-01
1.984927430026629802e-02
2.841870386106613022e-01
1.622241251312125099e-01
2.769704088608353210e-02
-2.024139796134793723e-01
-1.703514352130317544e-01
-5.600317383524541781e-02
9.906450063850855137e-02
1.603804968571943823e-01
-4.577636255349862293e-01
3.618431320592229578e-02
-7.093425318329703300e-02
7.921133519099056441e-02
-3.343190798275453290e-01
-3.282263810143941363e-02
1.572336699368876711e-01
-1.299439218398056595e-01
1.864758765574995591e-01
3.610600957022381263e-01
1.408826672080971953e-01
-2.484155537336002195e-01
1.393595507554782065e-01
-1.591981174322698311e-01
-1.217767262369675724e-01
3.331125604393376377e-02
1.468649121073780650e-01
1.207978492549195426e-01
-2.937473705477182673e-01
2.303550824698812338e-01
3.058905254806594809e-01
3.482819621065570415e-01
-9.172041401037514530e-02
-1.108094785934291143e-01
4.185524824789407100e-02
-3.832640530804175966e-02
-4.593242521876962914e-01
-2.008816877720278476e-02
9.405744926556347529e-02
-1.514030811727984371e-01
8.696767205899014197e-02
1.445910737593141537e-01
-3.017395184198977676e-01
1.784063519796516839e-01
-4.912756068999635239e-02
7.801983936383180551e-02
1.917760415310222066e-01
3.022530682899479126e-01
-3.848744404174659905e-01
-8.476716477960097307e-02
2.665778499064841434e-01
-8.349408596122442905e-02
-8.562971082886544627e-02
1.760507922616287579e-01
2.197175448821339083e-01
2.319909241561640342e-02
3.443901993364799075e-01
-5.665743745470711024e-02
2.153603424378272291e-01
-8.012242002377731320e-02
-1.550465600187825588e-01
-1.479144960061850589e-01
2.039087363721139162e-02
-2.061119682852416424e-01
-2.159595905390732373e-01
-1.478088347613609466e-01
-8.425195958592100742e-02
7.581733725985885519e-02
-4.341537387020438787e-02
-3.697986220306971605e-02
-1.534737182441771597e-01
8.002092431006833928e-02
-2.309478389195554204e-01
-1.902384239136261923e-01
1.175568000036490701e-01
-1.252108147316144948e-01
3.365530153649890499e-01
-3.545842773827502792e-01
2.588738428791387963e-03
-2.086513853313125000e-01
4.271397344744198160e-03
2.202660887787558641e-01
3.838565406673993818e-02
-2.440857348735613330e-01
-8.290716414759606578e-02
-3.238013669605024902e-02
7.165763173567903099e-02
6.220386483101899427e-02
-3.430741170354670994e-02
7.934785684119269322e-02
-1.147994461329530508e-01
1.226308413454089280e-01
-1.216029410634634211e-01
1.287258813078601127e-01
4.270044420775818694e-01
-3.290259197552182768e-01
2.020517607837594709e-01
5.567514916230213995e-01
-1.752267438815774125e-01
2.005169591184849040e-02
5.680112451811608273e-03
1.801478353116162945e-01
1.537250264069180417e-01
1.293900963749540778e-01
5.708581804602395893e-03
-2.578709830437111439e-01
1.523010230322552894e-01
-2.628023511223542275e-01
-1.241614457919739956e-01
3.994511515243950872e-01
-6.014469132645877680e-02
1.595772583640553965e-01
-3.475402283624400845e-01
-1.307751909201751439e-01
-4.612040497769270830e-01
1.688948819426632775e-01
1.091783040898646057e-01
-9.848718089376595763e-02
3.353883531330353329e-01
-1.744713649110598008e-01
2.483479476209493331e-01
1.017627244677523080e-01
4.721897478222494837e-01
-7.911396611170699866e-02
6.983439529701404580e-02
2.171642212510275227e-01
9.929170674474654262e-03
2.512239710140722893e-01
-2.251604644244332987e-01
8.189262183462533984e-02
1.083042275653075225e-02
-2.537028044485953870e-01
1.912123084649973437e-02
1.922088171358694586e-01
7.197899606745199446e-04
1.851219967774752062e-01
1.058046671967255159e-01
-5.226723596470282673e-02
-3.657413760963009186e-01
-7.840277664180553274e-02
-1.846384906445960594e-01
4.433034211214964548e-01
-1.169580865786514073e-01
2.961700704623407843e-01
-4.151797143045802413e-02
-8.513854821403600559e-02
-2.886637884546131017e-01
2.471272888072523766e-01
5.663262077172736414e-02
-3.883285554707448933e-02
-2.099877715394352640e-01
3.174757163334990806e-01
-2.401642282066036027e-01
6.498031334977852347e-02
5.620439082124489144e-02
2.519674233968858257e-01
-2.297024143186541037e-02
-2.934370707539337708e-01
1.556500811774228499e-01
2.572468340742943282e-01
-9.031165651124956756e-04
1.042378922809326230e-01
-1.042836434529887946e-01
-2.422406241787205816e-01
2.144767531254327397e-01
-5.493518434311144699e-02
-9.009220983698934537e-02
6.489595089363416058e-02
-3.619851946244517227e-01
1.268221857062483970e-01
8.129903086171433313e-02
4.743071198250166098e-01
-3.398567996006508773e-02
-1.040281909733260790e-01
-1.481570844869052050e-01
1.843652423957638786e-01
-4.500729729852139677e-02
2.520529569753337529e-01
1.623138471938783134e-01
2.438175593077550052e-01
-3.049643407343841095e-01
-2.587342005059351524e-01
1.981072563218593818e-01
-1.701838723843616397e-01
9.577563646788996021e-02
5.393889887308448566e-02
2.138602748572769052e-01
1.958644001862821504e-01
-7.612395140513479597e-02
1.321788792918757449e-01
-5.346468925762227764e-01
1.261386799736378406e-01
1.628844912947172846e-02
-3.745359384054242624e-01
-7.157018461159292411e-02
-1.564448922985875456e-01
-9.214959742208443660e-02
1.512597217459269632e-03
2.978823664463876031e-01
1.002688624304777232e-01
7.611499586921255389e-02
-1.224119997848295560e-01
-1.598327388208014288e-01
-4.291625149202637352e-02
3.472172365894016233e-01
8.819384299672583527e-02
4.983445348710787148e-01
2.263721861292480320e-01
-1.366560155469622173e-01
2.427536118539039833e-01
2.647573911440429528e-01
-7.852799755625455846e-02
-3.152932056354990631e-01
9.587620642508583313e-02
1.224613545528587949e-01
-5.615339517995242280e-02
-2.069076391763129408e-01
-2.643028667475885163e-01
6.178347789849817501e-02
-3.081290749938578322e-01
1.793542070253235088e-01
-1.627305539535369994e-01
1.810516011625116009e-02
-2.612450203169799576e-02
-7.934863629562380338e-02
-1.853232773888597307e-01
-6.002347146055572735e-02
9.932543826650661045e-02
-2.397728902311136723e-01
8.414975688487723315e-02
-7.541236094244385679e-02
-2.923057790076327156e-01
3.935341074699183483e-02
9.840482913846603646e-03
-9.923027753845273247e-02
-1.264162486424568466e-01
1.896541456586563201e-01
-1.042209104900655992e-01
-1.643000829773553217e-01
2.131983712728458269e-01
5.888588032337938732e-02
4.469754756345381552e-01
-1.089685744551448787e-01
-3.305127954196782070e-01
5.844543720439132617e-01
2.879420528393470957e-01
-1.465235847419966153e-01
1.189594137233171700e-01
3.319940434641271976e-02
2.298461152627365167e-01
3.150705645767694074e-01
-2.565208777078889502e-01
1.457316108894121942e-01
2.043785608654047903e-01
8.234459706579604077e-02
1.723191447977581170e-01
2.666038163242350767e-01
-4.128221111467596238e-02
-1.095736109438289474e-01
-2.011068100675528561e-02
1.741551668512800188e-01
6.478815190282669056e-02
-2.391332587153300049e-01
-1.508543667208950001e-01
-1.330766926901727487e-01
2.980700098897156106e-02
-1.717523992916417108e-02
4.626546014590556810e-01
-1.052327288499951830e-03
1.335544960838066508e-01
-1.302562116159483030e-01
5.588113661346613692e-02
9.007651992501621019e-02
2.568160178958342477e-01
-1.390028492745426503e-01
-2.644246154770992993e-02
-1.883036301056270623e-01
7.465042907221225432e-02
-3.148428501748559705e-01
3.524056705623022090e-01
1.210185085122457566e-01
4.947011555670912664e-01
-1.851403163522581108e-01
9.141725280485922533e-03
-8.408843196730722558e-02
4.182079276035338689e-02
-1.267561138668716891e-01
-2.599013811013790032e-01
-7.188745170719633426e-02
3.739199847773069102e-02
-4.618141713629402706e-02
-2.321881564355608718e-01
1.355541016621635009e-01
-4.167365999221557815e-01
-1.397085066163724406e-03
-3.264607290458135802e-01
-2.716600988090457913e-01
-4.357843719059584925e-02
-7.917753851507970675e-02
2.077044906904534083e-01
-1.783142626881364101e-01
-4.988828006512979751e-02
1.726849657659223491e-01
5.962557603545914908e-02
-5.518845130659728350e-03
1.013894690805628579e-01
-4.382915546186887945e-01
-1.269935575903643754e-01
6.556967867606229294e-01
4.888279900300298020e-01
2.743810615654999063e-01
-5.399723349047941962e-02
-3.845319140976519775e-03
-7.023675406228239472e-03
4.621813481203300156e-01
-7.554483398864100807e-02
3.720333070845786017e-01
5.630625226165998365e-01
-1.917980147486647857e-01
2.844109334023494084e-01
1.196003235818424507e-02
-2.637278683928554468e-01
-6.472523599353895152e-02
-7.940528920115208500e-02
-2.175077286139331656e-01
-1.426090357461829994e-01
-3.886355740248718660e-01
-3.711167420054968802e-01
-1.901708703411075230e-01
8.430666979489016832e-02
-2.325273563900834839e-01
-2.875785539511775332e-02
-1.369323366632860597e-02
-6.621430183822687998e-02
-1.118852912720287411e-02
-4.534954059500984763e-02
-3.860598225866186950e-01
-7.448195052072710542e-02
-1.596535501544270041e-01
3.279995825859012559e-02
4.367372924390833244e-02
4.147285578548437490e-02
-5.356416240231481191e-02
-4.870075243828933531e-02
-7.092293957263852422e-02
-4.603522284991465319e-02
2.318249516929419066e-03
3.763036628234057157e-01
3.126756450769552220e-02
-1.039078780824680553e-01
8.632752905976957825e-02
-7.639643499720525158e-03
2.161148695319287660e-01
-3.212900635469434496e-01
1.235036691318297866e-02
8.861160166629770962e-02
6.763185318218005448e-02
2.120003622723095060e-01
7.843478670792952689e-02
1.167395891114428874e-01
1.370108526673952110e-01
2.549206440657359463e-01
-1.338625592905382800e-01
4.987104295300045509e-01
3.197177668911694859e-01
-1.040814357521743644e-01
2.156579660018584366e-01
-3.750879576807766291e-01
3.900573761484847357e-01
2.839764225159608912e-01
3.128666928395169161e-02
2.136133639555703179e-01
-3.258278708290363590e-01
-1.461716344821877844e-01
-1.535622790537039851e-02
-1.173416949801074916e-01
-8.392240549987082382e-04
-1.674309738981413775e-01
-1.815856634662164903e-01
-4.687795714826666765e-02
-2.358457781198312619e-01
-2.569513453166371100e-02
-6.525714042988541019e-02
-2.161949769856442646e-02
1.231073384556796019e-02
5.176396878994040524e-02
6.581874617063655786e-02
1.287496781560741772e-02
-5.022411488259410917e-02
-6.485383728684983307e-02
-1.070917954643374748e-01
-1.412836217040459863e-01
-1.515740086415575671e-01
-2.554665495543652631e-01
-6.770493247860673303e-02
-4.917598901954054608e-02
1.020351981981954849e-02
-1.244897922445829946e-01
2.067574407514850832e-02
2.309249229847430002e-02
-9.607549653795162403e-02
9.835145777736421790e-02
-3.014338648325251557e-01
-1.382938178634961490e-01
4.173243007259814230e-01
-2.622563819455241418e-01
2.227242028765780701e-01
1.558435342488103705e-02
-2.261410865084577115e-01
2.931070489779400434e-01
1.860301209603074934e-01
1.429803332127845550e-01
-2.381127058863193868e-01
8.872592513896025712e-02
-1.137691303505902335e-01
2.613037049420392430e-02
2.397853405271757610e-01
3.473756256543304444e-01
-4.274478364050503243e-03
-7.477707895532602345e-02
-9.380931112934211280e-02
3.816394724304728592e-01
-8.864303648198526564e-02
1.344318960131119789e-01
6.856191886139926389e-03
5.545090788852272690e-01
-3.350371003301723660e-01
3.674097179812254588e-01
4.661457925285868859e-02
3.996810648080589140e-02
9.706980751076525749e-02
2.345063919921452356e-01
2.252992193117543673e-01
-1.579765952441113674e-01
-3.118912486618741209e-01
1.426049119249959279e-02
-1.289376290942690906e-01
6.758065319573133833e-02
2.746143812595979727e-01
3.290161751271807045e-02
2.658020812149943790e-01
2.159056791935835828e-01
1.927593207511975326e-01
5.003748713681959170e-01
8.521275629174124289e-03
-1.026550104381641904e-01
-9.184000804779852978e-02
-7.862943718605185095e-02
-1.596523993519661025e-02
2.773412234332164328e-01
4.474698462776879361e-03
-3.444445111690893069e-01
-1.502113707912893226e-01
3.270801744956237933e-02
-2.532008692089384727e-01
2.573080106747411416e-02
1.287283154550171449e-01
7.760112808586794308e-02
-8.733710411776252069e-02
2.110936796779067093e-02
-1.535138728217192439e-01
9.539022445122565409e-04
-7.089423028608221600e-02
5.906814015584805830e-03
-1.065587738595920181e-01
1.174139449519962936e-01
-2.665546838026607857e-01
-1.774194217093566506e-01
3.095194929255581928e-01
7.182668122197903571e-02
-1.758437894310368177e-01
2.314272286771455467e-01
1.971862005085148473e-01
-2.747310685614519077e-01
1.106516518959097667e-01
-3.398657407530277785e-01
-2.451746731146167146e-01
1.851626035475118504e-01
3.841327852361575007e-02
-2.249279693432670868e-01
-1.870107588338949522e-01
4.739437840790781675e-01
3.602794315161651495e-01
-4.805141113392715768e-01
1.401871888626953777e-01
-9.746260353658496578e-02
-1.842647681101307333e-01
-1.978493267296901337e-01
1.649542568455069358e-01
9.984694603877625196e-02
-1.431631119817566300e-01
-5.736639174738653729e-02
-3.282447044568254091e-01
1.352417509317150046e-01
2.662347756790264253e-01
-8.075369826739413337e-02
-1.687426204470892643e-01
1.109728038513277393e-01
-4.093828850290735788e-02
-1.350283879061603930e-02
2.858792940063887289e-01
8.749185160137558370e-02
3.721231818868676600e-01
1.562540707516247018e-01
-1.514918285791721220e-01
5.727308590674133615e-02
-2.293351941693917984e-01
2.632418717605145564e-01
3.218424495513469985e-01
-8.999890530829376956e-02
1.057079262633044137e-01
-3.513743250184396261e-01
-5.290243736843909528e-02
-4.697024060225559600e-02
-2.124928898867265437e-01
7.403341505987527660e-02
8.741174146255756283e-02
-4.819997472822337009e-02
-1.392290942700200873e-01
2.666865091596631876e-01
-1.113761703000690079e-01
1.828379763997928231e-01
6.366007137916307457e-02
-5.014165046722499075e-02
-1.531543185362075621e-01
-1.861627030568761276e-01
1.333957554275446156e-01
-1.406456204211445436e-03
-1.597621219023786787e-01
-2.546116022370195978e-02
-3.548913915880531900e-02
-1.662598430194102417e-01
-1.369043418386636235e-01
1.621009383226905687e-01
-1.252303035500624273e-01
-4.353499720600892964e-01
2.442767987283703812e-01
6.669023987697225708e-02
-4.938883312019403671e-01
9.466448270304779131e-03
8.225143198771517339e-02
-4.564687973235079937e-02
-4.681892814334952246e-02
1.497821523173401559e-01
-1.877342350436177476e-01
1.452421096530507050e-01
-4.453081242268695505e-01
-1.868081794541001650e-01
1.319360620396930750e-01
5.747958851626345789e-01
-5.842126366072707133e-02
-1.009746947183844112e-02
-3.469847973319007406e-01
1.697272539278894266e-01
4.550093638143976604e-01
1.378695547579783243e-01
-1.359051303113020526e-01
-2.497449458363078592e-02
2.213100535552774417e-01
1.931582777348391511e-01
2.291208485831792707e-01
-2.772801135705539877e-01
2.177509555522879614e-01
3.680930495471388952e-01
1.776414223800170389e-01
8.273146399698561027e-02
-2.631069972132747958e-01
-1.129145697896561246e-01
5.293045706206320894e-02
-1.440410054103944681e-01
2.831928529539594619e-01
1.261360749979270335e-01
3.565592676037208641e-01
1.205808168102241555e-02
2.072055355771455776e-02
1.554892239382359154e-01
2.255940468274647559e-01
2.304390114267362566e-01
-4.939125336143503076e-02
-3.542631304443333851e-01
9.903764758545266500e-02
-4.130645003095315126e-01
-7.437032843676386062e-02
-2.979141582189439100e-02
4.548162161799846476e-02
6.874862049373248185e-01
8.455185300439415144e-03
-1.289608677862433272e-01
-2.616628348202551524e-01
-2.084971483956251093e-01
-2.314079689273086105e-01
-2.137441602048064937e-01
-1.897558802071901418e-01
-2.652309594728236575e-01
2.259085598889093993e-01
1.646888012668624446e-01
-3.364801662985497099e-01
-5.993890666738128647e-01
1.920064612568275764e-01
-1.455011251125616634e-01
-6.058733993410252427e-01
-1.899175191794741369e-02
3.952933849409415168e-01
-2.896963777576274171e-02
3.269481025024223442e-01
-1.931000059309056771e-01
5.409638881227078755e-02
3.573931012676694052e-02
5.426541291336250267e-02
1.572471284504018962e-01
5.033566198442680079e-02
7.375794952253121595e-02
1.034311926273470683e-01
1.217568790737355577e-01
-6.059910213970776116e-02
1.378778559288985073e-01
-3.357452683745124622e-01
1.882842223699139339e-01
-7.067989755276740671e-02
-1.453268118228672745e-01
2.327402871048271649e-01
-1.388859311973294174e-02
1.751199803769681040e-01
-1.195122030573331912e-01
1.701143029599243642e-02
2.188614602319018665e-01
3.416633946750767536e-02
3.612330648438271674e-01
-3.777266410555615850e-01
1.726894296051367517e-01
-1.159965576220473721e-02
-2.072467998118619481e-01
8.078170934091759292e-02
-3.787265516208289662e-01
-8.241655307876270820e-02
-7.905482604670623081e-02
1.894794444781958409e-01
-8.335374070247442146e-02
-1.086482757823480083e-01
-2.616643636157575115e-01
2.929234484412191475e-01
-2.246014785401029834e-01
-8.526939916021156196e-02
-9.184466136748566101e-02
2.041328422312954638e-01
8.040277677430243686e-02
-1.773928060229754688e-01
3.112036396310504105e-01
-1.078369631410973917e-01
4.515231274161662922e-02
2.894137288114639328e-01
-4.712835736069953541e-01
2.384997898135983105e-02
-1.305460720723860824e-01
1.337057190789437411e-01
-3.409088471960480815e-02
-1.147899227408629048e-02
2.211441988145771975e-01
8.999369937485646176e-02
3.136516559211273425e-02
3.798906179514080494e-01
-6.668372274731985960e-02
-3.453666408915983532e-01
-3.134336192433540558e-01
-1.150404780742780575e-01
1.209758706531723627e-01
1.899137413185426615e-01
4.951405422681972451e-02
-2.800945308564754543e-01
3.661390274205602591e-01
-2.093881363675680340e-01
5.151086084478322391e-01
4.128771014079947177e-01
3.999384779127685557e-02
-3.875492092875486017e-01
1.819849384336280629e-01
2.100908549618837051e-01
-2.424621094731772286e-01
-2.061444540345934162e-01
1.086799264645535862e-01
2.868617110241135637e-01
-1.439272438117201458e-01
-4.724496550167637393e-02
2.623651995563443529e-01
-2.380695488423225092e-01
-1.160855197782165171e-01
-1.816504778246902374e-01
2.431139172972479889e-01
-3.493253912544399542e-01
1.190240373746647090e-03
1.636415634018992954e-02
-2.919035450924880107e-02
-2.568917198895493970e-01
7.680459625566503357e-02
-1.272227105309427231e-01
2.154453673224804855e-01
4.362834639275924020e-02
4.481837213616871596e-01
3.302232705215163988e-01
1.289523186214432127e-01
-5.268948367609228856e-02
2.011485654011742064e-01
-1.678011240816277283e-01
-3.326762243946133624e-01
2.317688874827908418e-01
1.027941128149158501e-01
-1.784184052632499518e-01
-1.502742427751789789e-01
3.621938056329829236e-01
4.724251163326348424e-01
2.023437606867470318e-01
-1.905805637340913794e-01
7.059525205362529587e-02
1.305619919411822871e-01
-4.848402782775234066e-01
9.451280306693315980e-02
-8.121947082344893598e-02
1.680212458413443688e-01
3.159238555487639544e-02
-8.624417186924114576e-02
-1.150546067062327947e-02
9.434736000899862640e-02
2.240965994630811364e-01
6.839339991147083686e-02
1.985252784609692622e-01
-5.807527312723070358e-03
-3.441601369959344514e-01
1.460955983166024874e-01
-1.759218253340443794e-01
2.097858472166159727e-01
1.527075829776093630e-01
-2.723075346084696258e-01
7.270411632767728727e-02
7.907044087680505443e-03
-9.922769016663817582e-03
9.696323924739976008e-02
3.543258988062957665e-02
2.121689688596821999e-01
2.265503978422238884e-01
1.180756555051260953e-01
-2.442731528681008901e-01
1.325759307990878599e-01
1.524087481270334221e-01
-2.049815183457776302e-01
2.560860074673476997e-02
5.873081746243301593e-01
-1.652347497624234995e-01
1.315882610710702172e-01
-2.479644729458928623e-02
2.961744342114490114e-01
2.571434013993542655e-01
-6.735652510823952888e-02
1.920355923064117898e-01
4.154000145464634836e-02
1.954520055276348367e-01
-3.486122570662403830e-01
-1.958543500958626338e-01
-2.126134879011791490e-01
3.141078060307320730e-01
-3.227174822166194446e-01
1.640661897386190005e-01
-2.498623363058617430e-01
7.959042371916770541e-04
9.082848243821523004e-02
-1.026886624985963725e-01
-2.587552863948091031e-01
-1.456525067896327907e-01
-2.155971049380955296e-01
1.148436146651522771e-01
1.356209372243018518e-01
3.290938746731632558e-01
-5.333924628797203082e-01
-4.701210912974852774e-02
4.452150230848446744e-01
3.112827939845981204e-02
2.688555103300599436e-01
-3.503945004904573945e-01
-1.067697776224424411e-01
-1.096364786303247740e-01
2.104757579593996009e-01
-9.752502507858495928e-02
3.120532877118958881e-01
1.587904508043548879e-01
-5.052670190773574793e-02
7.796005409883507986e-02
1.435906660437487325e-01
-1.490547737899211855e-01
-4.244404513915064348e-01
-3.368571847794736840e-01
1.453135275020858153e-01
1.432966080052881508e-01
-1.311679878684035572e-01
2.579925294123169496e-02
-1.547094285988274420e-01
-1.478293067181744580e-01
3.946764198252247224e-01
8.535878435864618918e-02
-1.000587847516164544e-02
-2.599681184524544886e-01
-1.703281838714165719e-01
2.758787535739935515e-01
1.420708216444501182e-01
-1.148385165408310205e-01
5.154316086792432982e-04
1.694000900404918908e-01
1.417188942639495408e-01
-1.828273488891618281e-01
1.151294965989689001e-01
-1.891062151006216441e-01
-3.334398295684035674e-01
-4.324143525810203448e-02
2.252135177929927290e-01
6.141568735505075621e-02
-3.173609834659158607e-02
-2.665643077659722235e-02
2.279688878698472032e-01
2.107088081315046726e-02
-1.372123623484749755e-01
1.506796760358400933e-01
-5.537028745423298176e-02
-2.127944556590825320e-01
1.971380414446118057e-01
1.264739487615459401e-01
1.047850328305088147e-01
-8.401891672909479747e-02
3.564911825695099012e-01
1.404246820980486199e-01
-1.242031697783902988e-01
-3.946041234188615299e-01
-4.392166432815870075e-02
1.336390763772153101e-01
2.035804200271594810e-01
1.552336388814058166e-01
1.853060248544451116e-01
1.838230798908794816e-01
-2.756060081911994031e-01
1.696034215688560221e-01
-5.777461244609700952e-02
2.078204164494917294e-01
2.007209212081385863e-01
-4.785383319014184789e-01
-8.886221593553381148e-02
6.771922921847574328e-02
-1.048037703644458946e-01
-5.559163156264691069e-02
8.571540208990885423e-02
-2.036623724216657383e-01
-3.102871568970422822e-01
5.736131494237596551e-02
-1.436870379333552716e-01
1.225714203632569804e-01
-2.685209982768949066e-01
1.194369548151517045e-02
-2.006266871834937529e-02
6.184933418851729786e-02
-2.124239945060870938e-01
2.084732906871728519e-01
-6.904490413536443216e-02
-8.356273147409368218e-02
-2.016358126423746233e-01
5.227237799583454858e-02
1.387657732858751415e-02
1.876881279292147153e-01
-4.192292519628486036e-01
-6.965884032365660117e-02
-6.672821815662968378e-03
2.276550418085846600e-02
-1.199388239299705589e-01
3.051616418076662507e-01
4.946703254731055210e-01
7.229139602246148488e-02
1.000861121340871490e-01
9.936718635757217644e-02
-7.514763750308221801e-02
-7.327458069769635096e-02
1.808559210626858038e-01
8.243756017260099600e-02
-6.949529320690095435e-02
9.551743324062597629e-02
-1.786996379547853842e-01
1.252873839888624108e-01
5.091692349497355108e-02
1.617951407286667975e-01
1.845563681509238829e-01
-7.641894656673388353e-02
1.532332929468059601e-01
1.240795721330365114e-01
-3.044518288418871510e-01
-2.037896725677062482e-01
-5.884897109445869773e-02
-2.513953249495509135e-01
2.989903135628401154e-01
1.012405584008943121e-01
1.997200296569439093e-01
-5.137355952178724455e-02
-3.229259991819423137e-01
3.679172685319223590e-02
-2.927149435743343076e-01
3.157285145550884908e-01
-1.091013968776306936e-01
-1.289798948829098957e-01
1.274740578829888504e-01
-2.480848164108574033e-02
-5.678591889534870263e-02
2.413896572118289785e-01
-1.225017167354625347e-01
3.354790806010053417e-01
-6.551736170134828119e-02
-9.277426592986269538e-02
-4.006869276773544070e-02
-1.999366671880501711e-01
5.967890086459234911e-02
-1.425074688653652222e-01
-2.326699642120786948e-01
-1.234519064572889707e-01
-1.862508662509110569e-01
9.787246772917997106e-02
-2.127573757479361144e-02
-2.607030922811457985e-01
-3.406617312641353756e-02
2.275656229694815458e-01
-6.989821120899196438e-02
-1.056512012578151999e-01
4.183647505014662094e-02
4.145091522184674721e-02
-1.128884361986718793e-01
2.781164895115263193e-03
1.243914729719364370e-01
6.624413404229100022e-02
1.629680086541362150e-01
2.989061292798699671e-02
8.851389544146336108e-02
-1.375575765860974631e-01
3.302640737963019602e-02
-3.604473158829752943e-01
3.062203865466074371e-01
-1.249278931269089676e-01
2.955792640202026811e-01
1.687281401928302227e-01
1.868518013454415760e-01
-1.821859350379994441e-02
2.545366900227743479e-01
5.198807296395960981e-02
2.348061742145524100e-02
1.176626269854664925e-01
3.053908155082586395e-01
-8.866514228714296453e-02
-1.510795468205518299e-01
-1.849940556936796876e-01
-2.638651735927427522e-01
2.795299742649887814e-02
3.591776919542642443e-01
-2.327460990238138794e-01
-4.476218999203204069e-02
-2.528030262754696333e-01
-7.093190467603063820e-02
-1.316984579985392423e-01
3.400839752607837108e-02
2.847006417338210360e-02
-2.252357190825294286e-01
-8.985275457438883506e-02
-2.183793533683681953e-01
-2.186450129896974626e-01
1.284777705389219538e-01
-1.113334043809101476e-01
3.853565310829193957e-01
1.131378811882378238e-01
-3.792770940717151151e-01
-1.731809691457059652e-01
-3.822753068414205813e-02
2.885176626329246513e-02
-3.045956069004023686e-02
-3.032206975222376810e-01
1.523220492798611769e-01
-1.875366442884087159e-01
1.821674316139732658e-02
9.127927629764272244e-02
-9.785890137395328314e-02
-3.803583454923541857e-02
2.176013110595517719e-01
-4.303597391377608217e-01
1.529201870418111231e-01
1.382374434341519243e-01
-1.383790760900085459e-01
-1.543662537509756794e-01
-2.420629353793599392e-01
-8.624528325487562652e-02
9.030579440491504767e-03
3.917504221532821518e-01
-4.967505395703509380e-02
3.509983028083480533e-02
3.223528795543740832e-01
-1.037392472475343747e-01
1.863208067096554926e-02
2.457900625663549665e-01
1.821398220286518932e-01
-2.169225671119838772e-01
3.255145401195678190e-01
-9.923215316047492851e-02
-1.573373767878663565e-02
-3.118670803470491859e-01
-1.816787317324345952e-01
1.736574208009805664e-01
8.935648606651994119e-02
7.713738906311165544e-02
-1.334013885763745966e-01
-4.296748034668574356e-01
-2.874204723180028287e-01
1.331306968954114600e-01
2.386067729116706782e-01
3.441388176929120312e-03
1.263364983663798624e-01
-1.643788580798790921e-01
2.431296638943962474e-02
-4.931364844584689711e-01
1.361553900722027033e-01
1.444103085513124274e-01
-8.393013775650076669e-02
6.641053118424247725e-02
-1.684254747168704713e-01
3.558560826337002769e-01
1.942719204205545502e-01
1.453607871424726083e-01
-1.010758198164603966e-01
-1.443742597867516131e-01
9.972826988106221757e-02
3.680682857190198387e-01
-2.280614343323384141e-01
-1.683489945349427030e-01
3.115942753583694214e-01
3.116260461882845445e-01
5.800239402747652678e-02
-3.369342662910619346e-01
-7.118486709935747947e-02
1.954843759474717557e-01
-4.029566184602572515e-02
-2.106339842853579281e-01
3.734886663939074314e-02
3.964514436790712859e-02
9.430104840625372353e-02
-2.510751108973260370e-01
2.530054784133431989e-01
1.844530545788523879e-01
4.296524962754807997e-02
9.217209204874035611e-02
-1.573327411490185179e-01
1.558542910303883089e-01
-9.995456499997089350e-02
-3.294496782573208549e-01
2.965641706486860096e-01
2.667742567349996041e-01
2.182404834256033155e-01
1.966300618719687976e-01
-3.711291740907180642e-02
3.927068390090345806e-01
-1.995483097987818810e-01
1.712427092666644890e-01
2.061643988101550529e-01
6.179927680154925426e-03
-1.870549278718399711e-01
-2.007375567639811120e-01
-1.786509191078433367e-01
-2.367729160760386198e-01
-1.527646740500157585e-02
-2.091557532424555277e-01
-2.675244870384187873e-02
-7.411257881233987432e-02
1.266966216463730477e-01
5.235787956180802671e-02
-1.446625331436696693e-01
1.673758791612319219e-01
2.750059802959390343e-01
-1.236098805731001768e-02
-2.277460127026297021e-01
3.652485396227732606e-01
-1.170027812018304414e-01
-8.531839497495159741e-02
3.453291817778641332e-02
-5.165523895205268584e-02
1.001781312109027537e-02
2.173358616358903872e-01
2.393553130057624739e-02
-3.239769071323339144e-03
-2.200072195235201200e-01
1.572264634635034963e-01
-3.570593480659565722e-01
1.258664641957062402e-01
7.903335435513886287e-03
1.893117860307638387e-02
-2.286236557741658237e-02
-1.576121899234778079e-01
-2.324178287842651458e-02
1.289246646119228956e-01
-2.129478644518282560e-01
2.069396250443353569e-01
9.849818304721971382e-03
-2.046449978210647669e-01
-1.246791813744752425e-01
2.436221947806230803e-01
2.207420681899745496e-01
-4.082730566685942031e-01
-2.579450070039185916e-01
-2.411152812622750774e-01
5.640599955890918810e-02
-1.507914548022302459e-01
-2.264432857666577870e-01
-1.527225356420165159e-01
5.687273358640797943e-02
-1.961487015280240775e-01
2.185183937887378025e-01
1.928164248082250842e-01
-2.642515931707116184e-01
3.509234613452311691e-01
-1.926219750687080956e-01
8.235627514736261479e-02
-2.969969944661324246e-01
-7.261217573715256224e-03
1.366432189872721914e-01
3.619515372762435734e-01
2.921459632760748937e-01
1.805920803067364855e-01
4.375423710691240253e-01
-3.375714883221455492e-02
-7.176109576892612807e-02
-2.506232432314244307e-01
9.710494035650198141e-02
-1.688251949640613980e-01
-4.073653683953884497e-01
2.444899460444494368e-02
4.912907596311496539e-01
-1.045267673813812109e-01
-1.658566861109638524e-01
-1.349793711947827879e-01
-1.573691746086114118e-01
-5.464646470176636600e-02
4.623966876277988552e-02
-1.961279935314111100e-01
2.754660980467751874e-02
-2.083990892178096133e-01
1.826034336045328221e-01
2.563436710797497575e-01
-2.744381260624493835e-01
-9.987873492306081902e-02
-6.279421432619868015e-02
2.889009930876177412e-01
-8.099231144679848449e-02
1.724588370232166268e-01
1.220045444513072896e-01
-3.710610145995686671e-02
-2.038574066770120208e-01
4.101468476176468592e-01
-6.098787541832977749e-02
-1.051601635578984090e-01
-1.842079037446768541e-01
-2.311772015461132923e-01
-9.011094561207524944e-02
1.650813986135334366e-01
2.654715640233987553e-02
-2.025349858908099543e-01
2.243376777689068124e-01
3.502702261669020378e-02
-1.109355339727303852e-01
2.562477586301411744e-02
1.710841563451524217e-01
-3.218347677616342772e-02
1.975206055591340881e-01
7.217345412993499132e-02
-5.127755140747036755e-02
-1.384161123703706586e-01
-1.586484074995428151e-01
-2.582367146615754394e-01
-2.563833231307181548e-01
3.373695918609163902e-02
1.073744650474735413e-01
1.733659655679705433e-03
1.837361548031218039e-01
-5.775748158960428147e-02
2.350519001017976894e-01
-6.527880774882174886e-02
1.296996418722830280e-01
-2.163822328620821911e-01
1.119285783728487943e-01
1.804490722871987807e-01
-2.127676690729359554e-01
-1.952522456968446840e-01
1.162652408482295480e-01
-3.669336765872279194e-01
-3.504483630297185182e-02
3.593661611906184133e-02
1.373283451970426228e-01
-2.922171285839635368e-01
-4.078299050521764224e-01
-1.226904289398206560e-01
-3.334756617641306820e-01
4.908386450548086755e-01
9.465252605929591612e-02
9.575511048761602270e-04
3.968881007212495676e-02
-7.972633655988742296e-02
-1.178850108093066062e-01
-5.167371459309513804e-02
-2.907419644387868596e-01
-5.058104856854889197e-02
-4.837470230985588954e-02
-5.879680207043619378e-02
3.153250266522087952e-01
-2.648291346769333643e-01
1.823501750555721612e-01
5.400555632746304596e-02
-3.102168255404114117e-01
-2.940182242560188813e-02
1.255154092526013787e-01
-5.178571775773760377e-02
9.278477418646412234e-02
-3.477995442944382676e-01
-1.941380504557874698e-01
-7.334568687031206569e-02
-2.540381203573194302e-01
1.927280640657629829e-01
1.514851922242891891e-01
1.888434480669373416e-01
2.788215563299256128e-01
2.579282242649642010e-01
-4.223030677697543478e-01
1.543745339075740519e-01
3.506433758004957046e-01
-1.546083861569177709e-01
1.752647224851543728e-01
-3.805329004610470411e-01
-5.917208146207814101e-02
-4.621966006191275539e-02
-6.648284736519323446e-02
2.374698309030143922e-02
6.040072360962858017e-02
5.147786031448223776e-01
-5.197515612624596937e-01
-2.503607297113216723e-01
8.939350859997646434e-03
9.566433565884137347e-02
1.473760995592109380e-01
-3.994405750908226055e-02
-3.503341960682028466e-02
-1.186772785834293159e-01
7.245304263162037628e-02
-5.515267036198100437e-01
1.297413355320735373e-02
2.077305542691101556e-02
-3.669160019935410744e-02
-3.172537381102433218e-01
4.441579370289452933e-03
-8.916065170879601542e-02
-3.838682197054603118e-01
-7.574550907388710730e-02
3.768751940440985271e-01
9.965574112602722245e-02
-1.413248960686624700e-01
-1.411261808144252394e-01
5.765975143637609712e-02
1.728607199323883153e-02
-2.297461659407652457e-01
4.297670107677312862e-02
3.626712246592063149e-01
2.891868180640369546e-01
-2.569118103474229420e-01
-1.244141937602489117e-01
6.785839939762226825e-02
-7.738716135344998748e-03
-1.363458773088795928e-01
2.917822355858323835e-01
-7.655710665050409480e-02
-8.889374787438422687e-02
4.453473900171418531e-01
3.927936770895780749e-01
-2.093931502153403290e-01
-2.429563590874245227e-01
3.548504265693826487e-01
-6.335784481291945221e-03
1.862131119570407251e-02
1.767843297662284041e-01
-3.278675069596679315e-01
-1.014411081635548662e-01
-9.959170873151301090e-03
1.870631700844150591e-01
4.220425070110515875e-02
-4.828942183695607987e-02
-7.408510957122037277e-02
1.990480019665173683e-01
1.919060712108834610e-01
1.317199957918370190e-01
7.912325569830780392e-02
1.496452464744613964e-01
9.125696330933864842e-02
-1.403204621934886487e-01
-1.791256649549499008e-02
7.621102655163780257e-03
-1.255954025983095357e-01
-1.550368198989397206e-01
-8.163349321541001069e-02
-2.993897364901096925e-01
-5.595646677480625025e-02
1.317099352793733510e-02
1.564018388728884712e-01
9.671258895583222104e-02
2.249026669845946291e-01
-4.692824170203436229e-01
-4.020797987183878479e-03
-1.840931231326758954e-01
1.504562092431522809e-03
6.188873461801327330e-02
-3.595627873764696558e-02
1.528467325405181987e-01
-6.498065241632514089e-02
3.032140449156685985e-02
-2.731053916787680707e-03
2.719962685468108043e-01
6.569204832972531938e-02
5.886375477764073383e-02
-3.204537105563363131e-01
-4.969398428428662556e-02
1.599035677512785636e-01
-2.682891567139788491e-01
1.182977781494014974e-01
2.853258776700829946e-01
-4.225108950419277989e-03
-1.006257221162948634e-01
-8.454782777287447176e-03
-5.029748099430816216e-02
2.060829559266262878e-01
-8.275148975359994385e-02
-1.986417711619849896e-02
5.486808309324703314e-02
2.010466091164354596e-01
-7.789150883788314127e-03
-5.527254105188734307e-02
-1.972850575568385612e-01
5.453036747213597935e-02
3.075275518507587513e-01
1.197781037100062729e-01
1.352496069742311624e-01
7.276524110686861078e-03
4.073018453526492944e-01
3.299081121281291495e-02
-7.674008650804120405e-04
1.073870145096551126e-01
5.499045553186277663e-02
3.668910378319039101e-01
3.028019455178201577e-02
-1.764166869844853991e-01
-5.650259564855549810e-01
-2.020576747381402083e-01
-1.264382877469222566e-01
1.211594246404539138e-01
-3.170210180126736277e-01
3.025464988279293888e-01
-1.862117615609517329e-01
7.878705416893952429e-02
3.418102140790381382e-02
-1.185186266295748352e-02
2.348357106778250214e-01
-7.805172079391747841e-02
3.986668377605837033e-01
1.529667880264712065e-01
-3.134906123106138698e-01
-2.152415966436864447e-01
4.876391451880523337e-02
7.289830734871513562e-02
-4.848216135207861210e-01
-3.408484686952846232e-01
-3.106492798558240231e-01
-1.727782513389610752e-01
1.833655705337119690e-01
-1.765531563234881141e-01
1.263711178289364245e-01
2.198894683327106414e-01
3.432952392628201288e-01
2.572112439208393275e-01
2.167757009379194522e-01
4.811425607266983651e-01
8.688026248933508611e-02
6.958853970454602356e-02
-1.186056451770830106e-01
-3.093157809961784646e-02
4.829076944650289582e-01
-7.849040347446609167e-02
1.192957407556590604e-01
-3.702231410268841307e-03
-1.860258688833098528e-01
-1.097677327850490603e-01
1.381658821461913822e-01
1.356383036521673913e-01
-2.125575203220980702e-01
-1.828622080917858828e-01
2.432522887469543704e-01
3.663925150130531994e-01
-5.474856029757532022e-02
4.435681788675318454e-02
2.222429782577043933e-01
-8.856111039915796901e-02
2.335565296860115381e-01
-2.236170034311616983e-01
-1.223311094242733252e-02
1.739442755139902763e-01
3.747180929081085909e-01
1.833557561747865827e-02
2.184656297188322105e-01
1.119422863437017218e-01
2.301754489607654719e-01
-5.242717235988794133e-01
-5.193752180107075872e-02
-4.324073372298387619e-01
-9.779646233539415756e-02
4.368550429708014660e-01
-9.765073143883913620e-02
1.907990337081949192e-02
1.048900705564142222e-01
1.329113542778976309e-01
-1.196465807607405285e-01
-1.284481653829656345e-01
-2.680213915644996669e-01
-2.290565318628074998e-01
-4.750603181115334306e-02
-1.326111782464216293e-01
3.428803689455686143e-01
1.032463426233309473e-01
-9.608894628937962590e-02
-1.480875899146523456e-01
4.527375600674859307e-02
-1.937329440332751784e-01
7.579314075169801823e-02
-4.705199182059865426e-01
7.960463386714840273e-02
3.181224242507442734e-01
-1.913269193345525998e-03
4.129378958100872465e-02
-4.297432016470796312e-01
6.822715181076068058e-02
-9.327318805827213358e-03
2.164259545407847540e-01
-2.087169825814475799e-01
-8.684366413229045387e-03
-2.296238464728875828e-01
2.128585328954135311e-02
1.763778278242706943e-01
-3.918889502088429011e-01
-6.816051093204766875e-02
2.014282002659182474e-02
1.366372508881872339e-01
-1.525137834080693977e-01
5.270498679326844627e-02
-4.090452437759843352e-01
1.597879130164357453e-01
3.195268622429080496e-01
-1.511781594009714014e-01
-6.324527249594930067e-02
1.421497367061926899e-02
-1.295702542537781506e-02
-3.688004338489143663e-01
-8.447449734670983701e-02
2.324622569379063974e-01
1.740531281518598872e-01
-6.512282129394166008e-02
7.674450819185037187e-02
-2.912445607078440468e-01
-1.723627857461632884e-01
-2.033818957895260349e-01
-1.836950972560412731e-01
-8.846194936369905504e-02
2.392184210204109929e-01
1.983922993760267039e-01
1.691486881998545966e-01
3.606578949915749677e-01
3.081297245689399583e-02
2.811370058622882917e-01
3.634790336235447783e-01
2.741474651853862965e-01
-9.592373877658713632e-02
3.068350153701628891e-01
-5.363372250232344429e-01
-1.110685803609276351e-01
2.168568145536638458e-01
7.380060688943604341e-02
9.869908279511993565e-02
2.904293426755867324e-01
5.439241357347903566e-02
-5.626722521675451422e-02
-2.687457184988072401e-01
-2.551045053313415467e-01
-1.732333645330134952e-01
-1.481069866164374249e-01
-2.949116398703132691e-01
-1.593278668728179970e-01
2.214983413554039507e-02
-1.747754583515993831e-01
-2.978034101277574064e-01
-4.246031019480931423e-01
-2.274560188116960813e-01
-3.699437649949116058e-01
-8.795495450278574545e-02
-2.320407582434691751e-01
1.287939804890454081e-03
1.531760267082479532e-01
-9.396066127927135692e-02
1.884430680131739810e-01
-5.116619920285959966e-02
-3.774976735026130958e-02
1.087278406591829366e-01
1.030537024851272548e-01
-3.227900027523936816e-02
-2.883294785946260430e-01
2.021310168254246975e-01
5.487095406394267710e-02
2.207654976894193599e-01
-1.232617394734534660e-01
-4.646071990909762528e-01
2.831457413548723601e-01
-6.204922197079413421e-02
6.935572222487026983e-02
5.777778622188362023e-01
1.186669868576428200e-01
-1.755145824552774014e-01
1.793727763411854803e-01
3.222720172204495692e-01
-9.711615330497792853e-02
1.007749028197231222e-01
1.747627111445275994e-01
-1.715549721491269608e-01
-1.332081507596787895e-01
4.483032933680984600e-02
-5.257636536773682145e-01
4.726551291099232999e-01
5.986455715935198180e-02
7.809884497060895492e-02
-1.045701449855600089e-02
2.202871549371462900e-01
-1.889714612034390229e-01
3.072211297002001573e-01
-3.539931345418481645e-02
3.533830877414003702e-01
1.839622698393601485e-01
-3.593550019767929177e-02
1.857959629554200576e-01
5.838331928363095502e-02
-5.683458352753223419e-02
3.368723155277298931e-01
2.081451712988905411e-01
-1.153076978371264799e-01
-6.814314578173463754e-02
-3.841810735692139378e-01
-6.316023496732792175e-02
-6.182467658700391971e-02
-1.720862850116278986e-01
-1.319565859696803234e-01
3.675895011479089758e-02
1.306112692604324554e-01
1.943491192357512665e-01
-3.287212961703750436e-01
-2.221039897136388441e-01
2.502179248232257458e-01
2.105581318692316961e-01
1.177244701143218830e-01
-1.525674662090498734e-01
-3.256184692187462093e-01
2.096338032684231800e-01
3.176233708049489568e-01
9.653554965405292121e-02
-5.955627134896450793e-05
-2.492982020640003848e-01
-1.743069869327130428e-01
2.187666335543689278e-01
2.304444333917655408e-01
-7.959078907168865014e-02
-2.075239876965295424e-02
-3.203011139453973977e-01
-1.266740533009212410e-01
-2.735633173484608993e-01
1.008381184178563789e-01
1.308654756424706689e-01
-2.366421790876484521e-01
-1.676702572882382003e-01
1.274983538588478349e-02
-4.732678708666983036e-01
-1.385389988576723186e-01
1.232401352273003459e-01
-2.251510849061961195e-01
-7.841373421265913912e-02
-5.333612130209194196e-02
1.974834548133274081e-01
1.751859268740134090e-01
-1.668957228016040850e-01
-2.023241027300562711e-01
-8.782719135775474140e-02
1.947396086022188944e-01
1.060397304014339681e-01
2.206707134495369538e-01
2.862372621227976532e-01
-7.966161856725259560e-02
2.165613445217977329e-01
-1.031992363261395457e-01
-2.129548632992775137e-01
-2.780057827029139284e-01
2.056838767769620935e-01
-1.769121613967879481e-01
-2.964470240467100837e-01
2.538858602316934610e-01
-4.057347559000020615e-02
1.324911283991125066e-01
-1.391849684184095493e-01
-1.310182090436134150e-01
-3.954445811122649368e-01
1.782241648287006541e-01
2.690315911846046237e-01
-3.375142709570215505e-02
2.021856146320321623e-01
-1.353519736137693830e-01
-8.801693625033217561e-02
6.548228730352061155e-02
-1.502166453572651161e-01
-2.118976104313100017e-01
2.677157742375050470e-02
6.099639043740901628e-02
1.272301827884947389e-01
-1.389919807828095544e-01
-2.865418821660147275e-01
2.258611917281167294e-02
-3.241036184706261314e-02
-2.189922213766606340e-01
3.127989599295605272e-01
1.940544480558631102e-01
4.638771198247683414e-02
3.608358919176141710e-01
-1.890390317770917344e-02
2.324882647521856749e-01
1.351255246379310659e-01
-1.841428064334939552e-01
2.391234353405142510e-01
1.479899443923959057e-01
9.670712630078762140e-02
3.527274662928522320e-01
-1.139556721464682343e-01
-5.193332368939916899e-01
-3.028790318421525213e-02
2.119257313167970669e-01
-7.540046948832099249e-02
7.087814390173706458e-02
-3.040178893395772963e-01
-1.249340945289851602e-02
-3.383588929347502994e-01
-2.273385216148860188e-01
-1.699596764494774592e-01
4.492172984312823858e-01
1.028396525452664051e-01
-2.108417751874131774e-01
4.505265935736448013e-02
6.732588029338912317e-02
-5.417231903078316424e-02
-2.428472899007021735e-01
2.682938676882755114e-01
-1.462868404865281802e-01
9.827796775002992091e-03
-8.078891091361128929e-02
-6.693135746327658064e-02
-2.504429681740245606e-01
-7.007494652227025389e-02
1.569076416617063222e-02
-2.472124652305725256e-01
-1.542775742502675851e-01
-8.131675725661813292e-02
-1.640846325709899856e-01
-1.685081422286163200e-01
-2.309535971856882253e-01
-1.171449671834462053e-01
-3.691541731368310625e-02
6.145136058415958530e-02
3.992915670927053573e-01
-1.594470800352102702e-01
-8.899014471051469588e-02
1.991518468691330299e-02
4.571222649695770579e-02
-1.777888594275604528e-01
-2.114541407633853398e-01
1.988664682274850493e-01
1.034668356768564251e-01
-1.013314002506050387e-01
2.148360067995583600e-01
-2.279269327721949734e-01
-5.500314609926710424e-02
3.782946094221363298e-01
2.965952287841606624e-02
-1.323474946726704016e-01
2.903422241767322776e-02
-6.261326089833987038e-04
1.907124295810466719e-01
-1.662786101346693801e-01
-3.852302691234825716e-01
-4.165908216186197111e-01
-4.129834805009290899e-01
5.142928004509758622e-02
-2.970153633882804955e-01
1.048459677955154989e-01
-6.487294913258265239e-02
-3.537853132035468362e-01
2.746725433808368533e-01
-2.290785586764556014e-01
-4.557117192558824553e-02
-1.498326816680332907e-01
1.793786637130422024e-01
-1.495471846190777609e-01
1.037926519922628132e-01
1.878423781877685550e-01
1.976765782324935716e-01
1.311005925905319447e-01
-3.886475397967444900e-01
-1.562819160408170649e-01
2.302528118548596292e-01
-1.583965722913786844e-01
1.101643686698656477e-01
1.721366713191508357e-01
2.368364585170399383e-01
8.450596495763153249e-02
-3.439148336944910511e-01
-3.456111482663656170e-02
-5.537325142147164758e-02
3.796009422709681891e-01
-3.888321523445872896e-01
4.543069594894740687e-02
8.485440644249248043e-03
-3.340403324599529600e-01
-2.555148010511212320e-01
2.114534899359811204e-01
2.290929007365629655e-01
-8.077816547591744334e-02
-1.379361775317002881e-01
-5.158659573398274856e-02
2.849432640572035491e-01
-2.198264571229797959e-01
1.006981731141406294e-02
2.689503904421731637e-02
2.164884835719282918e-01
-1.420762803729369861e-01
5.189149601783411836e-02
-2.013508346092427737e-01
6.960869483518795919e-02
1.171127778210796690e-03
4.334642245548846889e-02
1.563627188130222445e-01
5.473593155801785006e-04
-1.445256591602376295e-01
-1.751678168113740830e-01
-1.885422506394739683e-01
-1.527710708310479892e-01
3.725919185149938473e-01
-4.144493694683676344e-01
3.587335385665641474e-01
7.891762930949788868e-02
-2.356570383746124653e-01
1.021993046273372147e-01
5.455537657834581833e-02
1.293807085153735048e-01
-2.131418396534950632e-01
-1.814081142164444826e-01
-1.470504156795706951e-01
2.704199592625970983e-01
2.268361946710504840e-01
6.845625603502943080e-02
-8.240133255727012662e-03
-1.441758376160525434e-01
-4.118675841411106320e-01
-2.027284525446616803e-02
1.285456526211881112e-01
-2.688888946304950345e-01
-6.384834571463754438e-02
-3.355813250484698251e-01
-1.793233559978608602e-02
1.430360612816456989e-01
-8.310557623533421090e-02
-2.958168755308337450e-01
1.371144956546827519e-02
3.281697049297010449e-01
-3.690941053555293894e-01
1.931176441192872517e-01
-7.660606103255170052e-02
-1.588710351056225878e-01
-1.872348846815619083e-01
1.524937849612757468e-01
9.782822146890293724e-02
-1.188100945640623990e-01
-5.237939053986189197e-01
9.623294232984315466e-02
-4.007379380525968871e-01
-1.413018644571286397e-01
1.550670922654175977e-02
-1.156817312887715304e-01
9.732973841982653362e-02
-3.561646477982484682e-01
1.691504683578765322e-01
1.200905322304646611e-01
-1.030800446475078763e-01
-1.818763548236946026e-01
5.097339365616967294e-02
7.794490499234216219e-02
4.841733128564645328e-01
-3.274019473489678811e-01
-7.158256440060406511e-02
1.080225969862239205e-01
-2.571905252159600863e-01
-1.810320901602661403e-01
3.082805019227239929e-01
-7.542234045103518580e-02
1.488547768563440177e-01
4.819492164537671902e-02
-5.250543922200501951e-02
-5.953247876334277116e-04
1.113475502677216816e-01
-9.662848906783515213e-02
4.438891546910492258e-02
-1.150529886100018634e-01
4.947380341077872029e-02
1.008324644095286576e-01
4.537144558283703888e-01
1.687888249297899990e-01
-6.621789063608592152e-02
-2.773562684847686310e-01
3.781544331148463389e-02
2.240759183058704529e-01
1.107821249579611228e-01
3.371896761217265857e-04
-7.678993447198088906e-02
1.173187951453751321e-01
2.748888445339154468e-02
2.261364509560093855e-02
-5.637732231127946803e-02
-2.663240886786343298e-01
6.528549583980931825e-02
8.674342673860424568e-02
-1.033297120239378974e-01
1.568203256887235331e-01
2.652055221916218564e-01
-1.239552491689293462e-01
-8.624463051805562885e-02
-1.055323233240276631e-01
7.285210001260530865e-02
1.213873394236686665e-01
-2.944777624919368009e-01
3.959329388134280592e-02
1.472631567953176235e-01
-2.838872165646181278e-01
2.266479360027666076e-02
1.020696923888987362e-01
9.519735846022611692e-02
8.609000169091818311e-02
6.611382304624006112e-01
-1.459515782563048647e-01
8.197384057250090006e-02
-1.125130711598571198e-01
1.119219453080251836e-01
2.609336615107595292e-01
-1.534384213560024413e-01
-9.222506117355044886e-02
-1.484068698105030781e-01
9.000538126645875325e-02
-7.986111063918203967e-02
3.430891980908744587e-01
1.089918610799630455e-01
2.070368390405302739e-02
3.641625537153432568e-02
-1.198893674519549979e-01
-5.643036264817951481e-02
-9.155698612029700145e-02
1.852003512927926088e-01
-2.649628616273840276e-01
1.881763803212530353e-02
5.715579841110544901e-02
4.091441323581470058e-01
2.474680726250328422e-01
6.187989885369633847e-02
-3.755232356366108859e-01
-9.576366519597188931e-02
1.271085474620325950e-01
-2.859165518126365324e-01
4.209528729008433778e-01
8.473999968479169198e-02
4.663046978716861579e-01
2.520163658510186921e-02
8.494214730498807209e-02
3.294002399020842797e-01
2.343690793903899228e-01
6.503018720571472622e-02
-5.094562527513878114e-02
-1.044172341802914600e-01
2.793100952007668836e-01
-2.927772065918735674e-03
1.266276737507630035e-01
2.078385487586919267e-01
1.526072488852440734e-01
