6.444884403682726859e-01
-3.845961275771561660e-01
-8.928288450366874685e-01
-6.538420353516147809e-01
-6.776389177149767795e-02
-1.000000000000000000e+00
2.648682850211536710e-02
-8.510869918054171368e-01
9.802606131074236284e-01
5.516606024295771515e-01
-5.579002255288441348e-02
9.058088006148348748e-02
-1.000000000000000000e+00
1.000000000000000000e+00
-5.845332029879821145e-02
-3.111128654753141931e-01
-1.874820478208699681e-01
-6.154602987688020388e-01
-7.013338691988506568e-01
3.843106251507985571e-01
-5.388852827991993388e-01
9.422941762601241278e-01
-1.000000000000000000e+00
-8.800090933506332647e-01
4.244817896839438442e-01
-1.750797066351439946e-01
-1.000000000000000000e+00
1.000000000000000000e+00
-1.000000000000000000e+00
-6.826061487759141344e-02
-2.298892504625606459e-01
-1.000000000000000000e+00
-1.000000000000000000e+00
-9.665770612840934861e-03
-1.000000000000000000e+00
6.025933504827668541e-01
1.000000000000000000e+00
3.141614685311779898e-01
1.000000000000000000e+00
-1.000000000000000000e+00
1.000000000000000000e+00
-1.000000000000000000e+00
-1.000000000000000000e+00
-1.554157646111362090e-01
-9.862771750000705051e-01
1.580258309049216159e-01
3.999681100159698244e-01
5.279566812546339083e-01
5.542165535398519971e-01
6.260048053121530787e-01
-5.683811131581626430e-01
-1.000000000000000000e+00
-5.957868597834596880e-01
-8.234993969430830507e-01
8.126869225333803737e-01
-8.422968880136869618e-01
1.000000000000000000e+00
9.243388885906348440e-01
-1.000000000000000000e+00
6.664485676818413529e-01
5.653664914440423850e-01
5.585478913051220573e-01
-1.000000000000000000e+00
-3.277389312898958407e-01
7.054553256130118299e-01
6.566308127884299406e-01
-1.000000000000000000e+00
3.718265485256627700e-01
1.000000000000000000e+00
1.391398529655919203e-01
-3.093758136748723242e-01
2.708016866689794688e-01
-1.000000000000000000e+00
7.683491554000653201e-01
-2.016571796295623664e-01
1.000000000000000000e+00
-7.163339891127391557e-01
1.693074387036812012e-01
3.826724578805562604e-03
5.437724007642530388e-02
-9.176512142211804557e-01
-7.569520153995975553e-01
-1.940713881531460072e-01
2.611887570073018194e-01
9.215541953478285642e-01
-1.000000000000000000e+00
9.321039457021148555e-01
9.387433727287447516e-02
9.368713300987582260e-01
-1.000000000000000000e+00
-3.307035488208731056e-01
-1.000000000000000000e+00
1.000000000000000000e+00
2.055765861695608154e-01
2.410499502374818803e-01
-1.000000000000000000e+00
-6.970715793430204421e-02
9.025007282157713195e-01
3.914614050681091140e-01
1.000000000000000000e+00
-1.463501577157637068e-01
-1.676162306890925380e-01
4.151996705697252876e-02
-5.224023301319193902e-01
-1.000000000000000000e+00
1.818929717123621836e-01
-2.130233265299928402e-01
1.000000000000000000e+00
5.047529678244480067e-01
-6.134246922204080743e-01
-1.285814799017432897e-01
1.000000000000000000e+00
1.000000000000000000e+00
1.431500880416695098e-01
1.000000000000000000e+00
-1.000000000000000000e+00
-6.054614349009839191e-01
-1.000000000000000000e+00
-1.271108977552293795e-01
9.055643300335355361e-01
-6.564594196290559625e-01
-1.000000000000000000e+00
-1.957178426548284722e-01
-1.560331988694903527e-01
8.688258188937472148e-01
2.522866800395689446e-01
1.000000000000000000e+00
-5.527489879511851001e-01
-1.000000000000000000e+00
1.000000000000000000e+00
1.997484301296449938e-01
-2.896059470076420839e-01
9.240286128071707461e-01
1.000000000000000000e+00
-1.000000000000000000e+00
-3.252992898303248004e-01
1.000000000000000000e+00
-3.496527611813051717e-01
8.039187955579877309e-01
1.000000000000000000e+00
-1.000000000000000000e+00
1.000000000000000000e+00
-1.000000000000000000e+00
-8.478655447103069509e-01
2.770627915289336496e-01
-3.153187906038792954e-01
-1.000000000000000000e+00
1.000000000000000000e+00
1.000000000000000000e+00
1.025931245758806704e-01
-2.248812481580146905e-01
-1.000000000000000000e+00
-8.142132168285932670e-01
-5.426018787594058534e-02
-9.446820906968846909e-01
-7.602699372060537364e-01
-8.916535731405286214e-01
-1.000000000000000000e+00
-2.449511961099510582e-01
-7.046038986391571779e-01
-3.451027706351019186e-01
6.921837975859893577e-01
-9.805699975169429594e-02
2.360585946294748438e-01
-4.537373481410097442e-01
1.000000000000000000e+00
-9.644145558370673665e-01
-1.580322762588521890e-01
6.874234702958647025e-01
-1.467185599519733596e-01
-8.726165458908212713e-01
3.097520734755280225e-01
2.220160660421509335e-01
-1.000000000000000000e+00
-1.000000000000000000e+00
8.719039041410543422e-01
1.000000000000000000e+00
7.962549553147681980e-01
-8.322888179933278785e-01
-1.525861581092233243e-01
2.825775463451955516e-01
3.212363913106785485e-01
-2.289621249182106077e-01
-1.000000000000000000e+00
1.000000000000000000e+00
-1.000000000000000000e+00
-1.000000000000000000e+00
-7.268933114261293404e-01
5.425452910979097210e-01
1.827148421971489523e-01
-8.202423554115658710e-01
-4.362069821947585635e-01
-6.150631753211204256e-01
7.148017243742150750e-01
-1.000000000000000000e+00
6.383536588604327155e-01
-1.000000000000000000e+00
2.861910284663593540e-03
-8.217740248319952423e-01
1.000000000000000000e+00
1.581534002462532118e-01
-1.000000000000000000e+00
-4.417437533160222252e-01
-5.069183121835982853e-01
4.597353372403877314e-01
1.000000000000000000e+00
4.422731109977640074e-01
-1.296435623230712819e-01
1.000000000000000000e+00
2.157812383634332143e-01
-5.093661112346435649e-02
1.000000000000000000e+00
-7.673061045727114227e-01
7.030457907584881649e-01
-1.000000000000000000e+00
9.615987622633908050e-01
7.334468081531952954e-01
3.395295424866998646e-01
-3.251754494379423543e-01
7.524769662246658664e-01
8.093826624235038736e-01
1.000000000000000000e+00
-5.557898114700345893e-01
1.000000000000000000e+00
-3.450634872506391781e-02
6.123397813697148973e-01
-1.000000000000000000e+00
-1.000000000000000000e+00
-1.926896182806840385e-01
-5.665487773743967947e-01
1.050983905064164226e-01
1.000000000000000000e+00
-6.348037691619092815e-01
1.000000000000000000e+00
-1.000000000000000000e+00
-1.000000000000000000e+00
1.000000000000000000e+00
1.000000000000000000e+00
-6.969620163739594920e-01
-1.000000000000000000e+00
-2.727386772777424806e-01
-1.000000000000000000e+00
-8.588150263891516922e-02
1.000000000000000000e+00
1.000000000000000000e+00
-3.717682321378742993e-02
1.000000000000000000e+00
-1.000000000000000000e+00
-1.000000000000000000e+00
-1.000000000000000000e+00
8.288897805704873445e-01
1.000000000000000000e+00
7.577751258761945552e-01
1.000000000000000000e+00
-6.015796619618535290e-02
2.124524572389111798e-01
4.231988529113578368e-01
1.000000000000000000e+00
-1.000000000000000000e+00
1.871931283561318882e-01
1.000000000000000000e+00
7.621146845314692442e-01
9.665284458715067695e-02
1.000000000000000000e+00
9.167094255048577334e-02
-1.000000000000000000e+00
7.304254677357261416e-01
-6.285826805531367079e-01
-1.000000000000000000e+00
-1.000000000000000000e+00
-1.000000000000000000e+00
-3.297942957851437984e-01
-1.892380520441989677e-01
8.039822664266652597e-01
-3.320059337822552359e-01
1.000000000000000000e+00
-6.814956503881667293e-01
-7.822650842003407989e-01
-6.612502852205510706e-01
-1.609359025141369193e-01
-1.000000000000000000e+00
-1.000000000000000000e+00
-4.513742604428980232e-02
-8.130229936832538140e-01
-2.770383535446057643e-01
1.000000000000000000e+00
-1.000000000000000000e+00
3.188892214034533268e-01
-2.204852256312788417e-01
-5.255648877733517521e-01
1.000000000000000000e+00
4.743238514199077938e-01
8.320077592044419768e-02
1.035121380069336516e-01
-5.706874180092297300e-01
-1.000000000000000000e+00
4.549166838226017529e-01
-3.946353149446760189e-01
3.092622109068501324e-01
1.000000000000000000e+00
-4.054842851335341281e-01
-2.651235002037957145e-01
-1.000000000000000000e+00
2.177435277555154203e-01
4.852167234631878934e-01
1.033555531729420107e-01
-1.000000000000000000e+00
-7.550221409448039100e-01
-7.781558090658594051e-02
1.000000000000000000e+00
-1.000000000000000000e+00
-6.084963992993264181e-01
-7.278957084462800431e-02
-8.085453133612626742e-01
-1.000000000000000000e+00
2.656239425834697743e-01
-8.568495161440606855e-01
-1.000000000000000000e+00
-1.000000000000000000e+00
1.764313078171479421e-01
-7.575549533829403770e-02
-2.910953211770347937e-01
-6.923604021790281671e-01
1.000000000000000000e+00
8.748864005005942968e-01
-1.000000000000000000e+00
1.000000000000000000e+00
1.259212469809321555e-01
-3.174833856902005702e-01
4.533374591373608431e-01
5.757479603013937464e-01
-7.692056534907445453e-01
6.520295631936526282e-02
1.615771001325874701e-02
-1.269980279184296790e-01
1.000000000000000000e+00
5.369810280954951942e-01
-3.089929453136295856e-01
1.000000000000000000e+00
-1.000000000000000000e+00
5.771152075955545691e-01
4.448897200837299559e-01
-3.109911100098177728e-01
3.059592014765709633e-01
-3.848426442909173573e-01
-1.000000000000000000e+00
1.456311443386175408e-01
-1.170469386531763634e-01
-3.093189904242109600e-01
1.000000000000000000e+00
6.275532210150184254e-01
-9.359709646109335424e-01
-1.000000000000000000e+00
1.000000000000000000e+00
7.117010950407258729e-01
1.000000000000000000e+00
7.767761393273094894e-01
-4.160561706421459505e-01
-1.985984192250632163e-01
-4.583255552674664335e-01
2.544947599010185524e-01
1.000000000000000000e+00
1.000000000000000000e+00
-9.380913087603884870e-01
-2.774070383822404562e-01
2.159132623717788246e-02
-1.000000000000000000e+00
4.314545052410081460e-01
-2.044362848649749487e-01
-7.797850463248401365e-01
1.008366888450515642e-01
1.000000000000000000e+00
-4.961372765437427335e-03
1.000000000000000000e+00
5.497706471830386965e-01
-1.000000000000000000e+00
-1.000000000000000000e+00
2.942760962539438530e-01
-3.908498543651621748e-01
-6.017239760420168837e-01
-6.400055646137914334e-01
-5.031793905909921483e-01
2.843845260847304712e-01
1.000000000000000000e+00
-5.434911060035130248e-01
1.000000000000000000e+00
-1.000000000000000000e+00
8.644901108779442511e-01
-2.880072511019193815e-01
1.000000000000000000e+00
7.832115399096840624e-01
-1.000000000000000000e+00
3.211492934086044859e-01
1.920174213313127765e-01
-2.029021965082172807e-01
8.703124211650782316e-01
-4.971365382443307390e-01
-8.164535440946657507e-01
2.426118870256869231e-01
1.000000000000000000e+00
5.751974413751402837e-01
3.958200722153172313e-01
-1.000000000000000000e+00
1.000000000000000000e+00
-4.472113047996529311e-01
-3.585265976908195706e-01
1.000000000000000000e+00
1.000000000000000000e+00
-1.902759425435868179e-02
1.000000000000000000e+00
-1.000000000000000000e+00
4.127664073838155367e-01
1.000000000000000000e+00
-4.164916304540544623e-01
-8.892091224113873871e-01
-4.343608459865571092e-01
-8.163029121660182463e-01
3.265222993069997193e-01
-7.310716678760180720e-01
8.109307857786575147e-01
1.000000000000000000e+00
-6.816540845489721390e-01
-1.000000000000000000e+00
1.000000000000000000e+00
7.207214664154470984e-01
6.956565544569155435e-01
-1.000000000000000000e+00
1.000000000000000000e+00
-1.187620092949013828e-01
9.894248464143858834e-01
-9.363336556096700791e-01
4.196462017644991827e-01
-6.171127621629446391e-01
-2.692395526533922778e-01
-7.596286178714309889e-01
-9.321433070556283118e-01
5.598754290756259300e-01
-1.292763015401983961e-01
1.000000000000000000e+00
9.721424090222203773e-01
-2.612680117882886233e-01
-1.892079461114917205e-01
2.704539721560646481e-01
-8.576383705517771627e-01
9.236691933375950070e-01
-2.923643883340613092e-01
4.313507583777156373e-01
1.000000000000000000e+00
-3.345396244866165603e-01
-1.000000000000000000e+00
-1.000000000000000000e+00
-9.244332322819895920e-01
1.000000000000000000e+00
-2.306413186359893563e-01
1.743750716465329309e-01
-1.000000000000000000e+00
2.197014217410547254e-01
-3.686254330071863095e-01
-1.000000000000000000e+00
-9.621503502630873728e-01
1.000000000000000000e+00
-3.084035850381329769e-01
1.000000000000000000e+00
1.723317230051717996e-01
-1.192385908017589147e-01
1.000000000000000000e+00
-8.302541279489046300e-01
4.844911039915411055e-01
1.826686427196607676e-01
-1.000000000000000000e+00
6.051078560884717294e-01
4.909685773920274832e-01
1.000000000000000000e+00
-1.000000000000000000e+00
-9.709967958761724915e-01
4.404500488992995066e-01
-4.238075143434487657e-01
-1.000000000000000000e+00
-5.014612218742593441e-01
-4.205630489520247872e-01
9.577755665864408074e-01
1.000000000000000000e+00
-7.432294465792645133e-02
-2.609597898658908011e-01
-1.516355091501866148e-01
2.000193815044500334e-01
-1.734856693808985439e-01
-5.515531730833324042e-01
-1.000000000000000000e+00
-1.000000000000000000e+00
1.000000000000000000e+00
7.042029488536861725e-01
-1.000000000000000000e+00
-5.910289604183721623e-02
-7.366386247919110009e-01
1.000000000000000000e+00
-1.671084087890246928e-01
1.000000000000000000e+00
2.651632638562646804e-02
-2.718314579916485396e-01
1.000000000000000000e+00
3.747839299698910720e-01
-2.598806157891764973e-02
1.000000000000000000e+00
6.793670745961764013e-01
-4.465780310617530335e-01
1.000000000000000000e+00
1.145521377182290856e-01
2.432234081211188947e-01
-5.839446982139389064e-01
1.000000000000000000e+00
2.711400221643378017e-01
2.656191306442255429e-01
-9.989896184660586043e-01
6.563418287786105809e-01
-8.736179188632129389e-01
-5.143866173258204721e-01
-1.814452380314220403e-01
-5.034176965574045370e-01
1.000000000000000000e+00
-1.612624280461868731e-01
-1.000000000000000000e+00
-1.000000000000000000e+00
6.210287071096685096e-01
-6.368244187971937587e-01
-1.000000000000000000e+00
1.000000000000000000e+00
1.000000000000000000e+00
-1.099710731722551571e-01
1.778358685194948441e-01
-7.014287554057779817e-01
5.378967300432727638e-01
6.802423159538663056e-01
-7.468356782525978343e-02
7.969109090796445694e-01
9.218055286004239735e-01
-1.000000000000000000e+00
6.163779918613385700e-01
-7.061414716269003300e-01
-4.020971964885181604e-01
1.000000000000000000e+00
-1.000000000000000000e+00
8.432478196434718409e-01
-5.567275220209342290e-01
-9.785409179508426369e-01
6.755845019898176762e-02
-1.000000000000000000e+00
2.546926358456397255e-01
-1.000000000000000000e+00
3.649907921444848768e-01
-7.424591663862992186e-02
6.413747872877623157e-01
1.000000000000000000e+00
1.000000000000000000e+00
1.000000000000000000e+00
3.150357720564972430e-01
4.487211868988388308e-01
5.410290978834004783e-01
3.481721739801605375e-01
6.340852765763677068e-01
-1.159000631985479673e-01
1.000000000000000000e+00
-8.398017684948850814e-01
1.000000000000000000e+00
-1.908140369019565852e-01
-1.900689894810870528e-01
1.000000000000000000e+00
-3.312285539437350712e-01
7.744995350760278119e-02
-1.000000000000000000e+00
-1.000000000000000000e+00
-1.000000000000000000e+00
-6.429819695681922020e-01
-1.000000000000000000e+00
-4.586965216252955613e-01
4.940002957833738995e-01
-7.097702383464500331e-01
-9.933026064758818663e-01
-4.883734400718371949e-01
-3.988868620552521449e-02
4.001219681216174884e-01
-2.210309608062679260e-02
6.952123018397836640e-01
2.332645476380041383e-01
1.000000000000000000e+00
-9.875219271326913795e-01
-4.549275495834387284e-01
-9.603547252590167727e-01
1.000000000000000000e+00
9.511369962587860050e-01
9.065963230456325350e-01
-1.000000000000000000e+00
-1.000000000000000000e+00
-4.012190297735471756e-01
-5.891514578408472147e-01
1.000000000000000000e+00
-2.456070847139887048e-01
-1.031674859154180501e-01
-4.912204060651991222e-01
-7.521316893097138578e-01
4.895459818235617377e-02
1.349056462577150894e-01
-7.124510031481438022e-01
1.000000000000000000e+00
1.000000000000000000e+00
-1.000000000000000000e+00
1.000000000000000000e+00
-6.645599866524110055e-02
9.791529769597370203e-01
1.000000000000000000e+00
5.705176059063657990e-01
-1.000000000000000000e+00
-1.386711002134093096e-01
-6.815368548676701277e-01
-4.694912044685626840e-01
1.000000000000000000e+00
4.496340523345206952e-01
1.028505413259252210e-01
6.755653910555450281e-01
-9.498055572807102553e-01
-1.000000000000000000e+00
-1.000000000000000000e+00
8.628563001522059350e-01
9.556342915843891728e-01
-5.116873089245000950e-01
5.430263529388617005e-01
8.395448615550319404e-01
-9.106126030888456180e-01
1.000000000000000000e+00
-1.000000000000000000e+00
-9.381597585369586545e-01
1.000000000000000000e+00
-7.318641132621236389e-01
7.082062475572343807e-01
-1.000000000000000000e+00
-1.259546671745707669e-01
-2.250432216152859211e-01
-1.000000000000000000e+00
-9.971997235268132975e-01
-1.000000000000000000e+00
-4.494480846093129589e-01
-4.375663614639319077e-02
-5.194370409305983927e-01
-8.963188401106901848e-01
-1.000000000000000000e+00
-1.000000000000000000e+00
7.743921634340915627e-01
-1.000000000000000000e+00
1.000000000000000000e+00
-2.541543637623632779e-01
2.778315066515518184e-01
-4.179538390078306187e-01
-1.000000000000000000e+00
6.469795725995729496e-01
1.000000000000000000e+00
1.000000000000000000e+00
-3.251351376957778982e-01
-4.891300249454427762e-01
-4.160416818813205131e-01
1.000000000000000000e+00
1.000000000000000000e+00
-1.000000000000000000e+00
1.000000000000000000e+00
1.000000000000000000e+00
3.928263067327361080e-01
1.000000000000000000e+00
1.000000000000000000e+00
-1.000000000000000000e+00
2.942741111931952425e-01
5.409891030754332419e-01
2.417776514431939916e-01
-8.165502840093129544e-01
-1.000000000000000000e+00
-6.695566434655104704e-01
7.467948645470606772e-01
-2.363887297437673451e-01
5.899426717200964010e-01
1.000000000000000000e+00
1.000000000000000000e+00
-2.518922334384532391e-01
1.000000000000000000e+00
-6.938977013591971499e-01
-7.859707260453218103e-01
1.007009824050559138e-01
-5.206688278222344479e-01
1.000000000000000000e+00
-1.000000000000000000e+00
5.013111314445798383e-01
-9.825793385081151854e-01
2.486109449035716068e-01
5.978340053215960292e-01
1.667293841552248967e-01
7.948147833508951710e-01
-2.404661748174666824e-01
-9.027623519090589577e-01
-1.000000000000000000e+00
1.000000000000000000e+00
1.127194846996989186e-01
-1.000000000000000000e+00
3.083141235410127301e-01
-2.281049753516497525e-01
9.752492984669317577e-01
2.263075910028820581e-01
-1.000000000000000000e+00
-1.000000000000000000e+00
1.000000000000000000e+00
-1.000000000000000000e+00
4.949653790405998954e-01
-1.000000000000000000e+00
8.436722856206986254e-01
1.000000000000000000e+00
-8.879412208659391847e-01
-8.257521183847911228e-01
-6.110845713044323890e-01
1.000000000000000000e+00
7.039058510851932127e-01
-7.435409831309719442e-01
-5.987490104766164667e-02
3.872573885003232075e-01
-1.000000000000000000e+00
-6.836538241193824694e-01
-6.808762131487519076e-01
5.434279319548466214e-01
-8.226878423838577259e-01
1.000000000000000000e+00
1.000000000000000000e+00
-1.000000000000000000e+00
-8.087479878000147782e-02
1.000000000000000000e+00
4.517466017331968064e-01
-9.979154433166456117e-01
-1.679775504193294910e-01
-7.548524537268147538e-03
-5.169766661869668045e-01
1.000000000000000000e+00
9.629226155697934164e-02
4.389894497767976578e-01
-2.653186539824503587e-01
-1.000000000000000000e+00
-1.781521078756154453e-01
9.353868543665049273e-01
1.932911911059570498e-03
9.234142930707306407e-01
-1.000000000000000000e+00
-3.425289612871672273e-02
-3.373616207159992886e-01
-2.230508722436266855e-01
-1.825954178579118903e-01
-3.503555810922827085e-01
-6.770557698378169009e-01
-1.000000000000000000e+00
1.932192155665973798e-01
-1.000000000000000000e+00
-3.924609034348416348e-01
-1.000000000000000000e+00
-2.339295217146858397e-01
-3.862774860643721636e-02
-3.522712497626078187e-01
-7.402076170264851873e-01
1.000000000000000000e+00
-1.000000000000000000e+00
4.717059387357884215e-01
-5.842349912777913268e-01
3.147055005821839946e-01
1.000000000000000000e+00
8.876075758407802052e-01
8.012683305470092998e-01
-7.001350005426791867e-01
-1.600585992374169986e-01
3.589839922415785090e-01
6.231172506271061007e-01
-3.464373378287514127e-01
-9.889408303907888387e-01
-1.353064136552926122e-01
-6.570983390847652261e-01
2.366882993070963392e-01
-1.000000000000000000e+00
5.653282061118203305e-01
1.962150551646740793e-02
8.375750160283260137e-03
-3.330559059845367709e-01
1.000000000000000000e+00
-1.000000000000000000e+00
-1.577209754090977967e-01
-4.108285696130751230e-01
2.103173486296910921e-01
6.024105160876137566e-01
1.000000000000000000e+00
2.084248336799881529e-01
-1.000000000000000000e+00
-7.655555558361304413e-01
-2.025281708344535136e-01
-1.000000000000000000e+00
-1.000000000000000000e+00
-1.000000000000000000e+00
-2.758436567113365934e-01
-1.509661551906763821e-01
7.500051831760388144e-01
-1.238624639174976116e-01
-2.637624888314716309e-01
1.000000000000000000e+00
-1.000000000000000000e+00
2.419683509572130298e-01
-3.350348680123241829e-01
-4.417035950243831666e-01
-5.502606737001928261e-01
1.000000000000000000e+00
4.822213012567211909e-01
-1.000000000000000000e+00
6.130523312113764778e-01
2.838908947145621364e-01
7.432239436683326650e-01
-6.961940422302523857e-01
-5.385345867398372288e-01
-1.000000000000000000e+00
-2.376667720763305791e-01
-1.000000000000000000e+00
-1.729550843739542654e-01
-1.000000000000000000e+00
-1.000000000000000000e+00
-2.037524813181393335e-01
-1.000000000000000000e+00
2.219038984025033245e-01
1.000000000000000000e+00
1.000000000000000000e+00
9.824308037912502511e-01
-2.357808879690463932e-01
-8.680158182446171544e-01
9.348353667671344125e-02
1.000000000000000000e+00
-7.590140936607993050e-01
-1.000000000000000000e+00
5.263202899294738835e-01
-9.683481659293524668e-02
-4.141344581755239673e-01
1.910114926077109143e-01
-1.000000000000000000e+00
9.827497666005323707e-01
-4.373961621944920664e-01
1.000000000000000000e+00
2.760234602616473132e-01
-8.902185977358193503e-01
-1.876920505446798282e-01
-9.494143327616542116e-01
-1.000000000000000000e+00
-7.700597008148146738e-01
3.869332029168386922e-01
2.363872980376385824e-01
-1.000000000000000000e+00
1.000000000000000000e+00
-6.344490653231477095e-01
1.000000000000000000e+00
-1.954119400705021381e-01
-1.631362273170772204e-01
8.065507660288737668e-01
-1.000000000000000000e+00
9.794692475645814245e-01
-8.386368734537601455e-01
1.000000000000000000e+00
-1.000000000000000000e+00
1.000000000000000000e+00
2.486895284137427276e-01
-8.979206837510189665e-01
1.000000000000000000e+00
-2.096339312312315850e-01
-1.000000000000000000e+00
-1.000000000000000000e+00
-1.027154843882858576e-01
-9.314829802723013641e-01
-1.000000000000000000e+00
5.855455089009431457e-01
-2.421075573339868670e-01
3.152681570700572311e-01
3.229237537568093730e-01
-4.827129747700443785e-01
1.000000000000000000e+00
1.000000000000000000e+00
-1.000000000000000000e+00
-3.731926497079071647e-01
1.000000000000000000e+00
3.271534929668755698e-01
1.173059642834981681e-01
9.658650414209021262e-01
-1.000000000000000000e+00
-1.000000000000000000e+00
9.945760514171680944e-02
2.955924997403308607e-01
4.141174118177868846e-01
-1.000000000000000000e+00
-9.394595387968972533e-01
4.396287464478240148e-01
-1.000000000000000000e+00
1.000000000000000000e+00
4.525203269407528373e-01
2.902390991424697031e-01
3.487277996871800401e-01
-4.717519745974300127e-01
-5.280356412895395035e-01
7.018160350522641977e-01
-3.878995886071327504e-01
6.741344661271658767e-02
-1.000000000000000000e+00
3.951455205893945055e-01
1.383952700272393366e-01
-1.000000000000000000e+00
-1.000000000000000000e+00
-1.000000000000000000e+00
1.857371959174397569e-02
1.000000000000000000e+00
-1.000000000000000000e+00
-7.968295862982615052e-01
1.102734427477191081e-01
6.146648564466860032e-01
-9.846676757834187388e-01
-3.468212670754675098e-01
9.081152477508230847e-01
-1.000000000000000000e+00
7.796349375026702111e-01
-8.056857625738818030e-01
6.035392423219546609e-01
-6.153893508932524181e-01
-8.171228602307124556e-01
-7.362608559978717215e-01
-1.000000000000000000e+00
-1.000000000000000000e+00
-1.000000000000000000e+00
-8.688923227273180894e-01
-4.826790993615110437e-01
-5.511609341548914243e-01
-1.000000000000000000e+00
-1.910597091884268517e-01
-4.041837419850782820e-02
-5.008676431231908754e-01
-1.000000000000000000e+00
-8.499318279793650552e-03
-2.872036703951730274e-01
-5.062888004899959160e-01
-9.241975740550005813e-01
-1.538173889589268262e-01
-1.000000000000000000e+00
6.275019269173810477e-01
-1.000000000000000000e+00
7.401837447013450699e-01
-5.588666208329093887e-01
-1.234866928073197201e-02
5.934543073031388616e-01
-4.858495871670363009e-01
-8.812939897613520923e-01
-1.000000000000000000e+00
1.000000000000000000e+00
-4.052403345655360423e-01
-8.987446676801732481e-01
1.000000000000000000e+00
3.996440886727650743e-02
8.690255968937077302e-02
-9.951406646929086830e-02
-8.233698381412994927e-01
1.000000000000000000e+00
-6.120120132641487798e-02
-6.827521778765582861e-01
-5.764486616079819714e-02
-1.607261297323413496e-01
1.000000000000000000e+00
-1.000000000000000000e+00
7.264553760044162312e-01
-1.000000000000000000e+00
-7.525183517222059359e-01
-1.000000000000000000e+00
-3.782737203046387942e-02
3.234811778931157566e-01
4.784694440796994908e-01
1.000000000000000000e+00
3.741514412823352398e-01
4.031371821499794006e-01
1.182675943428914689e-01
8.039945616255852467e-01
7.485107395733877622e-01
-1.000000000000000000e+00
1.000000000000000000e+00
-1.000000000000000000e+00
1.837215555885255980e-01
1.000000000000000000e+00
-5.491650447872438168e-01
4.008538433478577856e-01
9.228764750142753881e-01
1.748692444586187611e-02
-3.567527110937808166e-01
1.000000000000000000e+00
-5.647737292788536090e-01
-9.966264254769441333e-01
-3.194322946504942751e-01
-1.000000000000000000e+00
-1.000000000000000000e+00
-1.000000000000000000e+00
3.350352157606910630e-01
-4.290322958251860386e-01
-1.000000000000000000e+00
-1.000000000000000000e+00
9.554469341832891871e-01
1.000000000000000000e+00
1.858854484616109248e-01
-4.444894969919380712e-01
-7.792440712525777746e-02
-2.597337068622196377e-01
4.394395098597506100e-01
5.380341900911628228e-01
-8.979208315733058221e-01
-6.928099787366037710e-01
8.482442523436538595e-01
1.018485721525017318e-01
6.273087762645461751e-01
1.968769725321532216e-01
1.000000000000000000e+00
1.000000000000000000e+00
-2.721690602055798491e-01
1.000000000000000000e+00
1.000000000000000000e+00
-6.606021415843232880e-01
-1.000000000000000000e+00
-1.000000000000000000e+00
-1.000000000000000000e+00
6.225667665077830870e-01
-6.047360057043078552e-01
7.149992094256747421e-01
-2.310264059825227201e-01
2.571878412878759179e-01
-1.000000000000000000e+00
5.942632964816370045e-01
-1.000000000000000000e+00
5.632656808797966708e-01
1.000000000000000000e+00
8.943517902041342449e-01
3.424088697683850269e-01
-1.000000000000000000e+00
-1.000000000000000000e+00
-2.571708041385876164e-01
-1.000000000000000000e+00
-1.000000000000000000e+00
-2.159009960480949841e-01
4.098658146089528276e-01
1.000000000000000000e+00
7.013321387454622968e-01
-1.000000000000000000e+00
9.094089238471186887e-02
1.000000000000000000e+00
6.867508416913321589e-01
-1.281265543616453562e-01
1.000000000000000000e+00
1.000000000000000000e+00
-1.000000000000000000e+00
2.920882740867740690e-01
5.008931460149026460e-01
3.431261093130257844e-01
4.530731519822377429e-01
-3.889632900396825521e-01
-2.075392691636352427e-01
4.907230534756273910e-01
-5.454564785029153429e-01
-1.000000000000000000e+00
-3.035142093400404195e-01
-1.000000000000000000e+00
1.000000000000000000e+00
1.000000000000000000e+00
-1.000000000000000000e+00
-1.611294239463714195e-01
-2.777735911493723897e-01
1.000000000000000000e+00
1.000000000000000000e+00
1.000000000000000000e+00
9.149597123849195768e-01
-6.592995355270065971e-01
2.850391447747065987e-01
-8.944286729799411084e-03
9.094078325278879271e-01
-6.260496865514859621e-01
4.413766684067614576e-03
-9.414044574451663205e-01
-1.000000000000000000e+00
-2.603836195278812493e-01
-1.000000000000000000e+00
-4.855577943661919527e-01
2.235601190644900538e-01
1.000000000000000000e+00
4.340783571777451222e-02
-9.013894749743673884e-01
-1.000000000000000000e+00
1.000000000000000000e+00
-1.000000000000000000e+00
-1.000000000000000000e+00
1.000000000000000000e+00
1.063135522077763850e-01
1.000000000000000000e+00
-5.806663402384082406e-01
5.899305548921219833e-01
-5.030707696144490204e-02
8.520031071062073025e-02
-1.000000000000000000e+00
4.452707165024480385e-01
2.295678404802848904e-01
6.326473085499124682e-01
1.000000000000000000e+00
2.960171991816590298e-01
2.581156963717952668e-01
-1.000000000000000000e+00
1.000000000000000000e+00
-1.866718285684583478e-01
-1.000000000000000000e+00
-9.445568556589891696e-01
-2.458793533662835262e-01
-1.288990454566504851e-01
-1.000000000000000000e+00
1.000000000000000000e+00
8.060565487338492430e-01
-4.266480991729388883e-01
7.081873101653368696e-01
-1.000000000000000000e+00
1.000000000000000000e+00
1.000000000000000000e+00
4.868520647421090697e-01
1.000000000000000000e+00
-8.875037665781906338e-01
-8.054615573597742051e-01
4.521075261626297248e-01
3.931463519031256348e-01
-2.284906484897652468e-01
3.357102523915040382e-01
7.260159531872729666e-01
1.098365261862076780e-01
-1.000000000000000000e+00
1.609671224829374858e-01
1.000000000000000000e+00
-1.000000000000000000e+00
-8.343513470424147593e-01
3.747843788637076345e-01
-2.426650232703470023e-03
-2.228848672081864546e-01
-2.478943249952004213e-01
-1.573528786848101269e-01
-9.972010335438453721e-01
2.879771027086250879e-01
1.362049082038406800e-01
4.262749099461635716e-01
-1.000000000000000000e+00
1.000000000000000000e+00
-1.268684415787694753e-01
1.000000000000000000e+00
-1.000000000000000000e+00
7.227285797618134833e-01
-8.045506896898511895e-02
-5.936872125718806181e-01
-3.437472657453714553e-01
-2.513925486542609722e-01
5.972498773206991185e-02
9.795749346988600337e-01
-6.697285160378291247e-03
1.000000000000000000e+00
-1.000000000000000000e+00
-9.245486305246304326e-01
-1.000000000000000000e+00
5.503828405167919824e-01
-1.000000000000000000e+00
-1.822064031816628960e-01
-1.074109665094338528e-01
-1.000000000000000000e+00
-3.595498312761040149e-01
-2.334406708680983877e-01
-1.000000000000000000e+00
-5.678507931286558286e-01
4.285585043721018561e-02
-2.720020628518124983e-01
2.111099039863930660e-01
3.733642894821912472e-01
7.371325988061672163e-02
5.774766969869982169e-02
4.745714550111846952e-01
-6.377680081969465675e-01
-1.000000000000000000e+00
1.000000000000000000e+00
-1.000000000000000000e+00
-8.518052113397859282e-01
-8.905761278103941914e-01
1.000000000000000000e+00
2.200887060429291830e-01
-4.926877188805007246e-01
-6.640633650798029031e-01
3.539348513215728187e-01
-7.110225510113883374e-01
-8.470535009254177572e-01
-1.000000000000000000e+00
4.351617777974657875e-01
1.999895038802294023e-01
6.831956606562732404e-01
-2.154986449470229215e-01
-2.912267711981364471e-01
2.331989619702833361e-01
2.044287692366582587e-01
-1.000000000000000000e+00
-2.854528909735601916e-01
5.084305512630279411e-01
-9.608642438479686465e-01
1.000000000000000000e+00
-5.556871145438448956e-01
1.000000000000000000e+00
-2.271712039047048548e-01
-3.576706399047499541e-01
-1.000000000000000000e+00
1.000000000000000000e+00
8.486439081599631562e-01
1.882030717705997502e-01
-1.000000000000000000e+00
1.000000000000000000e+00
-7.939078839776759766e-01
-3.861017793335253523e-01
1.000000000000000000e+00
-3.498338195190384137e-01
2.356668032556866743e-01
9.108039352434013081e-01
5.446651821437604735e-01
-1.000000000000000000e+00
1.000000000000000000e+00
-6.358547721059445990e-02
3.943008105525981355e-01
-7.158456927026938255e-01
-1.260301288740255654e-01
4.354736933097431706e-01
8.083997112900579429e-01
-5.759158879994733526e-01
2.300898688520380264e-01
8.491619814691573342e-01
-6.340290474296201850e-01
1.736451309264774312e-01
3.805733794485246513e-01
-1.000000000000000000e+00
1.000000000000000000e+00
-2.910578988939135359e-01
6.295043736292321723e-01
-2.936694906051247056e-01
-9.502490457574676030e-01
-3.382633717277157281e-02
4.840530644056436627e-01
6.769892692080365926e-01
4.384380306563533392e-01
9.826581678998084213e-01
1.000000000000000000e+00
1.000000000000000000e+00
8.898044793165198474e-01
1.000000000000000000e+00
-6.753822622601637349e-01
-9.484195287368342164e-01
7.013235112231893664e-01
1.673010214473386048e-03
-5.128471000874381680e-01
-1.000000000000000000e+00
1.000000000000000000e+00
-2.495897643108306307e-01
-1.000000000000000000e+00
1.000000000000000000e+00
2.776081687727882108e-01
3.821539897277452247e-01
1.000000000000000000e+00
8.836698675106343659e-01
1.000000000000000000e+00
1.000000000000000000e+00
1.000000000000000000e+00
-7.411156989292755348e-02
8.624519903838537838e-01
-1.455651738856557631e-01
3.844494467791494396e-01
1.000000000000000000e+00
-1.000000000000000000e+00
-6.711458677538710837e-01
-8.898177483590854475e-01
1.000000000000000000e+00
-7.854856223039952123e-02
-1.000000000000000000e+00
1.000000000000000000e+00
1.000000000000000000e+00
1.000000000000000000e+00
-7.684633480175465658e-01
-5.990055066224475588e-01
-1.000000000000000000e+00
5.209920116518329536e-01
-1.000000000000000000e+00
-2.265079860127172384e-01
8.264545647768825054e-01
8.622731105852343703e-01
1.000000000000000000e+00
-5.785696327829278340e-01
1.000000000000000000e+00
6.516195592271059600e-02
5.874375627256692156e-02
-1.133291554054007833e-01
-9.960009046374584951e-01
6.254740673023317932e-01
-3.370565240043189581e-01
-8.825015890245138106e-01
-9.194299254193130100e-01
-6.638618030646152857e-01
-1.000000000000000000e+00
7.427815506913979515e-01
4.063663956666111465e-01
-1.000000000000000000e+00
-6.941453945097832978e-01
2.980525912229081142e-01
-8.679711394787613665e-01
-1.000000000000000000e+00
-1.000000000000000000e+00
1.000000000000000000e+00
-7.116871469175134468e-02
-3.324195416228152844e-01
-7.521088355500159528e-01
8.188924856109829342e-01
1.739907786115327260e-01
-9.615904718374885807e-01
4.039317073086293175e-01
1.000000000000000000e+00
-4.803357103872143985e-02
-7.140866798134601900e-01
4.811619554284696787e-01
2.992051700211777465e-01
-1.000000000000000000e+00
-2.640286133031353732e-01
7.657057908356885711e-01
-2.647627520705094772e-01
-3.723546089054406427e-01
-3.275334279408664284e-01
3.959795285942925847e-01
-1.000000000000000000e+00
-1.000000000000000000e+00
2.365062722724375899e-01
6.548135568197264167e-01
-1.000000000000000000e+00
1.889768462877796651e-01
-9.035979412616640394e-02
5.294563934634429758e-01
1.000000000000000000e+00
1.000000000000000000e+00
-8.513907902803172223e-02
-9.112588072285715546e-02
-1.000000000000000000e+00
-7.734810292049932867e-01
1.504783351752252418e-01
2.163116795894993727e-01
-9.453466340695890757e-01
5.620468191408622971e-01
-4.747927170349136583e-01
-7.048920238408630246e-01
-3.012693967275666407e-01
6.565090409016423045e-01
3.728727796678594775e-01
5.293144776129037332e-01
1.000000000000000000e+00
1.000000000000000000e+00
7.786341568770938082e-01
1.708538150839503111e-02
1.000000000000000000e+00
-6.354156488424340665e-01
-2.664921612131579964e-01
-4.008395396711689901e-02
8.824921882140446261e-01
-3.814076603385269104e-01
-2.033384148728092922e-01
-1.000000000000000000e+00
-1.000000000000000000e+00
5.906110702421277781e-01
-2.194083186799895557e-01
3.351559869011710990e-02
-1.000000000000000000e+00
-1.064480466824731068e-02
6.819359162084437376e-01
-3.135381750991496352e-02
-1.000000000000000000e+00
-2.205447933773475866e-01
8.382293174959021265e-01
-3.406984516670620300e-01
-1.000000000000000000e+00
-2.381723432751993719e-01
5.716570107694685099e-01
3.782492911430477278e-01
-2.820492065615273769e-02
-1.240681854940433315e-01
1.000000000000000000e+00
-1.000000000000000000e+00
-1.000000000000000000e+00
1.000000000000000000e+00
1.000000000000000000e+00
-1.230675544595084131e-01
9.255629937074424385e-01
-1.000000000000000000e+00
1.000000000000000000e+00
2.501489894777643719e-01
-1.000000000000000000e+00
-5.832342403185443169e-01
6.876509243737053412e-01
1.000000000000000000e+00
5.246851889773670452e-01
1.000000000000000000e+00
-9.036105654770725248e-01
1.000000000000000000e+00
-2.095568553336368822e-03
1.027255944580038466e-01
8.016789991903623402e-01
-1.174653485298058631e-01
-6.485454108840905951e-02
-1.000000000000000000e+00
-1.000000000000000000e+00
2.683858766556154185e-01
-7.887373511331270404e-01
3.390112287167126315e-01
-2.165229117952786608e-01
1.000000000000000000e+00
-5.411832944208940788e-01
-1.000000000000000000e+00
3.105223105612618939e-01
6.834139168211195159e-02
-1.000000000000000000e+00
-3.510183773794613993e-01
7.176491514968298402e-01
5.577686965596803104e-01
8.166120584294702667e-01
-7.904582313687718020e-01
-3.566458157504430182e-01
9.428789441325198251e-01
-9.515065836939153865e-01
6.658639533476354844e-01
1.000000000000000000e+00
1.000000000000000000e+00
7.449866258201167657e-01
1.000000000000000000e+00
1.000000000000000000e+00
-2.564653310895373406e-01
-1.000000000000000000e+00
9.297013370434340507e-01
-1.000000000000000000e+00
9.492770565970654051e-01
3.325176753918684946e-02
3.535880433104055531e-01
-1.000000000000000000e+00
-1.000000000000000000e+00
6.691326212371974114e-01
1.000000000000000000e+00
-4.345906222686667375e-01
8.995989652597151665e-01
-6.600709895453582554e-01
2.993953245880515146e-01
-6.510730626105666330e-01
-5.515685288634524230e-01
1.000000000000000000e+00
7.602546721339937807e-01
-1.000000000000000000e+00
1.000000000000000000e+00
1.000000000000000000e+00
-3.562236060019204342e-01
6.641518354303937999e-01
-1.000000000000000000e+00
-1.000000000000000000e+00
-4.732256269857489372e-01
-5.465094044930988160e-01
1.000000000000000000e+00
1.000000000000000000e+00
1.000000000000000000e+00
-9.090715929063073464e-01
-1.000000000000000000e+00
-1.000000000000000000e+00
3.592389840380374455e-01
-9.816993260222367512e-01
-7.046702379661351490e-01
-1.123853164246648162e-01
8.509032418475166448e-01
6.265783125224956285e-01
-1.000000000000000000e+00
1.743710382588500030e-01
8.831026413166809252e-01
-7.096166165135888715e-01
-1.347886697500189634e-01
9.424327955272496782e-01
1.763269872702695473e-01
6.918800668142064403e-01
5.263951308351409036e-02
6.151321608915161221e-02
-7.052656977660146653e-01
-1.851213189329214692e-01
3.070895864747482662e-01
-6.313145643403511587e-02
-7.319674210861123465e-01
-1.000000000000000000e+00
4.796869780952759399e-01
5.550256810414829767e-01
1.000000000000000000e+00
2.412517251803343310e-01
3.818845961697616698e-01
6.103265837480191802e-01
-1.939644797666060239e-01
-1.000000000000000000e+00
1.000000000000000000e+00
2.554499622494875166e-01
7.453844081337483995e-01
-8.269133656237009911e-01
-4.446667477445619965e-01
8.115848437271453442e-01
2.114043501740766606e-01
5.753146023588972396e-02
1.000000000000000000e+00
-3.327307428384852495e-01
-9.916676826473040940e-01
4.867481026794857613e-01
1.000000000000000000e+00
9.202093607992443136e-01
9.119514823721581731e-01
1.000000000000000000e+00
-1.000000000000000000e+00
1.000000000000000000e+00
-6.989327079342029236e-01
-1.000000000000000000e+00
-6.216654649739999927e-01
3.578853913415263044e-01
1.412099912435418325e-01
-2.005685063861302742e-01
-7.408800319420595359e-01
1.000000000000000000e+00
4.249730832136202618e-01
2.314256617440752228e-01
-4.414803039878925084e-01
-8.182916532505628560e-01
7.520721717562625086e-01
-6.344072471917259204e-01
-7.449585142971808516e-01
1.000000000000000000e+00
1.000000000000000000e+00
-1.227464739633979118e-01
-1.000000000000000000e+00
-1.000000000000000000e+00
-2.531327480456702778e-02
-1.000000000000000000e+00
7.165570277544275335e-01
-3.896633052570731143e-02
7.671220669249785296e-01
1.000000000000000000e+00
1.097083761170790372e-01
-1.000000000000000000e+00
-1.000000000000000000e+00
-4.286377019396853116e-01
-1.000000000000000000e+00
-6.741930457416299705e-01
-4.021245086630755861e-01
-1.000000000000000000e+00
-1.454670507756613551e-01
1.000000000000000000e+00
4.070741857433841648e-01
-2.023121812040155620e-01
-1.000000000000000000e+00
-1.000000000000000000e+00
-1.000000000000000000e+00
-1.403536278846686525e-01
-8.309326658468747517e-01
-3.967782081615154888e-01
1.000000000000000000e+00
1.026435456667414980e-01
-1.000000000000000000e+00
-4.911175157312139827e-01
-1.603849403048850653e-01
5.400495539732568240e-01
5.091642632180366501e-01
-1.000000000000000000e+00
-9.637249715475436629e-01
-3.752685876767813400e-01
3.767928403656288783e-01
4.784364924913845352e-01
4.147552139085121381e-02
-2.781377576389091888e-01
-4.200770493551287954e-01
3.532972336874927177e-01
-4.674199807104392201e-01
-3.781397370414972814e-01
-1.141900616300373095e-02
1.000000000000000000e+00
-4.042652589999957691e-01
1.000000000000000000e+00
-4.365202005746147140e-01
-4.176118643489962201e-02
-1.219013678018958935e-01
7.529016901519447469e-02
1.000000000000000000e+00
-6.717346097138197081e-01
-1.000000000000000000e+00
1.950183080389482349e-02
5.667871149694025945e-03
-1.000000000000000000e+00
5.910284282086911700e-01
-2.489689599741789772e-01
-7.834449161855042698e-01
1.000000000000000000e+00
-1.000000000000000000e+00
-1.000000000000000000e+00
-1.940384141505629989e-01
-1.000000000000000000e+00
2.927509843907971643e-02
2.790071674504352450e-01
7.150295618907425155e-01
-3.932922194041563180e-02
-1.517488810503988539e-01
2.823824637230409884e-01
4.935461607803621753e-01
3.174620646066954044e-01
-8.636439977253793643e-01
-1.242223710162078110e-01
6.955915204313438682e-01
-5.603042064489582863e-01
1.000000000000000000e+00
-6.013954478181204877e-02
-1.000000000000000000e+00
1.000000000000000000e+00
-5.442867588193979200e-01
-8.103591955089559651e-01
8.746951190377597607e-01
-6.500525690510613464e-01
-6.322589469684840591e-01
-2.078244503126844278e-01
2.808082320420444700e-01
-1.000000000000000000e+00
-6.983782370902610337e-01
1.695463518212157739e-01
-1.000000000000000000e+00
2.321453504370436793e-01
1.000000000000000000e+00
9.398679968825978115e-01
8.416476325508391865e-01
3.470506966084764278e-01
-1.000000000000000000e+00
-1.000000000000000000e+00
-8.045842422093523183e-01
-2.586376527272199466e-01
4.022676044163761011e-01
9.156007283042054412e-02
4.026613214551070241e-01
-1.000000000000000000e+00
8.127681822690183688e-01
2.740744034073594459e-03
-1.000000000000000000e+00
1.989119071327758725e-01
9.969720756133818584e-01
-4.942944627625676102e-01
-5.140057174465147982e-01
3.816536318791392546e-01
-6.036416404760842624e-01
-1.000000000000000000e+00
1.000000000000000000e+00
-2.747641306190707344e-01
-1.000000000000000000e+00
2.240439086715638184e-01
9.643350283228866449e-01
-1.000000000000000000e+00
5.581050117885028028e-02
-1.000000000000000000e+00
1.000000000000000000e+00
-9.829926228497039009e-01
4.049325701512789255e-01
1.697556021925599734e-01
-7.266726433024223164e-01
-4.715272129133767365e-01
1.000000000000000000e+00
6.086920058681673240e-03
2.814750710192834848e-01
1.000000000000000000e+00
9.276501806824316576e-02
-3.571407076594920738e-02
9.140319428315066830e-01
3.206168519194818600e-01
4.474548985809374546e-01
1.314089846840317821e-01
9.102018657551205760e-02
1.357791852262119903e-01
1.000000000000000000e+00
-6.400316775937662239e-01
-7.644488188025471143e-01
-8.542468026954734839e-01
-9.392735757591119672e-01
3.578462528735204540e-02
-1.000000000000000000e+00
-2.474025531494960795e-01
2.324625289608844292e-01
-7.751836064641695057e-01
2.809045272342994282e-01
1.557650457106374842e-01
4.851554505988036059e-01
-1.000000000000000000e+00
1.000000000000000000e+00
-1.000000000000000000e+00
-1.000000000000000000e+00
-1.288235370228538734e-01
-4.570002302104959613e-01
2.529107513437803267e-01
-1.021637150639363167e-01
-9.262746839661126219e-02
-1.000000000000000000e+00
-1.000000000000000000e+00
-1.599947799184960884e-01
8.005840760100191300e-01
4.174048569069872539e-01
2.633251985084227864e-01
-2.570928161053199004e-02
1.000000000000000000e+00
1.000000000000000000e+00
-3.499203689311744525e-01
3.094080624002216728e-01
3.890593432844181576e-01
1.000000000000000000e+00
-1.000000000000000000e+00
-8.721060942061692467e-01
-1.000000000000000000e+00
-6.559405209982444029e-01
8.659842242553315028e-01
-1.000000000000000000e+00
-3.322921350896159698e-01
-8.323044181250091045e-01
-1.000000000000000000e+00
-3.327909158766784170e-01
-7.374832249630582925e-01
-1.929603585536658339e-01
-3.605988701756553949e-01
-1.997519589606459867e-01
-1.000000000000000000e+00
2.705733248110448463e-01
-7.615243869504659813e-01
6.006362776723496166e-01
-7.825181828462104416e-01
1.000000000000000000e+00
1.000000000000000000e+00
-3.346994696064522490e-01
8.879958539897924163e-01
-1.394383469419243626e-01
1.000000000000000000e+00
-5.409767527782759489e-01
4.096910573714358517e-01
8.263176112117849303e-01
-5.051461739686358143e-02
2.655735139414011625e-02
1.000000000000000000e+00
-5.813281639274882062e-01
-2.671278955008998812e-02
2.187595791840855342e-01
1.048864207823933525e-01
-1.000000000000000000e+00
1.000000000000000000e+00
-4.079379880646435419e-01
1.000000000000000000e+00
-5.311222883394028926e-01
1.000000000000000000e+00
-4.086073132434410171e-01
-7.429053692818275989e-01
-1.000000000000000000e+00
1.147897826767721174e-01
-3.494735822943739190e-01
9.043703733573680292e-01
1.000000000000000000e+00
1.000000000000000000e+00
4.888218738640763839e-01
1.000000000000000000e+00
1.485633462662442617e-01
1.061418670384616653e-01
1.000000000000000000e+00
1.000000000000000000e+00
-3.798077475945330073e-01
-6.841797023124477350e-01
-1.657390927806409453e-01
-1.000000000000000000e+00
1.000000000000000000e+00
-1.000000000000000000e+00
6.948538597850912879e-01
1.000000000000000000e+00
-5.336859127124893298e-03
1.000000000000000000e+00
-1.055376743202533774e-01
2.455044970261613113e-01
9.352649833829648762e-02
1.000000000000000000e+00
-8.027998537179648064e-02
2.748059885203745778e-01
1.690196652971755475e-01
4.510863598570901134e-01
1.000000000000000000e+00
-1.296003305486403134e-01
3.682542940557755884e-01
-1.479066388700764068e-01
-3.665339940957790810e-01
1.000000000000000000e+00
3.707326042535861732e-01
-9.019700580529829703e-02
1.000000000000000000e+00
2.636574589615272024e-01
6.889511402800839734e-01
1.363667211944799562e-01
-8.517386272143353532e-01
-1.000000000000000000e+00
1.000000000000000000e+00
-1.504773803979430058e-01
5.972549443118775336e-01
-5.202150913719961745e-01
1.000000000000000000e+00
-1.000000000000000000e+00
-9.052837713209013759e-03
-8.068582550790534547e-02
1.000000000000000000e+00
1.505484950724007842e-01
9.514892348009957868e-01
-6.036360105976512624e-01
7.679824454975004988e-01
-4.518315437109010069e-01
4.616867280793023887e-01
4.265201357143630356e-01
-3.901406524986330004e-01
1.000000000000000000e+00
-1.000000000000000000e+00
-5.919228242883246560e-01
-1.000000000000000000e+00
-8.494528178663749429e-01
1.972209935539011583e-01
-4.583521013938108846e-01
2.637139866780398578e-01
4.789050946536941855e-01
2.953401931466199670e-01
-1.000000000000000000e+00
1.804999038085336460e-02
-5.004317799688395851e-01
-9.643934339238043885e-01
1.107465438238533911e-01
-2.478335701568763483e-01
-1.000000000000000000e+00
-7.884943853632162547e-01
5.115835639022168202e-01
1.000000000000000000e+00
1.000000000000000000e+00
-1.000000000000000000e+00
-2.339580874494330831e-01
-7.395346797709173581e-03
-1.000000000000000000e+00
-1.049594954944763070e-02
-1.000000000000000000e+00
4.432700020930663842e-01
6.825908892606713518e-01
6.559661864284274113e-01
8.242040962592055431e-01
4.577716214578914089e-02
9.000786504286653056e-01
-9.751365401146763201e-01
1.000000000000000000e+00
-1.000000000000000000e+00
6.442364362339367823e-01
3.207307139659592576e-01
-4.892442575838752417e-01
2.554551114288632352e-01
-4.138633996002584192e-01
-1.000000000000000000e+00
-1.000000000000000000e+00
1.000000000000000000e+00
-1.888528410609243147e-01
3.913317028156753641e-01
6.966946016284740473e-02
5.779653258013273120e-03
2.805345192756856232e-01
6.409719786947922979e-03
-2.924532963876290692e-01
1.000000000000000000e+00
1.000000000000000000e+00
1.094258208982238079e-01
-1.000000000000000000e+00
1.000000000000000000e+00
-3.897197297984325570e-01
-2.631923603996796923e-02
-1.000000000000000000e+00
1.000000000000000000e+00
-4.584137626228770857e-01
-5.793191775240134067e-01
2.855059962425065545e-01
8.502210468295912094e-01
5.972626190686759484e-01
-4.515240952850858025e-01
1.000000000000000000e+00
4.527959197756115106e-03
-1.000000000000000000e+00
-7.036977079918826927e-01
4.995867401673696473e-01
1.000000000000000000e+00
-5.237238727172226493e-01
1.000000000000000000e+00
7.311113312097299033e-02
-1.000000000000000000e+00
-1.000000000000000000e+00
-5.473298042303552657e-01
-1.000000000000000000e+00
-7.729177672044411640e-01
3.442922231959021917e-01
-1.013712092365766093e-01
-6.390194409053717717e-02
8.659526627034326296e-01
-2.204666307329270492e-01
-1.000000000000000000e+00
-7.034677341549210317e-01
-1.000000000000000000e+00
1.000000000000000000e+00
9.842166939168275341e-01
-1.000000000000000000e+00
2.872532592410597108e-01
-8.138864836498521660e-01
-2.423928851338803536e-01
-2.525397087491049186e-01
2.632410136876093265e-01
1.105185665264841743e-01
7.177687898116414944e-01
1.000000000000000000e+00
-1.000000000000000000e+00
2.405420277807331086e-01
1.135155978716952119e-01
1.328837554373021868e-02
-4.949195958724718070e-01
-1.105885641263299468e-01
9.718085298961774976e-01
-9.094702756362560425e-02
1.000000000000000000e+00
-5.618933779626040792e-01
-6.735880562907115010e-01
-7.950048175378029991e-02
-5.854310813904747279e-01
1.000000000000000000e+00
1.000000000000000000e+00
-2.330875519939416551e-01
1.000000000000000000e+00
1.000000000000000000e+00
-7.161467383289830124e-01
-3.368610788564178615e-01
-1.000000000000000000e+00
-1.000000000000000000e+00
1.000000000000000000e+00
-1.000000000000000000e+00
-7.744177068928712604e-01
-5.577044835784619181e-01
-4.716295548143684124e-01
1.147413322317461931e-01
-2.599598598815008876e-02
1.000000000000000000e+00
1.000000000000000000e+00
-1.000000000000000000e+00
-2.790235729475239457e-01
-5.104934656361296286e-01
1.000000000000000000e+00
-2.351062564305931857e-01
1.693627047108376971e-01
2.207369483672566302e-01
4.661693406213244240e-01
-5.113852606332514039e-01
3.357359783108898044e-01
1.000000000000000000e+00
8.073649652030675528e-01
6.136627455062739767e-01
1.000000000000000000e+00
7.871941837678995135e-01
8.566368849186063450e-01
6.618498669646230015e-01
-6.512715190690584466e-01
-1.000000000000000000e+00
1.000000000000000000e+00
-1.715792378902089854e-01
-1.216793259174167932e-02
8.006629723890983374e-01
6.664460392368624087e-01
7.349924656658983757e-01
1.000000000000000000e+00
-1.000000000000000000e+00
8.056115900117912787e-01
1.000000000000000000e+00
-1.806525330858028133e-01
4.047984892574659210e-01
1.000000000000000000e+00
1.000000000000000000e+00
-1.000000000000000000e+00
-1.000000000000000000e+00
-1.000000000000000000e+00
1.000000000000000000e+00
4.117492122988863912e-01
-8.484050894632895190e-01
1.000000000000000000e+00
3.512021358704780494e-01
7.537378734565518545e-01
1.440394394213762030e-01
1.668163620773846501e-01
-2.744663232832400546e-01
-1.000000000000000000e+00
1.000000000000000000e+00
-1.000000000000000000e+00
1.000000000000000000e+00
1.000000000000000000e+00
1.000000000000000000e+00
-4.183481745410974062e-01
-3.189960016719574631e-01
-4.348276832603470421e-01
6.779654264104685302e-01
1.000000000000000000e+00
1.000000000000000000e+00
-3.305830476063585377e-01
6.161025611860931894e-01
-4.784977457464875128e-01
-1.000000000000000000e+00
-7.090687885794297873e-01
-8.723727764915412131e-01
-5.906365401853170827e-01
-1.000000000000000000e+00
-2.532087312917644106e-01
8.515612526558021811e-01
4.858972726518204222e-01
-4.144826870313564893e-01
-1.000000000000000000e+00
1.576933563020996298e-01
-6.598739832376417924e-01
-1.000000000000000000e+00
-5.041316521417041896e-01
-3.829714592615506841e-01
-2.077541525948035650e-01
-2.744757623544578640e-01
-9.248125798766245742e-01
-1.000000000000000000e+00
2.989403445060855868e-01
1.000000000000000000e+00
-9.457081548278845062e-02
-8.254343398305787893e-01
-3.525632119336221115e-01
3.653530421025177333e-01
2.141635540143981831e-01
5.734780482261849777e-01
1.441361670442316001e-01
-3.832042015337067120e-01
4.844498377187496096e-01
1.863839460702115258e-01
2.428766262497279727e-01
-1.000000000000000000e+00
8.510982513503209113e-01
2.090578059472522898e-01
5.513999103689645187e-01
-1.000000000000000000e+00
2.366328034220965826e-02
5.198858845587582822e-01
-8.672393870024279749e-01
1.000000000000000000e+00
2.505455887195293663e-01
-6.261427208396340705e-01
2.524790603598138228e-01
-1.000000000000000000e+00
3.386932487491738919e-01
-7.136771268595242246e-01
-1.000000000000000000e+00
-1.000000000000000000e+00
5.284214776541082959e-01
5.074489217591723889e-03
-1.000000000000000000e+00
-4.325179195937642884e-01
-8.355055995642740596e-01
7.469464583361475896e-01
1.000000000000000000e+00
-2.459756359930340419e-01
4.398569696400005946e-01
-6.850693764076261072e-01
-3.250223884967834431e-01
-1.000000000000000000e+00
1.000000000000000000e+00
-3.303280040375581872e-01
-2.088548911197145308e-02
-2.910041742005003429e-01
4.489713814919889523e-01
1.889528730315830907e-01
-1.000000000000000000e+00
1.000000000000000000e+00
-7.502682658842394492e-01
2.909957641594731470e-01
1.000000000000000000e+00
1.000000000000000000e+00
-8.058116852511004735e-01
4.547890691291986420e-01
5.289866200907115124e-01
2.786949097753422255e-01
-1.966064868921928444e-01
-1.000000000000000000e+00
1.000000000000000000e+00
-1.000000000000000000e+00
-1.000000000000000000e+00
4.140111044114277994e-02
-8.225001856884620599e-01
-1.000000000000000000e+00
7.752931657358617112e-01
9.049431955572770914e-01
-3.464512765902754698e-01
-1.000000000000000000e+00
2.520656061833928541e-02
-3.425540960648655320e-01
-3.406089707262386912e-01
5.348704420522700786e-01
-4.549388910943218123e-03
6.332976230097557835e-01
-4.142184716373753517e-01
-3.518121537209934480e-01
-1.000000000000000000e+00
8.996694154291918766e-01
2.962266822636351604e-02
7.812424528374084520e-01
6.503014428176289163e-01
-1.000000000000000000e+00
1.000000000000000000e+00
4.268020590001121994e-01
-1.000000000000000000e+00
2.515180943883025266e-01
1.000000000000000000e+00
-1.567353315313380624e-01
6.152613358451286540e-01
-1.000000000000000000e+00
-8.281758764198314804e-01
2.677841218202969831e-01
-1.000000000000000000e+00
7.532235151335306966e-01
-7.612254321730798079e-01
-2.357108927924603248e-01
-1.000000000000000000e+00
3.101721053154460339e-01
6.527722552282392288e-01
-5.581105813257867254e-01
7.421585846847300605e-01
-1.000000000000000000e+00
2.710455503822960521e-01
1.000000000000000000e+00
-3.669736940197684816e-02
1.000000000000000000e+00
8.938473240456743518e-01
-2.223243491400133109e-01
2.778879304444129561e-01
-6.933544860119572606e-01
1.000000000000000000e+00
-4.639520580007375217e-01
-9.720289692408402571e-01
-3.926969957247274379e-01
1.000000000000000000e+00
-1.000000000000000000e+00
-2.681733326231329206e-01
1.000000000000000000e+00
1.000000000000000000e+00
-9.571219400991184401e-01
1.000000000000000000e+00
1.000000000000000000e+00
3.759516131424982532e-01
1.000000000000000000e+00
-4.651134702890480366e-01
-2.290269613669432269e-01
-2.287563154165138668e-01
-1.000000000000000000e+00
8.180075670263717846e-01
3.557109648959260184e-01
3.989081223956215116e-01
-1.000000000000000000e+00
-7.604322885201553195e-01
1.000000000000000000e+00
-9.310167053245238522e-01
-2.823969453945450736e-01
-4.507342295080916106e-01
2.800315070160137587e-01
1.021760093424482901e-01
1.000000000000000000e+00
6.610824993449093689e-01
5.682940271930174703e-01
-1.564176569963298680e-01
4.652666620390895624e-01
-9.510928865197696425e-01
9.450291901732922328e-01
-1.000000000000000000e+00
7.313241195676782602e-02
8.372861933413863200e-01
1.783198646416422062e-01
-4.962469749040175904e-01
-9.108740486917276113e-01
-1.000000000000000000e+00
-8.772224151841735706e-02
-6.372544052541422310e-01
7.274230813870022905e-01
6.491865080062486637e-01
4.155442098361774583e-01
-1.000000000000000000e+00
6.962218655747165474e-01
1.000000000000000000e+00
4.347780632311439852e-01
1.000000000000000000e+00
7.815356748762499750e-01
1.000000000000000000e+00
8.549988274607962513e-01
-8.327391298937955044e-01
1.000000000000000000e+00
-6.219941673465457788e-01
6.797929004678844589e-02
-1.197222455724568091e-01
-5.783619182893213750e-01
7.439102845626595073e-01
-1.000000000000000000e+00
-1.000000000000000000e+00
-4.684366495102233741e-02
-1.000000000000000000e+00
-2.076118411580211987e-01
-6.102797171448057223e-03
3.612822446446735669e-01
-4.777227130948216716e-01
-5.852957355449964760e-01
-8.184478411254737518e-01
1.000000000000000000e+00
-1.000000000000000000e+00
-7.161096675046414450e-01
-3.164651307590379825e-01
1.000000000000000000e+00
-5.171050023324081507e-02
-3.839382042938017658e-01
-1.000000000000000000e+00
3.632756322474024469e-01
1.000000000000000000e+00
5.898776821999759390e-01
8.098618064489787605e-02
8.533389691218231654e-01
-7.937698958383587744e-03
1.610424700702812462e-01
-1.000000000000000000e+00
-3.425653977149171192e-01
4.318102250371830264e-01
-1.786818621054878375e-01
-8.142004337696363558e-01
9.699881881615707302e-01
8.940135007779972387e-01
-9.389718714138911571e-02
-7.719053377482255618e-01
3.389878310952273432e-01
2.682879185887661611e-01
1.000000000000000000e+00
3.269980621847883295e-01
3.311534273816636453e-01
1.864338205611726085e-01
7.047925891279693822e-02
-8.155912763455257508e-01
-1.000000000000000000e+00
-5.305233872028306680e-02
-1.000000000000000000e+00
-1.685840762472118337e-02
9.601750747813297959e-01
-2.115440866740757875e-01
-1.000000000000000000e+00
1.000000000000000000e+00
7.859646545391170136e-01
6.444384570236508791e-01
1.000000000000000000e+00
7.669626998687090191e-02
-1.000000000000000000e+00
-1.944585200171097816e-01
5.433978840332985838e-01
9.300870717329268178e-01
8.719195354356177319e-01
4.386659122167455016e-01
-9.856191318718342531e-01
1.000000000000000000e+00
1.000000000000000000e+00
4.994374959752823084e-01
1.000000000000000000e+00
-2.533901266998223600e-01
-1.000000000000000000e+00
-1.864562162159983660e-01
8.177925177857658934e-01
4.058190258519346338e-01
5.814088452792214312e-01
3.364808970426010348e-01
-2.715361641081265320e-02
1.000000000000000000e+00
4.020555963729754989e-01
2.449966242215614320e-01
1.000000000000000000e+00
7.222134355472480394e-01
8.561774759798591594e-01
8.798255216787204125e-01
8.379518540878764243e-01
6.131432469244513239e-02
-1.000000000000000000e+00
1.161637127578750844e-01
3.489088495784536392e-01
-1.000000000000000000e+00
8.707767302011639732e-01
3.525834223962338032e-01
-8.266989643734953264e-01
1.000000000000000000e+00
1.000000000000000000e+00
-1.000000000000000000e+00
-9.178108297379996561e-01
3.894467137283070257e-01
3.149563826114042397e-01
-3.608614487533562953e-01
1.000000000000000000e+00
-1.000000000000000000e+00
-1.000000000000000000e+00
1.000000000000000000e+00
-1.000000000000000000e+00
3.447018354558338826e-01
1.000000000000000000e+00
-3.955204371513143524e-01
6.469035939829561599e-01
-4.644218014677876094e-01
-4.193729624268402456e-01
-4.668006453494104591e-01
-1.432647371360639965e-01
-3.181488998918802213e-01
6.240599929052422778e-01
5.731089610165607251e-01
-3.666926292509681828e-01
-1.103520809317753704e-01
8.456313794097385372e-01
1.000000000000000000e+00
7.872661368268210613e-02
-3.900738276282605943e-02
-1.000000000000000000e+00
1.000000000000000000e+00
-2.055597517645412486e-01
-1.000000000000000000e+00
-4.747730268565404366e-01
1.168272976803974711e-01
1.000000000000000000e+00
-5.524627698038235835e-01
-1.000000000000000000e+00
-5.277448356819816055e-01
-6.035871649111206327e-01
-6.592214759383931977e-01
3.459005067584295934e-01
-1.229696214074987720e-01
-1.899986105019428606e-01
-1.000000000000000000e+00
1.000000000000000000e+00
-7.927726291788006474e-02
8.838149932157517846e-03
-1.032119444832856336e-01
-6.358789484005220594e-01
8.308653641601602136e-01
1.000000000000000000e+00
-6.610190329997802650e-01
-1.000000000000000000e+00
1.332626113300339754e-01
6.519908180335095560e-01
-1.000000000000000000e+00
-5.666104382890716495e-01
-5.402168940684126675e-04
7.640712757746703776e-01
9.446247087233391460e-01
1.000000000000000000e+00
8.140528496115733148e-01
1.000000000000000000e+00
9.145870549775158009e-01
-3.499646453094925613e-01
-4.487147169663422419e-01
4.476444779279108999e-01
-3.621585114056862786e-01
-1.000000000000000000e+00
-8.677241991381223762e-01
7.584904270475043009e-02
9.025844294473361895e-02
2.702700281184144404e-01
-4.735519841650508432e-01
-2.303397201946514594e-01
8.196010413560445018e-01
-1.000000000000000000e+00
1.000000000000000000e+00
-8.731867450340705661e-01
-1.000000000000000000e+00
-2.880600883119870947e-01
-1.000000000000000000e+00
-8.078675409925495376e-01
5.457567809034541417e-01
5.719850195367675028e-01
3.939729536230006657e-01
-4.823297898478473567e-01
-4.914901686891237631e-03
4.340488250624662259e-01
-4.486400144912320309e-01
-1.068885286487298858e-01
4.986149303115766096e-01
-1.000000000000000000e+00
7.940917906933395720e-01
8.136858379583614687e-01
-6.205244138796989217e-01
2.491751535572324650e-01
-8.600988070175777933e-01
-6.378161194652215427e-02
-1.000000000000000000e+00
-9.475454071940299094e-01
1.000000000000000000e+00
-8.552536436426170230e-01
-4.619567690476954480e-01
-6.239528757280365934e-01
-5.953938548979983980e-02
-2.276079214428277653e-01
-3.437749973504489187e-01
1.000000000000000000e+00
1.000000000000000000e+00
-2.142955385306341554e-01
1.000000000000000000e+00
3.125427395319447244e-01
-3.522267790824304412e-01
-1.202865926666596141e-01
-1.000000000000000000e+00
7.522578907125605507e-01
-5.409602647191216196e-01
-3.809817927034815366e-01
-6.960314237818446825e-01
1.000000000000000000e+00
-1.000000000000000000e+00
1.000000000000000000e+00
7.690796122348723118e-01
8.041179227621642056e-02
-4.737961738398401706e-02
-2.951370668185445689e-01
-1.000000000000000000e+00
7.917805354444729105e-01
-8.605927514393801880e-01
5.141501101023110420e-01
6.580185576618174936e-01
-8.877104017201806752e-01
-2.327943695445013339e-01
4.012614289769498299e-01
8.429409805506208331e-01
-1.000000000000000000e+00
1.000000000000000000e+00
-2.674961226079031196e-01
4.378690457274516112e-01
-9.255398741269158513e-01
-1.000000000000000000e+00
7.476488534003278286e-01
3.407470120587638429e-01
1.000000000000000000e+00
9.851175376269895034e-01
8.396217201734611502e-01
3.557287268621056597e-01
2.731817012948225543e-01
-2.081595158200712503e-01
8.923813103776679911e-01
6.109020283574522203e-01
-1.000000000000000000e+00
-8.903021057862392507e-01
1.000000000000000000e+00
-2.680311666577749330e-01
1.000000000000000000e+00
-3.898049005129269329e-01
7.117156779743017969e-01
-1.000000000000000000e+00
1.000000000000000000e+00
-1.000000000000000000e+00
1.000000000000000000e+00
-1.000000000000000000e+00
-1.000000000000000000e+00
3.448275245564861313e-01
4.991044173970761166e-01
-1.000000000000000000e+00
-3.795650850191975567e-01
1.000000000000000000e+00
1.000000000000000000e+00
1.938104839753543862e-01
1.000000000000000000e+00
9.373448105326954716e-01
-1.000000000000000000e+00
6.380670200683346005e-01
1.450839414050662801e-01
-9.299936807716945308e-01
-2.985893157450372204e-01
-6.318070943277517837e-02
-1.000000000000000000e+00
-1.000000000000000000e+00
-6.758951810293367668e-01
-8.281086844610776598e-01
-1.000000000000000000e+00
-4.933938164724687159e-01
6.224884214509773805e-01
1.733879543663759126e-01
-1.000000000000000000e+00
1.000000000000000000e+00
-5.812825235451007932e-01
1.000000000000000000e+00
-1.411549093456287707e-01
1.000000000000000000e+00
-1.000000000000000000e+00
1.302149607291021027e-01
-1.000000000000000000e+00
8.839915864458376404e-01
-5.879395125287203427e-01
-1.000000000000000000e+00
-1.000000000000000000e+00
-1.000000000000000000e+00
1.195223187021896560e-01
7.942547273192244184e-01
1.000000000000000000e+00
9.795066959197991086e-01
-2.460820304848243545e-01
2.151149181921070130e-01
2.246711246313956578e-01
4.211014754649263225e-01
6.489562871780513165e-02
2.857734461931462633e-01
-6.961981468208520152e-01
-1.000000000000000000e+00
4.846247436034701456e-02
8.566109880893320039e-01
-1.000000000000000000e+00
5.213268893364390033e-01
1.000000000000000000e+00
1.000000000000000000e+00
-5.928171269099212770e-01
-1.000000000000000000e+00
4.819982110668724617e-01
7.619663455695379062e-01
-1.000000000000000000e+00
1.294350621846709348e-01
-1.000000000000000000e+00
-1.000000000000000000e+00
1.000000000000000000e+00
-7.060790801562962793e-01
7.981285622676177471e-01
-8.517760811335431392e-02
1.000000000000000000e+00
-4.203665875573012189e-01
-7.442464194252155218e-01
-7.908029734796574450e-01
-8.416714828105118507e-01
1.000000000000000000e+00
7.605774236033752134e-01
-8.795883014875145456e-01
1.000000000000000000e+00
-4.248422175671028311e-01
1.000000000000000000e+00
7.286066007088940477e-01
6.080167122880536512e-02
-4.909579342380970823e-02
1.000000000000000000e+00
-2.701899970336604784e-01
4.114642720066886694e-01
-3.489538210514687155e-01
1.000000000000000000e+00
-1.000000000000000000e+00
1.649233671738803420e-02
-3.342208623471211171e-01
-2.001432318015611833e-01
-7.217822522536475605e-01
1.000000000000000000e+00
-9.988287509792020957e-01
-1.000000000000000000e+00
1.000000000000000000e+00
-1.000000000000000000e+00
-1.000000000000000000e+00
-2.049195984247983437e-01
-1.000000000000000000e+00
-3.643805129777171747e-01
-7.482460119651193065e-01
1.000000000000000000e+00
1.000000000000000000e+00
2.406329097863973976e-02
-1.651387531016587640e-01
-9.889137889852830376e-01
-3.762880302252278319e-01
4.159210141799464799e-01
-1.000000000000000000e+00
4.297529313955140290e-02
-9.086450564913705064e-01
-8.248604456410474350e-01
-1.967258596748305832e-01
-9.792359058331070454e-01
1.000000000000000000e+00
-1.000000000000000000e+00
-6.594234548747681668e-01
-8.024851587152372900e-01
-1.000000000000000000e+00
-6.407618929350437087e-01
-1.000000000000000000e+00
1.320152529356024562e-01
-5.867641489827684076e-01
-5.115862274790622388e-01
1.000000000000000000e+00
-5.180182571031026473e-03
1.000000000000000000e+00
-5.621243966990771002e-01
3.205580421043040529e-01
-5.090236468973747819e-01
-1.000000000000000000e+00
4.161166111774746712e-01
-1.411668860133312164e-01
2.718904592364533856e-01
1.000000000000000000e+00
-6.461189642745472916e-01
-6.146252517985812958e-01
-3.974594591566709689e-01
-8.196264832247126542e-01
-2.789844172308282855e-01
5.066151386558892522e-01
-1.037365652329566568e-02
4.294427173108054108e-01
6.867475900073675144e-01
-1.000000000000000000e+00
2.298379706130241618e-01
-4.291592611690241421e-01
5.506300622350795981e-01
-1.000000000000000000e+00
7.852289758399665365e-01
5.483136736768137176e-01
-1.000000000000000000e+00
-7.627573348498218886e-01
-3.455058252753269166e-01
-2.333016060196704822e-02
-7.317082374753169915e-01
7.672075615544955429e-01
-8.854870044295044540e-01
-1.000000000000000000e+00
-8.254021784553619012e-01
-1.000000000000000000e+00
9.270610242463210859e-01
5.947952865414355417e-01
1.086025090502177326e-01
-9.228381122223614508e-01
-2.025033664574975856e-01
1.000000000000000000e+00
5.215936811221517644e-01
1.000000000000000000e+00
3.693552161001273371e-01
1.100116923871009567e-01
-1.782193929834822443e-01
1.438395163638916951e-02
-3.386180152921982600e-01
5.422218474303960312e-01
1.502458028163877746e-01
1.000000000000000000e+00
6.770342187951445823e-01
-5.811991101750799138e-02
-1.709998412251226285e-01
1.917401895435588699e-02
-4.694959103817320512e-01
-9.982327739741475581e-02
-8.414640189250022217e-01
-8.832730207359422714e-01
2.977505947096978356e-01
-2.617358188667847640e-01
-6.009340510254685963e-01
-1.404147538025729558e-01
-1.313198973291091476e-01
-6.430712435709403652e-01
4.536274333381223878e-01
-1.000000000000000000e+00
-1.000000000000000000e+00
-1.000000000000000000e+00
2.847811405344710112e-01
-1.000000000000000000e+00
4.234758901007745768e-02
5.814844615744872991e-01
-1.919063372456743799e-01
-4.826395427424094997e-01
-1.000000000000000000e+00
-3.335065190573611171e-01
-7.092220577341641352e-01
8.082778543657143100e-01
6.078401403575889317e-01
3.285632799743867238e-01
6.402295032308634726e-01
-3.613487236551169435e-01
-1.195487749035089309e-01
9.080464525415123944e-01
-1.804902292654632645e-01
-1.016604032296383603e-01
1.551148969876799677e-01
1.000000000000000000e+00
3.040623694915898789e-01
-3.275842329921175300e-01
6.195860628109763901e-01
-1.000000000000000000e+00
1.000000000000000000e+00
-8.775500490939666109e-01
-8.070555319933861438e-02
-1.000000000000000000e+00
8.817917382840239071e-01
-7.482685093637805873e-02
1.000000000000000000e+00
-5.648783185519213879e-01
-1.000000000000000000e+00
5.585708178914731148e-01
-9.678972170305831790e-01
-1.063220258664903384e-01
1.000000000000000000e+00
3.666959177990328778e-01
1.000000000000000000e+00
5.032609578847940801e-01
-6.234411251742562055e-01
2.844145089273157900e-01
1.000000000000000000e+00
9.407162472114669605e-01
3.757117998328624586e-01
1.000000000000000000e+00
-6.016325398128741231e-01
-1.000000000000000000e+00
5.123371377820413741e-01
-5.468657498984469401e-01
1.633232401668394118e-01
1.000000000000000000e+00
-1.000000000000000000e+00
-6.706705099528929015e-01
-5.314120796763506238e-01
3.551079942567722525e-01
5.234449371262813594e-02
-7.979165338912818095e-01
1.334419749008403655e-01
-1.712709508644755241e-01
-6.799208985102117575e-01
4.431307156904941147e-01
-1.000000000000000000e+00
6.407774270116941562e-01
8.935218095815884443e-01
1.000000000000000000e+00
1.000000000000000000e+00
-2.056897858195094186e-01
1.000000000000000000e+00
-1.000000000000000000e+00
-2.496939872073862254e-01
5.168033346246931892e-01
-1.000000000000000000e+00
-1.000000000000000000e+00
-9.043902863712560691e-01
-1.000000000000000000e+00
1.163745846057458178e-01
-2.079811288475658659e-01
4.165717605872098495e-01
-8.180123265808327826e-01
-2.021366264821063408e-01
1.000000000000000000e+00
1.786802708847610166e-01
1.746395652974737089e-01
8.846091889504672512e-01
-6.623972403294019484e-01
-8.841162717031452178e-01
-4.420460814123839399e-01
-1.000000000000000000e+00
-1.000000000000000000e+00
-9.356815891190000123e-01
-9.863352994990443046e-01
1.204728942951702048e-01
-4.130338397586844068e-01
-5.690151863403053456e-01
1.000000000000000000e+00
-1.000000000000000000e+00
-1.630485398503502825e-01
2.209744846880614122e-01
1.000000000000000000e+00
-4.248904928446605167e-01
-1.000000000000000000e+00
-8.676752792142886084e-02
3.314438084084889713e-01
-3.131976271542632473e-01
-2.063746768909236473e-01
-7.126100752702066998e-01
-1.899649091523393785e-01
-4.639886589992625598e-01
3.663892124046298493e-01
1.000000000000000000e+00
-6.832979872025544132e-01
5.079685783814793520e-01
6.147587406661407794e-01
-1.415443036907137742e-01
-3.524244887789528269e-01
8.634029478370500721e-01
3.082307304194102926e-01
-1.062273247818825150e-01
-3.686101687758981393e-01
-2.940684852171934760e-01
-6.170270411865642624e-01
-1.000000000000000000e+00
-8.148555543247087973e-01
4.614063098124419893e-02
-1.000000000000000000e+00
4.964810856254739946e-01
-3.422737004022487484e-01
6.935409407668671200e-01
-6.531064320049095873e-01
-6.150037798637022490e-01
1.000000000000000000e+00
1.000000000000000000e+00
6.648081322211545352e-01
-9.641605507083471638e-01
1.000000000000000000e+00
-1.000000000000000000e+00
-3.926883183516670650e-01
3.370726197267471802e-01
1.000000000000000000e+00
1.008546003237861255e-01
-8.163053308323902080e-01
-1.000000000000000000e+00
1.000000000000000000e+00
-1.000000000000000000e+00
-4.540003946213524988e-02
4.828865453045571021e-01
5.454716464385418462e-01
-5.229383018858511090e-01
-9.190869400879190243e-01
1.000000000000000000e+00
6.751575739177069213e-01
1.477258510345124676e-01
2.350701451281437815e-01
7.050190424766258346e-01
1.000000000000000000e+00
-7.717575561137171580e-02
5.147826010866685120e-01
1.000000000000000000e+00
3.836362277376839658e-01
-1.000000000000000000e+00
1.000000000000000000e+00
-4.200755356393283679e-01
-7.654514077762262225e-01
-3.316484589228508861e-01
-1.000000000000000000e+00
-3.761939888983220071e-01
-8.845074296246442369e-01
-3.421089327641339550e-01
1.000000000000000000e+00
-7.477031099435726968e-01
1.000000000000000000e+00
6.972117713421311924e-01
7.476700110777926289e-01
-1.000000000000000000e+00
-5.662172896692519997e-01
-1.000000000000000000e+00
-1.000000000000000000e+00
-1.000000000000000000e+00
-8.634427131829885971e-01
-1.000000000000000000e+00
-6.405996485588735245e-01
8.243821210409865152e-01
1.000000000000000000e+00
-1.000000000000000000e+00
-3.360665630381984847e-01
-9.980553646180241323e-01
-6.417437266938439411e-01
2.578606500600544305e-03
-8.642342713502529361e-02
-6.926344913395749980e-01
-7.651335250038797664e-01
1.000000000000000000e+00
-1.000000000000000000e+00
-7.412190707248668131e-01
-5.873066771109547446e-01
-4.046804621525784684e-01
3.395747646875941217e-01
-9.860873495015173851e-02
-2.699352045115039900e-01
1.368775061827439687e-01
-1.233938803764160486e-01
1.000000000000000000e+00
-2.123089868714689854e-01
1.000000000000000000e+00
-1.000000000000000000e+00
2.541399468537845485e-01
2.095156363002864675e-01
-1.000000000000000000e+00
3.357859881795867141e-01
-6.644325474132106724e-02
6.023692382528547107e-01
-2.035391678527065373e-03
6.676673029917448154e-01
3.358412203394999795e-01
-1.000000000000000000e+00
-3.615797734457338319e-01
-9.600270741082709280e-01
8.262985303608929577e-01
-1.000000000000000000e+00
-7.920732363604024995e-01
-4.709420698604749322e-03
-1.000000000000000000e+00
1.000000000000000000e+00
-1.000000000000000000e+00
-1.000000000000000000e+00
6.219706289146217371e-01
1.080620467862258849e-02
-1.000000000000000000e+00
-1.494808340806891289e-01
-8.105381713574089098e-01
3.109986315185687689e-01
-9.014993582763628499e-01
-1.000000000000000000e+00
-8.317385984357550388e-02
1.000000000000000000e+00
8.046680874030475161e-01
-1.000000000000000000e+00
-1.000000000000000000e+00
-1.000000000000000000e+00
-6.171985368242066672e-02
1.843933888288114276e-02
4.833858400877410477e-01
-1.000000000000000000e+00
1.000000000000000000e+00
-1.000000000000000000e+00
-9.435019463529940031e-01
-1.000000000000000000e+00
2.227691827381012291e-01
-9.008367498344032054e-01
-2.928281239884219511e-01
1.000000000000000000e+00
-1.000000000000000000e+00
1.000000000000000000e+00
8.026249376330094609e-01
1.000000000000000000e+00
-1.000000000000000000e+00
-2.414923996218332203e-01
4.908777959493445531e-01
-4.560621678150595937e-01
1.000000000000000000e+00
1.000000000000000000e+00
1.000000000000000000e+00
-7.279486018160445937e-01
-1.000000000000000000e+00
9.117960062148454670e-01
1.000000000000000000e+00
7.823725919146645724e-02
5.550825696801328091e-01
-4.594340041119843177e-01
-7.672409585370653096e-01
2.418701317647613536e-01
-4.422597189947659047e-01
-7.995883243797569095e-01
-7.982155463082868385e-02
-8.326089087396292276e-01
2.529225649742925519e-01
-2.824115122928176902e-01
9.840965615202122985e-01
-2.810471482438690882e-02
1.685591044493009727e-01
2.241298740067490525e-01
-4.386779774972976442e-01
-1.000000000000000000e+00
-8.129952851485541809e-02
1.658155894580959633e-01
-9.804425285367309728e-01
6.084063538201614496e-02
5.652540251576666508e-01
-2.179432892752407036e-01
9.431907603553273400e-01
8.856440761207722279e-01
1.000000000000000000e+00
8.543281935464392962e-01
-1.795155269173466794e-01
-6.445171604895097994e-01
7.484378992903525374e-01
-1.000000000000000000e+00
-1.000000000000000000e+00
-3.794075103490881506e-01
-2.121213010322224590e-01
-1.525739839267313824e-01
-1.000000000000000000e+00
4.164962837945569429e-01
7.489941821244283648e-02
1.000000000000000000e+00
1.000000000000000000e+00
-7.643653246779759103e-01
-1.000000000000000000e+00
-3.117021505619247401e-01
-6.791476664319254786e-01
2.636741207952999488e-01
3.553974942855953056e-01
-1.000000000000000000e+00
-1.000000000000000000e+00
-1.000000000000000000e+00
4.348791598379403989e-01
-7.323855644371071172e-01
-1.000000000000000000e+00
7.383394000413825431e-01
-1.000000000000000000e+00
1.000000000000000000e+00
-8.480170857346635005e-01
-1.000000000000000000e+00
5.122120854912403098e-01
2.232959529191909931e-01
-1.000000000000000000e+00
1.716326621128007879e-01
1.000000000000000000e+00
-2.118491409382108337e-01
1.000000000000000000e+00
2.176837466223868756e-01
-1.000000000000000000e+00
-3.167409213538273649e-01
-2.925470860259703487e-01
1.000000000000000000e+00
1.000000000000000000e+00
-1.000000000000000000e+00
-5.186391318791563343e-01
1.678963693709892291e-01
9.579992635227725373e-01
-1.000000000000000000e+00
-5.111897296568131965e-01
7.982876220149608126e-02
-1.000000000000000000e+00
1.000000000000000000e+00
1.000000000000000000e+00
-5.924576609699746532e-01
-1.000000000000000000e+00
-1.000000000000000000e+00
1.000000000000000000e+00
-5.864092782702559070e-01
-7.433133482945596393e-01
7.032166543988276342e-01
3.439617511961211571e-01
-1.000000000000000000e+00
-8.284551683087855167e-01
-5.012722015639345940e-01
7.540829357594224236e-01
1.000000000000000000e+00
-2.316186596208307247e-01
1.866856187926031474e-01
1.000000000000000000e+00
1.000000000000000000e+00
-9.261598362192399181e-01
-7.179167306583547070e-01
7.785878682643851967e-01
1.000000000000000000e+00
5.765363290201703794e-01
1.000000000000000000e+00
-1.000000000000000000e+00
-1.000000000000000000e+00
1.000000000000000000e+00
-5.616375566105459294e-01
1.000000000000000000e+00
1.000000000000000000e+00
4.283135019001446109e-01
8.122963641676267388e-01
4.755052237896796319e-01
-2.776322631664723262e-01
-1.000000000000000000e+00
-7.723359266023732683e-01
1.000000000000000000e+00
-1.000000000000000000e+00
1.000000000000000000e+00
-6.542385295908258458e-01
1.000000000000000000e+00
1.000000000000000000e+00
-1.000000000000000000e+00
-3.324634244913903247e-01
-1.000000000000000000e+00
1.000000000000000000e+00
1.000000000000000000e+00
1.953905099366693987e-01
-4.117525746391749175e-01
-5.570550194596810556e-01
-6.470849534922967772e-02
-3.428229560091889949e-01
8.290817429834135277e-01
-5.798579359404937295e-02
-3.419131322773747983e-01
-8.204883501877910934e-01
1.000000000000000000e+00
-9.958758580188397103e-01
-1.000000000000000000e+00
7.943518059171963408e-01
9.371773580126463443e-01
1.000000000000000000e+00
2.051491817180887134e-01
4.971774790348996720e-01
7.447120608866291125e-01
1.000000000000000000e+00
2.154043763489793539e-02
1.000000000000000000e+00
-9.040190458040218147e-01
-1.000000000000000000e+00
1.000000000000000000e+00
8.033283384345653033e-01
-3.918821970401333843e-01
-6.623387811324079610e-01
-6.530120557717807861e-01
-2.337330369173084565e-01
3.922237616240118463e-01
5.359367974050679440e-01
-8.457287559462745019e-01
-3.096182143668462228e-01
1.000000000000000000e+00
-1.000000000000000000e+00
5.248840932393040726e-01
1.000000000000000000e+00
-2.959504409292535443e-01
-7.793333466477307958e-01
8.847969522548049248e-01
1.000000000000000000e+00
1.490714820907586002e-01
-9.790922519570094407e-01
4.587652891740148231e-01
-8.837330521856825993e-02
1.000000000000000000e+00
-2.818575176883433286e-01
1.000000000000000000e+00
-1.000000000000000000e+00
-3.210088161034421739e-02
-5.057569385887998870e-01
-9.758401591375798212e-01
5.246618045129518570e-01
-6.037380771770515242e-01
1.000000000000000000e+00
-2.270007947767871403e-01
-4.505973479860639896e-01
7.268666080414672992e-01
8.011771595415717595e-01
1.000000000000000000e+00
1.000000000000000000e+00
-9.966389700369786553e-01
-1.000000000000000000e+00
-6.277059924359206233e-01
-7.155541296602583312e-01
-2.134595009937269583e-01
1.000000000000000000e+00
5.216305519459741857e-01
-1.000000000000000000e+00
-1.000000000000000000e+00
-2.544220679750786029e-02
6.357444024200857580e-02
-4.185901810818529190e-01
-4.855201359427241403e-02
-8.113433961627923852e-01
5.815995865042615787e-01
-4.070215034964367318e-01
-5.894758350958927418e-01
-2.334976918332941909e-01
1.027685529796888153e-01
-3.385280876116344428e-01
5.693413526797947988e-01
-6.739152350815866832e-01
-6.490433875685663878e-02
-3.683138638399505171e-01
-6.900834531523646342e-01
-1.000000000000000000e+00
-8.066696184297521555e-01
1.371676863055655213e-02
-2.030089138447096486e-01
-7.317827684710784819e-01
5.979254003928693995e-02
5.922829338318025272e-01
9.009034275881061538e-01
-1.000000000000000000e+00
-1.000000000000000000e+00
-5.244672744768514860e-01
-1.559280417141765129e-01
8.305544511886340242e-01
-5.220146345419532929e-01
-1.000000000000000000e+00
5.475565899109379187e-01
1.000000000000000000e+00
1.000000000000000000e+00
-1.000000000000000000e+00
-1.000000000000000000e+00
1.000000000000000000e+00
1.000000000000000000e+00
1.000000000000000000e+00
-1.000000000000000000e+00
3.910877656380026268e-01
1.000000000000000000e+00
-7.101619099375982014e-01
4.751699949387247490e-02
-5.223389898840708617e-02
-1.000000000000000000e+00
1.000000000000000000e+00
6.820006905989104418e-01
-1.000000000000000000e+00
1.000000000000000000e+00
-1.000000000000000000e+00
6.019398470211396734e-01
1.495638954781218777e-01
3.028976952915775622e-01
-1.000000000000000000e+00
-1.000000000000000000e+00
-1.861546088930921827e-01
1.000000000000000000e+00
-8.665440822304741886e-01
-7.844159651563014091e-01
1.000000000000000000e+00
9.067600144545129304e-01
-7.157518966228086921e-01
-7.412395270963264560e-01
9.439293143241361816e-02
-1.943955443846181463e-01
1.000000000000000000e+00
-8.057888979121397011e-01
-4.323212684310351328e-02
-1.959597849339830833e-01
4.409200662063017528e-01
-2.218779194132758370e-02
-1.000000000000000000e+00
-1.000000000000000000e+00
-2.862411468409772342e-01
1.000000000000000000e+00
1.000000000000000000e+00
-1.000000000000000000e+00
1.750329143744800420e-01
-1.000000000000000000e+00
-2.391423852076930978e-01
-3.693307068342027710e-01
1.000000000000000000e+00
5.473335679039013080e-01
4.124640789538026597e-01
4.863940696261647156e-01
8.365526451851585943e-01
9.090164480182629791e-01
-5.813015370598982878e-01
-7.782485789066153625e-01
1.000000000000000000e+00
8.499701705487340275e-01
1.000000000000000000e+00
3.240168099398987311e-01
1.000000000000000000e+00
8.787832344918260485e-01
-1.000000000000000000e+00
-1.000000000000000000e+00
9.800694334561264043e-01
-4.097635371141146177e-01
-5.544850738872739160e-02
-1.000000000000000000e+00
-1.059722849837062553e-01
-1.000000000000000000e+00
1.000000000000000000e+00
7.319797482276171330e-01
1.000000000000000000e+00
1.000000000000000000e+00
1.000000000000000000e+00
1.412067691623757060e-01
-3.542264372868666467e-01
2.061670970209847076e-01
-2.111848036609837442e-01
7.363411556159267235e-01
-1.000000000000000000e+00
-1.975881520676733560e-01
1.000000000000000000e+00
4.478789972079648685e-01
1.000000000000000000e+00
-9.380443284839281581e-01
1.000000000000000000e+00
1.000000000000000000e+00
-4.709382448957966094e-01
9.892691363930763426e-01
1.000000000000000000e+00
-4.576292360919046454e-01
-6.273936375721563818e-01
4.176353476308363177e-01
7.569651019422370952e-01
4.458861018954833888e-01
5.601312047155545537e-01
2.075575539691496829e-01
-7.832076958298017644e-01
-7.687735921568981112e-01
1.000000000000000000e+00
-9.769365314474219852e-01
-3.699700370811630501e-01
-2.662444888748857208e-01
5.636030134575351624e-01
1.350881512825716224e-01
-1.000000000000000000e+00
-1.000000000000000000e+00
3.067102683578423750e-02
-6.468753259436749170e-02
1.745090060428234335e-01
9.018585931809977030e-01
1.000000000000000000e+00
8.681780202786337775e-01
6.572978954803398999e-01
-3.578515932533972155e-01
-1.000000000000000000e+00
1.657568756088586559e-01
1.000000000000000000e+00
-1.000000000000000000e+00
7.047102070881203217e-02
4.041125635789498405e-02
1.000000000000000000e+00
1.000000000000000000e+00
7.625955820063677892e-01
2.149230819390624547e-01
-1.000000000000000000e+00
-1.000000000000000000e+00
-1.000000000000000000e+00
-5.913122631479196256e-01
-6.584837636917028059e-01
-1.000000000000000000e+00
-5.596337139664026017e-01
-5.473224336058242212e-01
2.609133650316963204e-01
-5.020485232604358083e-01
1.000000000000000000e+00
2.442060170478793923e-01
-1.000000000000000000e+00
-7.970229503111278535e-02
1.570405346314672768e-01
1.000000000000000000e+00
7.890623701221725073e-01
5.540285333883629981e-01
1.211756322480250225e-01
-6.131670169719450891e-01
-4.961359831757244376e-01
-6.175882490984277995e-01
-1.000000000000000000e+00
9.551538939492473790e-02
-4.688993522370397127e-01
-1.918070603669770890e-01
2.477450454915214317e-02
-6.483158365209245044e-01
-8.684347022891741874e-01
2.619260961115387754e-01
-4.545535161940098545e-01
-1.000000000000000000e+00
8.372133528287771520e-03
-1.000000000000000000e+00
1.000000000000000000e+00
-1.000000000000000000e+00
1.000000000000000000e+00
1.000000000000000000e+00
-8.471718752124044460e-01
2.435465991459412338e-01
5.710186493453613954e-01
-4.338235384808223905e-01
-5.233968385758676067e-01
2.628737106494183906e-01
6.882824874638280299e-01
1.778839891289748509e-01
3.237009804857572393e-01
1.000000000000000000e+00
-1.000000000000000000e+00
1.000000000000000000e+00
1.000000000000000000e+00
5.708972063628572347e-01
1.000000000000000000e+00
6.074195104874358098e-01
5.382132816178273327e-01
-8.074580512743092520e-01
2.342535643263088663e-01
6.965729361598920200e-01
1.000000000000000000e+00
-1.000000000000000000e+00
-1.000000000000000000e+00
-5.494937266703455725e-01
-4.473319759253380212e-02
-1.000000000000000000e+00
2.125856513756822774e-01
