1.049743663276458960e-01
1.000000000000000000e+00
1.000000000000000000e+00
-1.602513401771121782e-01
-1.000000000000000000e+00
7.640973211531359999e-01
1.000000000000000000e+00
1.000000000000000000e+00
-8.401858632433297780e-01
-3.807022198952298986e-01
1.000000000000000000e+00
-9.754572446853146950e-01
5.390985969337219741e-01
1.000000000000000000e+00
5.899545996559627525e-01
1.000000000000000000e+00
5.688822250050469265e-01
-1.000000000000000000e+00
2.048367647241164935e-01
1.000000000000000000e+00
-8.587005247835310939e-01
6.535434195167821869e-01
6.467071654451310714e-01
-3.691110839654234699e-01
1.991678817269286750e-01
4.708799998498308659e-01
2.046693775413891414e-01
-1.000000000000000000e+00
-1.000000000000000000e+00
1.000000000000000000e+00
5.877901691886977531e-01
4.666014268262214104e-01
4.246043447146538030e-01
-2.546354921118518799e-01
-8.140209023735723859e-01
-1.000000000000000000e+00
1.000000000000000000e+00
1.602970069935244490e-01
-2.957611099836819912e-01
-6.815099414612146855e-01
-5.502638544206432947e-01
6.727213353797444340e-01
-6.523538509419041231e-02
-1.000000000000000000e+00
5.573369629257596269e-01
1.000000000000000000e+00
3.759697484799141565e-01
-8.161767128151118378e-01
1.000000000000000000e+00
4.016211024124336504e-01
-7.798852844182316835e-01
1.586190268483470001e-01
5.959185655268040005e-01
2.794935235209173863e-01
5.355537585471068507e-01
1.000000000000000000e+00
-2.957421554325121438e-01
8.691479071231510423e-01
-5.924493229167642205e-01
-1.000000000000000000e+00
4.763018925602100495e-01
6.477204402735059485e-01
-5.808255089501175306e-01
5.156718998703160306e-01
-1.000000000000000000e+00
2.255069020630802723e-01
-1.000000000000000000e+00
7.315118078596205553e-01
-1.000000000000000000e+00
-7.206125646604806256e-01
1.000000000000000000e+00
6.823574315123550615e-01
7.647652897816971107e-01
1.000000000000000000e+00
4.057083810452313255e-01
-1.000000000000000000e+00
2.124122928161517043e-01
1.321240903269912392e-01
1.000000000000000000e+00
1.000000000000000000e+00
1.000000000000000000e+00
6.352893883059511637e-01
-1.000000000000000000e+00
-1.000000000000000000e+00
-1.558189719917758564e-01
7.341909015935972338e-01
-6.626005320103285356e-01
1.000000000000000000e+00
-1.000000000000000000e+00
-6.064521263699280684e-01
-1.000000000000000000e+00
-1.000000000000000000e+00
-6.608479857157842918e-01
-1.000000000000000000e+00
-9.748942336791306396e-01
6.372326179539751223e-01
-3.982738889634763746e-01
-6.808082685559282421e-01
-1.000000000000000000e+00
-1.000000000000000000e+00
1.459387189729267897e-01
3.406966989108233257e-01
-1.000000000000000000e+00
1.000000000000000000e+00
-6.430340906354088393e-01
-9.477734119536365132e-01
1.000000000000000000e+00
-3.571259119134158055e-01
1.000000000000000000e+00
-1.000000000000000000e+00
5.935350666382517293e-01
7.253669786424861154e-01
-1.000000000000000000e+00
-9.694664285256919811e-01
-1.000000000000000000e+00
5.701195816310744569e-01
1.000000000000000000e+00
-8.323784873587449784e-01
5.976716751933641714e-02
1.239668312408357537e-01
-5.419632450599465301e-01
9.187224938487131842e-01
-1.000000000000000000e+00
-4.755997231631103883e-02
6.582753166379461396e-01
1.000000000000000000e+00
6.623456882754190644e-01
1.000000000000000000e+00
1.000000000000000000e+00
-1.000000000000000000e+00
1.000000000000000000e+00
1.000000000000000000e+00
1.000000000000000000e+00
-1.000000000000000000e+00
-6.373606801687321521e-01
1.590276002897461627e-01
1.000000000000000000e+00
-3.467690125751814456e-01
1.767417270610278646e-01
4.750012119902521368e-01
8.754127196127081678e-02
6.862970521384759159e-01
-1.000000000000000000e+00
-3.998663760333656114e-01
-8.117949033237968903e-01
-9.635106123729685335e-01
-1.000000000000000000e+00
4.150980453708748019e-01
1.000000000000000000e+00
5.345476265177926400e-01
-1.000000000000000000e+00
4.454571505758712080e-01
-1.000000000000000000e+00
5.530482613390030888e-01
-1.000000000000000000e+00
-6.626469462424366963e-01
1.000000000000000000e+00
-5.790846687778432589e-01
-1.000000000000000000e+00
1.000000000000000000e+00
-1.000000000000000000e+00
-1.000000000000000000e+00
-4.940985972864989639e-01
1.000000000000000000e+00
-1.000000000000000000e+00
-5.223495982556713990e-01
6.581470468325170131e-01
-8.202427383641435199e-01
5.179043017513291769e-01
4.996105830636898837e-02
7.582165340412863053e-01
-5.437889452262930634e-01
8.501884154047416597e-01
7.565071340179089221e-01
-9.621120123907456190e-02
-1.000000000000000000e+00
-5.901579724540304550e-01
3.013627076158289508e-01
7.963464167210716482e-01
3.908612171915035738e-01
1.000000000000000000e+00
-1.000000000000000000e+00
-1.000000000000000000e+00
-1.617811400121471621e-02
1.000000000000000000e+00
-1.000000000000000000e+00
-6.649881981233879413e-01
-1.000000000000000000e+00
-1.000000000000000000e+00
1.898829384542267407e-01
-1.000000000000000000e+00
8.484200421405849735e-01
-1.000000000000000000e+00
-2.180781471652126768e-02
-9.912474989522509494e-01
-1.000000000000000000e+00
2.412927042455619009e-01
7.564241016621002789e-01
1.000000000000000000e+00
1.000000000000000000e+00
1.000000000000000000e+00
1.623805863417266959e-01
1.000000000000000000e+00
3.939613074029933992e-01
-2.183796363738441659e-01
-1.000000000000000000e+00
1.000000000000000000e+00
1.000000000000000000e+00
-9.137803546655929310e-01
-1.000000000000000000e+00
7.273891144026294331e-01
2.617212619014384067e-01
-1.000000000000000000e+00
1.000000000000000000e+00
6.898755814802015607e-02
1.500060687940507620e-03
2.579329392951460465e-01
1.000000000000000000e+00
9.476820091750108865e-01
-3.137611699575346691e-01
9.404073916217372542e-01
4.745812150783754735e-01
1.000000000000000000e+00
1.433331370522474835e-01
1.000000000000000000e+00
-6.618125728886384840e-01
1.000000000000000000e+00
-4.693926088003520514e-01
-1.000000000000000000e+00
1.000000000000000000e+00
-1.000000000000000000e+00
1.000000000000000000e+00
1.000000000000000000e+00
-2.274353903487205120e-01
-1.000000000000000000e+00
4.614999713847253160e-01
-1.000000000000000000e+00
3.132190894220401312e-01
1.000000000000000000e+00
9.286865361812890463e-01
-9.192154456850272215e-01
1.872281473969003573e-01
6.419873724691500527e-01
-1.000000000000000000e+00
-1.000000000000000000e+00
3.600111843183142479e-01
-3.393580523830509454e-01
-1.000000000000000000e+00
9.791778276059244224e-01
8.879868816772872320e-01
-6.169533535714475381e-01
7.349176758104589702e-01
-6.301451928855966722e-01
1.354933273854047604e-01
8.354342425416700912e-01
-3.822503082593786128e-01
-6.558657186910791248e-01
-2.463506981772151383e-01
-3.892564829573083030e-01
1.517759132149863188e-01
-3.382135454539993979e-01
-9.768340691701971057e-01
9.716477323107471920e-01
-9.020004281688093206e-01
-1.000000000000000000e+00
-2.320789565433528101e-01
1.000000000000000000e+00
-1.000000000000000000e+00
2.395289284356647563e-01
-1.000000000000000000e+00
6.099327293617130552e-01
1.000000000000000000e+00
5.535124673510823934e-01
1.000000000000000000e+00
3.539599457365325552e-01
-9.642302847694697032e-01
-1.000000000000000000e+00
-9.338221663013341889e-01
-3.364619566607152112e-01
2.155748571784577017e-03
-1.000000000000000000e+00
-7.435965483810456078e-01
-4.422524359545598749e-01
1.000000000000000000e+00
1.000000000000000000e+00
-1.000000000000000000e+00
-1.000000000000000000e+00
-2.350200948825356129e-01
-1.127083113515506829e-01
2.640873243021115702e-01
1.000000000000000000e+00
-1.000000000000000000e+00
-3.358818735204054384e-01
4.368983605674325310e-01
8.003047117456261184e-01
-1.010199428718350223e-01
-3.686852603199084477e-01
-1.000000000000000000e+00
-9.557514254935699505e-01
1.000000000000000000e+00
2.484434182030347271e-01
4.737988806703299360e-01
1.000000000000000000e+00
-5.529889094605331401e-01
4.904926023340978603e-01
-8.839164743199158236e-01
-1.000000000000000000e+00
-1.000000000000000000e+00
-1.000000000000000000e+00
-1.000000000000000000e+00
-2.169033582747359745e-01
-1.000000000000000000e+00
-1.000000000000000000e+00
-1.000000000000000000e+00
1.426646677496865578e-01
1.000000000000000000e+00
-1.000000000000000000e+00
-1.000000000000000000e+00
-8.941954302088526152e-01
-3.780768015431806850e-01
1.000000000000000000e+00
1.000000000000000000e+00
-2.152653691824060744e-01
1.647256284423030126e-01
8.435521090707149838e-01
-6.091169339572481967e-01
1.000000000000000000e+00
-4.951600571465522016e-01
-9.265535554997469392e-01
-6.234963819227179460e-01
-4.098262163739700981e-01
1.000000000000000000e+00
-1.000000000000000000e+00
-9.840966499441041737e-01
1.000000000000000000e+00
6.377683425149361929e-01
-1.000000000000000000e+00
-9.694789711375414454e-01
1.000000000000000000e+00
-5.406043944513189148e-01
1.000000000000000000e+00
7.480963167106052802e-01
7.585086085946695089e-01
-1.000000000000000000e+00
1.000000000000000000e+00
-1.000000000000000000e+00
-8.600845295994402617e-02
-5.946402106482385763e-01
1.000000000000000000e+00
4.888782189270425294e-01
1.000000000000000000e+00
-5.562956601768713760e-01
7.565063096154726052e-01
-1.000000000000000000e+00
1.000000000000000000e+00
9.930137546211695865e-01
3.498590025980856666e-01
-1.000000000000000000e+00
-1.000000000000000000e+00
-9.385091507771543551e-01
-1.000000000000000000e+00
1.000000000000000000e+00
-1.000000000000000000e+00
8.315634477083757581e-01
1.000000000000000000e+00
1.000000000000000000e+00
-1.000000000000000000e+00
1.000000000000000000e+00
-2.698118414770436235e-01
3.193034400177276466e-01
-1.000000000000000000e+00
-8.414120242426159635e-01
2.189654367406788094e-01
8.524186315498993860e-01
-1.963688401886043433e-02
-9.074710570813420141e-01
1.000000000000000000e+00
5.701730036583612105e-01
1.000000000000000000e+00
1.000000000000000000e+00
-1.000000000000000000e+00
6.263496251840645623e-01
1.000000000000000000e+00
1.000000000000000000e+00
-1.000000000000000000e+00
1.000000000000000000e+00
-5.706016222862043685e-01
-4.543339167114127664e-01
-5.824193665559451727e-01
6.227913678118960350e-01
-1.047874346765368392e-01
1.000000000000000000e+00
3.808440334545736827e-01
-1.000000000000000000e+00
5.933229280978941089e-01
-6.576097075377597134e-01
1.000000000000000000e+00
-7.878491434337936417e-01
1.000000000000000000e+00
-1.000000000000000000e+00
-7.898368125467658540e-02
3.176090927856365376e-01
-9.256428110106685869e-01
-8.765063583222931776e-01
9.045093463810638390e-01
1.000000000000000000e+00
-1.000000000000000000e+00
3.971614786821204834e-01
-1.000000000000000000e+00
-1.000000000000000000e+00
-1.000000000000000000e+00
1.000000000000000000e+00
1.000000000000000000e+00
-1.000000000000000000e+00
5.845451739257268020e-02
2.029817632470024003e-03
6.805665330057405482e-01
-1.000000000000000000e+00
9.231801523021023748e-01
1.000000000000000000e+00
1.000000000000000000e+00
5.634338693875021731e-01
1.017340519927467657e-02
-5.563881119902885919e-01
1.987803359098283540e-01
7.789034956643330343e-01
-4.939465001408864797e-01
1.000000000000000000e+00
7.975972123351050547e-01
7.878839861106884390e-01
1.000000000000000000e+00
7.025051641670752023e-01
-1.000000000000000000e+00
-3.396428529921462491e-01
8.895976132502393385e-01
-1.000000000000000000e+00
3.310426157207565501e-01
1.000000000000000000e+00
1.000000000000000000e+00
-6.238996959242255613e-01
1.000000000000000000e+00
8.034233051251060687e-02
2.159695443382128044e-01
-6.898393634405014518e-02
-1.000000000000000000e+00
-6.800498048892120728e-01
3.840347081378877592e-01
-2.615076350548345419e-02
-1.000000000000000000e+00
-1.000000000000000000e+00
1.000000000000000000e+00
1.000000000000000000e+00
-4.110088533750656525e-01
-5.133622507718191841e-01
5.042190348221574636e-01
-1.732598272855756516e-02
1.759088346025551308e-01
1.000000000000000000e+00
-5.240875713530275259e-01
-3.757804796013620718e-01
-1.599775440900478296e-01
-1.000000000000000000e+00
2.777241664039296620e-01
-9.169438021916646031e-01
-9.158468887374608958e-01
1.591111242344509513e-01
-1.000000000000000000e+00
-7.170548677835912876e-01
6.101195110385362330e-01
-7.244591175592771659e-01
-1.000000000000000000e+00
1.126933184959877376e-02
1.000000000000000000e+00
-9.672129728555761696e-01
4.786130572898875668e-01
-7.129362407465077434e-01
-1.000000000000000000e+00
-7.105949913216700331e-01
-1.000000000000000000e+00
-1.000000000000000000e+00
9.137543873106768189e-01
-6.175614752294972254e-01
4.984395051014567368e-01
1.000000000000000000e+00
8.741914415999686438e-01
3.492353219306275625e-01
-1.908152217914965698e-01
-1.000000000000000000e+00
3.486398286364699173e-01
-1.004205387794463444e-01
-1.000000000000000000e+00
-1.000000000000000000e+00
-1.000000000000000000e+00
1.000000000000000000e+00
-5.787603260868832145e-01
-4.631000013407468030e-01
-3.753030319845424012e-02
-4.116823744631498139e-02
-1.000000000000000000e+00
-1.000000000000000000e+00
-1.128464469892923455e-01
2.640110359559223463e-01
1.000000000000000000e+00
1.000000000000000000e+00
9.881052659092837143e-01
-1.000000000000000000e+00
2.910657071053003309e-01
9.395147078853063327e-01
1.794124101970674401e-01
-1.000000000000000000e+00
-1.552818983521633278e-01
7.234097971557374995e-01
-1.000000000000000000e+00
-1.000000000000000000e+00
1.000000000000000000e+00
-6.537760517144283190e-01
1.000000000000000000e+00
-3.164968870182865990e-01
1.000000000000000000e+00
4.381574573041406295e-01
5.805307385783220475e-01
1.000000000000000000e+00
-1.000000000000000000e+00
3.631892232149931954e-01
6.503319782886302081e-01
5.422206344934262789e-01
-5.614222422368597698e-01
3.933470764476568737e-01
-1.000000000000000000e+00
-1.000000000000000000e+00
1.000000000000000000e+00
1.483191802681821381e-01
-1.000000000000000000e+00
1.943043377239306313e-01
2.367578802794344794e-01
3.008660299205864197e-01
-1.000000000000000000e+00
7.117401333649706618e-01
-7.543035942194733501e-01
-1.000000000000000000e+00
-2.181067306123689598e-01
8.245836878053207641e-01
-1.000000000000000000e+00
-1.000000000000000000e+00
-1.000000000000000000e+00
-4.625877352745541571e-02
-8.744707049214777150e-01
-5.366233181227353377e-01
5.141046579620019985e-01
-1.000000000000000000e+00
-1.507828402402064949e-01
-1.000000000000000000e+00
1.000000000000000000e+00
7.689348736232406445e-01
-1.000000000000000000e+00
9.157993294386124195e-02
7.417860577039505632e-01
3.424741339797106043e-01
-1.938724483620520300e-01
-1.000000000000000000e+00
-1.049106324359667664e-01
1.000000000000000000e+00
1.000000000000000000e+00
-3.581779384334748961e-01
8.427688635366195058e-01
9.366346190731470456e-01
4.887852203213929325e-01
2.067971979450412556e-01
-1.000000000000000000e+00
-1.000000000000000000e+00
1.000000000000000000e+00
1.000000000000000000e+00
-1.000000000000000000e+00
-7.784016876913448790e-01
1.000000000000000000e+00
-6.615939553898408931e-02
1.000000000000000000e+00
8.664500970532079682e-01
-3.987846470272393695e-01
3.263065241404403682e-01
2.479433498848406803e-01
1.000000000000000000e+00
-9.118808561719562444e-01
-4.382733925791717500e-01
1.000000000000000000e+00
-4.696059364742175557e-01
1.000000000000000000e+00
1.000000000000000000e+00
5.395445101935459897e-01
9.747905109848575833e-01
1.000000000000000000e+00
6.830623292091153598e-01
-1.000000000000000000e+00
-1.000000000000000000e+00
-1.000000000000000000e+00
-4.256839210790680506e-01
1.000000000000000000e+00
1.000000000000000000e+00
-3.693952859023391655e-01
1.000000000000000000e+00
1.000000000000000000e+00
-5.317902543071543198e-01
3.434772614864463058e-01
5.547137563957912354e-01
-8.430826611960275940e-01
1.000000000000000000e+00
4.487093529417223170e-01
-2.396631178831921671e-01
-1.000000000000000000e+00
-1.000000000000000000e+00
-5.833192932131339159e-01
8.216210690773579906e-01
-9.677437338907163289e-01
-1.000000000000000000e+00
-1.371999137777933919e-01
1.000000000000000000e+00
-3.468168910951300310e-01
-2.268103747810031878e-01
-1.000000000000000000e+00
-9.713666411825649938e-02
7.463570101785774735e-01
1.000000000000000000e+00
1.000000000000000000e+00
1.000000000000000000e+00
-7.850881028824381325e-01
-4.735906714384812144e-01
-1.645612282967994222e-01
7.961315157982129520e-01
1.000000000000000000e+00
-1.000000000000000000e+00
-2.465054557284291903e-01
-7.017663661754125481e-01
1.000000000000000000e+00
1.000000000000000000e+00
3.856035059650129160e-01
-8.573880136741065527e-01
-1.000000000000000000e+00
2.556088100040998512e-01
-1.000000000000000000e+00
3.166475037817757521e-01
-1.000000000000000000e+00
1.000000000000000000e+00
-9.092563091455553304e-01
1.000000000000000000e+00
9.858456361904899268e-02
-1.000000000000000000e+00
-3.149252814848328974e-01
-3.935084744450160210e-01
-1.000000000000000000e+00
9.599125432448034623e-01
1.000000000000000000e+00
3.880807052763107778e-01
3.869337117529763614e-01
-1.000000000000000000e+00
-7.526709342951996007e-01
8.448871520472932550e-01
1.000000000000000000e+00
4.303552870969632460e-01
1.000000000000000000e+00
-9.967548201289192500e-01
-1.000000000000000000e+00
6.240242701523861513e-01
2.728818355603435108e-02
9.532148937477424866e-02
3.584154617837707058e-01
-4.683147141666488267e-02
1.000000000000000000e+00
1.000000000000000000e+00
1.000000000000000000e+00
-2.240034406783992793e-01
-1.000000000000000000e+00
1.000000000000000000e+00
1.000000000000000000e+00
5.188761539805102352e-01
-4.682421242374434911e-02
3.562264233481164943e-01
9.960933275287342514e-01
1.000000000000000000e+00
-5.395421206614284815e-01
1.672754305795132179e-02
-7.459902799121245209e-01
7.566855141110386818e-01
-1.000000000000000000e+00
1.000000000000000000e+00
-1.000000000000000000e+00
1.000000000000000000e+00
-1.000000000000000000e+00
-5.136936573500356928e-01
-1.000000000000000000e+00
8.288154822657873844e-01
1.000000000000000000e+00
1.000000000000000000e+00
-9.736909612240580714e-01
1.000000000000000000e+00
1.000000000000000000e+00
-1.000000000000000000e+00
1.420121370291760332e-01
-1.799854324344982714e-01
-1.000000000000000000e+00
9.091912152056877972e-01
-1.000000000000000000e+00
-1.000000000000000000e+00
7.924748203289728732e-01
1.000000000000000000e+00
2.962613120958701440e-02
-1.000000000000000000e+00
7.538108348701870742e-01
1.192642345801827597e-01
2.417615821221807959e-01
1.000000000000000000e+00
1.000000000000000000e+00
-5.407906020119760404e-01
1.000000000000000000e+00
1.000000000000000000e+00
-2.220269804286743032e-01
1.000000000000000000e+00
2.131895629910802725e-01
-1.000000000000000000e+00
1.000000000000000000e+00
-5.863541030604558779e-01
-8.023604775704797909e-01
5.873634363969242322e-01
-1.000000000000000000e+00
2.713901569743281672e-01
7.979380543950811422e-01
-1.000000000000000000e+00
1.000000000000000000e+00
-4.374475006051080084e-01
-2.475321542285521814e-01
-9.227048918200970729e-01
-1.000000000000000000e+00
8.343069899303590109e-01
-7.288410047913006506e-01
-9.765953526496717885e-02
-1.000000000000000000e+00
1.000000000000000000e+00
-1.000000000000000000e+00
1.000000000000000000e+00
-1.000000000000000000e+00
-4.949126354502282332e-01
1.000000000000000000e+00
3.228963521538095183e-01
-1.000000000000000000e+00
-1.000000000000000000e+00
-1.000000000000000000e+00
-1.000000000000000000e+00
-2.147994052118673558e-02
1.000000000000000000e+00
1.000000000000000000e+00
1.000000000000000000e+00
2.830193852317264280e-01
3.934139474829809746e-01
-1.000000000000000000e+00
-1.000000000000000000e+00
-1.000000000000000000e+00
7.302213319503187972e-01
-1.670747389929014004e-01
-1.000000000000000000e+00
-1.000000000000000000e+00
1.000000000000000000e+00
-1.000000000000000000e+00
1.000000000000000000e+00
9.318725807485819801e-02
-1.000000000000000000e+00
-6.615320968991448281e-01
-1.000000000000000000e+00
1.000000000000000000e+00
3.961266412838331252e-01
-1.000000000000000000e+00
4.811255455247983592e-01
1.000000000000000000e+00
1.368091875684590564e-01
-3.673114240692630372e-01
1.000000000000000000e+00
1.000000000000000000e+00
-1.000000000000000000e+00
4.956340190276706803e-01
-1.000000000000000000e+00
1.000000000000000000e+00
5.637024025194803389e-01
-9.940071956358049743e-01
-4.061247250663719832e-01
-8.739393901523225816e-01
-7.387399475058835652e-01
-1.000000000000000000e+00
1.000000000000000000e+00
-5.064509875829787955e-01
-1.000000000000000000e+00
-1.000000000000000000e+00
1.000000000000000000e+00
2.708041609786829840e-01
-6.212946240728207670e-01
-1.000000000000000000e+00
-1.000000000000000000e+00
-5.525781413794412789e-01
-5.789984708771277466e-01
6.880537504222943301e-01
7.565146219185882037e-01
3.020935111399579709e-01
5.751925333469196655e-01
5.231775013887089987e-01
-3.611567556600738804e-01
1.000000000000000000e+00
4.179754250260361848e-01
-1.000000000000000000e+00
2.572982252546588411e-01
1.000000000000000000e+00
7.719960910936376486e-01
1.000000000000000000e+00
1.000000000000000000e+00
-1.000000000000000000e+00
-5.638182227423875759e-01
8.627121288789563192e-02
-4.630809956116263004e-01
-1.756106834882859014e-01
1.000000000000000000e+00
2.001980139835366213e-01
9.277258583235203915e-01
-6.533064167893334329e-01
1.000000000000000000e+00
6.705606882667591861e-02
1.000000000000000000e+00
-9.684667837349441033e-01
-5.314267022584659439e-02
1.000000000000000000e+00
-8.424483350886352584e-01
-1.000000000000000000e+00
1.000000000000000000e+00
-1.000000000000000000e+00
-1.000000000000000000e+00
1.000000000000000000e+00
1.000000000000000000e+00
1.000000000000000000e+00
-8.604314380892327252e-01
1.000000000000000000e+00
-1.000000000000000000e+00
-1.000000000000000000e+00
1.000000000000000000e+00
8.680906248720688945e-01
1.000000000000000000e+00
-7.250527728600962840e-01
8.054632658991420779e-01
1.000000000000000000e+00
9.599442548964687294e-01
-1.000000000000000000e+00
-1.000000000000000000e+00
8.599431284402141440e-01
1.000000000000000000e+00
1.000000000000000000e+00
-1.000000000000000000e+00
-1.042792308097915122e-01
6.861767011848136644e-01
3.252184778685283106e-01
-6.257461644391970612e-01
-4.713659327623664907e-02
1.000000000000000000e+00
-8.844874351562485026e-01
1.000000000000000000e+00
1.000000000000000000e+00
-9.129293346270772602e-01
1.000000000000000000e+00
1.000000000000000000e+00
8.871616349447840610e-01
-6.598386326799103863e-01
-9.538762979609554105e-01
-4.963031835455757879e-01
8.350228932970035212e-01
1.000000000000000000e+00
-6.452499903397470593e-01
-1.000000000000000000e+00
-1.000000000000000000e+00
-4.962867354029656952e-01
1.000000000000000000e+00
1.000000000000000000e+00
5.588436196214390250e-01
-7.788893005123294078e-01
-5.776585362295783010e-02
1.000000000000000000e+00
2.302932598876399617e-01
-1.000000000000000000e+00
-1.916859455694842063e-01
-1.000000000000000000e+00
1.000000000000000000e+00
1.000000000000000000e+00
-1.000000000000000000e+00
-1.000000000000000000e+00
5.836015928162711086e-01
4.630177761783400570e-01
-5.416030427408192738e-01
-5.266681037995299963e-01
1.000000000000000000e+00
2.760819296262079225e-01
-6.403875171117209275e-01
-1.000000000000000000e+00
-3.935573341846925199e-01
-1.000000000000000000e+00
-7.429029230197186084e-01
4.953579527926430526e-01
2.363879996392946881e-01
-1.000000000000000000e+00
-1.000000000000000000e+00
7.140587526037476263e-01
-7.256751192790374949e-01
-1.000000000000000000e+00
1.000000000000000000e+00
-9.596326539568846847e-01
1.000000000000000000e+00
4.283888231018289083e-01
1.000000000000000000e+00
1.500426869010387243e-01
-3.359820438186025271e-01
-1.000000000000000000e+00
1.000000000000000000e+00
-1.000000000000000000e+00
-1.000000000000000000e+00
8.937921179304937347e-01
5.463484955995353554e-01
-1.000000000000000000e+00
-1.000000000000000000e+00
-1.000000000000000000e+00
-1.000000000000000000e+00
-8.013879759373269129e-01
-1.000000000000000000e+00
-1.000000000000000000e+00
1.000000000000000000e+00
4.515296291184467403e-01
9.506006148274149803e-01
4.576503908152873557e-01
1.000000000000000000e+00
-6.483688933383422448e-01
-3.554422084303084928e-01
-1.000000000000000000e+00
5.771789592217833054e-01
1.485896689482069100e-01
-8.540675750899577867e-01
-2.149695255380450476e-01
-1.000000000000000000e+00
-7.151969389609147409e-01
5.736285663492313169e-01
9.595316394064254961e-01
-1.000000000000000000e+00
9.718186226288212382e-01
-2.928207228183421496e-01
1.000000000000000000e+00
1.000000000000000000e+00
-1.000000000000000000e+00
-6.976736378851011722e-02
1.744002251165122086e-01
-1.526039402262046596e-01
-3.961365653074556681e-01
1.000000000000000000e+00
-1.000000000000000000e+00
-4.315354278517982145e-01
-1.000000000000000000e+00
4.152808574872394187e-01
1.796269169299443136e-01
-2.843822963997633679e-01
1.000000000000000000e+00
2.514357303377501296e-01
1.000000000000000000e+00
3.185199806043390591e-01
3.134182698253465404e-01
4.702531571711332514e-01
-1.000000000000000000e+00
1.000000000000000000e+00
1.000000000000000000e+00
1.883121718799704580e-01
1.000000000000000000e+00
1.000000000000000000e+00
-3.947348319937084016e-01
1.000000000000000000e+00
-6.547200813454741031e-01
-8.074676224793846391e-01
4.689741683324101240e-01
-1.000000000000000000e+00
4.446154222683867951e-01
1.000000000000000000e+00
-3.282752450228709762e-02
-5.064343079043948093e-01
3.186301157594345623e-01
-4.742607941600616162e-01
1.000000000000000000e+00
-2.243699411594098914e-01
2.241138023642730293e-02
-1.335456135860842719e-01
-1.000000000000000000e+00
-7.650543359361661189e-02
6.927441250564447817e-01
6.124110229992019150e-01
-9.846611455652383160e-01
-1.427689253564665695e-01
2.414175195747688685e-01
1.000000000000000000e+00
1.000000000000000000e+00
-5.790947265402723865e-01
2.137079223691599195e-01
-3.495138342726370473e-01
-1.000000000000000000e+00
1.000000000000000000e+00
1.000000000000000000e+00
-1.000000000000000000e+00
1.000000000000000000e+00
4.177344137375478828e-01
-1.000000000000000000e+00
-8.215743714017478272e-01
9.565562000526961484e-01
-6.071227071420648436e-01
-1.000000000000000000e+00
-1.000000000000000000e+00
-5.900346985644957520e-01
-6.668782074032869600e-02
2.431508813683630477e-01
-1.741599077265890694e-01
7.169032816092614224e-01
1.919497242554034921e-01
9.617082810039181417e-01
-1.000000000000000000e+00
5.939256277511972826e-01
-5.335901429225531345e-01
1.000000000000000000e+00
3.147532245544732987e-01
-1.000000000000000000e+00
-3.480562908489217566e-01
-4.628515839984292946e-02
-1.000000000000000000e+00
8.548394768680795952e-01
9.157567886713741112e-01
7.480407123398351565e-01
1.000000000000000000e+00
-1.033027681095211037e-02
1.000000000000000000e+00
-1.000000000000000000e+00
-1.000000000000000000e+00
1.000000000000000000e+00
-1.000000000000000000e+00
-5.050276752602758101e-01
1.000000000000000000e+00
1.000000000000000000e+00
1.000000000000000000e+00
5.717858392861564498e-01
-7.807388115614302126e-01
1.000000000000000000e+00
-1.000000000000000000e+00
1.000000000000000000e+00
-8.177324703204480461e-02
1.756951454844484228e-01
-1.000000000000000000e+00
3.901854702033270561e-01
-1.000000000000000000e+00
1.000000000000000000e+00
-1.000000000000000000e+00
-9.882905320003301242e-01
-1.000000000000000000e+00
1.644886147111066510e-01
1.517988013174376150e-03
-1.000000000000000000e+00
1.000000000000000000e+00
1.000000000000000000e+00
-9.465111926990644742e-01
-1.000000000000000000e+00
3.720856145722545860e-01
-5.803722996866955697e-02
-3.911683403373706902e-01
4.611915913399591282e-01
-1.621037173879262827e-01
1.557925945422262703e-01
-1.093461318777018132e-01
-1.000000000000000000e+00
4.806524103495038447e-01
9.754060197458001014e-01
7.694379209979573808e-01
8.442518469651245638e-01
9.852862866992283530e-01
1.000000000000000000e+00
-1.000000000000000000e+00
-4.525996567542591165e-01
-1.000000000000000000e+00
-5.558702407534361623e-01
-1.000000000000000000e+00
1.000000000000000000e+00
-8.724983724287638243e-02
1.000000000000000000e+00
7.707367357551518916e-01
1.000000000000000000e+00
8.297479054814504984e-01
-1.000000000000000000e+00
-1.000000000000000000e+00
1.461965235641047023e-01
1.232843187687998610e-02
9.350632041875487355e-01
-1.000000000000000000e+00
2.724815330896349641e-01
-1.000000000000000000e+00
-2.845574210649672864e-01
1.000000000000000000e+00
-1.000000000000000000e+00
-7.144208073245152946e-01
1.000000000000000000e+00
1.000000000000000000e+00
1.784800148249681140e-01
-1.397432152311742226e-01
-1.000000000000000000e+00
-1.782825912443027905e-01
1.729361178588308956e-01
8.414225734391476141e-01
1.000000000000000000e+00
1.478962772326934960e-01
-1.000000000000000000e+00
1.000000000000000000e+00
-4.233036864565686841e-01
-1.000000000000000000e+00
-9.380666390057269544e-01
-2.859165275226857039e-01
-1.000000000000000000e+00
-1.000000000000000000e+00
-6.477685070884615648e-01
-2.293706601608878071e-01
-2.931406919571595271e-01
1.000000000000000000e+00
-3.579080395532578951e-01
1.000000000000000000e+00
1.000000000000000000e+00
-1.000000000000000000e+00
6.246117936060480158e-02
1.000000000000000000e+00
7.549835348473012964e-01
1.000000000000000000e+00
5.611034325206782913e-01
1.000000000000000000e+00
-1.000000000000000000e+00
1.000000000000000000e+00
-1.000000000000000000e+00
-3.180953138630053800e-01
-1.000000000000000000e+00
-1.000000000000000000e+00
-9.208064438697807219e-01
-3.052338447843163660e-01
8.778355329321656519e-01
-8.575539626999950649e-01
1.000000000000000000e+00
-1.000000000000000000e+00
-1.000000000000000000e+00
-2.159456783933250412e-01
-9.985104004334843797e-02
-2.246989141382635946e-01
-1.000000000000000000e+00
6.492008068650403363e-01
6.084076324351804788e-01
1.177339597455706599e-02
-1.000000000000000000e+00
-2.715456849329759281e-01
-2.991520295344803904e-01
-1.000000000000000000e+00
-1.000000000000000000e+00
1.678260621868860047e-02
-2.472452453193023647e-01
-6.032105986649649587e-02
7.390753941356287271e-01
8.683252877650206036e-01
-1.000000000000000000e+00
-1.000000000000000000e+00
1.000000000000000000e+00
1.000000000000000000e+00
-1.000000000000000000e+00
1.000000000000000000e+00
-5.999654968023311330e-01
-1.000000000000000000e+00
1.000000000000000000e+00
-1.392713391160096403e-01
3.665751517395543502e-01
3.665074153807036383e-01
-3.845363555635183950e-02
-8.185945670274142882e-01
-1.000000000000000000e+00
1.000000000000000000e+00
-1.000000000000000000e+00
1.000000000000000000e+00
1.000000000000000000e+00
-6.906430582255587147e-01
1.000000000000000000e+00
8.785436299962899875e-01
2.064060182901628071e-01
1.000000000000000000e+00
-2.294814709230534877e-01
-1.000000000000000000e+00
-8.964429970975510420e-01
6.069295010802132628e-01
6.616395652041920927e-01
1.000000000000000000e+00
1.000000000000000000e+00
1.000000000000000000e+00
7.515052814027041173e-01
7.087145292373897565e-01
-5.554264805685580342e-01
-4.164222919206584939e-01
-8.241236238268578873e-01
-7.485963022766977115e-01
-1.000000000000000000e+00
-1.000000000000000000e+00
6.338408501567254216e-01
-1.000000000000000000e+00
1.000000000000000000e+00
-1.000000000000000000e+00
-4.602126840504902616e-01
-4.009193111122927311e-01
9.534280509259410730e-01
-3.901205160515757164e-01
6.533514204667247860e-01
1.000000000000000000e+00
1.000000000000000000e+00
-1.000000000000000000e+00
-1.000000000000000000e+00
1.000000000000000000e+00
-9.347959861949706184e-01
1.000000000000000000e+00
-9.155897726838515549e-01
-4.232884297736090318e-01
-5.375120681985376958e-01
-1.000000000000000000e+00
-6.096241820280200452e-01
-4.030230477399103783e-01
1.000000000000000000e+00
1.000000000000000000e+00
1.000000000000000000e+00
1.360521278544879475e-02
1.000000000000000000e+00
-8.273795874236330450e-01
-1.846691147153907142e-01
4.945231732560098070e-01
-1.000000000000000000e+00
-1.000000000000000000e+00
-1.000000000000000000e+00
-1.000000000000000000e+00
1.000000000000000000e+00
1.000000000000000000e+00
2.402799336477801362e-01
-2.861078902145779423e-01
1.000000000000000000e+00
1.000000000000000000e+00
1.000000000000000000e+00
8.258838514396417141e-01
-1.000000000000000000e+00
-1.000000000000000000e+00
-1.000000000000000000e+00
-1.000000000000000000e+00
-1.000000000000000000e+00
-7.272965324576841084e-01
-4.659067436713547061e-01
1.000000000000000000e+00
-4.582523572842022164e-01
-1.000000000000000000e+00
7.936026210154234484e-01
1.000000000000000000e+00
4.138505364827347321e-01
2.599437524569276903e-01
4.924258612347773845e-01
1.226824643027846218e-01
-3.339762741881726615e-01
9.468635811363301791e-02
6.332847102956514762e-01
8.783911033087210551e-01
-3.932386949099277995e-01
1.000000000000000000e+00
1.373680807866293208e-01
3.644775568804847765e-01
4.346992509910757585e-01
1.000000000000000000e+00
1.000000000000000000e+00
-8.958370187954809438e-01
-5.745446672560118317e-01
1.000000000000000000e+00
1.000000000000000000e+00
-8.978697658123280245e-02
-2.637258511194202626e-01
1.170910317737215989e-01
-1.000000000000000000e+00
-1.000000000000000000e+00
2.877220819381651751e-01
-1.000000000000000000e+00
1.000000000000000000e+00
-7.069522257819338407e-02
1.000000000000000000e+00
3.034261678165560694e-01
-5.737284841104570710e-01
5.031241842451846802e-01
9.536059038570543489e-01
1.000000000000000000e+00
4.809033237051419940e-01
1.000000000000000000e+00
-1.000000000000000000e+00
-9.469863567693110884e-01
-1.000000000000000000e+00
1.000000000000000000e+00
1.000000000000000000e+00
-1.000000000000000000e+00
2.089716063498878174e-01
1.000000000000000000e+00
-8.927979800251623077e-01
-2.570302693812615002e-02
1.000000000000000000e+00
1.519114910878163194e-01
8.104543164720554582e-01
-1.000000000000000000e+00
4.393341737153642068e-01
2.473917674258152566e-02
4.805630691369173757e-01
1.000000000000000000e+00
-2.536498422859838620e-01
-9.631937577817077933e-01
9.710063428448049150e-01
-6.591579456497065337e-02
7.285197983897677698e-01
-8.533538946652865498e-01
-3.219474575449515763e-01
2.885943024405679402e-01
-1.000000000000000000e+00
-3.384593063490951570e-01
1.000000000000000000e+00
1.000000000000000000e+00
7.934930053038891096e-01
6.738092062878914268e-01
-5.111401017669019442e-01
1.508547657761752925e-01
-1.000000000000000000e+00
1.000000000000000000e+00
4.113384000518482964e-02
7.209172275428843424e-01
-9.234375134154116926e-01
-1.000000000000000000e+00
-1.000000000000000000e+00
-6.559494194768453745e-01
-7.747233637564265862e-01
5.209981696966607956e-01
-9.120561832756468590e-02
-8.725830188102432494e-01
-1.674782929481809512e-01
-1.000000000000000000e+00
-8.622109241855725470e-01
-9.570462287226796372e-01
-1.000000000000000000e+00
1.406143152585448419e-01
-2.937385241422458826e-01
-1.000000000000000000e+00
1.307643477393727327e-02
-1.645039658079783251e-01
6.001932388640227600e-01
-1.000000000000000000e+00
-8.466390804140901949e-01
-5.995093480898023852e-01
-1.000000000000000000e+00
-6.428023317036055673e-01
1.000000000000000000e+00
-6.475988406721808754e-01
-1.000000000000000000e+00
9.364417341371598091e-01
8.601236651674909472e-02
4.510993905737171183e-01
-3.552930932864294955e-01
-1.000000000000000000e+00
1.000000000000000000e+00
-1.000000000000000000e+00
1.000000000000000000e+00
-5.091475091209496373e-01
1.000000000000000000e+00
-5.771573786945971563e-01
-6.389401739554310122e-01
1.514333698536796113e-01
-9.077347118206158250e-02
-1.000000000000000000e+00
-3.284190165779898862e-01
3.993299342607629088e-01
-1.000000000000000000e+00
-9.819402261745133753e-01
1.000000000000000000e+00
-4.321323506428093042e-01
1.000000000000000000e+00
1.000000000000000000e+00
9.560316325243211066e-01
1.000000000000000000e+00
1.000000000000000000e+00
-1.000000000000000000e+00
-4.865035814482232546e-02
1.000000000000000000e+00
1.000000000000000000e+00
4.687600379720086030e-02
3.280004207483483425e-01
-1.000000000000000000e+00
-1.443042997394518023e-01
1.000000000000000000e+00
-1.000000000000000000e+00
1.000000000000000000e+00
9.742303888199624895e-01
-1.360306764340754593e-01
-2.540687972214796808e-01
2.497240775496165632e-01
2.898407690923215929e-01
1.162010609759562829e-01
1.317656638092476462e-02
1.948774173990012737e-01
-1.000000000000000000e+00
1.000000000000000000e+00
9.028681163598346604e-01
-6.126434077824455260e-01
-1.000000000000000000e+00
7.942407582190248450e-01
-1.000000000000000000e+00
1.065781088957490352e-01
-1.000000000000000000e+00
2.464398503375642147e-02
1.918288791940533922e-01
1.000000000000000000e+00
7.780882555031435333e-01
8.302624780225653645e-02
1.913253206282283791e-02
1.000000000000000000e+00
-1.000000000000000000e+00
-1.214757201988863056e-01
-1.000000000000000000e+00
1.000000000000000000e+00
1.000000000000000000e+00
1.000000000000000000e+00
-1.000000000000000000e+00
-1.000000000000000000e+00
-5.340045559159111166e-01
5.348806397229065590e-01
-4.024231676939103441e-01
-6.548117888475886161e-01
-9.438296089968456482e-02
1.000000000000000000e+00
6.782995472424613315e-01
-1.000000000000000000e+00
-1.000000000000000000e+00
1.000000000000000000e+00
9.452779456768842792e-01
-2.511680042228339182e-01
-1.000000000000000000e+00
-1.000000000000000000e+00
-2.157731882837069515e-01
-1.000000000000000000e+00
1.000000000000000000e+00
-1.000000000000000000e+00
7.231710144942110619e-01
-1.190008289514755679e-01
4.558687722643041118e-01
-4.987450981467603794e-01
-1.000000000000000000e+00
1.000000000000000000e+00
2.437975171951286546e-01
3.863519327528048830e-01
9.058645412343433456e-01
-4.698836929539991769e-01
1.277462912315766586e-01
-8.154989085441574082e-01
7.514258656173588014e-01
1.000000000000000000e+00
-9.070806126599622043e-01
-1.000000000000000000e+00
-4.102705003398797734e-01
5.678595327976025953e-01
7.262814105203286852e-01
1.000000000000000000e+00
4.743106059419615050e-01
2.426736056254922280e-01
4.749061395392509821e-01
-4.901725478621008492e-01
-5.230079809784620171e-01
-8.506916266710787822e-01
3.638836349414109606e-01
1.000000000000000000e+00
-1.000000000000000000e+00
2.631481920725708967e-02
6.549861545495635484e-01
-1.000000000000000000e+00
-8.864403450793534311e-02
5.902202096564227451e-01
-8.332589951880635670e-01
6.861007098442210017e-01
1.037256263511593390e-01
1.000000000000000000e+00
1.000000000000000000e+00
-1.000000000000000000e+00
-3.924281200952914883e-01
4.570808604546146015e-01
-7.739974835536178599e-02
-1.000000000000000000e+00
-5.742098105680200071e-01
1.000000000000000000e+00
-5.586288810784703074e-01
2.298644752966521043e-01
1.000000000000000000e+00
8.561223407475211378e-01
-4.899871632853853853e-01
-5.303609111877500837e-01
1.582862018995574716e-01
2.213467042045655919e-01
-1.000000000000000000e+00
1.000000000000000000e+00
6.199608690720559423e-02
-5.051901173690546143e-01
5.400430140897133358e-01
1.000000000000000000e+00
1.000000000000000000e+00
-3.134956698306962108e-01
1.000000000000000000e+00
8.925161894901521009e-01
8.404190047725729196e-01
1.000000000000000000e+00
-1.000000000000000000e+00
-4.551355424602703259e-01
-6.228198803513886883e-01
-1.000000000000000000e+00
-1.000000000000000000e+00
-1.000000000000000000e+00
8.077767687375030370e-01
1.000000000000000000e+00
-1.000000000000000000e+00
-1.000000000000000000e+00
-1.000000000000000000e+00
2.984963748988332388e-01
-1.000000000000000000e+00
-4.304977952422268661e-01
2.958845902316374898e-01
-1.000000000000000000e+00
-9.426707635289492959e-01
1.000000000000000000e+00
3.135497753737138682e-01
-5.486842159052084389e-01
-3.694049109228644268e-01
-9.342256551488222760e-01
-2.520229043956394577e-01
-1.000000000000000000e+00
-1.000000000000000000e+00
1.000000000000000000e+00
1.867933417526941309e-01
-1.000000000000000000e+00
-1.035164766391849789e-01
-1.618912268308250746e-01
-6.450924576471168681e-01
5.402136610920535986e-01
-1.000000000000000000e+00
-4.416082733439785080e-01
-1.000000000000000000e+00
-9.087963586040842534e-01
-9.959892681219794097e-01
7.966680640004561997e-01
5.085036925132371266e-01
1.000000000000000000e+00
-1.000000000000000000e+00
-1.000000000000000000e+00
-7.628391724502436855e-01
5.952673123127043553e-01
9.531038322594420631e-02
-1.000000000000000000e+00
-1.000000000000000000e+00
6.470463741097400856e-01
-1.000000000000000000e+00
8.710621259378510395e-01
1.000000000000000000e+00
1.002945835566100979e-01
7.804611885900690771e-01
-1.618653129470166707e-01
8.590841291609221386e-01
5.348170053111140909e-01
-1.000000000000000000e+00
-5.280395785252469665e-01
-6.033306417499384455e-01
-1.000000000000000000e+00
1.000000000000000000e+00
3.182302557631851436e-01
1.000000000000000000e+00
2.611021727347755395e-01
1.000000000000000000e+00
-1.000000000000000000e+00
-1.458280253610531041e-01
1.000000000000000000e+00
1.000000000000000000e+00
-1.000000000000000000e+00
-4.928082821815394921e-01
1.000000000000000000e+00
-1.903956082357716184e-01
-2.882620754160805654e-01
-1.000000000000000000e+00
1.000000000000000000e+00
-1.000000000000000000e+00
8.549914333500217012e-01
1.000000000000000000e+00
1.000000000000000000e+00
1.000000000000000000e+00
-2.474541459247743269e-01
-1.000000000000000000e+00
1.000000000000000000e+00
8.618067245006919563e-01
5.887979326086167919e-01
2.721811637567352893e-01
1.536183319895236821e-01
-2.183988949274855429e-01
-1.000000000000000000e+00
1.000000000000000000e+00
-1.000000000000000000e+00
1.000000000000000000e+00
1.000000000000000000e+00
-1.000000000000000000e+00
5.590546744823596814e-01
-1.000000000000000000e+00
1.521613476655836461e-02
5.765587739914639354e-01
6.416526856076497642e-01
-1.268879288478877987e-01
1.000000000000000000e+00
2.595888419889295085e-01
4.829729019102557697e-01
-1.000000000000000000e+00
-9.662302550206601781e-01
5.024527966224456854e-01
-1.000000000000000000e+00
-8.529278448280197544e-01
5.519766829280490228e-01
-6.574272520026136490e-02
4.249138265443108686e-01
-7.325841735133699073e-01
-1.000000000000000000e+00
1.614469990961333035e-01
-1.000000000000000000e+00
-1.000000000000000000e+00
1.000000000000000000e+00
1.000000000000000000e+00
-1.000000000000000000e+00
1.000000000000000000e+00
8.393744219510138049e-02
-9.754972637310654893e-02
-1.000000000000000000e+00
-4.325448809954018925e-01
1.000000000000000000e+00
6.289458861229739739e-01
-1.000000000000000000e+00
-1.000000000000000000e+00
-1.748801972706104380e-02
9.787622674976574899e-01
7.168458967743204235e-01
1.000000000000000000e+00
1.000000000000000000e+00
-9.716045306223067834e-01
7.293779863411352649e-01
8.962731182530866425e-01
1.000000000000000000e+00
7.756525789518667890e-01
-9.107355682079665282e-01
-3.340944092685200761e-01
1.794681265752684496e-01
-8.680713117096019449e-01
5.624861092703199450e-01
1.000000000000000000e+00
2.508539790825596860e-01
4.034250308858244871e-01
-1.000000000000000000e+00
1.000000000000000000e+00
1.000000000000000000e+00
-1.000000000000000000e+00
4.108972138002465746e-01
1.000000000000000000e+00
-2.528013468150787091e-01
1.000000000000000000e+00
1.000000000000000000e+00
-1.000000000000000000e+00
2.258774364319443562e-02
4.997107729719239000e-01
8.726415596505553429e-01
-1.000000000000000000e+00
-1.000000000000000000e+00
5.088306631474466268e-01
1.000000000000000000e+00
-5.721354732812811150e-02
4.262380037492882190e-01
1.662999175299758603e-01
7.407761782932953398e-01
-1.000000000000000000e+00
-6.772371313302606444e-01
5.600357459516724923e-01
8.999086648613520145e-01
-1.000000000000000000e+00
1.000000000000000000e+00
-1.000000000000000000e+00
-1.000000000000000000e+00
-1.000000000000000000e+00
-1.000000000000000000e+00
-6.538369629080250656e-01
-1.000000000000000000e+00
1.000000000000000000e+00
1.000000000000000000e+00
-1.000000000000000000e+00
1.000000000000000000e+00
4.377707695594413306e-01
-9.471381915653598327e-02
1.000000000000000000e+00
-1.998409914726095860e-01
1.000000000000000000e+00
-1.000000000000000000e+00
9.729103829340541854e-01
-1.000000000000000000e+00
2.242897048427547890e-01
-1.000000000000000000e+00
4.891685895926385363e-01
-1.000000000000000000e+00
1.000000000000000000e+00
-1.000000000000000000e+00
1.000000000000000000e+00
7.038476151999560892e-01
-1.000000000000000000e+00
3.875915187961345709e-01
-1.000000000000000000e+00
5.218864608718913889e-01
-9.150748870273450741e-02
-3.085400808618173896e-01
1.000000000000000000e+00
1.000000000000000000e+00
-1.000000000000000000e+00
1.000000000000000000e+00
-2.849639062336594697e-01
-1.000000000000000000e+00
9.426583218040354151e-01
-1.000000000000000000e+00
-4.422904803894112113e-01
-1.000000000000000000e+00
1.713428233996963090e-01
5.582512816303549785e-01
-3.496746980883941314e-02
2.614358004884520525e-01
2.826125420537691779e-01
-3.222096558346861372e-01
9.471714621113425103e-01
2.556752308815075647e-01
2.084221850272774401e-01
1.000000000000000000e+00
-3.601835851350754236e-02
1.000000000000000000e+00
8.823879955134007469e-01
-9.629221367639745344e-01
4.293169170811352853e-01
2.073116192214241593e-02
-1.944967299541457417e-01
3.748498028210626165e-01
2.787525056072619467e-01
6.088830687402956299e-01
-9.601127018322956896e-01
3.866265198008387305e-01
-1.000000000000000000e+00
1.215977774232777087e-01
6.605356115836458208e-01
6.474028577653246908e-01
-1.000000000000000000e+00
-1.423642126403772412e-01
8.012349734703998472e-01
-1.000000000000000000e+00
3.145076369475159339e-01
-1.000000000000000000e+00
-9.093381286751236470e-01
1.000000000000000000e+00
1.000000000000000000e+00
-1.000000000000000000e+00
-1.000000000000000000e+00
1.550809269411370650e-01
-1.000000000000000000e+00
-8.829265692425836143e-01
-4.241895650948936947e-01
-4.106260337076286238e-01
8.186762700684477867e-01
1.485851324653182370e-01
1.000000000000000000e+00
1.000000000000000000e+00
-1.000000000000000000e+00
1.000000000000000000e+00
-1.000000000000000000e+00
-1.871865459763792372e-01
-1.000000000000000000e+00
1.000000000000000000e+00
-1.000000000000000000e+00
-4.530378475052505571e-01
1.000000000000000000e+00
1.000000000000000000e+00
1.880923692268178238e-01
1.011965088003651259e-01
-7.532095756007746168e-01
1.000000000000000000e+00
1.000000000000000000e+00
1.000000000000000000e+00
-3.054455846266537211e-01
-7.742827709920301338e-01
1.000000000000000000e+00
-7.850871312776832589e-01
-1.000000000000000000e+00
-2.032528087407137196e-01
-1.351876899373196661e-01
6.742652684991671252e-01
9.305541718438959942e-01
3.090977362301081666e-01
1.000000000000000000e+00
1.000000000000000000e+00
-1.000000000000000000e+00
-3.032221231216034596e-01
2.944885235865447592e-01
1.000000000000000000e+00
-3.460422035457301204e-01
7.969757896313056644e-01
1.000000000000000000e+00
-9.226361685282120639e-01
-5.889269677435338135e-01
5.802044264511405647e-01
1.000000000000000000e+00
-1.000000000000000000e+00
1.000000000000000000e+00
1.000000000000000000e+00
1.000000000000000000e+00
4.954900721059046775e-01
2.322408824987663434e-01
-1.000000000000000000e+00
1.000000000000000000e+00
1.000000000000000000e+00
1.000000000000000000e+00
-1.000000000000000000e+00
-4.095593481100753275e-01
-1.000000000000000000e+00
4.032137976403027402e-01
1.000000000000000000e+00
1.000000000000000000e+00
1.969126156022569241e-01
5.140331559671372785e-01
-2.154939847075186266e-01
1.000000000000000000e+00
-1.000000000000000000e+00
-1.000000000000000000e+00
-1.000000000000000000e+00
-1.000000000000000000e+00
-2.718139949198579153e-01
9.723257828157843008e-01
-1.192935336271233604e-01
1.000000000000000000e+00
1.000000000000000000e+00
-5.636216221841197083e-01
1.000000000000000000e+00
-1.000000000000000000e+00
1.000000000000000000e+00
7.564286007059288774e-01
-5.784578900091412734e-01
1.000000000000000000e+00
-3.907909204210358034e-02
1.804297326387398481e-01
7.265371271210097071e-02
4.355282049133658573e-01
-1.000000000000000000e+00
-1.000000000000000000e+00
-4.925937623899038220e-01
-9.001595444951075997e-01
-1.000000000000000000e+00
-1.000000000000000000e+00
-4.594626656587869062e-01
-5.242965276383775297e-01
2.478379606625166209e-01
2.000506606800780407e-01
1.000000000000000000e+00
4.312992975796794970e-01
9.850451344894211037e-01
-1.000000000000000000e+00
1.307014310872162133e-02
-7.990302451423203500e-02
-1.000000000000000000e+00
-1.000000000000000000e+00
-7.760668694555448166e-01
-1.000000000000000000e+00
-4.629147519465058869e-01
1.000000000000000000e+00
5.567017623391687930e-01
-5.625090581026076508e-02
1.000000000000000000e+00
1.000000000000000000e+00
1.000000000000000000e+00
-1.000000000000000000e+00
1.000000000000000000e+00
-5.663203543537315143e-02
-1.000000000000000000e+00
-1.000000000000000000e+00
-1.000000000000000000e+00
3.960685374782255685e-01
7.603174254323823433e-01
6.943219132325380016e-01
-9.147604912609242911e-01
1.000000000000000000e+00
-3.332438740327930415e-01
-6.556923826232619046e-01
-5.216331268807417043e-01
-3.775245529753584739e-01
1.000000000000000000e+00
-4.945738086670891098e-01
-9.684262005194756995e-01
4.254486994148515278e-01
-8.252032715357318082e-01
1.000000000000000000e+00
-1.000000000000000000e+00
3.003679451804774914e-02
-1.000000000000000000e+00
-1.382477222385468663e-01
1.000000000000000000e+00
-1.000000000000000000e+00
-1.000000000000000000e+00
-1.000000000000000000e+00
8.167584089763395561e-01
2.100989143648721580e-01
-7.322223564628367320e-01
1.000000000000000000e+00
-1.000000000000000000e+00
2.124495933120384428e-01
-7.277740323432477787e-01
1.000000000000000000e+00
-1.287753229096333385e-02
5.975845568431537025e-01
5.897365116020337750e-01
1.000000000000000000e+00
-1.000000000000000000e+00
1.809025779044937110e-02
-1.242194005659077449e-01
-1.000000000000000000e+00
1.000000000000000000e+00
6.336110274541550957e-01
-1.000000000000000000e+00
-6.266221500950669432e-01
-6.222238808902630369e-02
6.591926685801681174e-01
-1.000000000000000000e+00
-3.074881431968786716e-01
-1.741111389298565237e-01
9.970132107350614392e-01
-6.459178508520591055e-01
-2.558557086763779131e-01
5.240279403395470270e-03
-2.376315158520184989e-01
1.000000000000000000e+00
-2.877999918766184773e-01
-1.000000000000000000e+00
-7.339351132382698761e-02
1.000000000000000000e+00
-1.000000000000000000e+00
1.000000000000000000e+00
1.077631065069198368e-01
-6.620695127106435152e-01
1.000000000000000000e+00
-7.233715637512844188e-02
-5.727160409611220526e-01
6.630323713736012703e-01
1.000000000000000000e+00
4.278142329688525702e-01
-1.000000000000000000e+00
4.029494355809007944e-01
-5.214407844691051341e-01
9.143814369156377797e-01
-5.809870246264798865e-01
-3.238395222422798536e-01
5.614659789117594224e-01
2.868614911521688571e-02
2.531449408612260754e-01
-1.000000000000000000e+00
4.291689346056615229e-02
-1.000000000000000000e+00
1.000000000000000000e+00
3.466392028800890923e-01
1.000000000000000000e+00
1.000000000000000000e+00
5.056959243744351129e-01
-1.000000000000000000e+00
7.780773757405272661e-01
-1.000000000000000000e+00
5.492296305651740429e-01
5.199340598428546789e-01
1.000000000000000000e+00
-8.760029065548196048e-01
-7.949503823471135711e-01
-1.000000000000000000e+00
-4.015612547998148596e-01
-1.901094658191307962e-01
1.000000000000000000e+00
1.000000000000000000e+00
3.506709403427603067e-01
-7.881320815197028207e-01
9.809429889152834203e-01
-2.060119661829246940e-01
-3.653114812467421757e-01
-1.000000000000000000e+00
-6.367710965252848521e-01
9.713302194149314728e-01
4.980232921930598522e-01
5.183446633120130098e-01
-1.000000000000000000e+00
1.000000000000000000e+00
1.000000000000000000e+00
1.000000000000000000e+00
1.457662834841633170e-02
-3.995483844373867166e-01
4.999698796300763859e-01
-7.432132890142377768e-01
1.000000000000000000e+00
-1.000000000000000000e+00
1.000000000000000000e+00
4.545110006332145902e-01
-7.762094017592990891e-01
1.000000000000000000e+00
1.000000000000000000e+00
-1.000000000000000000e+00
-1.492836765188488291e-01
-8.617415667852680317e-01
-1.703336815540780202e-01
1.000000000000000000e+00
2.487536079897170183e-01
1.000000000000000000e+00
5.837176138351154453e-01
-1.000000000000000000e+00
-1.000000000000000000e+00
7.779135288870084874e-01
-1.000000000000000000e+00
-1.000000000000000000e+00
-1.000000000000000000e+00
-1.198658263849844419e-01
1.000000000000000000e+00
-7.600228243013162910e-02
1.000000000000000000e+00
-3.927810367037949391e-01
-1.000000000000000000e+00
-1.000000000000000000e+00
1.000000000000000000e+00
-8.008818178815786393e-01
1.000000000000000000e+00
1.276514123494258968e-01
7.260582135296208550e-01
-1.000000000000000000e+00
-1.000000000000000000e+00
1.000000000000000000e+00
6.808567130991723948e-01
1.000000000000000000e+00
-2.033677444346219110e-01
8.033518495032655471e-01
-1.000000000000000000e+00
-7.015879146730454874e-01
1.191808442957035252e-01
1.000000000000000000e+00
9.199596040703369448e-01
-4.197151692242273580e-01
-1.000000000000000000e+00
-1.000000000000000000e+00
1.000000000000000000e+00
1.000000000000000000e+00
5.015898459533907339e-01
1.000000000000000000e+00
-1.000000000000000000e+00
-1.000000000000000000e+00
7.372466199313321145e-01
1.000000000000000000e+00
1.000000000000000000e+00
-3.445686641213405732e-01
-1.000000000000000000e+00
2.124378707939572064e-01
-1.000000000000000000e+00
-1.000000000000000000e+00
1.920012424884193214e-01
-1.000000000000000000e+00
1.813525412238798928e-01
1.150207276946342283e-01
2.647127743563524316e-01
-1.000000000000000000e+00
-1.000000000000000000e+00
1.000000000000000000e+00
1.000000000000000000e+00
3.563436958849962588e-01
5.253301161655721252e-02
7.228305233321957735e-01
8.944716424782905850e-01
-4.566919848828621120e-02
-3.189948822715536064e-03
-1.000000000000000000e+00
1.000000000000000000e+00
6.887147692666815146e-01
-2.676501751729907230e-01
-1.000000000000000000e+00
-1.105969265467611207e-01
1.000000000000000000e+00
1.000000000000000000e+00
1.000000000000000000e+00
3.359321992304704629e-01
1.000000000000000000e+00
-9.231290216166972984e-01
1.000000000000000000e+00
9.726847464630581364e-01
-9.191271249111576669e-01
-7.115088082748664000e-01
-7.156285178157164584e-01
1.000000000000000000e+00
1.000000000000000000e+00
-1.000000000000000000e+00
1.000000000000000000e+00
-4.405587122904749964e-01
-1.000000000000000000e+00
-1.000000000000000000e+00
6.758101534360294593e-03
3.687160507992204295e-02
9.977533320513978232e-01
1.113464484932646936e-02
9.203905398966986118e-01
5.182710114045030458e-03
1.000000000000000000e+00
-1.000000000000000000e+00
1.000000000000000000e+00
2.162332277544330994e-01
8.571053783761605205e-01
-4.351733079646372682e-01
1.000000000000000000e+00
1.000000000000000000e+00
1.000000000000000000e+00
2.775484830067280750e-01
-3.581972516459641653e-03
-1.000000000000000000e+00
1.474715272981172998e-01
-7.026873358478195053e-01
-6.353194862535458398e-01
1.000000000000000000e+00
1.000000000000000000e+00
6.910073988791387567e-01
-1.000000000000000000e+00
1.000000000000000000e+00
1.000000000000000000e+00
1.000000000000000000e+00
-6.670008199124815018e-01
-3.487285386045306801e-01
1.000000000000000000e+00
4.561516346604234662e-01
-1.310191589362569298e-01
5.055112110966784034e-01
1.000000000000000000e+00
-1.000000000000000000e+00
2.577279365462801231e-01
-2.837890228458918029e-01
-8.205458887865973994e-01
5.563251497496477516e-01
6.694749408098841226e-01
-1.129780122307256773e-01
-1.000000000000000000e+00
3.923273573023575711e-01
-2.873344067877705577e-01
-1.000000000000000000e+00
-1.000000000000000000e+00
5.523643419471944149e-01
4.459784046341069841e-01
-2.601607389316065166e-01
-1.320622909686859914e-01
-8.782611774478235045e-01
2.882449693872388696e-01
1.000000000000000000e+00
1.000000000000000000e+00
-1.000000000000000000e+00
-1.000000000000000000e+00
-7.609725487396248322e-01
6.685178696197692227e-01
-3.994532693858969807e-01
-1.000000000000000000e+00
-7.638164571339063347e-01
1.613951213216911484e-01
-9.873819604329392430e-02
-4.003777223122425566e-01
1.000000000000000000e+00
-8.972589322105446463e-01
1.000000000000000000e+00
-2.496837921694074480e-01
-2.554150639473951045e-03
-3.922955286895635219e-02
-1.000000000000000000e+00
-1.000000000000000000e+00
1.798495296174176250e-01
-6.984708405903109485e-01
2.908245357492675320e-01
-7.056977289479702264e-01
-7.776366886284693525e-01
-1.000000000000000000e+00
-3.520363020536124155e-01
-9.516896836090849021e-02
2.144248861612156887e-01
-1.000000000000000000e+00
-5.956683989682278746e-01
9.905844509560425282e-01
1.735091282879878127e-01
-1.000000000000000000e+00
1.139317942688969076e-01
1.000000000000000000e+00
1.000000000000000000e+00
-1.000000000000000000e+00
-2.411465060631250434e-01
-1.279903544938529314e-01
-3.645247737805343835e-01
-4.923576350182841121e-01
-1.006434512092279077e-01
5.751637290537721103e-01
-5.605261614176713092e-01
1.000000000000000000e+00
-1.381753771538664077e-01
-1.000000000000000000e+00
1.000000000000000000e+00
-8.425488828808352926e-01
-6.381773829281928156e-01
-3.517219293518450973e-01
-4.858839504884808758e-01
-7.259304568771819399e-01
6.809425999541207641e-02
1.000000000000000000e+00
1.000000000000000000e+00
1.000000000000000000e+00
-1.000000000000000000e+00
-4.382651330523992250e-01
-1.000000000000000000e+00
1.000000000000000000e+00
4.035722542587084627e-01
-1.611882165409428136e-01
-1.000000000000000000e+00
2.219328647846285918e-01
1.000000000000000000e+00
-1.000000000000000000e+00
1.000000000000000000e+00
-1.000000000000000000e+00
1.000000000000000000e+00
-1.393328507664197136e-01
1.000000000000000000e+00
1.910708935869134262e-01
1.000000000000000000e+00
5.841397499934601889e-01
1.000000000000000000e+00
9.109423824692537697e-02
7.028375524196918134e-01
1.000000000000000000e+00
1.000000000000000000e+00
-6.425060389311929576e-01
-1.000000000000000000e+00
1.000000000000000000e+00
7.480881528312627315e-02
1.000000000000000000e+00
-8.566862728857778109e-01
1.142819511621722683e-01
7.958041609127533000e-01
-9.669125507775544470e-01
1.000000000000000000e+00
5.940492326065376361e-01
-1.000000000000000000e+00
-4.980942851144745664e-01
5.806847455523092560e-02
1.000000000000000000e+00
4.732904543187521629e-02
-2.692924409208455883e-01
-2.852829842358353130e-01
-1.000000000000000000e+00
-9.933996485938345611e-02
9.348899168748415756e-01
-1.000000000000000000e+00
1.000000000000000000e+00
-6.395080302926103855e-01
-1.000000000000000000e+00
3.380118786272888753e-01
-1.000000000000000000e+00
3.886637305465379111e-01
-3.021670989889684855e-01
-3.862582405732296609e-01
1.000000000000000000e+00
7.510514633661224959e-02
9.420958013030364953e-01
-1.000000000000000000e+00
1.000000000000000000e+00
7.490221199063368251e-01
-6.947968777015900432e-01
-2.307562730115118033e-01
9.026173403640858073e-02
8.863780567930679144e-02
2.178673529755875693e-01
-1.000000000000000000e+00
-1.000000000000000000e+00
1.000000000000000000e+00
1.000000000000000000e+00
5.330760911165492999e-01
-8.737937854883450761e-01
4.250591328235964195e-01
-3.512473256705709312e-01
8.266101356573275494e-01
4.619000651688887071e-02
5.695601035333675011e-02
-1.000000000000000000e+00
-5.765816203757303526e-01
1.764559045316593799e-01
1.181836759034500250e-01
1.000000000000000000e+00
2.986305533635380538e-02
-2.684220592887331946e-02
-4.873691894468146213e-01
1.000000000000000000e+00
1.000000000000000000e+00
-2.179171660731560323e-03
-1.000000000000000000e+00
-1.000000000000000000e+00
1.000000000000000000e+00
3.787660174807406244e-01
1.739199100370873718e-01
-1.000000000000000000e+00
1.000000000000000000e+00
1.000000000000000000e+00
1.578308889441855101e-01
3.702909990482455838e-01
-1.000000000000000000e+00
-6.308515242325252181e-01
8.561331582337297075e-01
1.000000000000000000e+00
-1.000000000000000000e+00
1.000000000000000000e+00
1.000000000000000000e+00
1.000000000000000000e+00
-6.182308555753881496e-01
3.483596158817620636e-01
-1.000000000000000000e+00
9.620133678644990916e-01
-1.000000000000000000e+00
-1.000000000000000000e+00
-2.226929875649075186e-02
-2.571357031178544972e-01
-1.000000000000000000e+00
-1.000000000000000000e+00
-8.824770928312819507e-01
-4.269137150077934040e-01
-1.000000000000000000e+00
3.355867038781022993e-01
-5.326928937340620340e-01
1.000000000000000000e+00
2.071185665509784890e-01
1.000000000000000000e+00
1.000000000000000000e+00
-3.680396139246091547e-01
-1.000000000000000000e+00
1.119321222499987112e-01
2.241775147490154829e-01
1.000000000000000000e+00
-4.409352070665122358e-01
1.000000000000000000e+00
-5.902029629250713505e-01
-8.833825873797105377e-01
-1.000000000000000000e+00
-4.064146269335913719e-02
8.277700018078272270e-01
-1.000000000000000000e+00
-1.000000000000000000e+00
-1.000000000000000000e+00
-5.571377909153751862e-02
6.088822197702069561e-01
-4.837624390470960378e-01
-1.000000000000000000e+00
-1.000000000000000000e+00
-4.287707437290559920e-01
-1.000000000000000000e+00
-4.825718593964603009e-01
-6.520980842434805913e-01
1.000000000000000000e+00
-7.349226059831959201e-01
-1.000000000000000000e+00
1.000000000000000000e+00
1.843094246950438553e-01
-1.000000000000000000e+00
1.000000000000000000e+00
8.926996317559928729e-01
2.414745581365100868e-01
-1.000000000000000000e+00
-8.764210600975728127e-01
1.000000000000000000e+00
1.000000000000000000e+00
-1.000000000000000000e+00
-6.265031673158676373e-01
1.000000000000000000e+00
6.085617738614663708e-01
3.566862389609704032e-02
-1.000000000000000000e+00
-7.353942086745296480e-01
4.090796312606848062e-01
2.936961151129977576e-01
-4.783454780905329606e-01
1.000000000000000000e+00
-1.000000000000000000e+00
-1.000000000000000000e+00
4.893509282333732280e-01
-2.353598693897415162e-01
-5.986969554708033714e-01
1.000000000000000000e+00
-7.064827458870789889e-02
1.000000000000000000e+00
-3.148212066785351926e-01
6.619386150037754879e-01
-1.000000000000000000e+00
-7.303613362602401349e-01
-3.053773699706995373e-02
-1.000000000000000000e+00
7.088980310065231549e-01
4.242595785378014961e-01
8.242547145027816491e-01
-1.000000000000000000e+00
3.887130080866076920e-01
-9.566358563511302426e-01
-9.079941974684896389e-01
1.000000000000000000e+00
1.217110893673337135e-01
2.496068908264461594e-01
-2.465015376456404228e-01
-1.869699248052564267e-01
-1.000000000000000000e+00
1.206620519507023426e-01
-1.812054210471823468e-01
5.405240758968099524e-02
-5.391507142535982566e-02
-6.036824729076610829e-01
2.659716048628644192e-01
-7.404314274776445659e-01
-6.147641280167777111e-01
-6.068343360586572199e-01
-6.326552525347326483e-01
3.272089117757044363e-01
6.246431515391314138e-01
-1.000000000000000000e+00
-5.246397354968340698e-01
-1.000000000000000000e+00
-4.854248933609089933e-01
-1.000000000000000000e+00
9.553669406099221106e-01
4.544287972839305967e-01
-4.976939988082504929e-01
-1.000000000000000000e+00
1.935498092804879278e-01
-9.795028254684894353e-01
4.601699397239631395e-01
1.000000000000000000e+00
8.081169214995373995e-01
-1.000000000000000000e+00
-6.879031640483885823e-01
1.000000000000000000e+00
8.326729597109452374e-01
-7.219741022363846961e-01
-5.440801693328287669e-01
-1.000000000000000000e+00
-1.000000000000000000e+00
2.303677196346300970e-01
-1.000000000000000000e+00
1.000000000000000000e+00
-1.000000000000000000e+00
-1.000000000000000000e+00
1.000000000000000000e+00
1.000000000000000000e+00
-9.967896853552379866e-02
-1.000000000000000000e+00
-8.389601405876331297e-01
1.000000000000000000e+00
1.000000000000000000e+00
-1.132624924706229219e-01
4.065550591354452070e-01
6.384999553602697109e-01
9.158310521223813616e-01
-1.000000000000000000e+00
-7.462080518244140759e-02
-2.545870937938662371e-01
1.000000000000000000e+00
-8.944603433924934732e-01
-1.000000000000000000e+00
1.000000000000000000e+00
-6.413972010165369664e-01
-1.000000000000000000e+00
1.000000000000000000e+00
1.000000000000000000e+00
2.437078691143468312e-01
6.434889409178145003e-01
1.000000000000000000e+00
7.929481544699601425e-02
1.000000000000000000e+00
1.000000000000000000e+00
-9.988279774044837023e-01
-3.866492416638891427e-01
-1.000000000000000000e+00
-2.362213968667258301e-01
-1.000000000000000000e+00
-4.876857258675718620e-01
1.683256458941174705e-01
-3.998822921925191398e-01
-1.000000000000000000e+00
1.000000000000000000e+00
3.732498315473671280e-01
1.000000000000000000e+00
-3.939823576606609201e-01
-1.000000000000000000e+00
9.776361176372678763e-01
1.000000000000000000e+00
-1.000000000000000000e+00
1.000000000000000000e+00
-1.000000000000000000e+00
-3.643090939669214046e-01
-1.000000000000000000e+00
-7.967997982245641486e-01
-1.000000000000000000e+00
-3.429416515123835385e-01
1.000000000000000000e+00
1.710864206163043022e-02
1.000000000000000000e+00
1.000000000000000000e+00
-1.000000000000000000e+00
9.795467107360239511e-01
7.502835044163819189e-01
1.000000000000000000e+00
-2.858665891251550573e-01
-8.525808680529455286e-01
1.595300439330893383e-01
1.750865684513671638e-01
-6.816947070781501639e-01
1.000000000000000000e+00
1.000000000000000000e+00
-1.000000000000000000e+00
-3.096661258175320564e-01
1.000000000000000000e+00
5.874651552963849888e-01
-5.873055671632551045e-01
-9.917836679656100163e-01
1.000000000000000000e+00
-1.692990505613803931e-01
-1.000000000000000000e+00
-1.000000000000000000e+00
1.000000000000000000e+00
-1.000000000000000000e+00
2.791640633728251775e-01
1.000000000000000000e+00
-1.000000000000000000e+00
-7.385454311586976406e-01
-3.734182407584178964e-01
1.000000000000000000e+00
-1.000000000000000000e+00
-8.380606233691512141e-02
-1.000000000000000000e+00
-2.896251353063330480e-01
-1.000000000000000000e+00
1.826991673271132210e-01
1.000000000000000000e+00
-1.000000000000000000e+00
-7.010305816692938841e-01
3.597751209409265627e-01
1.000000000000000000e+00
1.253668481983514216e-01
-1.000000000000000000e+00
1.000000000000000000e+00
1.000000000000000000e+00
4.322869135524225470e-01
8.191220474787259676e-01
-7.582547690803924656e-01
-1.000000000000000000e+00
1.000000000000000000e+00
-3.897285653696085372e-01
-1.000000000000000000e+00
1.000000000000000000e+00
-3.995242370818301580e-01
-1.000000000000000000e+00
6.475037962968934746e-01
-1.000000000000000000e+00
-3.927971012956341657e-01
1.091120592867343975e-01
-7.017360016416478441e-01
8.949509431664474102e-01
1.000000000000000000e+00
1.000000000000000000e+00
7.027504357854676975e-01
3.708959304052352746e-01
9.288380038102840297e-01
-3.728470938555115133e-01
-3.600596237988236137e-01
-2.522403452533278356e-01
-1.000000000000000000e+00
-1.000000000000000000e+00
-1.000000000000000000e+00
9.365716656318644473e-01
7.961743250717646658e-01
-1.000000000000000000e+00
1.000000000000000000e+00
-9.161354656336245794e-02
1.000000000000000000e+00
-1.035087781063734336e-02
-1.000000000000000000e+00
2.188610036933651415e-01
1.000000000000000000e+00
-1.000000000000000000e+00
-1.000000000000000000e+00
1.000000000000000000e+00
-1.000000000000000000e+00
1.000000000000000000e+00
-1.000000000000000000e+00
-1.857987371769237450e-01
-1.000000000000000000e+00
1.000000000000000000e+00
-9.754233781650498702e-01
6.995989616528277555e-01
1.000000000000000000e+00
8.151294458906777063e-01
1.000000000000000000e+00
1.000000000000000000e+00
4.883771077546618655e-01
1.000000000000000000e+00
1.000000000000000000e+00
-6.015110723544414562e-01
-1.000000000000000000e+00
-3.973641859341254245e-01
1.000000000000000000e+00
-1.000000000000000000e+00
2.840647066384768271e-01
2.369130577259903614e-01
-1.000000000000000000e+00
1.000000000000000000e+00
-3.330543474520992753e-01
-1.000000000000000000e+00
-1.000000000000000000e+00
-5.142020053515705680e-01
-9.071166927450117212e-01
1.000000000000000000e+00
-6.140456369517401924e-01
1.000000000000000000e+00
-7.571052234474110465e-01
-1.000000000000000000e+00
-1.000000000000000000e+00
2.666890385241981187e-01
1.000000000000000000e+00
1.000000000000000000e+00
1.000000000000000000e+00
1.000000000000000000e+00
-1.000000000000000000e+00
-4.681148372987181672e-02
-9.514273501521697263e-02
-1.000000000000000000e+00
2.717079886337964156e-02
1.000000000000000000e+00
1.000000000000000000e+00
-1.502135380649305962e-01
-1.000000000000000000e+00
-2.982601310558877783e-01
1.071301419535723998e-01
-1.000000000000000000e+00
2.863978571712963994e-01
-1.000000000000000000e+00
6.434518214341389264e-01
-8.791673489792803942e-01
9.379504855616966896e-01
9.078044099416378021e-01
5.138761324511753603e-02
4.756007431412592190e-01
-9.928254002824050684e-01
2.278693056114173832e-01
-1.000000000000000000e+00
-3.063495010220124160e-02
1.000000000000000000e+00
2.881937844520908176e-01
-4.112805019696617048e-01
-2.414239325502870459e-01
1.568263640660972347e-01
6.188540050817028515e-01
-1.000000000000000000e+00
-2.575177506350330159e-01
5.842930612708854277e-01
-4.806263302139052174e-01
-3.276006609412713821e-01
-2.414644802448182581e-01
-2.212907277899219816e-01
-1.000000000000000000e+00
1.000000000000000000e+00
1.000000000000000000e+00
8.803233777515657721e-01
4.338938810812198454e-01
9.246835296538417071e-01
-6.116896737954056196e-01
4.494383999135937446e-01
-1.000000000000000000e+00
1.062776811529939636e-01
-8.207343481517778150e-01
-1.000000000000000000e+00
1.000000000000000000e+00
5.105053152003724559e-01
1.000000000000000000e+00
-1.000000000000000000e+00
-1.000000000000000000e+00
5.978176873047980067e-01
-8.714799787544118548e-01
3.484203457883319199e-01
6.606934942126196919e-02
-3.927926994254484772e-01
7.453448803559743485e-01
-1.706637181957524341e-01
7.260307193207434784e-01
-5.710171125194928310e-01
1.000000000000000000e+00
8.410494152602824292e-01
2.880325698074731600e-01
-7.966862625463466685e-01
1.000000000000000000e+00
-4.072459991566448334e-01
-9.128074358147355571e-01
-1.000000000000000000e+00
1.000000000000000000e+00
1.000000000000000000e+00
-1.497064633065283701e-01
-1.000000000000000000e+00
-1.000000000000000000e+00
3.736538264916477448e-01
-1.000000000000000000e+00
-4.625050603270582927e-01
-1.000000000000000000e+00
6.132833561255532917e-01
1.000000000000000000e+00
1.000000000000000000e+00
1.000000000000000000e+00
4.837897268818169838e-04
-5.992172601037766277e-01
1.000000000000000000e+00
-1.000000000000000000e+00
-1.000000000000000000e+00
-1.000000000000000000e+00
2.628366581477362685e-01
2.877799205141520211e-01
1.000000000000000000e+00
-1.000000000000000000e+00
-1.000000000000000000e+00
-3.290322150197136919e-01
6.876565749173761954e-01
1.000000000000000000e+00
-4.755925793376891697e-01
-1.000000000000000000e+00
3.293444030566288205e-01
-1.000000000000000000e+00
2.142587827157520497e-01
1.000000000000000000e+00
1.000000000000000000e+00
-1.175291733560568930e-01
-1.000000000000000000e+00
9.139681794106259138e-01
-1.000000000000000000e+00
6.643753892230508384e-02
2.286338050065540306e-01
1.444547323347450396e-01
9.923695170650423947e-01
5.299705133382579536e-01
-1.000000000000000000e+00
1.000000000000000000e+00
-8.292914432173495998e-01
2.453566393964661252e-01
2.135914028403697040e-01
-1.000000000000000000e+00
-9.842773828143858150e-02
-1.000000000000000000e+00
-1.000000000000000000e+00
4.177512607019978619e-01
4.831435546756344124e-01
6.208608422506690649e-01
-3.112370518846359069e-01
-1.000000000000000000e+00
-9.486699788607051431e-01
3.362285711784217535e-01
1.000000000000000000e+00
-1.000000000000000000e+00
8.928202438849750511e-01
1.000000000000000000e+00
8.943713743866477106e-01
-6.671689071170037177e-01
-6.519476746623862340e-01
3.463670178914683984e-01
-4.884642889934098231e-01
-5.297207488160747824e-01
7.735712918804455995e-01
5.297538860250274872e-01
1.000000000000000000e+00
1.000000000000000000e+00
1.608283786912182711e-01
1.000000000000000000e+00
-9.977614182597872583e-01
2.995211975111414793e-01
1.000000000000000000e+00
8.360018572509464452e-02
5.607483530507710867e-01
-2.310032273654402113e-01
7.627819946548497487e-01
-1.000000000000000000e+00
-8.918675058499073716e-01
6.165414345968402987e-01
-1.000000000000000000e+00
-6.676802361775838746e-01
1.000000000000000000e+00
4.516354595946513450e-01
-1.000000000000000000e+00
-1.000000000000000000e+00
-1.000000000000000000e+00
1.000000000000000000e+00
1.000000000000000000e+00
-1.000000000000000000e+00
-1.208814488841503110e-01
8.224827663126754729e-02
1.000000000000000000e+00
-9.618878114091132803e-01
-7.488119190580064810e-01
-1.151429092743600502e-01
-6.531212159879108414e-01
1.393536480872159533e-01
-1.000000000000000000e+00
8.760325431912744376e-01
-1.000000000000000000e+00
-5.589094277739667938e-01
8.602351095700447869e-01
-1.000000000000000000e+00
2.081893950909341484e-02
8.603839981245670065e-03
6.259335505983951720e-01
-4.654093436111786941e-01
1.000000000000000000e+00
8.552645068886441937e-01
-1.000000000000000000e+00
-8.794496933117947890e-01
-9.135413740594375831e-01
2.442646249912039380e-01
-2.284881053559255637e-01
-1.000000000000000000e+00
-5.853359785197207454e-01
-2.323764319907219988e-01
4.012451808852062207e-01
9.238983938984985933e-01
-1.000000000000000000e+00
1.000000000000000000e+00
2.373798245869261914e-01
1.000000000000000000e+00
1.000000000000000000e+00
-1.000000000000000000e+00
1.723362472584535343e-01
-1.000000000000000000e+00
1.000000000000000000e+00
6.655180120980006553e-01
-1.000000000000000000e+00
-5.485202297938456262e-01
-2.124181279238526177e-01
9.290613117417138023e-01
-1.000000000000000000e+00
2.048199862891830758e-02
-2.489665548515838100e-01
1.000000000000000000e+00
1.000000000000000000e+00
-1.000000000000000000e+00
9.078719271590067752e-01
5.510444313970498387e-01
-7.753617826358334408e-01
1.000000000000000000e+00
8.163520066319607249e-01
-1.000000000000000000e+00
6.247627699617390729e-01
1.000000000000000000e+00
8.527869274119785903e-01
4.716962676413293254e-01
-1.000000000000000000e+00
4.476030624953113435e-01
9.454782375753140178e-02
-2.736566101659194117e-01
-4.588943939604384070e-01
-1.000000000000000000e+00
1.000000000000000000e+00
-1.000000000000000000e+00
-7.435348769276254322e-01
-1.000000000000000000e+00
3.154382226137651679e-02
-7.267016564081020258e-01
1.000000000000000000e+00
-1.000000000000000000e+00
-1.000000000000000000e+00
-3.826936407375226001e-01
1.913821472943908475e-01
4.491737692199072596e-01
3.495692231490911128e-01
5.816005402561366111e-01
-1.000000000000000000e+00
-1.000000000000000000e+00
-1.000000000000000000e+00
-1.000000000000000000e+00
-5.944639333994958807e-01
-5.311579555050018886e-01
-1.000000000000000000e+00
-9.187370668604163404e-01
-4.264028692237253892e-02
3.061291307314217280e-01
8.632024402920898121e-01
1.000000000000000000e+00
6.329371948269174597e-01
1.000000000000000000e+00
-3.793324378467919367e-01
3.422192064596691896e-01
-5.585010485587798001e-01
1.000000000000000000e+00
1.000000000000000000e+00
-1.000000000000000000e+00
7.132227367375497673e-01
-1.000000000000000000e+00
7.620069503132330668e-01
7.076156863177505141e-01
-1.000000000000000000e+00
-5.981634907461838013e-01
2.980739813351658274e-01
-2.143644908100312829e-01
-6.356756725171153199e-01
1.000000000000000000e+00
-1.000000000000000000e+00
-1.000000000000000000e+00
8.509796876232553764e-01
-1.000000000000000000e+00
1.000000000000000000e+00
1.000000000000000000e+00
-5.955683088187069263e-01
-5.439147058900650755e-01
-1.000000000000000000e+00
-2.216163615542587895e-01
-1.343137441852062519e-01
1.000000000000000000e+00
-1.000000000000000000e+00
1.000000000000000000e+00
-4.133869957892760683e-01
-4.814590956105503361e-01
-1.929492901858087528e-02
-4.405047133458128705e-03
7.852525973143495985e-01
-1.000000000000000000e+00
-8.271875362001078758e-01
-6.440557348789075487e-01
-1.000000000000000000e+00
1.000000000000000000e+00
-1.771582259090909162e-01
-1.000000000000000000e+00
-7.416098481491620875e-01
1.000000000000000000e+00
-9.880362821079131663e-01
-1.000000000000000000e+00
6.474137391344426673e-01
1.000000000000000000e+00
1.000000000000000000e+00
1.000000000000000000e+00
-1.000000000000000000e+00
4.700462149382302890e-01
-4.129141774899576234e-01
-1.000000000000000000e+00
1.000000000000000000e+00
3.112918156023178895e-01
1.000000000000000000e+00
-4.058762755598717131e-01
1.000000000000000000e+00
5.028718197796073763e-01
-1.000000000000000000e+00
1.000000000000000000e+00
1.000000000000000000e+00
5.732525665466732256e-01
-1.000000000000000000e+00
1.000000000000000000e+00
4.861883518100500456e-01
1.970858652531951583e-01
-1.591146949235385799e-01
5.546232310527399179e-01
1.000000000000000000e+00
-1.000000000000000000e+00
1.000000000000000000e+00
-5.267811727156128665e-01
-6.816478894691651025e-01
-3.281698053021497863e-01
8.658465301900865052e-01
1.000000000000000000e+00
1.000000000000000000e+00
-1.000000000000000000e+00
-4.605271238577036685e-01
1.000000000000000000e+00
8.670839029620257543e-01
9.741621493293214362e-01
-9.330061382645171708e-01
1.000000000000000000e+00
-7.394250030319207134e-01
-1.000000000000000000e+00
1.000000000000000000e+00
5.145599208007081149e-01
5.114966894917415408e-01
-1.000000000000000000e+00
-2.168569651866523174e-01
1.000000000000000000e+00
-4.538899738115067528e-01
1.000000000000000000e+00
7.550719871597659782e-01
-3.206190974249993886e-01
-8.250872585638532319e-01
4.816252584987814611e-01
8.785255050185937220e-01
1.000000000000000000e+00
1.000000000000000000e+00
-6.082507947432900242e-01
-1.000000000000000000e+00
-1.641667525626788748e-01
1.000000000000000000e+00
-4.518442208143926830e-01
-1.000000000000000000e+00
6.562784504273591057e-01
1.648679963146004734e-02
5.653463539985623676e-01
1.000000000000000000e+00
-7.715595298414079650e-01
-3.884291832150718049e-01
-1.000000000000000000e+00
-1.000000000000000000e+00
-1.000000000000000000e+00
-8.501205730626526513e-01
-1.845807520313897110e-01
1.102151317515424056e-01
-1.000000000000000000e+00
1.000000000000000000e+00
4.106993824630009726e-01
-3.746085311761865322e-01
-4.942678450183918826e-01
-6.874620384246343807e-01
-1.000000000000000000e+00
-1.000000000000000000e+00
-3.454014307939706763e-03
-9.308377716410508596e-01
-8.015109421794632816e-01
1.000000000000000000e+00
-7.425115947045439757e-01
2.308939214140743879e-01
-8.224004158383462215e-01
-1.000000000000000000e+00
-8.188202731553324565e-01
-1.000000000000000000e+00
8.894911661507479139e-02
6.502807072556586743e-01
4.242103972265127698e-01
-9.990202338087141865e-01
-1.000000000000000000e+00
-1.000000000000000000e+00
3.433479083878643312e-01
9.834507609118932070e-01
-1.000000000000000000e+00
7.896608140583268876e-01
-1.000000000000000000e+00
-5.918239865239786068e-01
-1.000000000000000000e+00
1.000000000000000000e+00
1.000000000000000000e+00
1.000000000000000000e+00
1.000000000000000000e+00
1.000000000000000000e+00
-2.018119085333132112e-01
2.178656071278796125e-01
1.000000000000000000e+00
9.220366185439701212e-01
1.000000000000000000e+00
-1.000000000000000000e+00
-8.238352474597976371e-01
-1.000000000000000000e+00
7.214122395059219262e-01
-1.000000000000000000e+00
-5.321736393746483440e-01
-9.130528487060572962e-01
1.000000000000000000e+00
-2.853870966766274275e-01
1.000000000000000000e+00
-1.576880614013318471e-01
1.000000000000000000e+00
-1.839580420269566474e-01
7.167676695751523663e-01
1.000000000000000000e+00
-3.031850837901306495e-01
-1.000000000000000000e+00
1.000000000000000000e+00
-1.640857039008347673e-02
4.508011713297238043e-01
-4.997455478834171849e-01
-1.000000000000000000e+00
-1.000000000000000000e+00
-9.989126234461332965e-01
1.000000000000000000e+00
3.597029280209484980e-02
-1.000000000000000000e+00
6.736702141035019187e-01
-5.174284520505751939e-01
-4.397315224259385480e-01
2.864410921804049215e-01
1.000000000000000000e+00
1.000000000000000000e+00
9.955689030072765178e-01
6.900227816354453925e-01
2.682175699766087273e-01
-1.000000000000000000e+00
9.256964409416441608e-01
2.147310814409165713e-01
3.491223917202093130e-01
-5.960397771181575877e-01
1.000000000000000000e+00
1.000000000000000000e+00
1.000000000000000000e+00
-1.000000000000000000e+00
-2.585917887010821120e-02
8.761493546892128448e-01
5.182300645853694654e-01
8.788108208327272131e-01
1.000000000000000000e+00
-1.000000000000000000e+00
1.663136097593770346e-01
2.469900814042395032e-01
-7.953480961989256581e-02
-1.000000000000000000e+00
-3.814790633552995747e-01
1.000000000000000000e+00
-7.786516617037431143e-02
-6.591305884887412869e-01
4.601118325146249521e-01
-1.000000000000000000e+00
1.000000000000000000e+00
-4.367435676154644009e-01
1.000000000000000000e+00
-1.202631102767063864e-01
1.471141417952875896e-02
-1.000000000000000000e+00
3.659544941824363073e-01
7.287514189517059204e-01
9.920901140441057420e-01
7.803811345881361827e-01
-1.000000000000000000e+00
1.000000000000000000e+00
1.000000000000000000e+00
7.742212953294025368e-01
1.000000000000000000e+00
1.000000000000000000e+00
1.000000000000000000e+00
4.351040981333734736e-01
-4.954227264186180091e-01
-5.772834946115446009e-02
-1.000000000000000000e+00
-1.000000000000000000e+00
1.000000000000000000e+00
-1.000000000000000000e+00
1.000000000000000000e+00
2.389648913930024765e-01
1.000000000000000000e+00
-7.143840273683816910e-01
1.000000000000000000e+00
-8.226722927867564650e-01
1.000000000000000000e+00
1.404309222705052429e-01
-1.000000000000000000e+00
-9.946485101561205466e-01
8.343713949798849949e-01
1.000000000000000000e+00
-8.827555719569710746e-01
4.326488053859811611e-01
-1.653657372535217718e-01
1.432519412408983506e-02
-1.066960741897462484e-01
1.000000000000000000e+00
-1.000000000000000000e+00
4.864741246567071409e-01
-1.000000000000000000e+00
8.491300829058466837e-01
1.658133995090642632e-01
5.610418792041831360e-01
2.755231568970634148e-01
-1.000000000000000000e+00
-1.000000000000000000e+00
-5.701827949973166110e-01
6.843723682454700974e-01
3.441011170251273565e-01
-1.000000000000000000e+00
1.000000000000000000e+00
1.000000000000000000e+00
8.855747056188578714e-01
1.404715266125722284e-01
5.464018544671128685e-01
3.927789245784748529e-01
-1.000000000000000000e+00
-3.561909886135193881e-01
-5.266596514402033247e-01
-1.000000000000000000e+00
-3.178523394368914512e-01
-1.262604465385386288e-02
1.000000000000000000e+00
2.397945149269452292e-01
-1.000000000000000000e+00
6.855535977354986210e-01
3.326841078989550837e-01
1.000000000000000000e+00
-1.000000000000000000e+00
-3.216773815387492519e-01
-2.282318748414674525e-01
-1.769552080787963888e-01
4.127974827654991019e-01
-6.360181343711290847e-01
-9.057359890302797423e-01
-1.000000000000000000e+00
-1.557202260435091024e-01
-1.420743951049142084e-01
1.200667942082771500e-01
-1.000000000000000000e+00
-1.000000000000000000e+00
1.000000000000000000e+00
-1.000000000000000000e+00
1.000000000000000000e+00
1.000000000000000000e+00
-9.205546748656537881e-01
8.973408008387799839e-01
7.466815064163165871e-01
-4.262563913136789839e-01
9.311482977210305823e-02
-6.410311539485895604e-01
4.591782881541003891e-01
1.000000000000000000e+00
-2.381338926120844524e-01
-1.000000000000000000e+00
-1.000000000000000000e+00
1.000000000000000000e+00
1.000000000000000000e+00
6.258188969942002355e-01
7.480358621510850570e-02
-3.454901581299725799e-01
3.012002628710644947e-01
1.000000000000000000e+00
-4.353910546577837160e-01
1.000000000000000000e+00
-2.767953294632531369e-01
4.428920824034626724e-01
1.000000000000000000e+00
1.000000000000000000e+00
-3.538691631120771675e-01
5.122896866088535450e-01
1.000000000000000000e+00
1.000000000000000000e+00
-4.685835964428675116e-02
-8.570588443904901821e-01
6.013960173224376371e-01
-9.150346287843393878e-01
-1.000000000000000000e+00
-6.117750523320150124e-01
-5.992330873337188279e-01
-2.279739322470808460e-01
5.828396961945342403e-01
1.571292631192832134e-01
9.404428578865076105e-01
-2.101705736447747608e-01
1.000000000000000000e+00
-1.000000000000000000e+00
3.667992050070659760e-01
-4.169067759050221200e-01
-4.759155158152695853e-01
2.155935418788582358e-01
6.833471790096843357e-01
1.000000000000000000e+00
2.854332358339229936e-01
-2.002323457176080623e-01
-1.386915204209182573e-01
2.623539517178088976e-01
-8.830595769572960885e-01
1.000000000000000000e+00
-1.000000000000000000e+00
-5.786267669571003580e-01
8.221024673677095329e-01
-3.439896939254625252e-01
1.000000000000000000e+00
-1.000000000000000000e+00
9.107525546797038407e-01
-3.661018022616597811e-01
3.939960443586908445e-01
1.000000000000000000e+00
-1.000000000000000000e+00
-6.431273351803814542e-01
1.000000000000000000e+00
-4.578337160835034281e-01
-1.000000000000000000e+00
1.000000000000000000e+00
-8.560820334023029332e-01
8.951801061429687234e-01
1.000000000000000000e+00
8.381890458499126062e-01
3.007455276844012149e-02
-4.122831813950564861e-01
4.781856777343931331e-01
-8.880339308178786251e-01
-1.000000000000000000e+00
-5.017565099059884126e-02
4.768938363269703551e-02
1.960095386818132557e-01
5.075217897610007078e-02
1.000000000000000000e+00
-6.352164818311079042e-01
-2.975880368177918900e-01
-6.456055038044239414e-01
-1.000000000000000000e+00
6.352795463829065126e-01
-2.644979840010419636e-02
4.341959034929997463e-01
1.000000000000000000e+00
-1.000000000000000000e+00
8.488848400594815047e-01
-5.912082235858100443e-01
9.082025771647440626e-01
-1.108933772819861163e-01
-1.000000000000000000e+00
-4.535082781940351637e-01
1.000000000000000000e+00
1.000000000000000000e+00
-1.000000000000000000e+00
3.041307760690291073e-01
2.493444766652581912e-01
-1.000000000000000000e+00
-1.000000000000000000e+00
-1.000000000000000000e+00
1.000000000000000000e+00
1.000000000000000000e+00
-5.440516211469879071e-01
-1.000000000000000000e+00
-1.000000000000000000e+00
1.225759495851097558e-01
-6.212849891651113232e-01
-2.497004436453520992e-01
5.411505196343607826e-01
1.000000000000000000e+00
1.000000000000000000e+00
4.201081835900461470e-01
1.000000000000000000e+00
6.801232820861110584e-01
-1.000000000000000000e+00
-6.202904816430355739e-01
-1.000000000000000000e+00
-4.702631716668836948e-02
-1.000000000000000000e+00
7.946701772419773047e-01
8.316124234420785299e-02
4.135998894573219564e-01
1.000000000000000000e+00
-1.526928883683958960e-01
-5.966880569437560400e-01
-3.925620911402617486e-01
-5.146345091423616402e-01
