-1.000000000000000000e+00
-9.769843366334238777e-01
-5.693314118009751290e-02
2.604891357348456671e-01
1.000000000000000000e+00
-7.654510918638381956e-01
-1.653544135160162076e-02
6.668996378670324354e-01
-8.669504560969827356e-01
-1.000000000000000000e+00
-8.108154623844442410e-01
-7.619444947040202587e-01
3.399229397227153671e-01
1.000000000000000000e+00
-1.000000000000000000e+00
-8.873601470224506960e-01
-1.000000000000000000e+00
-1.000000000000000000e+00
4.753541851158193943e-01
7.698444634022278965e-01
-1.000000000000000000e+00
-1.000000000000000000e+00
-6.305754251758878270e-01
-9.509227355117289004e-01
-1.000000000000000000e+00
-8.817030279032405105e-01
6.031423206374086909e-01
7.252662608888337248e-01
-1.000000000000000000e+00
-1.000000000000000000e+00
3.950883538653666704e-01
-4.202706431313073532e-01
-6.294192177283188805e-01
1.000000000000000000e+00
-1.000000000000000000e+00
-8.046060111673565274e-01
-9.130115136290489763e-01
1.000000000000000000e+00
-4.200029920988992971e-02
1.000000000000000000e+00
1.000000000000000000e+00
-8.651866712042652896e-01
1.715165779873474294e-01
-1.000000000000000000e+00
-1.923820953117405530e-01
-1.000000000000000000e+00
-7.033538021552188102e-02
-1.000000000000000000e+00
1.000000000000000000e+00
7.482865675132233108e-01
9.014987051037087751e-01
4.229386297997602684e-01
-1.000000000000000000e+00
-1.000000000000000000e+00
-8.166867194090301485e-01
-1.000000000000000000e+00
1.000000000000000000e+00
-1.000000000000000000e+00
-1.000000000000000000e+00
3.869039182726229376e-01
4.264888977960142880e-01
8.642316034932211455e-01
-1.000000000000000000e+00
4.761964931821137670e-01
-2.002994394375089415e-01
3.077387703241171169e-01
1.000000000000000000e+00
-9.233702637985707895e-02
-1.000000000000000000e+00
1.000000000000000000e+00
-6.887578264888281065e-01
1.000000000000000000e+00
-4.188816434507168229e-01
-1.000000000000000000e+00
-3.492224049385979079e-01
8.186366342598349055e-01
9.887756136635186266e-01
-1.000000000000000000e+00
8.584328742766794695e-03
8.994097301959790292e-01
-8.668642135263202597e-01
1.000000000000000000e+00
-1.000000000000000000e+00
-1.000000000000000000e+00
1.000000000000000000e+00
-1.377110624696579189e-01
-7.766379103524754246e-01
1.269817406454377684e-01
-1.000000000000000000e+00
7.990944754554708540e-01
6.119111801117502747e-01
5.935618677134132382e-01
-1.000000000000000000e+00
-1.000000000000000000e+00
1.000000000000000000e+00
4.672427222677163483e-01
-1.079365279218567064e-01
2.060146122812192004e-01
-8.408773477815391084e-01
1.000000000000000000e+00
1.000000000000000000e+00
-9.539823676421469445e-01
-1.000000000000000000e+00
-5.051462233818436731e-01
-1.454437815052684879e-01
-1.663551695408209685e-01
-4.210318069250071904e-01
3.274438975641732474e-01
-2.560740266816522448e-01
-1.000000000000000000e+00
-1.000000000000000000e+00
-1.000000000000000000e+00
1.000000000000000000e+00
1.000000000000000000e+00
-9.494345388927020180e-01
4.635618668944814225e-01
7.946708243675337791e-01
-1.000000000000000000e+00
1.000000000000000000e+00
1.000000000000000000e+00
1.000000000000000000e+00
-1.000000000000000000e+00
-1.000000000000000000e+00
1.000000000000000000e+00
2.471354487881476381e-01
-3.145921881001814135e-01
1.000000000000000000e+00
-1.000000000000000000e+00
-1.000000000000000000e+00
2.610011405555525688e-01
5.044986793174592865e-01
-5.847033641442702656e-01
1.000000000000000000e+00
-1.493578249060926177e-01
1.000000000000000000e+00
-1.000000000000000000e+00
-4.553218007713021875e-01
-6.173544411929838827e-01
-1.000000000000000000e+00
1.764954229472641689e-01
1.000000000000000000e+00
1.000000000000000000e+00
6.672128303064117638e-01
1.000000000000000000e+00
3.853494094148468552e-02
2.967621741662701540e-01
-2.039462997272913913e-01
-1.000000000000000000e+00
-4.929193674345913045e-01
-3.380323696215503659e-02
1.000000000000000000e+00
1.000000000000000000e+00
-1.000000000000000000e+00
7.577798569886859958e-01
9.468100805204031634e-01
-8.269003737556788192e-01
-1.269655907995489996e-01
-1.000000000000000000e+00
-2.894128715056972778e-01
1.000000000000000000e+00
-8.436318442236349080e-01
-4.447126533100187462e-02
-1.000000000000000000e+00
-2.207912732726602378e-02
1.000000000000000000e+00
1.000000000000000000e+00
1.000000000000000000e+00
-1.000000000000000000e+00
-1.000000000000000000e+00
-1.000000000000000000e+00
-4.470913518658992114e-02
1.000000000000000000e+00
-4.322801785436006239e-01
-7.565507578652113096e-01
-1.000000000000000000e+00
1.000000000000000000e+00
1.000000000000000000e+00
-1.000000000000000000e+00
3.505827667755465615e-01
-1.000000000000000000e+00
-7.800019591953544218e-01
-8.740923323680782620e-01
-1.000000000000000000e+00
2.889800179740720232e-01
-2.486434645644474140e-01
2.617339264639213514e-01
-2.682184900333839939e-01
6.289096083842764529e-01
1.456863948692177502e-02
-1.000000000000000000e+00
-1.000000000000000000e+00
-4.548515755350730494e-01
-6.750155091839682431e-01
-9.661620903099854551e-01
-1.000000000000000000e+00
5.658920917149323770e-01
1.000000000000000000e+00
-1.000000000000000000e+00
-1.000000000000000000e+00
-4.271460940359774749e-01
-1.298821064645158396e-01
-1.000000000000000000e+00
-3.188651553904317537e-01
1.000000000000000000e+00
9.435875812097402893e-01
-6.316017834456877367e-01
-2.604907499461238674e-01
-9.236454765787430743e-01
-1.000000000000000000e+00
-1.000000000000000000e+00
-6.238415241597463634e-01
1.000000000000000000e+00
1.000000000000000000e+00
-9.451232818176469319e-01
-1.000000000000000000e+00
8.207048050749344847e-01
-6.259981469759940964e-01
3.361032055829081266e-01
1.000000000000000000e+00
-1.000000000000000000e+00
6.038225416229479059e-01
-1.000000000000000000e+00
5.517088079379082188e-01
-9.061706360344350397e-01
6.967527568175010955e-02
-5.660775407133216142e-01
-3.622458149430539676e-01
1.000000000000000000e+00
7.358231099767043037e-01
1.000000000000000000e+00
1.000000000000000000e+00
-7.528687239454716629e-01
1.000000000000000000e+00
7.292590691468777697e-01
-1.000000000000000000e+00
7.838227730416453820e-01
8.455102496175549431e-01
1.000000000000000000e+00
1.000000000000000000e+00
-4.302267635994428963e-01
1.000000000000000000e+00
-9.764817392092455250e-01
1.000000000000000000e+00
-3.823799523393783817e-01
6.238178704395688223e-01
-3.643668450755100374e-01
-1.000000000000000000e+00
2.893344968531472161e-01
-2.057438337080144675e-01
6.631829438010725664e-01
4.436987549192927260e-01
-8.468592616157533115e-01
-1.000000000000000000e+00
-3.879882327737881331e-01
6.222138642780482565e-01
-5.414610948198328444e-02
-8.812673747924990586e-01
2.308045656199275431e-01
1.000000000000000000e+00
-8.599143582324796364e-01
-1.000000000000000000e+00
-1.000000000000000000e+00
-1.000000000000000000e+00
-2.064304736629110071e-01
-1.000000000000000000e+00
1.000000000000000000e+00
-1.000000000000000000e+00
5.030218820200231811e-01
5.029844638480742702e-01
-3.526966831334095165e-01
-6.505943027911238463e-01
8.311156211912051894e-01
-1.000000000000000000e+00
1.000000000000000000e+00
9.644209707453899050e-01
-6.173797385371159185e-01
-3.073370394682168882e-01
1.000000000000000000e+00
-1.000000000000000000e+00
-1.000000000000000000e+00
-1.000000000000000000e+00
4.647343038638976354e-01
1.000000000000000000e+00
1.000000000000000000e+00
1.000000000000000000e+00
6.091911966064686990e-01
-1.000000000000000000e+00
8.034372542009166063e-01
-6.534014331797644015e-02
1.000000000000000000e+00
1.000000000000000000e+00
-7.144514469278453461e-01
-1.000000000000000000e+00
-1.000000000000000000e+00
1.000000000000000000e+00
-2.933623862537049209e-02
5.350017929830390706e-01
-3.526193997041029426e-01
1.000000000000000000e+00
-1.000000000000000000e+00
7.346780129706768081e-01
-5.496035468708093674e-01
-1.000000000000000000e+00
-8.857989970334767538e-02
2.348138957647477598e-01
2.951157945687500894e-01
-1.000000000000000000e+00
-4.303336643787243343e-01
1.000000000000000000e+00
1.000000000000000000e+00
1.000000000000000000e+00
-2.216293262557854915e-01
-1.199498659192921313e-02
1.000000000000000000e+00
-1.000000000000000000e+00
-7.013370866399448733e-01
9.561547029238839368e-01
1.000000000000000000e+00
-8.443445036468043563e-01
-1.000000000000000000e+00
-1.000000000000000000e+00
-1.000000000000000000e+00
-8.263152094653722912e-01
8.287542320465329793e-02
6.705385890093293888e-01
1.000000000000000000e+00
-1.000000000000000000e+00
6.604227061476866112e-01
8.746003564396699348e-01
8.889564086822634437e-01
7.559006853112779090e-02
-8.290713040574497761e-01
1.000000000000000000e+00
-1.414478376794392478e-01
5.469870143441527000e-02
-1.000000000000000000e+00
1.000000000000000000e+00
1.000000000000000000e+00
-1.000000000000000000e+00
-1.000000000000000000e+00
6.615779089709605820e-02
-1.000000000000000000e+00
2.499422999230866971e-01
-2.560960894980869318e-01
1.000000000000000000e+00
7.963670793113788449e-01
1.000000000000000000e+00
-2.879605878626675386e-01
-4.565127946889508959e-01
-9.639490628264875127e-01
3.177670214209837862e-02
-4.741831412062560425e-01
1.857537838325910018e-01
4.454995299911629347e-02
-1.000000000000000000e+00
1.000000000000000000e+00
9.942216107841539419e-02
-1.290127803771952131e-01
-9.043341778732640890e-01
1.000000000000000000e+00
-1.106159251794530674e-02
-3.713001180227997189e-01
6.361279131698214240e-01
8.765785065505515838e-01
-1.000000000000000000e+00
-1.000000000000000000e+00
-1.000000000000000000e+00
6.804798814169541465e-01
1.000000000000000000e+00
8.311503013836701870e-01
-1.000000000000000000e+00
-1.000000000000000000e+00
1.000000000000000000e+00
1.000000000000000000e+00
-1.000000000000000000e+00
1.000000000000000000e+00
4.204700232086997502e-01
5.274710545332080835e-01
5.191970116752914199e-02
1.282170848883440462e-01
-8.381781356873790889e-02
1.000000000000000000e+00
3.210731058038973629e-01
6.834290606380905020e-01
1.000000000000000000e+00
1.000000000000000000e+00
1.000000000000000000e+00
5.198168319379339319e-01
1.549585962520383386e-01
7.780180331789352532e-01
-1.000000000000000000e+00
-1.000000000000000000e+00
-1.000000000000000000e+00
1.000000000000000000e+00
-1.000000000000000000e+00
-7.542126608324427606e-01
-5.306136946075067362e-01
1.427519041218610618e-01
-3.596529080068228135e-01
8.828729369958490114e-01
-1.000000000000000000e+00
-5.576500159627304498e-01
1.000000000000000000e+00
-8.040553180553636770e-01
1.000000000000000000e+00
1.000000000000000000e+00
-6.927492215769328610e-01
-8.681356292057708091e-01
-1.000000000000000000e+00
-7.874511359386116016e-02
-1.000000000000000000e+00
1.000000000000000000e+00
-9.636540966916690154e-01
1.571291555378325489e-01
1.000000000000000000e+00
1.000000000000000000e+00
1.000000000000000000e+00
-1.000000000000000000e+00
1.000000000000000000e+00
7.363604041379112619e-01
6.675517125839729449e-01
2.200128117060357602e-01
-8.839565687469174149e-01
-1.000000000000000000e+00
1.000000000000000000e+00
4.308002547030903018e-01
3.060050077100444632e-01
-9.217640633097655689e-01
-6.533266810278459680e-02
-1.000000000000000000e+00
-3.513702745923996673e-02
-9.428926124169709766e-01
4.625699531263499642e-02
8.126423375139246730e-03
-1.000000000000000000e+00
3.858797945098099702e-01
1.000000000000000000e+00
9.665249248561689210e-01
1.000000000000000000e+00
-9.584930845742412053e-01
-1.000000000000000000e+00
-1.000000000000000000e+00
-1.435541480967036376e-01
3.951721669876430143e-01
-3.247482088384454624e-01
1.000000000000000000e+00
1.154028231522138404e-01
1.000000000000000000e+00
1.000000000000000000e+00
1.000000000000000000e+00
-1.000000000000000000e+00
-5.407609189935250749e-01
6.642171775305760750e-02
6.786057976191837982e-02
-5.103989480108808152e-01
1.000000000000000000e+00
-1.000000000000000000e+00
1.000000000000000000e+00
-5.347354082473703141e-01
-5.611933264634695329e-01
1.000000000000000000e+00
7.487189775822423732e-01
-1.000000000000000000e+00
-1.000000000000000000e+00
-1.000000000000000000e+00
3.067776104036574747e-01
-2.733550997579405895e-01
8.680472241361179009e-01
1.000000000000000000e+00
1.000000000000000000e+00
1.000000000000000000e+00
-1.381174844242036848e-01
-1.000000000000000000e+00
-1.000000000000000000e+00
2.624646485507204363e-01
1.000000000000000000e+00
8.543593593892109261e-01
2.979817256676621229e-01
-6.330576064206913101e-01
1.000000000000000000e+00
3.562478741912477043e-01
1.000000000000000000e+00
1.000000000000000000e+00
-1.000000000000000000e+00
6.114836692805265539e-01
-1.000000000000000000e+00
-6.614850400732788516e-02
-1.000000000000000000e+00
-3.771814092108247141e-01
-3.283187973724552844e-01
-8.088360174401874048e-01
1.000000000000000000e+00
1.000000000000000000e+00
9.936334519019829337e-02
-1.000000000000000000e+00
7.453069813084487460e-01
-1.000000000000000000e+00
-1.000000000000000000e+00
1.000000000000000000e+00
8.656280266971327908e-02
2.022694898514811324e-01
-2.118571303415682228e-01
1.000000000000000000e+00
6.566445048202609325e-01
-1.000000000000000000e+00
1.000000000000000000e+00
7.031034934439386319e-01
-1.000000000000000000e+00
6.867090110630100774e-01
-7.882573707984693590e-01
1.000000000000000000e+00
-1.000000000000000000e+00
8.478631567544625547e-02
-5.584724204035270700e-01
1.000000000000000000e+00
-1.000000000000000000e+00
-4.605193359645023410e-01
-1.000000000000000000e+00
-6.104177734359783614e-01
1.000000000000000000e+00
1.000000000000000000e+00
-1.000000000000000000e+00
6.714718610326592119e-01
1.000000000000000000e+00
-2.633227316542688379e-01
-1.000000000000000000e+00
1.000000000000000000e+00
-6.362944180648114068e-02
1.000000000000000000e+00
1.000000000000000000e+00
2.540891931129799636e-02
1.000000000000000000e+00
-1.000000000000000000e+00
-1.345959915636785742e-01
-7.978790055213265120e-01
-4.229515600065893444e-01
1.629273700537914316e-01
5.333822886091410531e-01
-4.105173520350332561e-01
1.000000000000000000e+00
9.196451716269569143e-01
-2.371991241205251288e-01
5.967508247520658671e-02
-5.102830652306706849e-01
-8.074325034375747778e-01
7.856324038689626033e-01
-9.042888662292767332e-01
6.591975106193654899e-01
1.000000000000000000e+00
-5.829369298466664517e-01
-1.000000000000000000e+00
-8.989831635410752697e-02
-1.000000000000000000e+00
-1.000000000000000000e+00
1.000000000000000000e+00
-1.000000000000000000e+00
1.000000000000000000e+00
3.002652156842087194e-01
8.341317548512814373e-01
-1.455713239922170610e-01
1.000000000000000000e+00
1.000000000000000000e+00
-6.328616688092647546e-01
4.005368988130099117e-01
4.089571002857390059e-01
1.964944027499143653e-02
3.946079876299217748e-01
-1.000000000000000000e+00
2.730379122136172843e-01
-1.000000000000000000e+00
-3.240322488293536640e-01
1.000000000000000000e+00
5.176714941872939679e-01
-1.339747381815035165e-01
-1.000000000000000000e+00
1.000000000000000000e+00
-1.000000000000000000e+00
1.000000000000000000e+00
-4.750351559781004207e-01
5.071556874234266488e-01
-1.000000000000000000e+00
1.000000000000000000e+00
1.000000000000000000e+00
-1.584792618667511255e-01
8.994283440044699152e-01
3.659276452911078836e-01
-7.668891630926872871e-01
1.631111192582059277e-01
6.830640561049134973e-01
1.000000000000000000e+00
6.558236334580431759e-01
-7.758668509635379129e-01
-1.000000000000000000e+00
-6.517454868678638213e-01
9.552975908404878203e-01
4.150621293824181546e-01
-8.806873157227755877e-01
-1.000000000000000000e+00
-3.084265386478373672e-01
9.302819247764468891e-01
-7.831928263363694409e-01
-1.000000000000000000e+00
-1.000000000000000000e+00
2.375916317770872255e-01
1.000000000000000000e+00
1.000000000000000000e+00
-5.725984225467982691e-01
-3.711099182522458184e-01
-5.316678701946875307e-01
-9.075431793878735443e-01
7.126328969494060139e-01
3.997622883293604490e-01
1.000000000000000000e+00
1.000000000000000000e+00
-1.077929097430991856e-01
2.612567368021464498e-01
9.915195798755935819e-01
-1.533490840007878386e-02
-9.833277011565038084e-01
3.987256723740308095e-02
4.896303031216364121e-01
-3.515701592952283350e-01
2.866326359922790612e-01
8.700183918168316044e-01
-1.000000000000000000e+00
4.448202942474499544e-01
7.186511539013312744e-01
1.000000000000000000e+00
4.354538374246065269e-01
-7.312580972504867383e-01
8.242898597129395544e-01
-1.000000000000000000e+00
-1.000000000000000000e+00
9.509280298429273470e-01
-1.000000000000000000e+00
1.000000000000000000e+00
1.000000000000000000e+00
1.000000000000000000e+00
2.933939177632069462e-01
4.727540424811413899e-01
6.801743764180527840e-01
1.000000000000000000e+00
-1.000000000000000000e+00
5.952450764919348103e-01
-2.279022460734734246e-01
1.803558241549751973e-02
-7.230583492467871354e-01
9.940444459649200315e-01
-1.000000000000000000e+00
1.000000000000000000e+00
1.000000000000000000e+00
-3.939430150933580510e-01
-5.086020729956730602e-01
-1.000000000000000000e+00
-6.101791242181930919e-01
-1.000000000000000000e+00
-1.000000000000000000e+00
7.182364919957906491e-01
9.378259892405246267e-01
1.000000000000000000e+00
-1.000000000000000000e+00
-5.852031382100200130e-01
-4.786855123000964829e-01
5.463708165788913607e-02
-1.000000000000000000e+00
1.000000000000000000e+00
4.943589495245492849e-02
-1.000000000000000000e+00
-1.000000000000000000e+00
1.207141291723796694e-01
6.330668005054984615e-01
8.298228571078281046e-01
2.570386647471016861e-01
-1.000000000000000000e+00
-4.458027607741143483e-01
-6.910193725173214840e-01
1.000000000000000000e+00
-1.000000000000000000e+00
2.732747672196471633e-01
1.000000000000000000e+00
-9.875015403680904580e-01
1.000000000000000000e+00
8.782543575386637658e-01
2.884509472883094450e-01
1.580712444096432634e-02
-1.000000000000000000e+00
-1.161927133182692473e-01
-1.000000000000000000e+00
-6.916368478280685572e-01
-1.000000000000000000e+00
-1.000000000000000000e+00
3.440503271924831297e-01
-5.303786462324876494e-01
1.000000000000000000e+00
5.625859213313689766e-01
-4.917288887063165914e-01
5.713536060167768715e-01
1.000000000000000000e+00
6.500458206398046501e-01
-1.000000000000000000e+00
1.000000000000000000e+00
6.702680517925387882e-01
-9.424184476184613857e-01
5.425582040299298248e-02
3.643924173178219039e-01
4.644995395683781947e-02
-4.790842006606528258e-01
-1.000000000000000000e+00
-1.000000000000000000e+00
1.346680787246095079e-01
-4.631455045870862541e-01
1.000000000000000000e+00
-4.731367016183263274e-03
3.586408083998413598e-01
-1.000000000000000000e+00
9.604029618029201743e-01
1.000000000000000000e+00
1.000000000000000000e+00
-1.000000000000000000e+00
-1.000000000000000000e+00
-2.728804968946162424e-01
1.000000000000000000e+00
1.000000000000000000e+00
-1.000000000000000000e+00
5.353716227693964269e-01
-3.746699812299058019e-01
1.000000000000000000e+00
1.000000000000000000e+00
-1.000000000000000000e+00
1.000000000000000000e+00
-1.000000000000000000e+00
9.348216474796683384e-01
-1.000000000000000000e+00
3.164544613348670987e-01
1.392736630076030213e-02
1.000000000000000000e+00
1.000000000000000000e+00
-1.000000000000000000e+00
7.843457487513255666e-02
-1.000000000000000000e+00
-1.000000000000000000e+00
3.156784912686568800e-01
1.316690745633622428e-01
-1.000000000000000000e+00
-1.000000000000000000e+00
-3.889847662804624129e-02
1.000000000000000000e+00
1.000000000000000000e+00
-1.000000000000000000e+00
-1.000000000000000000e+00
-7.490548000712310417e-01
1.000000000000000000e+00
5.778718904315383043e-01
1.000000000000000000e+00
2.830995389819006003e-01
-4.964310050223701976e-01
1.000000000000000000e+00
-7.907927186189616098e-01
-2.391387440711769674e-01
1.000000000000000000e+00
-9.361271874808230198e-01
8.155834296444097742e-01
-4.755233649246041194e-01
1.000000000000000000e+00
-7.062463700144682166e-01
1.000000000000000000e+00
-1.000000000000000000e+00
-1.000000000000000000e+00
-6.157246609252320368e-01
-3.131580472416208849e-01
1.000000000000000000e+00
-1.000000000000000000e+00
1.590454093673150382e-01
-4.220466600168681359e-01
3.197720292904779882e-01
7.058512262389338154e-02
-1.000000000000000000e+00
1.000000000000000000e+00
6.608551049002949762e-01
1.000000000000000000e+00
1.000000000000000000e+00
-6.464798274594916183e-01
-5.769332720556045180e-01
-1.000000000000000000e+00
-1.000000000000000000e+00
-1.000000000000000000e+00
5.724991705416386800e-01
-1.000000000000000000e+00
4.373045585394740309e-01
-3.861015384682745522e-01
-1.000000000000000000e+00
8.151995065154984399e-01
-1.000000000000000000e+00
1.000000000000000000e+00
1.000000000000000000e+00
-1.000000000000000000e+00
1.000000000000000000e+00
-7.879222401632121064e-01
7.009020053365239145e-01
-5.168144003526047303e-01
-5.357027108913553493e-01
-3.429928264793118409e-01
-6.071449792400807066e-02
7.249206756940043128e-01
1.917562702276448539e-01
-4.392030946404024139e-01
-5.667682138201424191e-01
-5.370636969623466817e-01
9.459445754941178675e-02
4.095215359219449569e-01
-1.000000000000000000e+00
3.245971668343345939e-01
2.912983627013465693e-02
1.000000000000000000e+00
3.737641009364038314e-01
-6.212784047981476099e-02
-6.192601510890947125e-01
1.000000000000000000e+00
-9.531993693349021246e-01
-1.000000000000000000e+00
8.850023032306089110e-01
1.000000000000000000e+00
-1.000000000000000000e+00
2.165054165084923099e-01
-1.000000000000000000e+00
-7.891114396814478127e-01
1.000000000000000000e+00
-5.966891747875403551e-01
-3.075481841020890617e-01
8.783563075198639325e-01
1.000000000000000000e+00
-4.514345923492887880e-01
-2.304024276192052634e-01
1.711602542457923981e-02
1.000000000000000000e+00
1.000000000000000000e+00
-1.000000000000000000e+00
-5.643492414420725467e-01
-1.000000000000000000e+00
-2.386584702788252521e-01
1.000000000000000000e+00
-6.623630374486211281e-03
8.773725626217998563e-01
6.156713169751099057e-01
-3.396024111443999294e-01
-2.633029413140557384e-01
8.501851450585899972e-01
6.719736117012911070e-01
-6.221170409911935817e-01
-1.000000000000000000e+00
-9.434979729386601122e-01
5.033502766023194575e-01
1.764067285203957391e-02
-7.331802492506824809e-01
1.000000000000000000e+00
-2.313451033153424152e-01
1.000000000000000000e+00
-1.000000000000000000e+00
-1.000000000000000000e+00
1.000000000000000000e+00
1.000000000000000000e+00
-8.096132083385021438e-01
-3.424232448716887367e-01
-4.188113807055328097e-01
1.000000000000000000e+00
-1.088303659020997266e-01
1.232668655647098932e-01
-9.774011017808448276e-02
-1.000000000000000000e+00
1.000000000000000000e+00
9.210659984618967400e-01
-9.312442207185622767e-01
1.732839954817184669e-01
-8.160072879693912595e-01
4.701149337309260545e-01
-1.000000000000000000e+00
7.149563062290744675e-01
-1.000000000000000000e+00
4.471088817553867667e-01
2.760072369549237958e-01
9.174193564605457318e-01
-1.000000000000000000e+00
-1.000000000000000000e+00
1.000000000000000000e+00
-2.596996251558320035e-02
1.000000000000000000e+00
-2.212627295540149919e-01
1.000000000000000000e+00
-4.379675146244468298e-01
-2.435189444028322825e-01
-6.224917856593725762e-01
-7.600311988165755483e-01
9.756944191181281534e-01
-1.000000000000000000e+00
1.000000000000000000e+00
1.000000000000000000e+00
-1.000000000000000000e+00
-3.054986048568029133e-01
-4.960440062995026267e-01
-1.000000000000000000e+00
-1.000000000000000000e+00
1.000000000000000000e+00
1.000000000000000000e+00
-1.000000000000000000e+00
-1.000000000000000000e+00
-7.712566667249949326e-01
1.000000000000000000e+00
4.426110930848414782e-02
-6.560328777002419898e-01
7.032682545326508494e-01
-1.664635709810183828e-01
-5.298763298116532239e-02
1.000000000000000000e+00
-4.745847878387439156e-01
-1.000000000000000000e+00
2.472255035114676591e-01
7.887271643016074973e-01
-1.000000000000000000e+00
3.854195741574978351e-01
2.067910404665247726e-01
-9.298188908048621304e-01
8.478064694530775824e-01
-5.584146034629600130e-02
-1.000000000000000000e+00
1.501814649140086888e-01
8.712279205368591573e-01
9.860623175160293519e-02
-1.000000000000000000e+00
9.560229989984305732e-01
-2.274458595578612574e-01
-1.000000000000000000e+00
-1.000000000000000000e+00
-3.871079064968460104e-01
1.000000000000000000e+00
1.683737029665735019e-01
1.000000000000000000e+00
4.950846482799483583e-01
-3.593857733040501934e-01
1.430315347089993194e-01
-7.284523344358749819e-01
-9.419314995579208816e-01
-1.000000000000000000e+00
1.844064169304662215e-01
-4.450413390332702557e-01
-1.000000000000000000e+00
1.000000000000000000e+00
-1.000000000000000000e+00
-1.000000000000000000e+00
-6.483313561308479134e-02
1.000000000000000000e+00
-1.000000000000000000e+00
-1.837104714677192940e-01
-2.804552009278655778e-01
-1.000000000000000000e+00
1.000000000000000000e+00
5.491228193314940942e-01
1.210358458806575221e-01
-7.088358003915836703e-01
-8.997558769037954374e-01
3.427438988248221463e-01
-9.878721322892077827e-01
1.000000000000000000e+00
-9.209885494889342716e-01
-7.077439499202486939e-02
-1.000000000000000000e+00
9.510209865960534970e-01
6.253863189680558543e-01
-9.331034544422958099e-01
6.544131933666175183e-01
2.443087755417816809e-01
1.000000000000000000e+00
-9.984265143702176770e-01
1.000000000000000000e+00
-2.898391292962350096e-01
8.366002245097015066e-01
4.740605183922410593e-01
-3.929592841826974325e-01
-1.000000000000000000e+00
-1.000000000000000000e+00
-1.000000000000000000e+00
-1.796985966053449291e-02
7.111178380421796508e-01
1.000000000000000000e+00
-2.402043554148525772e-01
4.922019098350551847e-01
8.512986935843750436e-01
-3.798867926421707342e-01
-6.015583880942396711e-01
-1.000000000000000000e+00
6.033652546623320401e-01
8.143788158344570371e-01
6.739886586802633361e-02
-8.428979681115338352e-01
7.249978033700787972e-01
-4.216907026146377024e-01
3.353720032898068748e-01
-9.828182343047836556e-02
8.347894187610220840e-01
-1.000000000000000000e+00
-1.000000000000000000e+00
-1.000000000000000000e+00
-1.000000000000000000e+00
-1.000000000000000000e+00
9.358529407537898859e-01
4.676741986580043586e-01
1.000000000000000000e+00
1.000000000000000000e+00
1.000000000000000000e+00
5.016228969214603373e-01
-1.000000000000000000e+00
-1.000000000000000000e+00
-1.000000000000000000e+00
6.872317241211990391e-01
7.885666097838552879e-01
-1.271900092842318530e-01
-8.124799328867602366e-01
-4.981141157495646565e-01
-7.621530194326009422e-01
1.000000000000000000e+00
-9.977568789398960636e-01
-9.866466783163765353e-01
-1.000000000000000000e+00
9.602943819407925297e-01
-1.000000000000000000e+00
1.000000000000000000e+00
-5.702906736596812243e-01
1.000000000000000000e+00
-8.142905268947745467e-01
3.227777858768832164e-02
9.463234008110474882e-01
-8.822913886098089353e-01
-7.341796903483399639e-01
9.552790549569647460e-01
-1.815696716632929086e-01
4.451848998113663858e-02
-6.941117408615200546e-01
1.087301429576252865e-01
6.554219126679881047e-01
1.000000000000000000e+00
-2.121213419928358324e-01
-1.197293971739917529e-01
1.098823913100062111e-01
-5.298643058691212548e-01
-1.000000000000000000e+00
-8.697818020602500200e-01
-1.000000000000000000e+00
-1.000000000000000000e+00
-9.516626015086058210e-01
4.998112823063667332e-01
4.462918630943548681e-01
-4.964332534950521292e-01
-7.747056363837643289e-01
5.813399577715681055e-01
-1.361583765288956194e-01
-1.000000000000000000e+00
1.000000000000000000e+00
-8.516792998527666914e-02
-1.000000000000000000e+00
7.428708802251756671e-01
-1.000000000000000000e+00
9.002489228749730454e-01
1.000000000000000000e+00
-6.110778548906221630e-01
-9.900719611074206838e-01
1.000000000000000000e+00
-2.123103414099469233e-01
7.085616966288332819e-02
1.000000000000000000e+00
-2.123057566089482373e-01
4.051375245759124277e-02
-1.000000000000000000e+00
1.000000000000000000e+00
-1.000000000000000000e+00
-5.422545021419378219e-02
-1.087367665278771434e-01
-4.602257886193483749e-01
1.000000000000000000e+00
4.242221995553205338e-01
1.000000000000000000e+00
6.143380243786350503e-01
1.877547706988871024e-01
-1.000000000000000000e+00
3.231925819811454215e-01
5.170344985488024570e-01
1.000000000000000000e+00
1.576467481426966355e-01
3.308405878757045282e-01
-1.000000000000000000e+00
1.000000000000000000e+00
1.000000000000000000e+00
1.000000000000000000e+00
1.000000000000000000e+00
4.635225985001238946e-01
2.399640892906251821e-01
-7.674312324533993923e-01
-1.300619847650641425e-02
4.334841998682449349e-01
-1.000000000000000000e+00
-1.000000000000000000e+00
1.000000000000000000e+00
-1.000000000000000000e+00
7.629452798078980580e-01
4.230564572864639050e-01
-7.713846666872654634e-01
-1.000000000000000000e+00
1.000000000000000000e+00
1.000000000000000000e+00
-1.000000000000000000e+00
-1.000000000000000000e+00
9.214603476445900609e-01
-9.372834899203775771e-01
-3.329495951781769048e-01
-8.134768507992212738e-01
-4.117337398063388165e-01
-4.001287380911444092e-01
1.000000000000000000e+00
-7.331214901251719152e-01
1.000000000000000000e+00
1.000000000000000000e+00
4.773026396597398469e-01
-1.000000000000000000e+00
3.382322803850979498e-01
-1.000000000000000000e+00
2.814047578755538570e-01
-1.000000000000000000e+00
5.243793521922099909e-01
-3.031657979070389031e-01
1.000000000000000000e+00
1.078548687910366177e-01
6.755032032225323224e-01
1.000000000000000000e+00
-1.000000000000000000e+00
4.966128862551837386e-01
-2.931038365713612981e-01
1.000000000000000000e+00
-7.390224081601534101e-01
6.277868136004003397e-01
4.650098562103114341e-01
-1.000000000000000000e+00
1.000000000000000000e+00
-5.954725234462592276e-01
3.356690938099238242e-02
1.000000000000000000e+00
6.682606167379255835e-01
1.000000000000000000e+00
2.822864244950329948e-01
1.734838937575012285e-01
1.000000000000000000e+00
6.819491711536110889e-01
1.297450134151331702e-01
1.000000000000000000e+00
1.000000000000000000e+00
-2.817776319629150539e-02
1.000000000000000000e+00
7.788180708321270629e-01
6.099096025211854233e-01
3.499090337309754828e-01
-1.000000000000000000e+00
1.000000000000000000e+00
6.436333411637842339e-01
-5.221222806935124083e-01
-1.000000000000000000e+00
-6.343949167469493666e-01
-8.955635877019532121e-01
1.000000000000000000e+00
-4.699385690015165373e-01
-2.122125212365042479e-01
-1.000000000000000000e+00
1.000000000000000000e+00
1.000000000000000000e+00
7.634564342946008608e-01
-1.000000000000000000e+00
-9.421529761956637383e-01
1.000000000000000000e+00
1.986496106941308959e-01
-1.000000000000000000e+00
9.060661227544855034e-01
-7.446851246205242747e-01
-1.000000000000000000e+00
1.046551792698484640e-01
-1.299093365491044150e-01
1.980275514229111189e-01
-1.973050144313586163e-01
1.000000000000000000e+00
9.324799104044891873e-01
9.879277876892536003e-01
4.861853165337503002e-01
-1.000000000000000000e+00
1.000000000000000000e+00
6.700047009118377250e-01
-9.118156227455236351e-01
5.033809930762344065e-01
7.023352622333620121e-02
-2.228194127729348217e-01
-3.823164043611030904e-01
-1.000000000000000000e+00
7.474025991764523535e-01
1.000000000000000000e+00
2.658329524833944468e-01
-8.148660715241151653e-01
-4.394560255856225783e-01
1.839023002092117776e-01
-9.250339661935348401e-01
-1.000000000000000000e+00
1.202354914442910205e-01
-1.520763618283808849e-01
-1.000000000000000000e+00
-1.000000000000000000e+00
4.468147862139920656e-01
2.641135849345590536e-01
-6.694102503385888081e-01
-4.960363782211701933e-02
-1.000000000000000000e+00
-5.174518527575324711e-01
-1.000000000000000000e+00
7.125337816072034869e-01
-5.748815601121246566e-01
-1.000000000000000000e+00
1.000000000000000000e+00
7.310336936223744697e-01
-8.581973172861145915e-02
5.118525418280517325e-02
-1.000000000000000000e+00
8.405507641632944393e-01
-2.774478651810190488e-01
-6.519792879828187893e-01
-5.371428853710028539e-01
-1.000000000000000000e+00
1.000000000000000000e+00
7.268439041426633107e-01
-1.000000000000000000e+00
6.106248463643271229e-01
-2.335893381811422476e-01
8.288486916324349085e-01
-1.000000000000000000e+00
4.243355827572131700e-01
7.108222677060758166e-01
-1.000000000000000000e+00
2.255753983525349282e-01
-1.000000000000000000e+00
9.483282783485491585e-01
-8.699971838336644225e-01
-3.196635507137030041e-01
3.561527831372355291e-01
-1.000000000000000000e+00
1.000000000000000000e+00
8.579043132186611187e-01
1.000000000000000000e+00
-1.000000000000000000e+00
6.184326103071771108e-01
-1.000000000000000000e+00
1.000000000000000000e+00
-9.414339109128597727e-01
-5.221789732225815550e-01
-1.000000000000000000e+00
7.398845425981925850e-02
1.000000000000000000e+00
5.904106998518043881e-02
1.000000000000000000e+00
-1.643705913465317581e-01
-1.261115405720003579e-01
3.964650178896723665e-01
-6.548321087192963130e-01
2.785842910220278634e-01
-1.000000000000000000e+00
1.000000000000000000e+00
1.000000000000000000e+00
1.944988785408885978e-01
2.896490103354989465e-01
1.000000000000000000e+00
6.357052252156125682e-02
1.056385121761718171e-01
-7.180539195742252634e-01
7.345648935549823344e-01
1.000000000000000000e+00
-1.000000000000000000e+00
-1.000000000000000000e+00
6.208660259667699854e-01
1.000000000000000000e+00
-1.000000000000000000e+00
-1.000000000000000000e+00
9.632828174233496465e-01
1.000000000000000000e+00
-1.000000000000000000e+00
-1.000000000000000000e+00
-9.448598953851418125e-01
1.000000000000000000e+00
1.441660969124623493e-01
1.000000000000000000e+00
6.216283155367966495e-01
-5.470810703176913758e-01
-1.000000000000000000e+00
-5.968033367882191742e-01
-2.609211192326863493e-01
9.302917865018458521e-01
-1.000000000000000000e+00
1.000000000000000000e+00
4.763505844168259840e-01
5.708869465536380305e-01
1.000000000000000000e+00
3.341031991430779557e-01
1.000000000000000000e+00
-1.896959976898097144e-01
-1.000000000000000000e+00
-9.349709129075999270e-01
1.000000000000000000e+00
2.029529389046605958e-01
1.000000000000000000e+00
-6.801478018154684113e-01
1.000000000000000000e+00
-1.000000000000000000e+00
7.916564699277182093e-01
-1.245919547010854167e-01
1.000000000000000000e+00
8.388620386601408629e-01
-9.160005946555291878e-01
-1.000000000000000000e+00
-3.773300815503142780e-01
-1.000000000000000000e+00
6.818201486943658018e-01
-8.293994690942074755e-01
7.772464097917638481e-01
-8.975369709320396572e-01
-4.103754536910618200e-01
-5.114513737587339515e-01
8.422821875578584416e-01
-2.053259780874454044e-01
-1.000000000000000000e+00
-1.000000000000000000e+00
-3.396216064632760490e-01
1.000000000000000000e+00
6.777346010366320783e-01
1.000000000000000000e+00
-2.012683334144238501e-01
-1.000000000000000000e+00
-9.198776922661837663e-01
9.164337760215970352e-01
4.031590884195061508e-01
1.256956729747955581e-01
1.000000000000000000e+00
-1.000000000000000000e+00
-9.731756392610687589e-01
1.000000000000000000e+00
-4.767770041335942510e-01
-1.000000000000000000e+00
-4.721357080754008395e-01
1.457593110890798016e-02
1.000000000000000000e+00
5.087146461356237825e-01
1.000000000000000000e+00
7.095037579884774792e-02
2.940693320693625323e-01
7.311361441186658983e-01
-1.000000000000000000e+00
5.656946739762320764e-01
1.000000000000000000e+00
-1.000000000000000000e+00
-9.934509695815211261e-01
-2.525967841049122642e-01
1.000000000000000000e+00
-6.822634393179995982e-01
-7.960186723267914655e-01
4.980506246982427387e-01
1.000000000000000000e+00
6.746917618746168799e-01
1.000000000000000000e+00
-1.000000000000000000e+00
-1.000000000000000000e+00
-5.768857106088401965e-01
8.902036987263567402e-01
-7.889784752530482059e-02
-8.449738973693290411e-01
-1.000000000000000000e+00
1.000000000000000000e+00
1.000000000000000000e+00
3.073348971151205200e-01
-4.165864769753779839e-01
1.000000000000000000e+00
1.000000000000000000e+00
9.890891639086780707e-01
-6.430204732679662971e-01
1.000000000000000000e+00
-3.579369825616129930e-01
-9.808338300215933003e-01
-1.000000000000000000e+00
-1.000000000000000000e+00
9.902132142329767017e-02
9.809164205156943872e-01
-1.038844341262609161e-01
5.168334328698090951e-01
-1.000000000000000000e+00
-1.000000000000000000e+00
1.000000000000000000e+00
1.000000000000000000e+00
-3.083154241356189651e-03
-1.000000000000000000e+00
3.917076428611604988e-01
-1.000000000000000000e+00
-1.000000000000000000e+00
4.314370399278005808e-02
-4.803919404996731535e-01
1.000000000000000000e+00
5.237067475083154733e-01
1.000000000000000000e+00
6.130602315921898082e-01
1.000000000000000000e+00
-1.000000000000000000e+00
7.855456489561611910e-01
-1.575351565901508266e-01
1.000000000000000000e+00
-1.000000000000000000e+00
-1.000000000000000000e+00
-1.000000000000000000e+00
-1.000000000000000000e+00
1.000000000000000000e+00
1.000000000000000000e+00
-1.020232408003688418e-01
-1.000000000000000000e+00
-1.000000000000000000e+00
2.203770024694923502e-01
1.000000000000000000e+00
1.508753379404578210e-01
9.450980633610408521e-01
-2.636883812641410141e-01
8.247167998775570830e-01
-1.000000000000000000e+00
6.740022025628441549e-01
8.716689293122996673e-01
-5.226999948078596692e-01
1.000000000000000000e+00
-9.651637581422188861e-01
5.959115222879796114e-02
1.000000000000000000e+00
2.942149497941926040e-02
-2.054016512758435331e-01
-5.790724016292907450e-01
1.000000000000000000e+00
-4.348640244734603422e-01
1.617564752421369878e-01
-1.000000000000000000e+00
1.000000000000000000e+00
-5.743288411109204183e-01
-1.000000000000000000e+00
-1.000000000000000000e+00
-1.000000000000000000e+00
1.000000000000000000e+00
3.018076267488661868e-02
-7.791548925006011039e-01
-1.000000000000000000e+00
1.000000000000000000e+00
1.000000000000000000e+00
1.000000000000000000e+00
1.000000000000000000e+00
-1.000000000000000000e+00
-1.000000000000000000e+00
1.383916476075636171e-02
9.714471260807044928e-02
9.853197079407476355e-01
4.701443380756955559e-01
-1.000000000000000000e+00
-2.796317406248594040e-02
-1.000000000000000000e+00
-1.000000000000000000e+00
5.500169042976847944e-01
1.000000000000000000e+00
7.219851935437449075e-01
-5.510802323187324880e-01
-2.416503622989579769e-01
9.582726151320963837e-02
1.133497243056876824e-01
8.494610509137957566e-01
1.000000000000000000e+00
-2.889588967047014290e-01
1.000000000000000000e+00
-1.000000000000000000e+00
3.915934691935127887e-01
-1.000000000000000000e+00
1.000000000000000000e+00
1.000000000000000000e+00
1.000000000000000000e+00
5.637692331257158074e-01
6.921418064729092379e-01
1.000000000000000000e+00
1.000000000000000000e+00
1.000000000000000000e+00
-3.392846543050359598e-01
8.706231264773247602e-01
-1.000000000000000000e+00
-1.000000000000000000e+00
-8.650071426543322062e-01
-2.019968853535526465e-01
7.904459259477430999e-02
1.000000000000000000e+00
-1.000000000000000000e+00
5.231431942550673897e-01
1.000000000000000000e+00
-1.000000000000000000e+00
-1.000000000000000000e+00
-2.139741924636229253e-02
-8.305422034133880249e-02
1.000000000000000000e+00
1.000000000000000000e+00
1.000000000000000000e+00
6.665753398941709484e-03
1.000000000000000000e+00
9.206031261619622708e-01
1.000000000000000000e+00
-4.876266509386775194e-01
4.888867762498567693e-01
-1.000000000000000000e+00
8.806468632814697939e-01
-3.623020722262156879e-01
-2.470617572707105580e-01
5.269331134736312539e-01
1.000000000000000000e+00
-1.000000000000000000e+00
-2.030593725106750735e-01
1.000000000000000000e+00
-1.000000000000000000e+00
2.074442216266250139e-01
-1.000000000000000000e+00
1.000000000000000000e+00
-8.406991952440409088e-01
6.317161570222109557e-01
5.661679440691168574e-01
1.000000000000000000e+00
6.403315145720571699e-01
-1.000000000000000000e+00
-6.911508986819667744e-01
-7.576981779336958711e-01
-1.000000000000000000e+00
-1.000000000000000000e+00
-1.000000000000000000e+00
1.000000000000000000e+00
-5.942953726118218594e-01
-2.135879352476021120e-01
3.461048093845445761e-01
1.000000000000000000e+00
-5.096937687529198291e-01
1.000000000000000000e+00
-1.000000000000000000e+00
4.157955170540833523e-02
2.009423765514319893e-01
6.400816431598893574e-01
-1.000000000000000000e+00
-7.325018023608238504e-01
-3.480669308069390122e-01
1.000000000000000000e+00
6.870616514144045617e-02
4.125464611893832623e-01
1.000000000000000000e+00
3.420498159676316763e-01
1.000000000000000000e+00
-6.111138268610132318e-01
-2.292228397260477613e-01
-1.722904259726154574e-02
-1.000000000000000000e+00
8.846183363283952605e-01
-3.013129188845198314e-02
1.000000000000000000e+00
-1.000000000000000000e+00
-4.318070599741957727e-01
1.000000000000000000e+00
-8.133736800612730855e-01
1.000000000000000000e+00
1.000000000000000000e+00
-3.600342898173912731e-01
-7.034176997873111681e-01
1.020591169735858283e-01
-3.671247175340204838e-01
-6.137905732876649534e-01
1.000000000000000000e+00
3.933858290897983556e-01
-1.000000000000000000e+00
-1.954279568302427217e-01
1.000000000000000000e+00
-5.746205516016238413e-01
-1.000000000000000000e+00
-1.000000000000000000e+00
7.099869469777961850e-01
9.751499960712846082e-01
9.287196363747872718e-01
5.281342843275528276e-01
-1.142313519731316118e-01
4.356897471301967029e-01
-1.000000000000000000e+00
4.797967191642223961e-01
1.000000000000000000e+00
1.000000000000000000e+00
-4.226555401832460257e-01
1.000000000000000000e+00
-9.995279776234844427e-01
4.338103289441663790e-02
-9.957671140861568126e-02
-1.000000000000000000e+00
1.000000000000000000e+00
-3.501485026016953883e-01
-1.000000000000000000e+00
3.696510957337335590e-01
-1.000000000000000000e+00
2.427378262121032693e-01
-1.000000000000000000e+00
-1.000000000000000000e+00
-1.000000000000000000e+00
-1.000000000000000000e+00
-1.000000000000000000e+00
-5.680311705438242376e-01
5.343002598009698456e-01
-1.000000000000000000e+00
1.000000000000000000e+00
1.150989961025543629e-01
4.441964394339507072e-01
-1.000000000000000000e+00
-4.869268113746045845e-01
-1.000000000000000000e+00
-8.799082045820144637e-01
-4.734532598318466068e-01
-1.000000000000000000e+00
7.442254156869776427e-02
-5.146540833055031072e-01
-5.475696441304812867e-02
1.000000000000000000e+00
-8.252765627499366596e-01
1.948963848289755607e-01
-1.000000000000000000e+00
7.340395017643894793e-01
1.000000000000000000e+00
2.513987179794769378e-01
4.747021154449398983e-01
1.000000000000000000e+00
1.000000000000000000e+00
-3.519387739536583015e-01
8.569510344208152164e-01
-1.000000000000000000e+00
5.774742817592982691e-01
-7.429819302021882788e-01
1.000000000000000000e+00
-7.553035487196979592e-01
-1.000000000000000000e+00
-1.000000000000000000e+00
-1.000000000000000000e+00
-7.169794347531772694e-01
2.555853943741643319e-01
1.000000000000000000e+00
-2.773887505790840757e-01
1.661461216255304685e-01
-1.000000000000000000e+00
1.000000000000000000e+00
5.608220266766261730e-02
-1.000000000000000000e+00
-1.000000000000000000e+00
-1.000000000000000000e+00
1.000000000000000000e+00
1.000000000000000000e+00
8.377206087484614372e-01
4.757507581149330034e-01
-1.000000000000000000e+00
-6.258311889725474142e-01
-1.000000000000000000e+00
-1.000000000000000000e+00
-7.968615338570681494e-01
-1.000000000000000000e+00
1.000000000000000000e+00
-5.412854424955280130e-01
-7.180226913056404481e-01
3.676920515268466971e-01
1.000000000000000000e+00
3.078074022315447911e-01
3.927794801139755654e-01
-1.162858530760021436e-01
-1.283564137693233020e-01
1.000000000000000000e+00
-1.000000000000000000e+00
-1.000000000000000000e+00
-1.000000000000000000e+00
-1.843484992487087748e-01
-1.000000000000000000e+00
5.768199421733344323e-01
-1.000000000000000000e+00
-1.980148565616470790e-01
1.000000000000000000e+00
-3.884313948402730032e-01
6.635823883058060702e-01
1.000000000000000000e+00
1.000000000000000000e+00
-1.000000000000000000e+00
4.956648842656327658e-03
1.000000000000000000e+00
8.339084769983108325e-01
1.000000000000000000e+00
-9.399191508047020915e-02
-5.070474443716218582e-01
-8.313321180498756124e-01
4.546012344306840647e-01
-4.223019016728798980e-02
-1.000000000000000000e+00
1.376811137651435257e-01
-1.000000000000000000e+00
-1.000000000000000000e+00
1.000000000000000000e+00
5.440755694448998758e-01
1.000000000000000000e+00
-9.898421441449478664e-01
1.000000000000000000e+00
1.000000000000000000e+00
1.584280338331361948e-01
-1.000000000000000000e+00
4.019218096854565436e-01
1.157387271679338747e-01
4.840956158988397595e-01
1.000000000000000000e+00
-2.937665953173844713e-01
-3.704676260268411903e-01
6.123936637506670611e-01
-2.652750285528480134e-01
3.315275645193360710e-01
8.506606188326224505e-01
-1.000000000000000000e+00
-5.951189474487587061e-01
-9.133584664994092162e-01
2.187023816331534198e-01
-1.000000000000000000e+00
4.449879571258230637e-01
-1.000000000000000000e+00
-1.000000000000000000e+00
-1.000000000000000000e+00
-1.787295009306980598e-01
-1.000000000000000000e+00
-8.104193298938172640e-01
1.000000000000000000e+00
1.000000000000000000e+00
3.878955863964783646e-02
1.000000000000000000e+00
1.000000000000000000e+00
1.000000000000000000e+00
-1.000000000000000000e+00
-1.000000000000000000e+00
-1.000000000000000000e+00
6.084414096594136234e-01
1.000000000000000000e+00
1.000000000000000000e+00
-1.632648179493273455e-01
-1.000000000000000000e+00
-1.000000000000000000e+00
-4.665056344276024003e-01
-9.497867627794747136e-01
1.852019821677931555e-01
6.978303930806031286e-01
1.000000000000000000e+00
1.000000000000000000e+00
3.104119151253625919e-01
1.000000000000000000e+00
1.000000000000000000e+00
8.920314748385064219e-01
-3.341206724289180752e-02
-1.000000000000000000e+00
-2.125827242686424423e-01
-1.000000000000000000e+00
1.000000000000000000e+00
-4.422214127293838115e-01
-3.095525926268128947e-01
1.000000000000000000e+00
8.153318066556004551e-01
1.286389130295612082e-01
-1.657919936144471862e-01
1.000000000000000000e+00
-9.301648873851773303e-01
-1.000000000000000000e+00
-1.045585785389228084e-01
3.100330952759183800e-01
-3.860329632761986263e-01
5.454156447039210098e-02
-1.342200192154454907e-01
-1.000000000000000000e+00
6.085346334592692807e-01
-1.000000000000000000e+00
1.000000000000000000e+00
-1.000000000000000000e+00
-1.000000000000000000e+00
1.000000000000000000e+00
1.000000000000000000e+00
7.612960946390135986e-01
8.597405126565971223e-01
-1.000000000000000000e+00
1.000000000000000000e+00
1.000000000000000000e+00
-4.772033944919814030e-01
4.655910202694598654e-01
1.818885404257475358e-02
2.117524581156156605e-01
1.000000000000000000e+00
-1.000000000000000000e+00
-9.809182953519318682e-01
-1.000000000000000000e+00
-6.658281590452904686e-01
3.191252474996520982e-01
6.286050190482302957e-01
-3.596033955953598094e-01
1.000000000000000000e+00
2.447545709519208801e-01
-1.000000000000000000e+00
-1.000000000000000000e+00
5.034710713021200990e-01
4.085156708250667901e-01
-4.855601827735501197e-01
3.834299096063076284e-01
1.000000000000000000e+00
1.000000000000000000e+00
-1.000000000000000000e+00
7.461164796663092291e-01
-5.573954699005503333e-01
5.935024281309072558e-01
-4.103992608480750981e-01
-7.219957254947446668e-01
7.310795775779532768e-01
-1.000000000000000000e+00
-8.656315353068888552e-01
1.000000000000000000e+00
-5.797414179352078367e-02
-8.987208751249586847e-01
-6.404017700006672253e-01
-1.000000000000000000e+00
1.000000000000000000e+00
-6.389595892410274702e-01
-2.788546188687311689e-02
-1.000000000000000000e+00
-1.000000000000000000e+00
-4.677231768347358543e-01
-1.000000000000000000e+00
1.000000000000000000e+00
-4.914605822530146439e-01
3.511550171733694992e-01
1.000000000000000000e+00
1.000000000000000000e+00
1.346579528555456595e-01
-5.605002679170255631e-01
-2.707336307730323632e-01
1.000000000000000000e+00
-4.316937266627184355e-01
1.000000000000000000e+00
-3.109101938382073937e-01
6.445256518713793348e-01
-6.312175861365175722e-01
1.000000000000000000e+00
-1.000000000000000000e+00
-1.000000000000000000e+00
2.375537000614933170e-01
1.305178036763442462e-01
1.000000000000000000e+00
1.000000000000000000e+00
-3.055936823686898896e-01
-9.269116464990511117e-01
8.853858898234105990e-01
-6.678233596059952593e-01
1.000000000000000000e+00
-1.000000000000000000e+00
-4.364469895576023606e-01
-1.000000000000000000e+00
1.000000000000000000e+00
1.000000000000000000e+00
-1.205163456136993660e-01
-1.000000000000000000e+00
-1.000000000000000000e+00
5.466505731022536230e-01
-1.000000000000000000e+00
-1.000000000000000000e+00
3.667508138091210568e-01
-2.323243890626411901e-01
-1.000000000000000000e+00
-1.494767271390677887e-01
1.000000000000000000e+00
3.256290449254747310e-01
-2.592718563562166345e-01
1.000000000000000000e+00
6.164358297739019887e-01
-5.728483098710033250e-01
-5.224880849059638788e-01
1.000000000000000000e+00
-1.264384804031240539e-01
-1.000000000000000000e+00
-4.111427086502313921e-01
1.000000000000000000e+00
6.102565519023446239e-01
1.000000000000000000e+00
-1.000000000000000000e+00
-6.271942304055440065e-01
-3.466627205923254462e-01
-1.000000000000000000e+00
6.740503066790585196e-01
-2.736638193936548058e-01
-1.000000000000000000e+00
-6.696331734425808868e-01
-1.000000000000000000e+00
1.000000000000000000e+00
-4.048948682101252139e-01
-1.000000000000000000e+00
1.000000000000000000e+00
1.000000000000000000e+00
1.000000000000000000e+00
-1.174799085045769020e-01
1.000000000000000000e+00
7.361490944460754582e-01
1.000000000000000000e+00
1.799635510047594145e-01
9.608470312927241963e-01
-1.186574188556055454e-03
-3.365176694030183047e-01
9.337350894911448096e-01
-2.096172115911179024e-01
1.766190223299379802e-02
-7.786594388704670688e-02
-7.020816750838236864e-01
-1.000000000000000000e+00
-1.000000000000000000e+00
7.297756970264192011e-01
9.293935630555199001e-01
2.064490941755954823e-01
-1.300851866901048259e-01
3.850733047512003848e-01
-1.000000000000000000e+00
-1.000000000000000000e+00
-1.000000000000000000e+00
1.731379063202604929e-01
-6.103321674604195168e-01
-7.556907076378673871e-01
1.182694326719777311e-01
-1.000000000000000000e+00
1.000000000000000000e+00
-1.000000000000000000e+00
1.000000000000000000e+00
4.721948319235107216e-02
5.029942495370728350e-01
-8.126021943082729626e-01
-3.569118041086740134e-01
-1.000000000000000000e+00
-4.666684220565159857e-01
1.000000000000000000e+00
7.449350826482944443e-01
-6.903041176127578948e-01
-1.000000000000000000e+00
-4.779821620746218525e-01
9.008325737715570103e-01
-1.000000000000000000e+00
1.000000000000000000e+00
-4.950277317671885058e-01
-5.448935501078618904e-01
1.000000000000000000e+00
5.785074254454575238e-01
5.684442968449535671e-01
4.210652400586469835e-01
-7.704641605397331006e-01
7.242023918488614542e-02
1.000000000000000000e+00
-4.772351858890113707e-01
1.000000000000000000e+00
-1.000000000000000000e+00
4.528666344867595672e-01
1.000000000000000000e+00
5.220055464547692647e-01
5.286499021177221147e-01
-6.343201370733678734e-01
-2.713616931086748618e-01
1.000000000000000000e+00
1.000000000000000000e+00
-9.624403416520077581e-01
-7.451464214547480758e-01
-9.449987779347358563e-01
7.306277330276507165e-01
1.000000000000000000e+00
-1.000000000000000000e+00
-6.494307945424327988e-01
1.000000000000000000e+00
7.512813802213444969e-01
1.000000000000000000e+00
-2.870115767977849397e-01
-6.656050803894686396e-01
-6.660965450404182642e-01
3.367673896755785656e-01
-7.176275387601084299e-01
6.431932277592173897e-01
-2.079728409345124873e-01
-2.487691605875130274e-01
-8.164850331339350287e-02
9.987676090091217596e-01
5.131881102621040913e-01
7.707963409116543874e-01
-4.656665177526266852e-01
-1.000000000000000000e+00
-3.138825649658889549e-01
4.581740472462417224e-02
-1.000000000000000000e+00
1.000000000000000000e+00
8.844947614063290997e-01
1.000000000000000000e+00
-7.699376553540745460e-01
-5.132493216046325468e-01
-6.731838769848599302e-01
-1.000000000000000000e+00
-7.525216809064712020e-01
5.326803023094781597e-01
4.446844990468505898e-01
-1.000000000000000000e+00
4.367944656463565445e-01
1.000000000000000000e+00
-7.052240744093067892e-01
8.084712882233671127e-01
-1.540195446799554058e-01
-9.524636457220192476e-02
-4.087250378336988454e-01
-3.180323364958149712e-01
-9.097018506914579250e-01
2.454652757774601624e-01
-3.454934819552150094e-01
1.770104289159587507e-01
5.120339623216351166e-01
1.000000000000000000e+00
-1.000000000000000000e+00
-1.000000000000000000e+00
-2.792229943330708508e-01
-2.221714016579538070e-02
2.932199329420115963e-01
-9.147771120115685828e-02
-1.000000000000000000e+00
-2.333643407785664092e-01
4.324561624178180352e-02
-1.000000000000000000e+00
9.139884256464450019e-01
7.460548010539472807e-01
1.000000000000000000e+00
-1.000000000000000000e+00
-7.627686002022072698e-01
3.575793087349821153e-01
-6.067974617873219678e-01
3.098408936401015334e-01
1.115659498001396188e-01
4.847544715606731669e-02
1.000000000000000000e+00
1.000000000000000000e+00
-4.960023303708984699e-01
-5.399297995783178816e-01
9.726619085351367877e-01
1.000000000000000000e+00
4.833890158456572439e-01
-1.165881569294239944e-01
3.055178713027361659e-01
5.692137838230896252e-01
-8.458715236941558580e-01
-7.920274365959453222e-01
1.000000000000000000e+00
1.000000000000000000e+00
1.000000000000000000e+00
-1.976918635763549592e-01
9.704981188691014227e-01
-1.000000000000000000e+00
5.232124106860410739e-01
-1.538527290562973215e-01
7.622216828437995417e-01
-1.000000000000000000e+00
7.813905491396160308e-01
-4.762186285964610244e-01
-1.327993494430037003e-01
1.000000000000000000e+00
1.000000000000000000e+00
-2.989062519212539737e-01
-1.000000000000000000e+00
9.078675176191971508e-01
-5.288993845427547580e-01
8.102031163329377339e-01
-8.873290496669540284e-01
-2.551090319289102126e-01
5.671062678203271368e-01
-1.000000000000000000e+00
-8.795422720067974653e-01
-9.695790865497065925e-01
-2.025937416620880033e-02
-9.693955581551140233e-01
1.000000000000000000e+00
5.923080042390003186e-01
-1.000000000000000000e+00
-5.405775687331839663e-01
-1.000000000000000000e+00
6.436833704417594948e-01
3.458828291090913498e-01
-4.184352403554921218e-01
1.000000000000000000e+00
-1.000000000000000000e+00
-2.738832671414901387e-01
2.462364435487762182e-01
6.040850283069162385e-01
-1.000000000000000000e+00
1.000000000000000000e+00
3.637383932485284133e-01
4.615528452550801686e-01
1.000000000000000000e+00
3.782534769769866356e-01
-1.000000000000000000e+00
-4.525137596769449044e-01
2.551745139173585558e-02
5.372771503949254068e-01
2.518637743764164383e-01
1.743405141172564288e-01
1.000000000000000000e+00
1.000000000000000000e+00
-1.458794811689292925e-01
-1.000000000000000000e+00
-7.598098876010774827e-01
-8.616489881101042636e-01
2.216054329955834401e-01
-1.000000000000000000e+00
3.969373411372438265e-01
-1.000000000000000000e+00
-1.497661398587232517e-01
-2.982664478023227539e-01
2.538491385207266027e-01
-4.300700350133029870e-01
-1.000000000000000000e+00
8.108217575179446079e-01
4.439915078824035466e-01
5.118329761092775820e-01
-1.000000000000000000e+00
4.686822464587975245e-02
-5.055285457393662307e-01
5.951995216451330117e-01
1.000000000000000000e+00
1.000000000000000000e+00
-6.245683739443547156e-01
5.502730588269888479e-01
-2.816631531039531788e-01
-2.300937356999713523e-01
8.433219746127958993e-01
6.993704617448547323e-01
1.000000000000000000e+00
-6.070805262837166705e-01
4.139737504814701152e-01
-9.910385033255545428e-01
1.000000000000000000e+00
1.000000000000000000e+00
-1.976418138289563475e-01
-1.000000000000000000e+00
4.563493950280250733e-01
3.488478134688662857e-01
4.488282320125578373e-01
-2.838516609598272789e-01
-5.156221465414866090e-02
-4.576213424798721841e-01
-5.446021364899970019e-01
1.000000000000000000e+00
8.985522232661020681e-01
1.000000000000000000e+00
2.785747760181175176e-02
-5.463167023503393005e-02
2.045982859692361266e-01
1.000000000000000000e+00
-1.000000000000000000e+00
-4.207910658139605298e-01
-1.000000000000000000e+00
-1.000000000000000000e+00
1.000000000000000000e+00
-1.000000000000000000e+00
1.000000000000000000e+00
-9.702045549743412711e-02
1.000000000000000000e+00
-6.881484659792219682e-01
1.000000000000000000e+00
-3.099695207412387910e-01
9.119099483729604660e-01
-9.363766594614412186e-01
-1.000000000000000000e+00
-2.978872707004829312e-01
-2.756299832859748777e-01
-6.774326687967131555e-01
-1.000000000000000000e+00
8.604345869953999859e-01
-1.000000000000000000e+00
-6.143592085700677607e-01
-5.735887981311175166e-01
1.922496357696613645e-01
1.000000000000000000e+00
-1.000000000000000000e+00
-9.746438509632261438e-01
-2.016026061870107022e-01
-5.865209340300092666e-01
8.159206392327694735e-01
1.000000000000000000e+00
9.331794022524737553e-01
1.197665805371229270e-01
9.113363181922100598e-01
5.148053508700727310e-01
-1.000000000000000000e+00
1.000000000000000000e+00
-3.448135191712645709e-01
-2.424219697514820027e-01
-1.000000000000000000e+00
6.431458013570461318e-01
-1.000000000000000000e+00
-9.719179368045477441e-01
1.000000000000000000e+00
7.414855247856819709e-01
4.656914997043701265e-01
-2.523418377058838091e-01
1.638353736534488014e-01
-3.345239327361024806e-01
-6.251766750123770588e-01
-1.970935689794810555e-02
-6.543840317415940966e-01
1.000000000000000000e+00
-6.974912620053616008e-01
1.000000000000000000e+00
1.926061619741713249e-01
1.000000000000000000e+00
4.863688160077871414e-01
-5.355544403109829821e-01
-7.919105359528288979e-02
3.492718606309637153e-01
5.560164828415862376e-02
-7.257352940210864967e-01
7.381528983358339735e-01
9.983263800836765789e-01
1.000000000000000000e+00
-7.036046381597699240e-01
1.000000000000000000e+00
1.000000000000000000e+00
1.000000000000000000e+00
5.053321293870414177e-01
-6.188606165801588954e-01
-7.697569716776309079e-01
2.996838930538471280e-01
5.481660742799611130e-01
3.654355871355423613e-01
4.995430187578545067e-01
9.666395032941809129e-01
-2.549113710294766966e-01
1.000000000000000000e+00
1.000000000000000000e+00
-1.000000000000000000e+00
4.037681682002684513e-01
1.000000000000000000e+00
5.273187531149123863e-01
-1.000000000000000000e+00
1.000000000000000000e+00
-1.000000000000000000e+00
1.000000000000000000e+00
3.585393030447163454e-02
-9.155611490104639816e-02
-7.167670660175889941e-02
1.000000000000000000e+00
5.772450614766837518e-01
5.209479015255068513e-01
-1.000000000000000000e+00
4.892840414831598483e-01
9.357316162900353174e-02
6.703828040861498083e-01
-1.000000000000000000e+00
5.513901845021165204e-01
1.000000000000000000e+00
-4.761421374855769328e-01
-4.955602823748275210e-01
7.379137925608943993e-01
1.000000000000000000e+00
1.000000000000000000e+00
-4.894601499410169976e-02
1.000000000000000000e+00
-8.718754043520234864e-01
1.711764934821718709e-01
-1.000000000000000000e+00
-5.882412363923150700e-01
6.871035814005481690e-01
-7.678963942600161019e-01
1.000000000000000000e+00
1.000000000000000000e+00
-1.000000000000000000e+00
8.875054347529582888e-01
3.558147166759577651e-01
-8.657027443382319110e-01
1.000000000000000000e+00
6.954793247096457964e-01
2.630720220894761097e-01
1.000000000000000000e+00
-4.124882891228349169e-01
-2.757681006992223072e-01
-1.000000000000000000e+00
-4.263126942743999948e-01
6.768001844425840519e-01
-4.549156266541178051e-02
5.988395483171952138e-01
1.000000000000000000e+00
-8.680036926475659387e-02
-1.000000000000000000e+00
6.045365157982464099e-01
-9.124671310977964245e-01
-1.000000000000000000e+00
-1.000000000000000000e+00
-1.278185788768121389e-02
1.000000000000000000e+00
1.658876577516685824e-01
-3.635463748428703901e-01
6.115950579772058138e-01
1.000000000000000000e+00
3.829584904602615913e-01
-3.804966080074317913e-01
-6.786776003876542340e-01
1.000000000000000000e+00
-3.936887038640173864e-01
1.000000000000000000e+00
9.683351910901233373e-02
-5.073150057922743983e-01
-1.000000000000000000e+00
5.985994834139763965e-01
-1.000000000000000000e+00
1.000000000000000000e+00
-5.314519417397456369e-01
6.153724423693021084e-01
5.588606440230589056e-01
1.000000000000000000e+00
1.766159950287991276e-01
1.000000000000000000e+00
1.000000000000000000e+00
1.000000000000000000e+00
1.000000000000000000e+00
7.717700900944861608e-01
2.659292594154641365e-01
1.000000000000000000e+00
-1.000000000000000000e+00
-5.177192737660658572e-01
1.000000000000000000e+00
1.000000000000000000e+00
-1.254286193797720661e-01
-1.674486430039508755e-01
7.963260150768937118e-01
-5.883247904372689296e-01
-3.952689050603885867e-01
-3.613939365494047151e-01
1.000000000000000000e+00
8.474426482003212246e-01
2.063389976024150863e-01
1.000000000000000000e+00
1.000000000000000000e+00
-5.318351367469636992e-01
-8.310128954283282354e-01
5.271825144343683656e-01
-6.601781254452250558e-02
4.845750527543057351e-01
-9.440205796423135620e-01
2.373353390916740357e-01
-1.837484058165659850e-01
-1.000000000000000000e+00
-1.832860473248915656e-01
-3.739837385355919697e-01
-8.873782298004815328e-01
-7.393633937548617086e-01
-1.000000000000000000e+00
-1.000000000000000000e+00
7.454285118495123097e-01
4.112027387683246937e-01
-4.365573486501981293e-01
-1.000000000000000000e+00
-4.474141644461084866e-01
7.667200615767051364e-01
-1.000000000000000000e+00
-7.821977186897495216e-01
4.905040710707536666e-01
4.935436042550785385e-01
-2.034754723030268719e-01
-9.188403848514073435e-02
5.415510682123736430e-01
-8.829060255857699158e-01
-6.992361512365572462e-01
-1.000000000000000000e+00
5.084615185574092866e-01
8.395715661866201551e-02
-9.337309409780567560e-01
-6.449517052691758345e-02
2.015213968672759370e-01
-1.000000000000000000e+00
-2.285368075051763537e-01
1.000000000000000000e+00
-8.501786490562497356e-01
7.144748226295761784e-01
-4.813007802017501557e-01
1.000000000000000000e+00
3.289232094807852391e-01
-2.802525449412003322e-01
-7.776972417575630514e-01
2.455190425206897620e-01
8.194193029642380388e-01
-5.301949588736789565e-01
-7.944560762448307223e-01
-1.948588357834458162e-01
-6.281238283334535932e-01
-3.019776417569971505e-01
-6.677952087940357551e-01
-1.000000000000000000e+00
-8.997986979434769994e-01
-1.000000000000000000e+00
-1.000000000000000000e+00
1.000000000000000000e+00
8.345972496740048374e-01
-3.625729885653050100e-01
-1.000000000000000000e+00
6.686141709946490375e-01
-5.580446782906569592e-01
-1.000000000000000000e+00
1.000000000000000000e+00
-1.443448673555146611e-01
1.000000000000000000e+00
-1.000000000000000000e+00
-4.825450615202077631e-01
-3.540455301986624725e-01
-1.000000000000000000e+00
-1.959934859223642356e-01
-4.985955671727149152e-02
-1.000000000000000000e+00
-3.191493150435215642e-01
-4.716295447922014827e-01
-1.000000000000000000e+00
8.010088257135996592e-01
-7.033168840660324328e-01
-1.000000000000000000e+00
-1.000000000000000000e+00
1.000000000000000000e+00
-1.000000000000000000e+00
-1.000000000000000000e+00
-1.000000000000000000e+00
1.585358288722676923e-01
-2.872157362978338124e-01
-3.592807941521447002e-01
4.993238381874905429e-01
-5.095078625479253498e-01
2.153190340781666323e-01
-1.000000000000000000e+00
1.000000000000000000e+00
1.240227767618971022e-01
1.735181493871029990e-01
-1.194660395216292637e-01
-3.880190369534977646e-02
1.000000000000000000e+00
-9.769189620876070901e-01
3.020888203532675620e-01
-1.000000000000000000e+00
2.102369807548928049e-01
1.194856777046142127e-01
9.101191815999756241e-01
-2.568070033548053299e-01
5.442642480361302715e-01
2.418039020874482303e-01
5.829830463225975645e-01
2.864016056550146017e-01
9.312341596078352879e-01
2.619535497273031144e-01
6.301883581093561948e-02
-1.309626383143114026e-01
-1.213607375845641712e-01
1.000000000000000000e+00
1.000000000000000000e+00
-1.000000000000000000e+00
-1.000000000000000000e+00
-6.977538892607360044e-02
-4.746169187474389428e-01
8.244765323940039803e-01
4.347697938838102072e-03
-1.000000000000000000e+00
1.000000000000000000e+00
9.611396428665157365e-02
-2.911275222705297927e-01
1.000000000000000000e+00
-1.000000000000000000e+00
2.795504482341475416e-01
-1.000000000000000000e+00
-6.622873579532683186e-01
9.443831420332295945e-01
-1.553330421624971591e-01
1.000000000000000000e+00
-6.076235241628058503e-02
-1.358455432464371893e-01
-8.583773769352569527e-01
1.676036014839701188e-03
-1.000000000000000000e+00
-7.247300684042362606e-03
1.000000000000000000e+00
-1.279142635700817598e-01
2.579818417281439791e-01
1.000000000000000000e+00
6.834670974084420259e-01
-3.247711737756651118e-01
1.000000000000000000e+00
-1.000000000000000000e+00
1.000000000000000000e+00
-5.116561693441273873e-02
-7.104734830705606852e-01
1.000000000000000000e+00
-1.000000000000000000e+00
-1.000000000000000000e+00
-1.000000000000000000e+00
5.276952645776162854e-01
4.926131960373308361e-01
-1.000000000000000000e+00
-3.821584105545013099e-02
3.541551152543038761e-01
-1.000000000000000000e+00
7.527099283152051123e-01
1.000000000000000000e+00
2.670856326385896984e-01
2.463338206503885852e-01
4.093922500244409068e-01
2.837967703247131768e-01
-2.731468240395817926e-02
-9.172949255301146021e-01
7.728091423771226154e-01
7.464468912878288176e-01
1.000000000000000000e+00
1.000000000000000000e+00
-5.273523983100507628e-01
1.000000000000000000e+00
-2.068055838074566721e-01
-2.116141008100282106e-02
1.000000000000000000e+00
-3.332978091966813383e-01
4.571933473917871305e-01
1.000000000000000000e+00
-9.323006389306051078e-01
-3.043749483826212465e-01
1.000000000000000000e+00
3.786692123909828345e-01
-9.682064077465819540e-01
-4.068807925696452665e-01
1.000000000000000000e+00
-3.742879368335239598e-01
3.307311831477877107e-02
1.000000000000000000e+00
9.633994647138782730e-01
1.687762107209743734e-01
-1.000000000000000000e+00
-1.000000000000000000e+00
6.748946570438399406e-02
-2.571098493883490765e-01
1.179779371193632465e-01
1.000000000000000000e+00
-6.273208795751036848e-02
-1.000000000000000000e+00
-5.389507287536792202e-01
1.000000000000000000e+00
1.000000000000000000e+00
1.000000000000000000e+00
7.770412441460179398e-01
-8.275221077031780226e-01
-3.546654696074865165e-01
-7.925378175616618615e-01
-7.423359189894733756e-01
-1.000000000000000000e+00
-3.649903981633221828e-01
-1.000000000000000000e+00
-5.890377619748645710e-01
-6.277387134345694397e-01
-2.707824554335286904e-01
-1.000000000000000000e+00
-2.128119276856891839e-01
-1.000000000000000000e+00
3.027742801808501194e-01
-1.347238923252609966e-01
-4.987614048554324664e-01
1.000000000000000000e+00
3.548632704382324032e-01
-4.088674132657237892e-01
-1.000000000000000000e+00
-7.546483737389060309e-01
-3.684952056439920187e-01
-2.557253373979553324e-01
4.469287958587156440e-01
1.000000000000000000e+00
-8.001907044684801740e-01
9.009627996070199707e-01
-1.976929534096394381e-01
-1.000000000000000000e+00
6.640732042641928068e-01
3.879232839837474800e-01
3.454314516628529952e-01
1.000000000000000000e+00
6.944178930236691860e-01
1.000000000000000000e+00
-1.000000000000000000e+00
8.134001900640369653e-01
3.745636119465703961e-01
-6.606801768942782704e-02
-3.184139875537587705e-01
-1.000000000000000000e+00
1.000000000000000000e+00
-6.870692856065077625e-03
-1.000000000000000000e+00
-6.749653910769668475e-01
-1.192049145609398036e-01
-6.137034211778644721e-01
1.000000000000000000e+00
-1.000000000000000000e+00
4.305358009861278146e-01
4.260192058005223270e-01
8.852756162879769075e-01
9.720606589963891597e-01
7.476944925093318428e-01
5.184912269551079644e-01
-1.000000000000000000e+00
-2.027466350923141647e-01
-3.626594228224258587e-01
-3.644132709857602070e-01
1.000000000000000000e+00
-1.059596767410171531e-01
-1.000000000000000000e+00
1.000000000000000000e+00
-1.569626877775848195e-02
1.585364792517112431e-01
-3.748993883185202658e-01
1.174153272012982141e-01
8.894085848109126724e-01
-3.696135252188499920e-01
-1.000000000000000000e+00
1.000000000000000000e+00
-1.000000000000000000e+00
1.000000000000000000e+00
-4.631776952131851921e-01
1.000000000000000000e+00
1.000000000000000000e+00
-1.000000000000000000e+00
2.635431539519553223e-02
1.000000000000000000e+00
4.549026562934578855e-01
1.000000000000000000e+00
-1.196067062022651284e-01
1.000000000000000000e+00
-1.000000000000000000e+00
9.770697219717117132e-01
-4.932920375101039201e-01
7.326251632616448406e-01
4.057658891270641277e-01
3.517438089491096154e-01
-5.126620027196341356e-01
5.527326122884801407e-01
3.348341982266052619e-01
-1.000000000000000000e+00
3.777871791321316119e-02
7.298023129990155455e-01
3.351608254761512251e-02
1.471238777323563007e-01
-1.000000000000000000e+00
9.184799902986215958e-01
1.238925731567735167e-01
6.718499907054309439e-01
-1.500143724596759154e-01
-7.839780357810059996e-01
3.596251553035171855e-01
8.980331406665147398e-01
9.966744167777776831e-01
-1.000000000000000000e+00
7.844120842922785997e-01
-1.000000000000000000e+00
1.000000000000000000e+00
-3.514341389260518533e-01
1.000000000000000000e+00
-8.292716190780660135e-01
3.915412478516115957e-01
-1.431017258242690271e-01
-4.729360191526114643e-01
1.000000000000000000e+00
4.919647537967830608e-01
1.000000000000000000e+00
-9.670908435048388707e-01
4.822407336029785330e-01
9.535083333509104531e-01
-1.000000000000000000e+00
1.000000000000000000e+00
7.364131192350504840e-01
-2.558260735266275621e-01
-1.000000000000000000e+00
-5.769800161947075123e-01
-1.617195428358474130e-01
2.914481099056298596e-02
7.757206284528010976e-01
1.000000000000000000e+00
-1.000000000000000000e+00
1.785830449648073970e-01
1.000000000000000000e+00
-7.772022395941262651e-01
-1.977892650137766384e-02
8.499435643260055961e-01
9.275060816895785987e-01
-4.080666056892716109e-01
1.000000000000000000e+00
1.133913425675774356e-01
-1.000000000000000000e+00
-1.000000000000000000e+00
-1.000000000000000000e+00
-5.818146278990451448e-01
7.667667649414438014e-01
-4.078733276160041998e-01
-1.000000000000000000e+00
-6.617705495681637518e-02
1.000000000000000000e+00
-5.436977810941276412e-02
1.941370526003308727e-01
1.593854945884505270e-01
-1.000000000000000000e+00
5.282489375312855451e-01
-1.000000000000000000e+00
-1.000000000000000000e+00
5.933664859885066090e-01
1.000000000000000000e+00
-1.000000000000000000e+00
5.049065954928377842e-02
1.000000000000000000e+00
-5.192138251372515612e-01
-3.127090538453002333e-01
1.000000000000000000e+00
2.904174819607165392e-01
5.020070124276576617e-01
3.675339519884187056e-01
-1.000000000000000000e+00
-1.000000000000000000e+00
8.365033367452927582e-01
-7.859325443938981470e-01
-7.760718252055651689e-01
1.000000000000000000e+00
-1.000000000000000000e+00
-2.380544603362145795e-01
7.575708662925519921e-01
-4.981084068932744024e-01
1.692906164572992589e-01
8.011296953199483761e-01
-1.000000000000000000e+00
1.000000000000000000e+00
3.027521047954331856e-01
4.024731246368928872e-02
1.000000000000000000e+00
-2.606335263866785268e-01
-3.872253365049298512e-01
-1.812231372782826810e-01
-1.000000000000000000e+00
4.690488145634658101e-01
-3.193399199113600151e-03
1.000000000000000000e+00
-1.000000000000000000e+00
-6.623040798256012440e-01
-8.568980757956636829e-01
-9.292304059525047233e-02
-5.513213760667080576e-01
-7.593068621709372357e-01
4.160826882874990584e-01
1.000000000000000000e+00
-1.894875677780544221e-02
-1.000000000000000000e+00
1.000000000000000000e+00
-4.701570012181464087e-01
-1.000000000000000000e+00
-1.000000000000000000e+00
-1.000000000000000000e+00
-1.000000000000000000e+00
-8.641803840230886102e-01
-3.698037320163676256e-01
-8.425512183537514632e-03
8.298307380485517859e-01
-2.912562109270640520e-01
4.159485704614873658e-02
3.405100277055961855e-01
-5.046940766209935259e-01
4.847010831233797834e-01
-5.744513098519893335e-03
-5.437250585809005887e-01
-2.004618805951972060e-01
-1.000000000000000000e+00
1.000000000000000000e+00
-1.000000000000000000e+00
3.947267929722496627e-01
1.000000000000000000e+00
-3.247622705166015034e-01
-8.997337161170557707e-01
-5.620364051596479227e-01
1.000000000000000000e+00
2.102830524992719274e-01
-4.254755687355353255e-01
-6.475007819378204577e-01
2.713288152616926130e-01
5.067035330865286014e-01
6.287714187500568208e-01
8.583156559080494796e-01
-1.548465651125447429e-01
1.658968214836788191e-01
-4.212736914523630416e-01
-1.000000000000000000e+00
2.542318733338633230e-01
1.000000000000000000e+00
-5.196080435940599873e-01
-4.446949094199825758e-02
1.819513673464647208e-01
3.632980845125831637e-01
8.160370021856299116e-01
-5.498002915029760740e-02
-2.242230515109439326e-01
-4.561203347019976428e-01
6.540804669929132231e-01
-1.000000000000000000e+00
1.000000000000000000e+00
8.149067995776289042e-01
1.000000000000000000e+00
1.000000000000000000e+00
-1.000000000000000000e+00
-3.235365477848650695e-01
1.000000000000000000e+00
-7.695059980412021217e-01
-7.035154346383800661e-01
1.000000000000000000e+00
1.000000000000000000e+00
-7.531003135697141859e-01
-8.403354836050896948e-01
-2.357684199744691789e-02
-6.697664685419958408e-01
-5.448279352106843998e-01
5.281456202294328994e-01
-4.908196581589797103e-01
5.014061144749919485e-01
-6.919982874321601862e-01
-1.000000000000000000e+00
-1.000000000000000000e+00
-7.660866303494862084e-01
-1.000000000000000000e+00
-1.111037993095611576e-01
1.020020704190932881e-01
-2.695008210888826250e-01
6.547873354694817571e-01
-1.000000000000000000e+00
-3.715945717843770479e-01
-1.994193110150319082e-02
1.000000000000000000e+00
2.926978379491910198e-01
-1.000000000000000000e+00
1.202512565709252801e-01
2.716722245968163363e-01
7.856916182489859235e-01
-9.719460537410071765e-01
-1.000000000000000000e+00
-1.022910780454429763e-01
-9.180697291491372036e-01
-1.000000000000000000e+00
-4.463530798414075962e-01
-1.000000000000000000e+00
-1.152086568299951208e-01
-9.986797967354130723e-01
6.602422637822266127e-01
-9.862914456649101158e-01
-1.000000000000000000e+00
1.000000000000000000e+00
-4.126151667865282091e-01
9.699697713512942521e-01
1.000000000000000000e+00
-1.000000000000000000e+00
8.109825064558755514e-01
1.000000000000000000e+00
4.541718094525305505e-01
1.000000000000000000e+00
-5.111818283107405492e-02
-6.709435309594876662e-01
-4.489036002379486190e-01
1.000000000000000000e+00
8.053495026694130754e-01
-9.972181878757195861e-01
2.044291379360599625e-01
3.236904411421143157e-01
-5.818146117664484418e-01
-9.531124868116218618e-01
-4.359410158671900293e-01
1.000000000000000000e+00
1.000000000000000000e+00
-4.299655736684165896e-01
-1.000000000000000000e+00
-1.000000000000000000e+00
1.800767487253635557e-01
-3.917656564992749724e-01
-1.000000000000000000e+00
-1.000000000000000000e+00
5.478685374025491495e-01
-9.267356149979063540e-01
-7.418675414691802139e-01
3.635325885921277256e-01
6.546425461873063290e-01
-8.819552138463525592e-01
3.486436193488353652e-01
1.695244942448052156e-02
-6.464102170443541961e-01
-2.982707945015324047e-02
1.000000000000000000e+00
1.757356014413769818e-01
-1.000000000000000000e+00
1.000000000000000000e+00
-2.336791052822517201e-01
-3.131585664675827774e-01
2.913546700356180463e-01
1.000000000000000000e+00
3.959881494223874698e-01
-3.380876910819125697e-02
-5.069914576754631641e-01
-5.727118685317951208e-01
1.621523038938701144e-01
-3.832703876029660006e-01
-6.360433848732817141e-01
3.702785277613097059e-01
9.825821961307217300e-01
-4.332996944208530321e-01
1.000000000000000000e+00
-1.000000000000000000e+00
-4.565061210658193924e-01
2.499773708221646185e-01
-8.054666588630859936e-01
-1.000000000000000000e+00
5.758328190701513805e-01
-3.575950945543437953e-01
7.330124962250188503e-01
1.000000000000000000e+00
6.017598440601066301e-01
8.136988604920496471e-01
-1.000000000000000000e+00
-2.770866845015127478e-01
1.000000000000000000e+00
1.000000000000000000e+00
-1.000000000000000000e+00
-3.659313175182434819e-01
-9.667805889491156712e-01
9.579933287160710131e-01
4.757666090512923107e-01
1.000000000000000000e+00
-8.262531090731470851e-01
1.000000000000000000e+00
1.000000000000000000e+00
-8.506138280607947744e-01
-7.153196681410104452e-01
-5.538843194578307871e-01
1.000000000000000000e+00
-2.143381712185344901e-01
-1.000000000000000000e+00
-1.153895355178761462e-01
-1.000000000000000000e+00
7.410439663760496343e-01
1.000000000000000000e+00
-1.510277627123587929e-01
-1.000000000000000000e+00
1.000000000000000000e+00
-1.718503383402726903e-01
1.000000000000000000e+00
1.000000000000000000e+00
5.204310810323574676e-01
-3.136240061439977689e-01
-7.409285383070823849e-01
-1.000000000000000000e+00
-1.000000000000000000e+00
-1.000000000000000000e+00
-6.388636402185712271e-01
1.200356127160367992e-02
4.458041708950863935e-01
1.000000000000000000e+00
-1.000000000000000000e+00
1.000000000000000000e+00
8.853952925212917879e-01
1.000000000000000000e+00
-1.275806061819030335e-01
-1.000000000000000000e+00
1.000000000000000000e+00
1.000000000000000000e+00
1.000000000000000000e+00
-3.774003454760435083e-01
7.869820213588212265e-01
-1.000000000000000000e+00
2.019593196003563740e-01
-4.317792103439843654e-01
1.000000000000000000e+00
2.431469173291664898e-01
-6.256688452292826774e-01
4.722438141881616369e-01
-3.375885309797175826e-01
-9.828805975508172477e-01
2.581458649912116710e-01
7.992580640181887741e-01
4.992264486611235341e-01
1.000000000000000000e+00
4.683340852701195489e-02
-1.000000000000000000e+00
1.000000000000000000e+00
9.203784133212662422e-01
-1.000000000000000000e+00
5.259808129405294519e-01
-1.000000000000000000e+00
8.194300161332390697e-01
-1.000000000000000000e+00
-7.881799047312545436e-01
-1.000000000000000000e+00
6.104893262174601043e-01
-6.860277977530457871e-01
1.000000000000000000e+00
-8.659836896291814856e-01
1.821525329828741491e-01
2.721121496754645985e-01
1.435042362580725706e-01
1.000000000000000000e+00
-1.000000000000000000e+00
5.317441275973793235e-01
-1.000000000000000000e+00
-4.729627187192083637e-01
1.000000000000000000e+00
8.475867589967538418e-01
1.000000000000000000e+00
-4.148783918971632456e-01
2.624907317148997277e-01
9.848601364728369889e-01
5.148543272961980666e-01
1.000000000000000000e+00
1.000000000000000000e+00
-4.821779477315295548e-01
1.000000000000000000e+00
4.794048603496552374e-01
-1.000000000000000000e+00
-1.000000000000000000e+00
-1.000000000000000000e+00
2.482492789730686433e-01
1.672545151823723319e-02
1.000000000000000000e+00
5.525447189777743517e-01
-6.803621239163277767e-01
-1.459272445949608699e-01
-6.360732909259900758e-01
1.000000000000000000e+00
-5.942801514332702872e-01
-8.016075280336567577e-01
-4.207781421264264465e-02
1.000000000000000000e+00
-2.327588947771690453e-01
1.000000000000000000e+00
-2.021789421048036939e-01
1.000000000000000000e+00
-1.000000000000000000e+00
-9.627018290179417681e-02
4.185373189051125875e-01
-6.332100501253636882e-01
1.668060491216658558e-01
8.674735796033675728e-01
-1.000000000000000000e+00
1.000000000000000000e+00
-8.827428848485856516e-01
-1.000000000000000000e+00
2.698667312935154605e-02
1.000000000000000000e+00
6.753287020202696223e-01
-1.000000000000000000e+00
1.000000000000000000e+00
1.000000000000000000e+00
-4.644082860626829734e-01
-9.555419874441347661e-01
1.344129085089682540e-01
1.000000000000000000e+00
9.968846280685705885e-01
-1.027891432003191774e-01
1.000000000000000000e+00
-4.600896397755591671e-01
-3.422184728122894537e-01
1.000000000000000000e+00
7.266255675200006259e-02
1.000000000000000000e+00
-1.000000000000000000e+00
-1.078272323191573623e-01
-9.139506762428669662e-01
8.269417889595986892e-01
-1.000000000000000000e+00
-4.050488240483574032e-02
1.000000000000000000e+00
-1.000000000000000000e+00
2.482347356349812184e-02
-8.060688289999434764e-02
5.859946098218737909e-02
7.517951857308498020e-01
-6.445518633968265743e-01
-4.657457991367086603e-01
1.000000000000000000e+00
1.000000000000000000e+00
1.000000000000000000e+00
-6.379957649773457806e-01
-1.000000000000000000e+00
1.000000000000000000e+00
-1.000000000000000000e+00
-8.572199253404162445e-01
-8.995995169424759741e-01
-5.646894596498989172e-01
-1.000000000000000000e+00
1.000000000000000000e+00
1.000000000000000000e+00
-5.266693382814551239e-01
-1.000000000000000000e+00
-4.001140962138135526e-01
6.517380525015759041e-01
-1.000000000000000000e+00
-1.000000000000000000e+00
-1.000000000000000000e+00
1.000000000000000000e+00
-1.793191422948794411e-01
-1.000000000000000000e+00
-9.733096212174316975e-01
1.000000000000000000e+00
-4.312325554413118933e-01
1.000000000000000000e+00
-1.000000000000000000e+00
5.219249717381940767e-01
9.036245560039337654e-01
8.562013912011090522e-01
-4.866821263299159206e-01
-9.628651433679706884e-01
-4.966681547250005324e-01
-1.000000000000000000e+00
-1.000000000000000000e+00
-9.026631113667527018e-02
-1.000000000000000000e+00
9.202725553604419462e-01
-1.000000000000000000e+00
-6.770730430152633872e-01
1.000000000000000000e+00
-1.000000000000000000e+00
7.707171455338991395e-01
-1.000000000000000000e+00
2.557139468694069606e-03
-1.000000000000000000e+00
-1.675776088177225454e-01
4.246537645197828725e-01
7.733272840689280336e-01
5.962760577531178718e-01
-1.000000000000000000e+00
1.000000000000000000e+00
-1.000000000000000000e+00
-1.000000000000000000e+00
-2.135568565941069474e-01
1.000000000000000000e+00
-1.000000000000000000e+00
-1.000000000000000000e+00
-1.589454883733353308e-01
-1.000000000000000000e+00
1.000000000000000000e+00
1.000000000000000000e+00
1.000000000000000000e+00
-5.002425989628711545e-01
6.052336230320694010e-01
5.182191967870619642e-01
1.000000000000000000e+00
-1.000000000000000000e+00
-9.251393630998877571e-01
9.631069463279259280e-01
9.176852668961584802e-01
4.079096459839832711e-01
-1.000000000000000000e+00
-1.000000000000000000e+00
1.000000000000000000e+00
1.363723831722319924e-01
1.000000000000000000e+00
1.000000000000000000e+00
2.129375906735747614e-01
8.827998341669751614e-02
1.823230112231035704e-01
6.225284995149900080e-01
-1.894720862341802425e-01
-1.000000000000000000e+00
-6.143289649308281142e-01
-1.000000000000000000e+00
1.000000000000000000e+00
7.230677434494838796e-01
1.000000000000000000e+00
-1.000000000000000000e+00
1.000000000000000000e+00
6.394564106363083145e-01
-1.268240008052404777e-01
-5.053017770051062563e-01
-3.929191270313445172e-02
1.000000000000000000e+00
-1.000000000000000000e+00
-1.000000000000000000e+00
-4.127593549438995923e-02
1.000000000000000000e+00
9.185712040872238138e-01
-3.645287586137484492e-01
-4.465768351810148751e-01
-6.040721419163869177e-01
-7.542993997125277961e-01
-1.000000000000000000e+00
4.396016236719785808e-01
-1.000000000000000000e+00
3.057337997528730700e-01
1.000000000000000000e+00
-9.682761196154457961e-01
1.000000000000000000e+00
-1.000000000000000000e+00
1.000000000000000000e+00
1.000000000000000000e+00
5.798879395501159717e-01
1.000000000000000000e+00
5.738482174448249484e-01
-5.387226200740087290e-01
-1.000000000000000000e+00
-1.000000000000000000e+00
1.000000000000000000e+00
-1.000000000000000000e+00
9.577956447402549145e-01
5.208426793109213193e-01
1.715082944138123233e-01
1.000000000000000000e+00
-5.634283900737004913e-01
1.000000000000000000e+00
-9.481510838427685828e-01
1.000000000000000000e+00
1.624449215687793213e-01
-6.288044241128514233e-01
-1.000000000000000000e+00
-3.382248122922122402e-01
-4.726091121204732959e-01
1.000000000000000000e+00
1.000000000000000000e+00
1.000000000000000000e+00
-6.137994171508145413e-01
8.780652783010308715e-01
1.000000000000000000e+00
-7.761999007128750350e-02
1.000000000000000000e+00
-4.723790710686784355e-01
-7.763094800869374534e-01
-1.000000000000000000e+00
-4.210981845127618195e-01
-1.000000000000000000e+00
8.536399723957539543e-01
1.000000000000000000e+00
-1.000000000000000000e+00
-4.145827476594409755e-01
-1.301429427196282296e-01
-1.000000000000000000e+00
1.027369434796515241e-01
1.110558601014757230e-01
-1.000000000000000000e+00
-2.737509408675820044e-01
-1.000000000000000000e+00
-2.362985135738679965e-01
1.000000000000000000e+00
1.000000000000000000e+00
-5.196930275644876529e-01
1.000000000000000000e+00
3.318033865646663472e-01
2.392219120720501524e-01
7.784574137816446804e-02
-6.420448474309430331e-01
6.276584165475895816e-01
4.952878260640892760e-01
1.000000000000000000e+00
-1.000000000000000000e+00
-1.000000000000000000e+00
1.000000000000000000e+00
7.575875115903898394e-01
3.746730800835352815e-01
1.000000000000000000e+00
-1.000000000000000000e+00
2.982806648634693247e-01
6.919431367549377931e-01
4.001043987777946898e-02
1.000000000000000000e+00
-1.723937342161296904e-01
4.234896136417209966e-01
9.958847570678789340e-01
2.895954190468631451e-01
1.000000000000000000e+00
1.000000000000000000e+00
-1.000000000000000000e+00
4.320857094909883456e-01
-1.000000000000000000e+00
5.493660586525550560e-01
1.000000000000000000e+00
-4.824892989191709725e-01
-1.000000000000000000e+00
1.000000000000000000e+00
-5.921486788029934889e-01
-4.312272458475960857e-01
6.264359056645392165e-01
-3.364046155846755481e-01
-1.000000000000000000e+00
-3.518436836711733018e-01
-1.000000000000000000e+00
1.000000000000000000e+00
1.000000000000000000e+00
-1.000000000000000000e+00
-1.000000000000000000e+00
7.540817759837435963e-01
1.000000000000000000e+00
-8.875281871133294809e-01
-1.000000000000000000e+00
-1.739100265637118503e-01
-1.000000000000000000e+00
-1.063922099776465346e-01
6.041269871369869815e-01
-1.000000000000000000e+00
1.000000000000000000e+00
-6.003196497832024026e-01
-5.790893522133667703e-01
-5.936564726489050869e-01
1.000000000000000000e+00
5.712501795364599566e-01
-1.000000000000000000e+00
-1.000000000000000000e+00
-1.000000000000000000e+00
-1.000000000000000000e+00
4.911793295585715202e-01
-7.587162908420771457e-01
-5.751023545716529295e-01
1.000000000000000000e+00
-1.000000000000000000e+00
-1.000000000000000000e+00
6.875544128764243812e-01
8.597686157186829048e-01
4.214132763345452837e-01
4.821008769823021400e-01
1.000000000000000000e+00
-9.438544654010990742e-01
1.000000000000000000e+00
-1.977645455548764364e-01
-4.107495425180500703e-01
2.128533091047237757e-01
-5.356644100942808961e-02
-1.000000000000000000e+00
-1.000000000000000000e+00
6.556060012241671231e-01
1.000000000000000000e+00
1.721713059742921992e-01
-1.000000000000000000e+00
2.769580644692712923e-01
-1.000000000000000000e+00
-5.322059832051790895e-01
9.404486476290594421e-01
2.004882247956552010e-01
1.000000000000000000e+00
-5.490317711570216197e-01
1.000000000000000000e+00
