6.295421294213692232e-01
1.000000000000000000e+00
-8.781417939427311747e-01
-5.397225268662209086e-01
-1.000000000000000000e+00
6.834988417311913533e-01
-1.000000000000000000e+00
-7.931074436205498568e-01
-5.571084788124343046e-01
-1.000000000000000000e+00
-7.064381070358729531e-01
-1.000000000000000000e+00
-5.535047221788724769e-02
6.204532803184955592e-01
9.355156375250454071e-01
8.931270011715477519e-01
8.906951950585636490e-01
-1.000000000000000000e+00
1.000000000000000000e+00
9.239743735830063809e-01
-1.000000000000000000e+00
2.229820529885480074e-01
-8.490078955916273706e-01
1.000000000000000000e+00
-1.573179765065768621e-02
-1.000000000000000000e+00
-1.000000000000000000e+00
-4.061248062957957261e-01
-4.594468509404807666e-01
-7.214642872069632062e-01
-1.000000000000000000e+00
-5.306465107576954221e-01
5.412332219788291710e-01
2.461350840919084293e-01
-3.608388360613938306e-01
1.000000000000000000e+00
8.163452238512628467e-01
6.971932197101862183e-01
-1.000000000000000000e+00
1.625020652689367351e-01
1.000000000000000000e+00
-6.766245874943809246e-01
-1.000000000000000000e+00
-1.000000000000000000e+00
-1.000000000000000000e+00
-4.069827521312752161e-02
1.000000000000000000e+00
1.878494546371157758e-01
6.549264063779214329e-01
1.000000000000000000e+00
-6.193742550565428662e-02
-4.199131582548321084e-01
-1.000000000000000000e+00
-1.000000000000000000e+00
-6.100390757179422474e-01
-7.928763687908885194e-01
4.480926041768161228e-01
5.045697338785106734e-01
-5.580826834204691833e-01
9.608273997515367482e-01
9.138017282354069515e-01
-1.000000000000000000e+00
9.568015117180413975e-01
-3.913908338336183901e-01
1.000000000000000000e+00
-1.000000000000000000e+00
9.784490958693756735e-01
-8.627590381247045581e-01
1.000000000000000000e+00
7.881874210832289229e-01
-4.955935398002593306e-01
2.037759920455529949e-01
-2.978065933522026643e-01
7.516316002786624928e-01
-1.000000000000000000e+00
2.264308050421888208e-01
5.623645954124721902e-01
1.534306930926629953e-01
-2.613511519783646708e-01
1.000000000000000000e+00
2.602387925199617369e-01
6.943274768512499584e-01
-8.573735258816497229e-01
1.000000000000000000e+00
-4.999178287541099497e-01
3.659181879815960325e-01
-6.597581705655040096e-01
-7.477080602450998370e-01
-4.760132838379835807e-01
4.424453054908046301e-01
-1.000000000000000000e+00
-2.732704178360834124e-02
1.119758803379350409e-02
-1.000000000000000000e+00
4.836054660370248115e-01
-5.049709393094115040e-01
1.000000000000000000e+00
5.646021525767236371e-01
4.223956680811712383e-01
-3.029947228844132034e-01
8.291014674392127581e-02
-1.000000000000000000e+00
-1.000000000000000000e+00
-1.443558707029881649e-01
-1.000000000000000000e+00
-1.000000000000000000e+00
1.590438301796995302e-02
-1.000000000000000000e+00
1.000000000000000000e+00
7.009231408821454679e-01
1.000000000000000000e+00
1.000000000000000000e+00
-9.790767257718635541e-01
-1.000000000000000000e+00
1.000000000000000000e+00
9.300949926131818479e-02
5.510297090665643438e-01
-8.793774294062286501e-01
-2.293315723057844091e-01
-1.000000000000000000e+00
3.365894055158878961e-01
-1.000000000000000000e+00
-1.000000000000000000e+00
-1.000000000000000000e+00
1.000000000000000000e+00
-9.803184994329573743e-02
1.000000000000000000e+00
-1.000000000000000000e+00
-7.335650111518782213e-01
4.644156668450846182e-01
-1.000000000000000000e+00
-5.551015535090182418e-01
3.288750513174040213e-01
1.000000000000000000e+00
-5.417978496034091540e-01
-1.000000000000000000e+00
3.790491691555684106e-01
-1.000000000000000000e+00
6.123398944727870274e-01
-4.263773454942937358e-01
1.000000000000000000e+00
1.000000000000000000e+00
-1.000000000000000000e+00
1.000000000000000000e+00
-1.000000000000000000e+00
-1.000000000000000000e+00
-1.000000000000000000e+00
5.184469790280659129e-01
-6.932158360608109415e-01
6.959779988573399079e-01
-7.409860465946559449e-01
-2.316922717991676262e-01
1.000000000000000000e+00
9.211956215485896937e-01
1.000000000000000000e+00
2.192300994474420950e-01
-1.000000000000000000e+00
9.981894191118971804e-01
1.000000000000000000e+00
9.882239354325732528e-01
1.000000000000000000e+00
-6.095169291348354612e-01
-1.000000000000000000e+00
1.000000000000000000e+00
-1.000000000000000000e+00
1.000000000000000000e+00
-1.629391859000934306e-01
-1.000000000000000000e+00
1.418056070617469411e-01
2.667086170436999693e-01
8.459146787821170133e-01
1.000000000000000000e+00
-1.000000000000000000e+00
1.000000000000000000e+00
1.000000000000000000e+00
-1.000000000000000000e+00
5.772342198389823764e-01
-1.000000000000000000e+00
-1.000000000000000000e+00
-1.000000000000000000e+00
-2.768223697013766360e-01
6.636453797338431881e-02
-1.000000000000000000e+00
8.418255283360071006e-01
9.834896626933551378e-01
3.597898659615476613e-01
3.866457442041721371e-01
1.000000000000000000e+00
1.000000000000000000e+00
-1.000000000000000000e+00
-1.000000000000000000e+00
-2.546014118653500136e-02
-1.000000000000000000e+00
6.829528535155937607e-01
-2.037662011287769692e-01
-1.000000000000000000e+00
1.325130785825581192e-01
8.903463565357945253e-01
-8.305519701395370769e-01
9.743754047711892241e-01
1.000000000000000000e+00
1.000000000000000000e+00
-1.481574742163767056e-01
5.677351096919736051e-01
2.268065010259308067e-01
-1.000000000000000000e+00
-1.000000000000000000e+00
1.000000000000000000e+00
-7.488290504091289490e-01
1.561984643109262105e-01
5.284210456440263659e-01
-1.000000000000000000e+00
1.000000000000000000e+00
-1.000000000000000000e+00
-4.060332540426090375e-01
-1.000000000000000000e+00
6.763308308999191887e-01
-8.833220447591626223e-02
-1.000000000000000000e+00
-1.000000000000000000e+00
-7.732807815019462350e-01
7.093428145028788379e-01
6.699902574835684410e-01
1.000000000000000000e+00
-3.921355777477077975e-01
1.000000000000000000e+00
-1.000000000000000000e+00
-6.159350248404465988e-01
-1.024736732564089925e-01
-1.000000000000000000e+00
1.000000000000000000e+00
-1.000000000000000000e+00
1.000000000000000000e+00
-1.000000000000000000e+00
1.000000000000000000e+00
-1.000000000000000000e+00
1.654647839781461793e-01
-6.818850564332996633e-01
4.431807774907392528e-01
5.619481516883972905e-02
-1.000000000000000000e+00
9.341999829101358399e-01
-1.000000000000000000e+00
-1.000000000000000000e+00
-1.000000000000000000e+00
-6.761232103499047463e-01
1.000000000000000000e+00
1.000000000000000000e+00
2.283736149258408510e-01
-7.533689877762821396e-01
-5.865367397363681068e-01
8.141517192193392649e-01
-7.260611325055744691e-01
6.949967451000405028e-03
2.359950810871268567e-01
1.936849088392230689e-01
8.884116776084804989e-01
4.554136536429664872e-02
4.893505537191927268e-01
1.000000000000000000e+00
-5.524047153606346239e-01
-1.000000000000000000e+00
-1.000000000000000000e+00
1.000000000000000000e+00
1.000000000000000000e+00
-3.617513482904565203e-01
-4.479851163521095803e-01
-1.235996631209592134e-01
-2.182517145328431996e-01
-1.000000000000000000e+00
-2.633415392651726750e-01
1.000000000000000000e+00
-5.275428629389422586e-01
-5.698393118466735796e-01
1.000000000000000000e+00
-4.117984700114337704e-01
-1.000000000000000000e+00
5.998499083108352892e-01
-8.604062399280631990e-01
9.337395198569817811e-01
2.046712157141306609e-01
-1.000000000000000000e+00
7.643152487771190939e-01
1.000000000000000000e+00
1.000000000000000000e+00
1.000000000000000000e+00
-1.000000000000000000e+00
-1.000000000000000000e+00
1.000000000000000000e+00
1.000000000000000000e+00
-1.000000000000000000e+00
-1.000000000000000000e+00
4.710445097397440994e-01
1.000000000000000000e+00
-5.626159761928070102e-01
1.000000000000000000e+00
3.928631191885001428e-01
-1.000000000000000000e+00
7.745493689478036847e-01
-1.000000000000000000e+00
1.000000000000000000e+00
-1.000000000000000000e+00
1.000000000000000000e+00
-1.000000000000000000e+00
-1.000000000000000000e+00
4.371617238244885906e-01
9.341528534971850206e-01
1.000000000000000000e+00
4.269248841967204777e-01
4.258521880478345900e-01
1.000000000000000000e+00
1.000000000000000000e+00
9.359628672307229724e-01
5.959115824156091534e-01
-1.960892241739015107e-01
-1.000000000000000000e+00
1.000000000000000000e+00
-1.000000000000000000e+00
-5.435274051437558596e-01
-3.066709643497600446e-01
7.626270508207191323e-01
-4.153676327671351753e-01
1.000000000000000000e+00
1.000000000000000000e+00
7.829043028360214151e-01
-4.827272478632264052e-01
-1.006100395288642702e-01
-9.702829900682241604e-01
3.055099239365050012e-01
-2.287821562394705133e-01
2.191180211909173892e-01
4.350730678786343120e-01
-1.000000000000000000e+00
-1.000000000000000000e+00
-1.000000000000000000e+00
9.245248667973262613e-01
1.000000000000000000e+00
-3.647550731076809050e-01
9.294770608751963259e-01
-2.664766834965193870e-02
-8.696434025338777296e-01
-5.149081752392259403e-01
3.724227156134303218e-01
-5.061057353494811117e-01
-4.367964488124730371e-01
-4.613613595415965163e-01
8.110788376015232171e-02
-8.829147846060981797e-01
-1.000000000000000000e+00
8.413908256078307391e-01
-1.000000000000000000e+00
1.000000000000000000e+00
-4.233420608602154189e-01
1.000000000000000000e+00
4.907615342531441716e-01
-2.073924761165136244e-01
1.000000000000000000e+00
-1.000000000000000000e+00
-4.311625114189895358e-01
1.000000000000000000e+00
6.066629539614913913e-01
4.945480045371369870e-01
9.197145627435546755e-01
5.923917074705350450e-01
9.391573035410744064e-01
-1.853083285834576932e-01
2.322365481607610027e-01
1.000000000000000000e+00
3.149312714114338441e-03
1.000000000000000000e+00
-1.000000000000000000e+00
1.000000000000000000e+00
-4.848132906215272264e-01
-5.741683182721175616e-01
8.260458442418771030e-01
9.550921306607110806e-01
-1.000000000000000000e+00
1.000000000000000000e+00
-1.000000000000000000e+00
4.682856428029229523e-01
1.000000000000000000e+00
-3.423803960914217903e-02
1.931482458180400208e-02
5.331064194348256180e-02
-1.000000000000000000e+00
3.250688843060467459e-01
7.017180729309122622e-01
-7.403107905218044849e-01
1.000000000000000000e+00
1.000000000000000000e+00
-4.796347173749840875e-01
-1.000000000000000000e+00
-5.851647362644625261e-01
4.763882441878700691e-01
5.986896154683013505e-01
-9.750862593752873675e-02
5.045534217069842509e-01
-1.000000000000000000e+00
-1.000000000000000000e+00
-2.145186534212223939e-01
-1.311096362063375320e-01
5.658468477265592433e-01
1.000000000000000000e+00
2.912450630295423393e-01
-4.430091773537616628e-01
-2.694904558803773997e-01
1.000000000000000000e+00
-1.000000000000000000e+00
-2.768901126057787820e-02
7.134433724898514573e-01
-1.000000000000000000e+00
7.968971019126566135e-01
-1.000000000000000000e+00
-1.000000000000000000e+00
-1.000000000000000000e+00
4.227165182940988419e-01
1.000000000000000000e+00
-1.000000000000000000e+00
1.000000000000000000e+00
-3.931540189888445003e-01
-4.866578693372405340e-01
-1.804696775492464211e-01
-3.440460398201459213e-01
-5.925161069652706836e-01
-4.622695648298942306e-01
7.495411888521126276e-01
1.625143902028400589e-01
-1.000000000000000000e+00
-1.000000000000000000e+00
-1.000000000000000000e+00
-8.247393592146530228e-01
-2.097005020872633740e-01
7.290899021089961018e-02
1.000000000000000000e+00
-1.000000000000000000e+00
1.000000000000000000e+00
1.000000000000000000e+00
-3.359257377955111590e-01
-1.611552437660297155e-01
-1.000000000000000000e+00
1.434891788851491157e-01
-1.000000000000000000e+00
1.000000000000000000e+00
-1.000000000000000000e+00
6.252569116526907056e-02
-1.000000000000000000e+00
2.370480290484854313e-01
-1.000000000000000000e+00
9.230366111764382042e-01
-2.857492961650520691e-01
1.115713889487870980e-01
-6.931656386865164832e-01
1.000000000000000000e+00
1.000000000000000000e+00
-1.000000000000000000e+00
1.000000000000000000e+00
-7.898231824722519168e-01
-3.312343586740590373e-01
-1.000000000000000000e+00
7.405078934425455284e-01
-1.100844018478988051e-01
1.000000000000000000e+00
-1.894699713370659178e-01
6.275487989364926245e-01
-4.728264306750347701e-01
-8.822670255297168085e-01
-2.605418001866642852e-01
1.000000000000000000e+00
1.000000000000000000e+00
-1.878603295084322333e-01
-6.715922045590565492e-01
-1.000000000000000000e+00
3.180742482884866273e-01
1.000000000000000000e+00
2.914136128649783553e-01
2.044683312343708037e-01
7.420202525051202702e-01
-2.004733193796220114e-01
-1.821565067542504912e-02
8.742471691602227146e-02
5.245723881953956447e-01
1.000000000000000000e+00
6.164364000534646726e-01
6.302874055875317127e-01
-1.000000000000000000e+00
1.000000000000000000e+00
1.000000000000000000e+00
7.536011524405362705e-01
1.000000000000000000e+00
1.000000000000000000e+00
-7.729852226051039388e-01
-1.000000000000000000e+00
-1.000000000000000000e+00
1.000000000000000000e+00
-8.525428432547884627e-01
-1.361989578792922873e-01
-1.000000000000000000e+00
-6.454656676576285834e-01
-1.000000000000000000e+00
4.765433355220666245e-01
1.583497287192632275e-01
-4.509844095190900237e-01
1.588854265510292185e-01
-1.000000000000000000e+00
-6.161877744118116063e-01
-4.104313711923854857e-01
1.000000000000000000e+00
2.952982715227446264e-01
-1.000000000000000000e+00
-1.000000000000000000e+00
-7.317118593914347935e-01
1.000000000000000000e+00
-1.000000000000000000e+00
8.172326652688136628e-01
1.000000000000000000e+00
-4.922080753382763740e-01
1.791516615103818655e-01
7.643894181544541588e-03
-1.000000000000000000e+00
1.000000000000000000e+00
7.717188664123884045e-01
-1.000000000000000000e+00
-1.000000000000000000e+00
-1.000000000000000000e+00
-7.304953890350807111e-02
1.000000000000000000e+00
7.735129003028109462e-01
5.661624310363722046e-01
1.000000000000000000e+00
-1.000000000000000000e+00
-1.000000000000000000e+00
1.000000000000000000e+00
-6.281163096083097752e-02
-1.000000000000000000e+00
-1.000000000000000000e+00
1.000000000000000000e+00
-8.164774425715025652e-01
1.000000000000000000e+00
1.000000000000000000e+00
1.000000000000000000e+00
2.345753964032659677e-02
-4.783228127105910166e-01
2.220740993989522849e-01
-1.000000000000000000e+00
8.351241678423270143e-01
3.166369612570807401e-01
1.000000000000000000e+00
-5.123417384827917420e-01
-8.821528053451348494e-01
8.304588221713902207e-01
3.720147189731181081e-01
1.000000000000000000e+00
-4.850020844577149770e-01
-1.006723848484364081e-01
-3.972546449375495836e-01
-4.968227475417390515e-01
-7.988692935058829825e-01
-7.281918578291382005e-01
1.000000000000000000e+00
1.000000000000000000e+00
-1.000000000000000000e+00
5.947486935484969095e-03
-4.368700731049894870e-01
1.000000000000000000e+00
2.159543468286457824e-01
-5.064758217631745163e-01
-4.317134617675695840e-01
-1.019836138613205989e-02
7.633294695244245975e-01
-8.224891550424271447e-01
-1.523268805689121930e-01
-1.000000000000000000e+00
-1.000000000000000000e+00
8.153306111965892278e-01
-4.361646883910319517e-02
-3.270771803846423964e-01
1.000000000000000000e+00
-1.000000000000000000e+00
3.035243676182659556e-01
-1.000000000000000000e+00
-4.673007042887180607e-01
-5.382487924558143622e-01
1.000000000000000000e+00
-7.799204636685150849e-01
-1.000000000000000000e+00
-4.938210208238010268e-01
1.000000000000000000e+00
-1.000000000000000000e+00
-6.891764058704952234e-03
-5.994295376750380377e-01
1.000000000000000000e+00
-1.606616805578446883e-01
1.000000000000000000e+00
9.056691351725096872e-01
-2.991226793271379858e-01
-5.914306312426753642e-02
2.294931669448813660e-01
1.141977334688516477e-01
1.000000000000000000e+00
-6.455732904406275008e-01
1.000000000000000000e+00
7.665813596239259287e-01
1.000000000000000000e+00
-9.715220994372094632e-01
4.151636889911158868e-02
4.133671628403230436e-01
8.047490676005102372e-01
-4.421880745094022291e-01
-6.045062301225732071e-01
1.000000000000000000e+00
-1.000000000000000000e+00
1.000000000000000000e+00
4.146802813150831657e-01
-1.000000000000000000e+00
1.000000000000000000e+00
-1.000000000000000000e+00
-1.000000000000000000e+00
-7.681151255155566071e-01
-1.000000000000000000e+00
-1.609308081486958697e-01
-2.813880522654217953e-01
4.831979148187154349e-02
1.000000000000000000e+00
1.000000000000000000e+00
1.000000000000000000e+00
1.000000000000000000e+00
1.218297123832415840e-01
-1.841222133666173266e-02
4.198723242997453031e-01
-1.000000000000000000e+00
3.955736099502846770e-01
1.000000000000000000e+00
-1.000000000000000000e+00
-6.045823883655297992e-01
4.477115570260506994e-01
8.329310409246765134e-01
2.054725474940324870e-01
-8.122569177712377630e-01
1.000000000000000000e+00
-1.000000000000000000e+00
-1.000000000000000000e+00
-1.000000000000000000e+00
-1.000000000000000000e+00
-1.000000000000000000e+00
-1.000000000000000000e+00
5.343980501621606871e-01
-9.571455319802335548e-01
-7.386021593365018623e-01
-8.449822517504301800e-02
-2.316949143329874450e-01
-1.000000000000000000e+00
-7.900398427815686908e-01
9.909776832332906071e-03
-1.000000000000000000e+00
-1.000000000000000000e+00
1.000000000000000000e+00
1.000000000000000000e+00
4.002587119522232895e-01
-1.000000000000000000e+00
-1.000000000000000000e+00
-1.838252528169174171e-01
-5.424777595671850250e-01
1.000000000000000000e+00
-9.545749056372637709e-01
-1.000000000000000000e+00
-1.000000000000000000e+00
-1.000000000000000000e+00
-1.000000000000000000e+00
-7.462355171070907955e-01
1.000000000000000000e+00
-1.000000000000000000e+00
1.000000000000000000e+00
-1.000000000000000000e+00
9.433775626787422874e-01
8.074231097395074830e-01
1.000000000000000000e+00
1.000000000000000000e+00
-1.000000000000000000e+00
1.000000000000000000e+00
1.000000000000000000e+00
-1.000000000000000000e+00
5.962473303341571107e-01
-4.779680217996400415e-01
-2.245619130205229741e-01
4.037401081452455243e-01
1.000000000000000000e+00
-5.925599694476774149e-02
3.056929271950357685e-01
1.000000000000000000e+00
3.192405877405955494e-01
-3.246120944834169908e-01
1.000000000000000000e+00
1.000000000000000000e+00
-4.423614170257631484e-01
-4.696674739934237897e-01
-1.000000000000000000e+00
-4.734659014100611740e-01
7.027542485793167870e-01
8.287605129493827993e-01
5.217668304494802456e-01
-2.400527620921311112e-01
-1.448991987157099981e-01
8.446844194684539620e-01
6.631836736168239543e-01
1.779570215453160076e-01
-1.000000000000000000e+00
-7.606120948943020377e-01
-1.000000000000000000e+00
5.786486533284853628e-01
1.000000000000000000e+00
-1.000000000000000000e+00
1.490292392882275330e-02
1.453708557766197895e-01
-2.776066862781090272e-01
5.945423835514684896e-02
-8.434378893011906797e-04
-6.020968211364692291e-01
7.443400941672637661e-01
3.715385265394521852e-02
-1.000000000000000000e+00
-2.160054192599898393e-01
5.836242956666144455e-01
7.929925257960453999e-01
-1.629292873170659628e-02
-7.124913703560045164e-01
1.000000000000000000e+00
-1.000000000000000000e+00
-3.536365869367098513e-01
-1.000000000000000000e+00
-5.000229765598449561e-01
-9.583859154309848360e-01
-1.000000000000000000e+00
-1.000000000000000000e+00
1.000000000000000000e+00
3.676048681985912836e-01
-9.671940622441836943e-01
2.318515133445336884e-01
-1.000000000000000000e+00
-1.000000000000000000e+00
-1.000000000000000000e+00
-9.830341132124587045e-02
-1.463600641258224200e-01
-7.449897050057324721e-01
1.000000000000000000e+00
-1.000000000000000000e+00
-1.000000000000000000e+00
1.000000000000000000e+00
-1.432269544745449208e-01
-2.342091877856833371e-02
3.843894167155137431e-03
1.000000000000000000e+00
6.641835115359870922e-01
-6.419854287662697390e-01
1.000000000000000000e+00
4.806884788016204668e-01
1.000000000000000000e+00
-6.159859337727282558e-01
-1.000000000000000000e+00
5.653054590149220182e-01
1.489112501527301013e-01
-9.942730005359262657e-01
-1.000000000000000000e+00
-5.803596743151104853e-01
-4.042794073470150629e-01
-6.331638899458340575e-01
-1.801811185078810440e-01
1.000000000000000000e+00
-1.000000000000000000e+00
-1.000000000000000000e+00
-8.449253516931296559e-01
1.000000000000000000e+00
-1.000000000000000000e+00
-8.064061728045718302e-02
-8.051374427319932803e-01
9.263146147318457313e-01
-8.856974613962526055e-01
-9.251472917718240874e-01
1.000000000000000000e+00
-1.000000000000000000e+00
1.000000000000000000e+00
-1.000000000000000000e+00
1.000000000000000000e+00
-5.139390766225193641e-02
-1.000000000000000000e+00
-1.000000000000000000e+00
1.000000000000000000e+00
-1.000000000000000000e+00
1.000000000000000000e+00
-2.966757807169770889e-01
-3.251422027913860591e-01
-1.000000000000000000e+00
4.286218063433757663e-01
-1.000000000000000000e+00
-9.335271855740864266e-01
7.018414269428496777e-01
1.000000000000000000e+00
-1.000000000000000000e+00
-1.000000000000000000e+00
-8.271427877803425588e-01
-9.907623006962316126e-01
1.000000000000000000e+00
-1.000000000000000000e+00
-9.160702487076735068e-01
-2.313878281748362742e-01
-1.000000000000000000e+00
-1.000000000000000000e+00
-1.000000000000000000e+00
-1.000000000000000000e+00
-7.118439137305405673e-01
-1.000000000000000000e+00
5.056084399209384017e-01
2.118020539745159025e-01
5.706654013409717674e-01
-1.000000000000000000e+00
5.470355657218350931e-01
7.254206522741664109e-01
-1.000000000000000000e+00
-8.310382678225101127e-01
2.667079406644490280e-01
-1.000000000000000000e+00
-1.000000000000000000e+00
-1.352223043796538793e-01
3.553754270833954232e-01
-9.180922972933375226e-02
1.000000000000000000e+00
-1.000000000000000000e+00
-8.878503945003057840e-02
-2.023401903820198910e-01
8.895857400824843664e-01
-7.492353954564434648e-02
-1.000000000000000000e+00
1.000000000000000000e+00
4.260638357757200456e-01
1.000000000000000000e+00
-2.140178393083640440e-01
-6.949163693070778969e-01
-9.692713425860920440e-01
7.547685206224116206e-01
-1.000000000000000000e+00
-5.986768149437465825e-01
-9.440327376364462397e-01
1.000000000000000000e+00
8.260081666785084042e-01
-1.000000000000000000e+00
3.712582814606018022e-01
-7.019801690232263525e-01
-1.000000000000000000e+00
-5.960193579820375342e-01
-6.174834929332614353e-01
-5.417001299735426656e-01
-1.000000000000000000e+00
4.144454277790704522e-01
-1.000000000000000000e+00
-1.000000000000000000e+00
-1.000000000000000000e+00
5.596424858232205146e-01
8.386281116703674376e-01
-7.039839953572235576e-01
3.417964293941821996e-01
1.000000000000000000e+00
-1.609151884308984148e-01
-8.337433849503004257e-01
4.660076146953777143e-01
-6.138612140589931876e-01
-7.242428781569388851e-01
-1.000000000000000000e+00
1.000000000000000000e+00
1.000000000000000000e+00
7.404663917843012921e-01
-1.160877695120011710e-01
-2.598443599811033344e-01
-1.000000000000000000e+00
-1.000000000000000000e+00
1.000000000000000000e+00
-5.277603742722823954e-01
5.187108089492857843e-01
1.000000000000000000e+00
-3.427792969890806618e-01
1.473627577109722919e-01
-1.000000000000000000e+00
-1.940045326286616856e-01
1.000000000000000000e+00
3.344162856896342184e-01
-6.888151019576742584e-01
-1.000000000000000000e+00
1.000000000000000000e+00
-9.807243793840463297e-01
-1.000000000000000000e+00
7.479388988045372333e-01
-1.000000000000000000e+00
1.000000000000000000e+00
4.864838618400098014e-01
6.093413270803689219e-01
-1.000000000000000000e+00
-1.000000000000000000e+00
-3.101847457602064928e-01
-1.000000000000000000e+00
1.000000000000000000e+00
7.932238781584453058e-01
1.000000000000000000e+00
-3.602769434594355058e-01
1.000000000000000000e+00
5.522018360240841250e-01
-1.000000000000000000e+00
2.322136878573199947e-02
1.000000000000000000e+00
6.863732319437894080e-01
-1.825797283013589900e-01
1.074142136558895455e-01
-9.889948882282542097e-01
8.066991301554904403e-02
9.859419164764926524e-01
1.000000000000000000e+00
-6.953226818726980785e-01
-2.915431471266494157e-03
1.000000000000000000e+00
1.000000000000000000e+00
5.697878385605950058e-01
1.000000000000000000e+00
-1.000000000000000000e+00
-9.695171373511547452e-01
-3.350867956814682636e-01
-8.209147484163255015e-01
3.872043515459540064e-01
-1.000000000000000000e+00
-1.000000000000000000e+00
1.000000000000000000e+00
-1.000000000000000000e+00
2.622029175160762726e-01
-1.000000000000000000e+00
-5.766754847800650285e-01
8.758325765978578481e-01
5.471927260646194391e-01
6.071219090019220888e-01
-7.739048655809155353e-01
1.000000000000000000e+00
1.000000000000000000e+00
-1.000000000000000000e+00
1.000000000000000000e+00
-1.536406028146602987e-01
1.000000000000000000e+00
6.986750344067781393e-01
-2.071438823599914270e-01
1.000000000000000000e+00
1.000000000000000000e+00
1.000000000000000000e+00
1.000000000000000000e+00
1.000000000000000000e+00
-1.000000000000000000e+00
1.000000000000000000e+00
1.000000000000000000e+00
1.000000000000000000e+00
-4.109477748196472269e-01
-2.581718255524201311e-01
1.000000000000000000e+00
1.000000000000000000e+00
7.981656509447629944e-01
2.691541195141087250e-01
-6.127982466588998145e-01
3.068326166111497999e-01
-3.706708719344516956e-01
1.000000000000000000e+00
-1.000000000000000000e+00
3.561421233657414698e-01
-1.875557067031574654e-01
-4.320004681901668531e-01
-1.000000000000000000e+00
1.000000000000000000e+00
1.000000000000000000e+00
-3.536160060392807836e-01
3.465186009650816912e-03
-8.916484855832631506e-01
1.000000000000000000e+00
-3.313707930579038452e-01
-6.383596579433983287e-01
2.189792845481542960e-01
-1.000000000000000000e+00
8.316533146882709726e-02
3.716149410159890198e-01
-8.559011642877746295e-01
2.615808031431268166e-01
5.682445031944374225e-01
6.613082169450503756e-01
-1.000000000000000000e+00
1.000000000000000000e+00
-1.491129211835190427e-01
1.000000000000000000e+00
-1.075821917746992984e-01
-8.412090121510034102e-01
-4.322953685075018315e-01
9.720782482714618311e-02
3.053825579274382918e-02
1.000000000000000000e+00
2.246954352100608565e-01
2.948516760660989111e-01
-1.000000000000000000e+00
1.000000000000000000e+00
9.405101870772136774e-01
-6.246807712071045238e-02
1.353377732822759194e-01
-1.878884282503581749e-01
-4.198786329260555394e-01
4.075567505511544786e-01
1.000000000000000000e+00
7.885489038228763459e-01
-6.218292932899522896e-01
1.000000000000000000e+00
8.648582981045478402e-01
1.000000000000000000e+00
-1.000000000000000000e+00
4.644189599738810514e-01
9.125119939262233970e-01
-1.000000000000000000e+00
1.000000000000000000e+00
1.000000000000000000e+00
1.000000000000000000e+00
4.959898922678730449e-01
-1.000000000000000000e+00
5.013643094712960657e-01
-1.000000000000000000e+00
-1.000000000000000000e+00
1.000000000000000000e+00
-1.000000000000000000e+00
-1.000000000000000000e+00
1.920231465294861550e-01
1.418152908384595623e-01
2.134027266955362823e-01
1.000000000000000000e+00
-2.718404489009149660e-01
1.000000000000000000e+00
1.000000000000000000e+00
7.566484749721358316e-01
3.832680135283796918e-01
-5.321895449158547953e-01
-2.443194101706330224e-01
-4.302298723765800581e-01
-6.681418584535890881e-01
-1.000000000000000000e+00
-1.000000000000000000e+00
-5.910077885806296755e-02
-1.841009152443724428e-01
-4.493442479618490193e-01
9.558292874810964124e-01
1.000000000000000000e+00
-2.458586644241902985e-01
-4.220540671938044497e-01
1.000000000000000000e+00
1.000000000000000000e+00
1.000000000000000000e+00
-9.525225852688666839e-01
4.420571919768990776e-01
-4.614723509061759432e-01
4.536409181284840608e-01
6.158482857708079683e-01
-4.064150199385020423e-01
1.000000000000000000e+00
7.344479189595710666e-01
1.000000000000000000e+00
1.000000000000000000e+00
-1.908250297958673514e-01
1.000000000000000000e+00
-3.681581718014192983e-01
2.123456829184342531e-01
4.571975638890219962e-01
-8.762219077575911230e-01
7.981930173833218234e-02
8.339854973444726927e-01
1.000000000000000000e+00
-2.570948131795278702e-01
-6.467581394856358745e-02
-6.266016233587474726e-01
1.000000000000000000e+00
-1.000000000000000000e+00
8.254093722305733127e-02
-8.854912572091715450e-01
1.000000000000000000e+00
-1.000000000000000000e+00
3.349369272039285361e-01
1.000000000000000000e+00
-1.000000000000000000e+00
-7.518546956192779795e-01
-1.000000000000000000e+00
-1.286296947544147695e-01
-3.867092356827873667e-01
5.367047172466470339e-01
-1.000000000000000000e+00
-8.862371101895758496e-01
-7.757230944949178308e-01
-8.843041416165742241e-01
-2.243286570002834823e-01
-1.000000000000000000e+00
4.816244845533055319e-01
4.410075480350416632e-01
1.000000000000000000e+00
-4.562175204070972878e-02
1.000000000000000000e+00
-1.000000000000000000e+00
-4.096929262874762223e-01
-5.913210363847929418e-01
1.000000000000000000e+00
1.712258235726971389e-01
4.419992319768482059e-01
-1.904396195393703584e-01
6.175403838288611169e-01
1.318462224073058131e-01
1.000000000000000000e+00
2.785031491570810758e-01
-1.000000000000000000e+00
-5.491013105700923713e-01
7.543874077654464383e-01
-1.000000000000000000e+00
-7.954101277128451386e-01
8.983702362131895658e-01
1.000000000000000000e+00
5.987292034297702070e-01
-1.258778549788284185e-01
-1.000000000000000000e+00
4.021980885252440796e-01
6.236653159911396127e-01
6.345674520109825245e-01
-1.000000000000000000e+00
1.525405915871101969e-01
8.897908538731331696e-01
3.700369466158225373e-01
1.000000000000000000e+00
-1.000000000000000000e+00
-6.243088656667565850e-01
1.000000000000000000e+00
4.220897082891753582e-01
-9.054951053465742916e-02
1.000000000000000000e+00
4.624035554097416512e-02
-1.000000000000000000e+00
-9.887309116979203782e-02
-9.281766999721774436e-02
-1.000000000000000000e+00
1.000000000000000000e+00
7.881968093324750457e-01
1.000000000000000000e+00
-3.393756559791565319e-01
9.745916238385626817e-01
8.148440268385750418e-01
4.949853990514033741e-01
1.000000000000000000e+00
4.560910193373945987e-02
1.000000000000000000e+00
7.593603362058494177e-01
1.000000000000000000e+00
-9.026397648880273294e-01
-8.736832072741271826e-01
-6.062773617303474083e-02
-1.000000000000000000e+00
-2.231416665074071881e-01
9.955659200132769282e-01
-8.626706066425132713e-01
2.857197316603846127e-01
7.061143653935891829e-01
1.928571603707972537e-01
-6.243074797221659367e-02
-1.000000000000000000e+00
-1.000000000000000000e+00
-6.752475528543560035e-01
-5.078289961784554496e-01
1.000000000000000000e+00
-6.176934788276022825e-01
1.000000000000000000e+00
2.407042029851715892e-01
-3.097535701869319480e-01
7.326692964045665724e-01
-6.756920216802674295e-01
-5.530115669815593993e-03
1.000000000000000000e+00
1.174788527339780120e-01
8.478751103673493050e-01
-1.000000000000000000e+00
-5.164557230366531027e-01
-2.261265009390666936e-01
-2.435607605280446508e-01
-3.056068517281470553e-01
1.000000000000000000e+00
-7.949203790183214657e-01
1.000000000000000000e+00
-1.000000000000000000e+00
-7.580743023974503281e-01
-1.511338045184262846e-02
-6.332862852256393449e-01
4.155502392363620290e-01
8.694005197676571983e-01
5.296229947696408091e-01
8.785637743204088856e-02
-3.399892717036981926e-01
-1.000000000000000000e+00
-1.000000000000000000e+00
-5.325516241955594587e-01
-1.000000000000000000e+00
1.629435458314780136e-02
-4.807433634379602028e-01
1.000000000000000000e+00
-8.294234038335779324e-02
-1.000000000000000000e+00
-1.000000000000000000e+00
-4.007361428438321882e-01
3.472317101516517734e-01
8.104659936431771738e-01
-1.000000000000000000e+00
-1.000000000000000000e+00
-6.535983444970187017e-01
6.831221249064406420e-01
-5.790088935589434715e-01
-2.163625921138813135e-01
-3.094004906835716717e-01
1.000000000000000000e+00
-6.560667845420851130e-01
2.189029671342883621e-01
3.241683986224919156e-01
7.304595880296518295e-01
1.000000000000000000e+00
1.000000000000000000e+00
-1.000000000000000000e+00
-3.898608846835426300e-01
1.000000000000000000e+00
-1.000000000000000000e+00
9.758914284814137474e-01
-7.896102507599941367e-01
-3.213115022625024353e-01
1.000000000000000000e+00
8.989107479081526186e-02
-4.542428729469289994e-01
-7.836082120879283019e-01
3.517904198979395769e-01
2.291565627590710363e-01
-9.112868287880493412e-03
4.415961017876309236e-01
1.000000000000000000e+00
6.146068834525149072e-01
-3.150018220367177824e-01
9.663964726013515305e-01
-4.256471597180532251e-01
-5.939086835754011640e-01
1.000000000000000000e+00
1.000000000000000000e+00
-1.455160316128293885e-01
-1.000000000000000000e+00
-1.000000000000000000e+00
-7.964897597327602607e-01
1.000000000000000000e+00
-1.000000000000000000e+00
-6.356603283392933124e-01
1.000000000000000000e+00
-8.731738552201470105e-01
-1.914920988681411140e-01
1.000000000000000000e+00
-3.125601921720942977e-01
8.225212769100138654e-01
1.462982997915248384e-01
3.966635243867531191e-01
2.305828072279839658e-01
1.150659819690891261e-01
-9.588624200716766577e-01
-7.214807540753009896e-02
5.123684327950330797e-01
1.000000000000000000e+00
7.295783698920572657e-01
-9.146836266182092334e-01
1.000000000000000000e+00
1.000000000000000000e+00
-1.000000000000000000e+00
1.000000000000000000e+00
6.528379072542404016e-01
-1.000000000000000000e+00
1.000000000000000000e+00
-9.218392356589626413e-01
1.000000000000000000e+00
1.000000000000000000e+00
-2.335453216023113399e-01
-1.000000000000000000e+00
-1.000000000000000000e+00
1.000000000000000000e+00
9.407027958026459302e-02
7.795795094446118512e-01
1.000000000000000000e+00
-6.531451827894942941e-01
1.000000000000000000e+00
-1.000000000000000000e+00
3.073998518568993310e-01
-1.000000000000000000e+00
1.000000000000000000e+00
-4.131713919574392935e-01
7.288053144895957347e-01
-1.000000000000000000e+00
1.000000000000000000e+00
8.996114655957478945e-01
8.838153712065548451e-01
-8.112375853614440802e-01
4.928454141800630017e-01
6.228375005820089294e-01
8.020085825089302567e-01
9.461705026190310175e-01
-1.000000000000000000e+00
1.000000000000000000e+00
8.784214541177068902e-01
-9.460578861493311731e-01
-1.000000000000000000e+00
4.118335046073972605e-01
-1.000000000000000000e+00
1.000000000000000000e+00
-1.000000000000000000e+00
-7.421368931438248051e-01
-7.725338932515674051e-01
-1.000000000000000000e+00
1.000000000000000000e+00
-4.883117423789269940e-01
4.156030409478076448e-01
7.462119572053997896e-01
2.001958876092284900e-01
9.621487260137638886e-01
-5.031699568642032938e-01
8.171529228394481814e-01
-1.000000000000000000e+00
-1.000000000000000000e+00
-1.000000000000000000e+00
5.271398098696582490e-01
2.751127422637766884e-01
6.867734923888642040e-01
1.000000000000000000e+00
1.000000000000000000e+00
-6.597575557981570915e-01
5.328418527336007404e-01
-1.000000000000000000e+00
-1.000000000000000000e+00
1.000000000000000000e+00
-1.000000000000000000e+00
4.453975739247033605e-01
1.000000000000000000e+00
1.000000000000000000e+00
1.000000000000000000e+00
-7.179131713069379916e-01
-4.295246654175415291e-01
1.000000000000000000e+00
6.947821741451380984e-01
3.727561890365463371e-01
-9.930300584440007183e-01
-1.000000000000000000e+00
-3.664854794761924772e-01
1.000000000000000000e+00
-5.995679022273234793e-01
-1.000000000000000000e+00
-1.000000000000000000e+00
-9.729768128692499740e-01
-4.243318775746445226e-01
-4.454542016900741030e-01
2.232658949949707095e-01
-3.469891150750803455e-03
1.000000000000000000e+00
8.044501664577997646e-01
-6.494840580697343047e-01
-7.974317827567423134e-01
-1.000000000000000000e+00
-3.027753623934710259e-01
7.779663516771472276e-01
1.000000000000000000e+00
-1.000000000000000000e+00
-1.000000000000000000e+00
-2.129558826033301489e-01
1.000000000000000000e+00
1.000000000000000000e+00
-1.000000000000000000e+00
-4.266454898758273995e-01
-1.000000000000000000e+00
-1.000000000000000000e+00
1.000000000000000000e+00
-4.801823397041525832e-01
-1.000000000000000000e+00
-1.223734741992534847e-01
1.000000000000000000e+00
-1.000000000000000000e+00
-5.064281280739869606e-01
-1.000000000000000000e+00
-1.000000000000000000e+00
1.000000000000000000e+00
7.821356687770840699e-01
-6.460368251583860078e-01
3.557282468181605095e-01
2.022709735266997599e-01
1.000000000000000000e+00
1.000000000000000000e+00
-4.580824913734476977e-01
4.551503459587760148e-01
1.000000000000000000e+00
-1.000000000000000000e+00
2.754218910718718716e-01
1.000000000000000000e+00
1.000000000000000000e+00
3.294791537783309243e-01
1.000000000000000000e+00
1.000000000000000000e+00
-7.126547851423332691e-01
1.000000000000000000e+00
1.000000000000000000e+00
-1.000000000000000000e+00
-5.693895654333902545e-01
-1.585595467619416166e-02
-2.921836615562923845e-01
-6.525387986204351787e-01
1.000000000000000000e+00
1.000000000000000000e+00
-1.000000000000000000e+00
3.335221976326652182e-01
6.660519336447721095e-01
-1.424280203274096435e-01
-1.000000000000000000e+00
2.346931881247045770e-01
-3.606089323455018425e-01
-1.000000000000000000e+00
8.701013760206484093e-01
-1.000000000000000000e+00
-1.926185035435911685e-01
5.099551554058006086e-01
-3.287584019478324571e-01
-8.312425068269635453e-01
4.328677432214211862e-01
1.000000000000000000e+00
-9.433499495481639796e-01
1.000000000000000000e+00
1.000000000000000000e+00
6.226859815830986244e-01
2.839100490397028498e-01
-1.000000000000000000e+00
1.960884151808743869e-01
-3.602844505208626646e-01
-9.810661083257433690e-01
-9.370425806176824191e-01
-1.000000000000000000e+00
-1.000000000000000000e+00
-1.000000000000000000e+00
9.032669872699148339e-01
-1.000000000000000000e+00
5.984902532502418548e-01
6.465113414905965250e-02
-6.161968741063159616e-01
-2.726234396605896615e-01
8.245434982061128348e-01
-2.201143075529399251e-02
1.000000000000000000e+00
5.127004492860032236e-02
-6.771470534414545384e-01
-9.073939766549046215e-01
-9.823695895790313104e-01
-1.576757612826158450e-01
3.226334301747876276e-01
-1.000000000000000000e+00
-1.000000000000000000e+00
1.000000000000000000e+00
7.650741173089061764e-01
-1.000000000000000000e+00
8.229020674642539834e-01
6.910383938693743788e-01
3.001263277229474502e-01
-8.144035022133075952e-01
7.719852085604494984e-01
-2.131871660426311044e-01
1.000000000000000000e+00
6.146172225758983476e-01
1.000000000000000000e+00
-3.403547150706925928e-01
-5.238222286049576404e-02
1.000000000000000000e+00
6.501162136613619635e-01
1.000000000000000000e+00
-1.000000000000000000e+00
-2.392187311205791200e-01
7.598835286381631082e-01
2.057570157518541776e-01
-9.434539821068699261e-01
7.980088238657585542e-01
-1.000000000000000000e+00
8.724043591781966978e-01
4.386296275117107513e-01
-1.000000000000000000e+00
-8.366547449278085580e-01
5.753406024121052731e-01
-9.976527065871432232e-02
-3.332933505754698822e-01
1.000000000000000000e+00
5.223056502850103033e-01
1.000000000000000000e+00
-1.000000000000000000e+00
-1.000000000000000000e+00
-6.557533095850749394e-01
-4.448354595826742308e-02
7.713940533318717208e-01
1.000000000000000000e+00
1.000000000000000000e+00
3.405482115122604458e-01
1.000000000000000000e+00
-5.664953173553524124e-01
-3.641415300887931306e-01
1.000000000000000000e+00
1.000000000000000000e+00
1.000000000000000000e+00
-1.000000000000000000e+00
-1.000000000000000000e+00
-2.108404488232765994e-01
1.000000000000000000e+00
7.896922164220193663e-01
-1.000000000000000000e+00
6.488291215739876439e-01
-1.000000000000000000e+00
-1.000000000000000000e+00
-1.000000000000000000e+00
1.000000000000000000e+00
1.000000000000000000e+00
1.000000000000000000e+00
-1.000000000000000000e+00
-4.573754929853905415e-01
2.663831569931662813e-03
1.000000000000000000e+00
1.000000000000000000e+00
1.000000000000000000e+00
-6.847769902895783911e-01
-1.000000000000000000e+00
-9.718958252740237391e-01
4.689453707044439756e-01
1.000000000000000000e+00
1.000000000000000000e+00
-1.111639106763299134e-01
-1.428543699103780318e-01
-9.826061169352494629e-01
9.667323740090495443e-01
-8.813930688380069434e-01
-4.265266801146676556e-01
-1.000000000000000000e+00
-1.000000000000000000e+00
8.571262277737210500e-01
9.338479816314940729e-01
-8.449199654393343417e-01
6.408337971015725110e-01
1.000000000000000000e+00
7.674099318904853417e-01
-1.000000000000000000e+00
1.540906266242318967e-01
1.000000000000000000e+00
-9.659967969820807410e-01
4.349205445557012828e-01
2.408368171314736461e-01
-3.927880509867379133e-02
6.955682411542328802e-01
1.159709763871448196e-01
-6.010704124425121364e-01
-1.000000000000000000e+00
-1.000000000000000000e+00
-1.813522509322446075e-01
-1.000000000000000000e+00
-7.914217462657617830e-01
1.000000000000000000e+00
9.358627649614148503e-03
-4.871265445713224285e-02
-6.271537579267755236e-01
9.863060642522131216e-01
1.000000000000000000e+00
2.454132228978275765e-01
1.000000000000000000e+00
-6.900221161506594481e-01
-1.000000000000000000e+00
-7.159906904819877127e-01
1.000000000000000000e+00
-7.297599895872236564e-01
-8.567789729875247007e-02
9.455486667393941946e-02
-1.000000000000000000e+00
-1.000000000000000000e+00
-1.000000000000000000e+00
-1.000000000000000000e+00
1.000000000000000000e+00
5.253634111938465523e-02
7.524711898459226500e-01
-2.431045029576834882e-01
-1.000000000000000000e+00
1.000000000000000000e+00
-1.000000000000000000e+00
1.000000000000000000e+00
-1.000000000000000000e+00
1.000000000000000000e+00
-1.000000000000000000e+00
1.000000000000000000e+00
-1.000000000000000000e+00
1.728657231902569480e-01
-1.000000000000000000e+00
-2.383095010623934584e-01
-9.965642988844174432e-01
-1.388206445545865364e-01
1.000000000000000000e+00
6.543077764458391510e-01
6.758640421569375167e-01
-1.426081431440797687e-01
-1.000000000000000000e+00
1.000000000000000000e+00
1.000000000000000000e+00
-1.000000000000000000e+00
1.000000000000000000e+00
-5.809060608958250826e-01
1.000000000000000000e+00
1.000000000000000000e+00
4.405454908861196062e-01
-1.000000000000000000e+00
1.000000000000000000e+00
-1.000000000000000000e+00
-7.922438634300580373e-01
-3.366944716403024174e-01
-9.033119539395828568e-01
-1.000000000000000000e+00
9.281964008815482003e-01
-1.000000000000000000e+00
-3.207071196574411975e-01
1.000000000000000000e+00
-1.000000000000000000e+00
-8.037206903879398068e-01
-2.735627620584941133e-01
-8.570556935020143818e-01
-8.055031080571495306e-01
-1.833769605770275424e-01
2.475248371941090042e-01
-1.000000000000000000e+00
-3.192641495750357938e-01
-3.625427624191575049e-01
9.196235117760158673e-01
-3.449015779433274309e-01
-9.006404306630102496e-01
-5.387541465994847290e-01
-5.275674480907035502e-01
1.000000000000000000e+00
1.000000000000000000e+00
4.239665032941987155e-01
-1.000000000000000000e+00
1.642668705602896573e-01
-9.079343778280899446e-01
-1.000000000000000000e+00
1.000000000000000000e+00
6.689211580026630521e-01
-5.775023819336453368e-01
3.014544508673404621e-01
4.052062533851991666e-01
-1.000000000000000000e+00
5.685474836570196810e-01
5.994126948375639863e-01
-6.273565458141580065e-01
2.872306098607962377e-01
1.422794827652180127e-01
-7.778611070281025164e-01
-4.190328155893958684e-01
1.000000000000000000e+00
3.268909587432792807e-01
-1.000000000000000000e+00
5.479658860881246873e-01
-1.159317176388767745e-01
-5.021770997118930602e-01
-1.339627312545340065e-01
-1.000000000000000000e+00
1.000000000000000000e+00
-1.000000000000000000e+00
-1.000000000000000000e+00
-1.000000000000000000e+00
2.630973425579319347e-01
-2.623950200717833914e-01
1.454812171056239500e-01
3.440806640201874433e-01
-1.000000000000000000e+00
1.000000000000000000e+00
3.866904066476433144e-01
-1.000000000000000000e+00
-7.933575135325972028e-01
-1.367939117378997871e-01
1.000000000000000000e+00
-7.322273658085884929e-01
-1.000000000000000000e+00
-1.000000000000000000e+00
1.000000000000000000e+00
-1.000000000000000000e+00
1.000000000000000000e+00
-8.988869947004896055e-01
-6.869955759125252470e-01
1.000000000000000000e+00
1.000000000000000000e+00
4.062029917715959115e-01
-4.304737888504545085e-01
-1.000000000000000000e+00
4.792632442333779608e-01
1.000000000000000000e+00
1.000000000000000000e+00
1.000000000000000000e+00
-5.214962023645435263e-01
-1.000000000000000000e+00
-5.794457774237298242e-01
-1.000000000000000000e+00
7.367797319440806403e-01
-6.507083646451232717e-01
5.914941623610781019e-02
-1.298339693828158559e-01
6.529916917065420323e-03
1.000000000000000000e+00
6.729641705399316276e-01
1.000000000000000000e+00
-4.804650605125240226e-01
-3.814102831339664657e-01
9.856273883449598872e-01
-1.000000000000000000e+00
1.559902635609419219e-01
-4.932438539735665151e-01
1.000000000000000000e+00
5.893708775946948641e-02
4.521283044444546206e-01
-4.310956897761874518e-01
-1.000000000000000000e+00
-8.156909809890819929e-01
-8.009100339606297636e-01
5.121418982567026434e-01
1.634464724917543965e-01
1.000000000000000000e+00
-1.000000000000000000e+00
5.760425218950715465e-01
1.000000000000000000e+00
3.055052078145847894e-02
1.000000000000000000e+00
-1.161057678076548028e-01
-4.724068120322355568e-02
1.000000000000000000e+00
1.000000000000000000e+00
-1.000000000000000000e+00
1.000000000000000000e+00
-1.000000000000000000e+00
-8.063141880229925951e-01
3.998288669823581998e-01
1.000000000000000000e+00
-8.487994724738743280e-01
3.591784561212471028e-01
-1.702589478104050147e-01
1.000000000000000000e+00
-4.517943747502325413e-01
1.000000000000000000e+00
-6.603477432193564090e-01
-3.599049799516196302e-03
-4.457896127467583236e-01
-3.893977570262764365e-01
9.202268417060396333e-01
1.979930082398349001e-01
6.637067714690975118e-01
1.000000000000000000e+00
-1.000000000000000000e+00
-2.749172203047155483e-01
-1.000000000000000000e+00
-1.000000000000000000e+00
6.785999358152869920e-01
9.937344780506692787e-01
-9.141370175914325102e-01
4.354053989504603206e-01
4.674882357993281889e-01
-1.000000000000000000e+00
1.000000000000000000e+00
-1.000000000000000000e+00
-1.000000000000000000e+00
-1.000000000000000000e+00
-1.000000000000000000e+00
-1.000000000000000000e+00
1.000000000000000000e+00
-1.000000000000000000e+00
-1.000000000000000000e+00
4.317059545141043175e-01
-1.581074375197815962e-01
-1.000000000000000000e+00
1.000000000000000000e+00
1.000000000000000000e+00
1.000000000000000000e+00
1.000000000000000000e+00
2.117454737703461376e-01
-1.147163277342817533e-01
1.511679288095970630e-01
-1.000000000000000000e+00
-5.181756258383726221e-01
-3.837937252033144508e-01
-1.499146764492597095e-01
-1.051700306255797940e-01
-6.844082075271608057e-01
-1.995178757536644754e-01
-1.510889149133065601e-01
-4.001563064873027153e-01
7.564480272374556336e-01
-1.000000000000000000e+00
4.826453808054366190e-01
1.629087737817290771e-01
1.000000000000000000e+00
1.000000000000000000e+00
-1.000000000000000000e+00
-3.684182341543883465e-01
1.487569112642510571e-01
1.000000000000000000e+00
-3.143538485847618968e-02
1.000000000000000000e+00
-1.000000000000000000e+00
1.000000000000000000e+00
1.000000000000000000e+00
3.787070068065743200e-01
2.024950370890600815e-01
-1.000000000000000000e+00
-1.000000000000000000e+00
-9.986988749485340433e-01
7.136813988625134719e-01
-8.082647344772924125e-01
5.019108358760666633e-01
1.000000000000000000e+00
7.253462809323796279e-02
2.380551333618895482e-01
1.000000000000000000e+00
1.000000000000000000e+00
1.310254348380976985e-01
-3.315002792991401659e-01
-1.000000000000000000e+00
-7.128565647846084596e-01
9.298728408078321683e-01
-1.000000000000000000e+00
-1.000000000000000000e+00
-1.000000000000000000e+00
1.000000000000000000e+00
-1.000000000000000000e+00
2.302870032468923300e-01
1.000000000000000000e+00
1.000000000000000000e+00
1.000000000000000000e+00
1.000000000000000000e+00
-1.000000000000000000e+00
1.000000000000000000e+00
2.158926875847906324e-01
4.216628534908224424e-01
-2.726823732811475276e-01
-1.000000000000000000e+00
-1.000000000000000000e+00
-8.974362339526862353e-01
1.000000000000000000e+00
2.176825366215918711e-01
-4.384025546197412027e-01
-3.012793369132960031e-03
-1.000000000000000000e+00
7.508122029258879060e-01
-6.692555806137125973e-01
-2.414213611260350723e-01
1.000000000000000000e+00
5.536472910548311255e-01
1.000000000000000000e+00
-1.000000000000000000e+00
1.000000000000000000e+00
1.000000000000000000e+00
1.000000000000000000e+00
-1.000000000000000000e+00
1.000000000000000000e+00
1.000000000000000000e+00
1.000000000000000000e+00
1.000000000000000000e+00
-2.357685271633822577e-01
8.714576296526896915e-01
-9.126060676859489851e-01
-1.000000000000000000e+00
-1.000000000000000000e+00
1.000000000000000000e+00
1.497147749534026850e-01
-8.349084238052715268e-01
6.667665609251689496e-01
-6.267809452912607160e-01
5.829963462895616511e-01
8.246767567587637293e-02
5.232343966415634595e-01
1.000000000000000000e+00
-1.000000000000000000e+00
1.000000000000000000e+00
-1.000000000000000000e+00
-1.000000000000000000e+00
-6.030027413941919656e-01
1.000000000000000000e+00
-4.347522690806495671e-01
5.192322254994714559e-01
1.000000000000000000e+00
-1.000000000000000000e+00
2.019736369172916435e-01
-1.000000000000000000e+00
-1.000000000000000000e+00
1.486225256279715967e-01
-2.170047701321855399e-02
8.302775446127269587e-01
-9.219632604894928418e-01
-2.599860071105583037e-01
-1.000000000000000000e+00
2.798353346117687934e-02
3.239221528894410396e-01
9.153610349930999535e-01
6.516192939980062215e-01
1.000000000000000000e+00
7.019490788232904954e-01
-1.283195538019840098e-01
-1.000000000000000000e+00
-4.011348181541271041e-01
1.000000000000000000e+00
-1.000000000000000000e+00
5.415973713324927497e-01
-1.000000000000000000e+00
3.898311747923585147e-01
1.150529523402337162e-01
6.832261384204483257e-01
8.885762701494109850e-01
3.185651917084700857e-01
-2.644338776768240251e-01
1.000000000000000000e+00
1.000000000000000000e+00
5.766203250551182879e-02
-3.810338301524582860e-01
1.000000000000000000e+00
-3.233344138416296976e-01
1.000000000000000000e+00
-1.000000000000000000e+00
-1.000000000000000000e+00
-1.000000000000000000e+00
-4.892577048832564834e-01
-8.876844525651157447e-01
6.227024234047515705e-01
-9.939984209509389324e-02
2.997558509095141765e-01
-1.000000000000000000e+00
2.622408473443293420e-01
-1.000000000000000000e+00
-1.000000000000000000e+00
1.000000000000000000e+00
4.682135675094116767e-01
-1.000000000000000000e+00
6.156905163078651988e-01
-3.300138314998777855e-01
-1.000000000000000000e+00
1.669591921192041806e-01
3.086749678934476715e-01
4.207396991285535792e-01
-1.000000000000000000e+00
2.442724096977743065e-01
-8.356158545821567030e-01
1.000000000000000000e+00
-1.000000000000000000e+00
-1.946465291062898784e-01
-8.616660644792371038e-01
-7.270406039696883926e-01
-1.000000000000000000e+00
-7.365611912350653601e-01
8.790771073719700901e-01
-1.000000000000000000e+00
-1.000000000000000000e+00
1.000000000000000000e+00
-1.000000000000000000e+00
-6.466028166247395070e-01
-1.000000000000000000e+00
1.000000000000000000e+00
-1.000000000000000000e+00
1.000000000000000000e+00
-1.000000000000000000e+00
-1.000000000000000000e+00
-7.933147988014898067e-01
1.000000000000000000e+00
1.000000000000000000e+00
1.000000000000000000e+00
-1.000000000000000000e+00
1.000000000000000000e+00
4.684918657341752279e-02
-1.000000000000000000e+00
-4.856253724996310583e-01
-1.000000000000000000e+00
-2.801507072253655029e-01
-2.302390110390679645e-01
-1.000000000000000000e+00
1.000000000000000000e+00
5.692510774705321630e-01
1.000000000000000000e+00
1.000000000000000000e+00
-1.000000000000000000e+00
-5.894562948959913840e-02
1.000000000000000000e+00
1.000000000000000000e+00
-9.271088990610810709e-01
-6.662283631345053969e-01
-1.000000000000000000e+00
1.275232488599015168e-01
-1.000000000000000000e+00
-1.422007495708919045e-01
1.000000000000000000e+00
4.251053341107244310e-01
-1.000000000000000000e+00
-1.000000000000000000e+00
8.701062613187231232e-02
1.000000000000000000e+00
7.760262816622183202e-01
4.601274616924855287e-02
7.539863058404487894e-01
3.688073092929058383e-01
4.393175276860905587e-01
-5.501511893505859341e-01
2.180954776894531433e-01
-8.351318236336986445e-01
5.520700035730710109e-01
6.657665247290296406e-01
8.720269577936723415e-01
-1.258705689633128344e-01
-1.986145897730741128e-01
-1.000000000000000000e+00
1.000000000000000000e+00
1.000000000000000000e+00
-5.785703590646229522e-01
1.000000000000000000e+00
1.000000000000000000e+00
-9.347652376782331629e-01
-9.818154865727797276e-01
-1.000000000000000000e+00
-1.792204103008813165e-01
2.111303468024793295e-01
-1.000000000000000000e+00
-1.000000000000000000e+00
9.048961470775944704e-01
-1.000000000000000000e+00
1.000000000000000000e+00
1.000000000000000000e+00
-4.102643862055623813e-01
1.000000000000000000e+00
1.000000000000000000e+00
1.000000000000000000e+00
-7.393828694426489712e-01
5.204092457103721703e-01
7.750251987845746537e-01
3.278785544107499783e-01
-8.014565052693998215e-01
2.129411495612180127e-01
1.000000000000000000e+00
1.701230376069821082e-01
-9.555569524509062163e-01
6.820203224385871232e-01
5.875315252655659570e-01
8.049314589200770031e-01
1.816809633403467794e-01
1.000000000000000000e+00
1.000000000000000000e+00
9.690613826725965607e-01
4.589263327178050300e-01
-9.856323942127025450e-01
1.000000000000000000e+00
1.182054691327144025e-01
1.000000000000000000e+00
1.000000000000000000e+00
8.096044480769160057e-01
-2.545302882804114653e-01
1.000000000000000000e+00
3.972972081088659291e-01
-1.000000000000000000e+00
1.000000000000000000e+00
7.609298318075666812e-01
-4.765057941771229100e-01
1.137405189930886795e-01
-1.377483014187849686e-01
-4.229976995758715219e-01
-5.110811028649988597e-01
-1.000000000000000000e+00
1.580148829849195580e-01
1.000000000000000000e+00
-1.000000000000000000e+00
-1.000000000000000000e+00
1.000000000000000000e+00
1.000000000000000000e+00
-1.011627012428664152e-01
-7.544139975985408864e-02
9.988989030975956585e-01
-7.334436073446761739e-01
-8.236600065095384116e-01
1.000000000000000000e+00
6.064037268628399424e-01
-8.248546444874437222e-01
4.936753096186229928e-01
7.250263787831926487e-01
-5.717972460108500243e-02
1.000000000000000000e+00
1.060289338562689920e-01
-8.433392772222875200e-01
-1.000000000000000000e+00
-8.023034306698150209e-01
7.934418967517736787e-01
-3.643556807329564329e-01
-2.717358000035000609e-01
1.000000000000000000e+00
1.000000000000000000e+00
-1.000000000000000000e+00
-1.000000000000000000e+00
-9.406606755799753472e-01
-3.101829037336585326e-01
-1.000000000000000000e+00
-1.000000000000000000e+00
-4.220387508545850874e-01
-1.000000000000000000e+00
1.000000000000000000e+00
1.000000000000000000e+00
-1.000000000000000000e+00
-1.000000000000000000e+00
-1.000000000000000000e+00
-2.685030726553538916e-01
2.605220244679955499e-01
-3.306189288230894641e-01
-7.151896255143460612e-01
1.000000000000000000e+00
9.003582407401118370e-01
1.000000000000000000e+00
-7.109176965944397075e-02
1.000000000000000000e+00
-1.000000000000000000e+00
1.000000000000000000e+00
-5.506600119373350477e-02
9.688748268457687551e-01
1.000000000000000000e+00
1.000000000000000000e+00
1.206515912902071941e-01
1.000000000000000000e+00
-4.712261160254168635e-01
-1.000000000000000000e+00
-1.000000000000000000e+00
-1.000000000000000000e+00
-1.000000000000000000e+00
-5.079413370002276995e-01
-1.000000000000000000e+00
-1.000000000000000000e+00
8.341316943415719720e-01
1.618788458412230291e-01
2.407704416258929503e-01
1.000000000000000000e+00
1.000000000000000000e+00
2.945506993181457034e-02
1.000000000000000000e+00
2.120537146380034876e-01
-2.466084919580735502e-01
1.000000000000000000e+00
-1.000000000000000000e+00
4.839664059892692105e-01
-1.000000000000000000e+00
-7.821545524142892170e-01
-3.751032170990328263e-01
1.000000000000000000e+00
6.102645237691695090e-01
-3.828074202788080971e-01
-5.405429321140739485e-02
-1.000000000000000000e+00
1.000000000000000000e+00
-1.000000000000000000e+00
6.369812195490927031e-01
-5.908232455264228467e-02
-1.000000000000000000e+00
-1.000000000000000000e+00
8.309667512352922891e-01
-1.000000000000000000e+00
6.117078927661508958e-01
-1.000000000000000000e+00
-2.571376725675948993e-01
-6.551822920938744632e-01
8.116537204505975822e-01
4.515960902251856535e-01
-1.000000000000000000e+00
-8.389685026538964419e-01
8.282854866891139478e-01
-1.000000000000000000e+00
-7.754300811772191215e-01
-9.521622915207040849e-01
-1.000000000000000000e+00
-1.000000000000000000e+00
1.000000000000000000e+00
9.564781185667707852e-01
-1.000000000000000000e+00
-1.388581388946416584e-01
3.274988768312316334e-01
3.760435743260415187e-01
-2.580447399298267941e-01
-1.000000000000000000e+00
-1.000000000000000000e+00
-1.000000000000000000e+00
1.000000000000000000e+00
-2.093691102572307061e-01
1.000000000000000000e+00
-1.000000000000000000e+00
-1.000000000000000000e+00
8.044702114536178561e-01
9.885027022864488755e-01
7.278328628910240017e-01
-1.000000000000000000e+00
4.740246962635720207e-01
-1.000000000000000000e+00
-1.000000000000000000e+00
-1.000000000000000000e+00
-1.000000000000000000e+00
1.232263446546181529e-01
1.592908673329434532e-01
-6.422918279175289236e-01
2.896961040048021685e-01
1.000000000000000000e+00
5.792313073294996784e-02
-1.076215511802079972e-01
3.793147336319542262e-01
-1.468710692437464882e-01
1.000000000000000000e+00
-9.320224593343366948e-01
4.775073176684533349e-01
1.000000000000000000e+00
-4.616924624212532247e-01
1.000000000000000000e+00
2.330528320132480014e-02
1.000000000000000000e+00
2.350702604551600516e-01
-1.066207271683941582e-01
-8.168166979819174722e-01
1.000000000000000000e+00
3.024739475426652113e-01
1.000000000000000000e+00
9.424919639788631454e-01
-1.000000000000000000e+00
-7.462508407014647460e-01
-7.957717274137151575e-01
4.031670171996248886e-01
-8.994939970558835096e-01
-5.354027589101837403e-01
-7.295077383803308946e-01
-7.896782670821811401e-01
1.493634813543968098e-01
-1.000000000000000000e+00
-3.539748077447779639e-02
1.000000000000000000e+00
-8.674426579832663631e-01
1.000000000000000000e+00
-1.000000000000000000e+00
-1.000000000000000000e+00
9.752497939162109164e-01
-1.612979231476436848e-01
1.000000000000000000e+00
-4.538836213410515907e-01
-1.000000000000000000e+00
7.795861287165637421e-01
7.301587333454493400e-01
1.000000000000000000e+00
1.000000000000000000e+00
-2.148612870464842450e-01
6.790314304097870846e-01
-1.000000000000000000e+00
-1.000000000000000000e+00
-5.012770766372238729e-01
-4.525584266498610675e-01
1.000000000000000000e+00
-5.024845936188144790e-01
1.000000000000000000e+00
-1.000000000000000000e+00
-4.513543378867785894e-01
-3.444794619273787717e-01
5.006042787820746964e-01
4.550052568816203569e-01
-1.000000000000000000e+00
-5.884725150252683168e-01
-1.000000000000000000e+00
1.000000000000000000e+00
-3.442135412927322946e-01
-1.000000000000000000e+00
-8.354518846431725487e-01
1.348675205526216336e-01
-1.958613614278030268e-01
-8.077001448862455302e-01
-1.000000000000000000e+00
4.355973031653170846e-02
2.039040848699035791e-01
1.244095744375295354e-02
-1.000000000000000000e+00
1.000000000000000000e+00
1.000000000000000000e+00
-2.757424230652919528e-01
1.000000000000000000e+00
-4.754028419527844829e-02
-7.107663642152439731e-01
8.987032529768066436e-01
-1.000000000000000000e+00
3.802738950471264978e-01
-2.343486692879008237e-01
-1.000000000000000000e+00
-6.734427052539517788e-01
1.000000000000000000e+00
-6.398514298402817602e-01
4.950866316278458856e-01
2.778400335675189070e-01
-1.000000000000000000e+00
2.448019610415689828e-01
-4.178963114375896515e-01
-6.285503603810344009e-01
-5.484696728179598857e-01
9.473902857876113082e-01
4.886939234775526941e-01
-1.000000000000000000e+00
5.834885540226795175e-01
1.000000000000000000e+00
3.349300777231317694e-01
1.000000000000000000e+00
7.804012248113874062e-01
-1.000000000000000000e+00
1.000000000000000000e+00
1.000000000000000000e+00
-1.000000000000000000e+00
-9.811356155710562188e-01
1.000000000000000000e+00
-5.957748765309828221e-01
3.957172817623918482e-01
2.187064450342341981e-01
-1.000000000000000000e+00
-9.559412562790803314e-01
1.000000000000000000e+00
-4.954647360093293873e-01
1.000000000000000000e+00
5.413877474646424659e-01
-1.000000000000000000e+00
1.365682439318326447e-01
-7.032380515427001377e-01
-1.000000000000000000e+00
-1.000000000000000000e+00
-1.000000000000000000e+00
1.000000000000000000e+00
-3.106457690580671227e-01
2.486160263830972106e-01
-1.862305785997343532e-01
1.000000000000000000e+00
1.000000000000000000e+00
-8.493548078858016437e-01
2.687079450077547449e-01
-2.208067194994323135e-01
1.000000000000000000e+00
7.345166082411371811e-01
8.410031847308130359e-02
-3.460777262065473092e-01
-1.000000000000000000e+00
1.000000000000000000e+00
-1.265204575704651502e-01
-1.000000000000000000e+00
-7.127447035893793581e-01
1.000000000000000000e+00
-1.000000000000000000e+00
-5.218843395506337357e-01
1.000000000000000000e+00
1.000000000000000000e+00
-7.159210642143799541e-01
-1.000000000000000000e+00
-7.635438338369271438e-02
2.685688348762886868e-01
-2.875444498727517395e-01
-1.000000000000000000e+00
1.000000000000000000e+00
-1.000000000000000000e+00
2.693525981671502922e-01
1.000000000000000000e+00
4.619139671608116782e-01
-8.962666169586508413e-01
8.306480482755468353e-01
-1.000000000000000000e+00
1.000000000000000000e+00
6.133691790988003989e-01
-1.000000000000000000e+00
-1.000000000000000000e+00
-6.667545873304121518e-01
5.879831257555259150e-01
3.760488783342672559e-01
1.000000000000000000e+00
-3.872135710608792802e-01
7.065293774425557283e-02
1.000000000000000000e+00
7.289463583725719342e-01
1.000000000000000000e+00
6.158174787805372752e-01
-1.000000000000000000e+00
-1.000000000000000000e+00
-8.983839184345332463e-02
6.245866429871219649e-01
1.000000000000000000e+00
-7.522248947047665002e-01
1.000000000000000000e+00
-5.428145543907816339e-01
9.727700684516726870e-03
-6.082308613420586707e-02
1.000000000000000000e+00
-4.503683897674803371e-01
-2.336061702960470499e-01
4.637644686808735650e-01
-1.000000000000000000e+00
8.089769558860500087e-01
-5.722352934339519637e-01
1.000000000000000000e+00
3.463567085414769320e-01
-1.000000000000000000e+00
-1.584586654535505290e-01
1.000000000000000000e+00
1.000000000000000000e+00
4.730798924010819473e-01
-1.059456857104339039e-01
2.057591249451767856e-01
-1.000000000000000000e+00
-9.569196450196242321e-01
-5.913212959708016303e-01
1.000000000000000000e+00
9.896869264657226495e-01
3.306447573741196910e-01
1.000000000000000000e+00
-1.000000000000000000e+00
1.000000000000000000e+00
1.000000000000000000e+00
1.000000000000000000e+00
-1.000000000000000000e+00
-7.388280155832697149e-01
3.730057264696179375e-02
-1.000000000000000000e+00
-3.999783194148297527e-01
-9.095136300883297498e-01
9.534037907177130844e-01
-3.684602619964648662e-01
7.163941610882563760e-01
-8.739684803466234442e-01
1.000000000000000000e+00
1.000000000000000000e+00
1.000000000000000000e+00
1.422346489267696246e-01
-5.155497539547483354e-01
-1.000000000000000000e+00
-1.000000000000000000e+00
-3.489532416060021625e-01
1.000000000000000000e+00
2.901847155229719810e-01
-6.247842791691671227e-01
2.436021835451539497e-01
7.745827505654989675e-01
7.086168229939784347e-01
3.465458964638635786e-01
-1.000000000000000000e+00
-2.100712308316390331e-01
4.629799124145683731e-02
-1.000000000000000000e+00
1.000000000000000000e+00
1.000000000000000000e+00
5.313143821337236172e-01
-9.084436163961868704e-01
1.000000000000000000e+00
3.849074368646610012e-02
-2.516597302396061941e-01
1.000000000000000000e+00
2.341813223980684366e-01
-6.051261649084866967e-01
1.000000000000000000e+00
-4.444530199950446070e-01
1.000000000000000000e+00
9.653686222031935271e-01
-1.000000000000000000e+00
5.786481918516130918e-01
-1.000000000000000000e+00
5.462847673410899940e-01
6.112081025677061907e-01
-1.598915685538893072e-01
1.000000000000000000e+00
5.760814421770537042e-01
1.000000000000000000e+00
-1.000000000000000000e+00
6.571239923338423328e-01
-2.316461169982538815e-01
-1.000000000000000000e+00
-1.000000000000000000e+00
3.080316202213516652e-01
3.409702174978184175e-01
8.230577295817446126e-01
-7.592650706065016131e-01
-7.278802119026073214e-01
-1.000000000000000000e+00
-1.000000000000000000e+00
-2.079757940101129021e-02
1.000000000000000000e+00
-1.000000000000000000e+00
-1.000000000000000000e+00
-1.000000000000000000e+00
-1.000000000000000000e+00
-3.166046766709216254e-01
-1.000000000000000000e+00
8.881838441844589482e-01
-4.136752567670982650e-01
-3.279254742736141259e-01
6.754660659038350667e-01
1.000000000000000000e+00
3.347523870917115119e-01
1.000000000000000000e+00
-6.143838512320536349e-01
-1.000000000000000000e+00
-1.000000000000000000e+00
-1.000000000000000000e+00
1.000000000000000000e+00
1.000000000000000000e+00
-1.000000000000000000e+00
-1.000000000000000000e+00
1.000000000000000000e+00
1.000000000000000000e+00
-1.000000000000000000e+00
-1.000000000000000000e+00
-3.107800549858222849e-01
1.000000000000000000e+00
-1.000000000000000000e+00
-5.644245214678598188e-01
1.947057363082916881e-01
7.052781246742740873e-01
7.683192216566319122e-01
1.000000000000000000e+00
-3.418485266916136966e-01
3.638573539409042934e-01
1.000000000000000000e+00
-1.000000000000000000e+00
1.000000000000000000e+00
1.000000000000000000e+00
-1.000000000000000000e+00
-1.000000000000000000e+00
-1.293714553564433434e-01
1.000000000000000000e+00
-7.348591678475211442e-01
3.502198640089408954e-01
1.118368739678208268e-01
-5.169453915252733012e-01
3.081282136176385356e-01
8.578431611447565608e-01
2.876426060492113246e-01
6.195711133705509299e-01
-8.830810235884962722e-01
8.487309607975638270e-01
-1.000000000000000000e+00
1.000000000000000000e+00
-5.121619743260481528e-01
-3.177709294932854478e-01
8.229652680338837012e-01
-8.585614218244945750e-01
-8.995398026498966360e-01
1.000000000000000000e+00
-1.683711005109817527e-01
-1.000000000000000000e+00
2.044050243314288196e-02
-1.000000000000000000e+00
-4.279091131490918576e-01
-1.000000000000000000e+00
1.000000000000000000e+00
4.409970497254289690e-02
4.224065099906495480e-01
-3.893485811397165985e-01
6.289436644296065859e-01
-5.431794194107070206e-01
-5.932905504596948099e-01
-1.000000000000000000e+00
3.075607997761253820e-01
-1.000000000000000000e+00
-1.000000000000000000e+00
-3.758411755231611528e-01
-3.582762785546839135e-01
-9.122135780961833085e-01
-2.955378988541900176e-01
-3.123631892761307705e-01
8.890577901105908287e-01
-1.939095294767912980e-01
5.548210738240728634e-01
-1.000000000000000000e+00
1.000000000000000000e+00
-1.000000000000000000e+00
1.000000000000000000e+00
-1.000000000000000000e+00
-4.722522748152313543e-02
1.000000000000000000e+00
1.000000000000000000e+00
1.000000000000000000e+00
-3.427110024859514326e-01
-1.000000000000000000e+00
5.626620172222339678e-01
2.881223086705201331e-01
1.000000000000000000e+00
-9.189478224630905911e-01
1.000000000000000000e+00
1.000000000000000000e+00
1.000000000000000000e+00
7.593630384394993715e-01
-8.094646736653501318e-01
-1.000000000000000000e+00
1.000000000000000000e+00
-8.006496701814304062e-01
4.794928312045899643e-01
1.441306477319470591e-02
-1.000000000000000000e+00
1.000000000000000000e+00
-1.000000000000000000e+00
9.728607375640361266e-01
-1.000000000000000000e+00
-1.000000000000000000e+00
-1.000000000000000000e+00
-3.581073082521628592e-01
5.595545459646074082e-01
1.000000000000000000e+00
-6.899554183587204292e-01
5.775718456897006581e-01
1.000000000000000000e+00
5.635247866825905394e-01
1.000000000000000000e+00
-6.591107985695552340e-01
-8.513398883641135617e-01
-1.830492006555384243e-02
-1.247349151597722389e-01
8.771991022842048347e-01
2.185510752527062284e-01
-5.710437959030432165e-01
-1.000000000000000000e+00
1.000000000000000000e+00
-3.065296032393326486e-01
1.000000000000000000e+00
-1.000000000000000000e+00
1.000000000000000000e+00
-5.700917380052998862e-01
-6.734742680062997255e-01
4.812894300808051584e-01
-2.422732377010876348e-01
9.749293220365037316e-01
-7.709813203076794075e-01
7.690658017316929218e-01
-1.051329172104555898e-01
-4.726818132573940012e-01
-4.280670491339076955e-01
-1.000000000000000000e+00
6.725777223379482139e-01
-1.000000000000000000e+00
1.000000000000000000e+00
-2.695120526998601163e-01
5.276158238127622857e-01
-1.000000000000000000e+00
-1.849537161382770467e-01
1.000000000000000000e+00
1.000000000000000000e+00
-1.000000000000000000e+00
8.520184258678004108e-01
1.000000000000000000e+00
-1.000000000000000000e+00
2.067646780052558864e-01
1.000000000000000000e+00
2.247087292366844458e-01
1.000000000000000000e+00
-3.093186913759335965e-01
-7.183478075188765022e-02
-1.327273843070802539e-01
-1.000000000000000000e+00
-3.557369701503568793e-01
-8.550144530595753523e-01
-4.112836203257948520e-01
-1.000000000000000000e+00
-4.308489463490534077e-01
1.303992568119205497e-01
-5.346769985716364193e-01
-1.000000000000000000e+00
1.000000000000000000e+00
-6.365544104777589585e-01
-1.000000000000000000e+00
8.281256780830902331e-01
-8.470767523923927733e-01
-3.785127802667536123e-01
-5.896810502637505058e-01
1.000000000000000000e+00
-1.000000000000000000e+00
-3.593902681032063451e-01
3.021745758746763322e-01
5.719940320059748728e-01
5.480042912332683258e-01
1.000000000000000000e+00
-1.000000000000000000e+00
4.499912493129598623e-02
-5.965367566169346158e-01
1.000000000000000000e+00
9.855902514868282172e-01
8.475150449229298388e-01
7.276729075613997955e-01
-2.717720656190972806e-01
-1.000000000000000000e+00
1.000000000000000000e+00
-2.115550867558160242e-01
1.000000000000000000e+00
1.000000000000000000e+00
-1.000000000000000000e+00
1.000000000000000000e+00
-1.290483028977081614e-01
-1.000000000000000000e+00
9.315315023602248612e-01
1.000000000000000000e+00
-8.715977465439379568e-01
-1.000000000000000000e+00
6.384739263335903470e-01
1.000000000000000000e+00
-1.000000000000000000e+00
1.000000000000000000e+00
-1.000000000000000000e+00
3.040207224476352277e-01
1.000000000000000000e+00
1.000000000000000000e+00
5.264123690943246503e-01
5.813924715147246181e-01
1.000000000000000000e+00
-1.000000000000000000e+00
-1.000000000000000000e+00
-5.503148885129163226e-01
-4.572028821337527082e-01
1.000000000000000000e+00
-1.000000000000000000e+00
-1.000000000000000000e+00
7.487283434605140897e-01
-2.775717648934656889e-01
8.821073253961662086e-01
-1.000000000000000000e+00
-6.395799760915560350e-01
-6.725161704955739950e-03
9.800297508427864290e-01
4.036910378365724528e-01
1.000000000000000000e+00
-2.636704048377387366e-01
1.948167912270676316e-03
1.000000000000000000e+00
-3.242603895024801508e-01
1.578415904024133010e-01
1.000000000000000000e+00
1.000000000000000000e+00
-1.000000000000000000e+00
1.000000000000000000e+00
-8.663632453081279716e-02
1.000000000000000000e+00
-9.865231433014431950e-02
7.357743548323620875e-01
-1.000000000000000000e+00
1.000000000000000000e+00
1.000000000000000000e+00
9.411702788126419250e-01
-8.447708220563304726e-01
5.881967201265665413e-01
-1.000000000000000000e+00
3.413288521901867156e-01
-1.000000000000000000e+00
1.000000000000000000e+00
-1.000000000000000000e+00
1.000000000000000000e+00
1.000000000000000000e+00
6.008159800658551264e-01
3.940668297007070553e-01
-4.569376688396842301e-01
1.000000000000000000e+00
5.085593009221389682e-01
1.000000000000000000e+00
-8.643425566821079098e-01
-1.000000000000000000e+00
7.835411213052785318e-01
-3.324699664922861064e-01
-3.840339591057099211e-01
1.000000000000000000e+00
-7.489085422257717450e-01
6.136239906468594629e-01
-1.000000000000000000e+00
-7.970079189032752698e-02
1.000000000000000000e+00
-1.000000000000000000e+00
7.590297729424031470e-01
5.152017263503425593e-01
1.000000000000000000e+00
-6.754588304146486033e-01
5.172641859955293686e-01
-8.998791877854397381e-01
-6.013705873132455526e-01
4.738267347457257861e-01
-1.000000000000000000e+00
-1.000000000000000000e+00
-1.000000000000000000e+00
-5.807599061646494532e-01
-1.000000000000000000e+00
1.000000000000000000e+00
2.113432702751550929e-01
-1.000000000000000000e+00
-1.302314091099191495e-01
-1.000000000000000000e+00
7.840663823428506429e-01
4.748590052842945330e-01
-9.999128196038715721e-01
1.000000000000000000e+00
1.000000000000000000e+00
5.298309121693172141e-01
-2.436941277484092616e-01
-1.000000000000000000e+00
-7.003246223288360772e-01
6.785462678039950735e-01
-1.599528261880320823e-01
3.000589462793601392e-02
-1.000000000000000000e+00
6.579417476274129761e-02
1.000000000000000000e+00
1.000000000000000000e+00
-1.000000000000000000e+00
8.865992650608993664e-01
-1.906726238519415584e-01
7.075568088491044350e-01
-6.972320537852105815e-01
-1.000000000000000000e+00
1.684610429151911504e-01
1.000000000000000000e+00
1.000000000000000000e+00
-9.145331063080934797e-01
-1.000000000000000000e+00
2.592470087586083716e-02
-8.088546432350471882e-01
1.000000000000000000e+00
-2.561105593753876808e-01
2.267342261421027017e-01
-1.000000000000000000e+00
1.311463091067584519e-01
-5.316319819042080175e-01
-3.320478951399198908e-01
3.541108622519869575e-01
3.132642492892470099e-01
-1.000000000000000000e+00
-1.000000000000000000e+00
-1.555038439662377869e-01
-1.000000000000000000e+00
-1.070576384647637935e-01
1.000000000000000000e+00
1.200464827735620021e-01
-1.000000000000000000e+00
-6.046592969260982109e-01
-3.644652776898623658e-01
1.000000000000000000e+00
-1.000000000000000000e+00
-1.000000000000000000e+00
2.156187869132738522e-01
1.000000000000000000e+00
-4.517701138031646746e-01
1.000000000000000000e+00
-1.000000000000000000e+00
-3.005276602901947314e-01
1.000000000000000000e+00
1.000000000000000000e+00
1.000000000000000000e+00
-1.000000000000000000e+00
-5.462543741576371126e-01
-1.663849706034054021e-02
-7.442880859461739051e-01
9.515525543090014304e-02
-6.643921054523389547e-01
-8.161504157715668839e-01
-8.056585257900483743e-01
-1.000000000000000000e+00
9.073295263273839506e-01
8.298037095895578474e-01
3.104738889751290642e-01
-1.000000000000000000e+00
1.000000000000000000e+00
-5.870834914877967048e-01
1.000000000000000000e+00
-8.019702849100101005e-01
9.167311673089606483e-01
1.000000000000000000e+00
-2.544900002515843029e-01
-1.000000000000000000e+00
8.549906380786932436e-01
-6.722831761036849318e-01
1.000000000000000000e+00
-1.000000000000000000e+00
3.162813309220192659e-01
1.000000000000000000e+00
1.000000000000000000e+00
6.489468958348235672e-01
2.611168760441647807e-01
-1.000000000000000000e+00
7.344491355170640334e-01
1.000000000000000000e+00
6.489272174565490214e-01
1.000000000000000000e+00
-4.944847221139223592e-01
-1.000000000000000000e+00
-5.136127377174417585e-01
6.400837305287265799e-02
-4.029506564645246591e-01
-1.000000000000000000e+00
6.854669553781214120e-01
-1.548672322890400910e-01
-9.419826588998536643e-01
3.550876025056999286e-01
-1.000000000000000000e+00
-1.981691418159726992e-01
1.889697391784389557e-01
-1.618396878759478241e-01
9.025672807525611518e-02
-3.175354655976697638e-01
1.000000000000000000e+00
2.004599356421743472e-01
6.318457292433096173e-01
-8.773405134880021827e-02
-2.872202294104000408e-01
5.266719599407609920e-01
-1.000000000000000000e+00
1.000000000000000000e+00
-1.000000000000000000e+00
-4.457445813979699079e-01
1.000000000000000000e+00
-1.000000000000000000e+00
2.206333724338656044e-01
-6.371531160712631259e-01
1.000000000000000000e+00
-1.000000000000000000e+00
1.000000000000000000e+00
1.000000000000000000e+00
-1.000000000000000000e+00
1.293125030159145150e-01
-9.117254390256241958e-01
-6.034755285793204083e-01
6.715756328190344293e-01
5.782568719506553379e-02
-1.054575406574921465e-01
1.000000000000000000e+00
1.000000000000000000e+00
-1.000000000000000000e+00
1.000000000000000000e+00
1.000000000000000000e+00
6.211624493891696464e-01
-1.000000000000000000e+00
-9.059073777924758764e-01
-3.456233254170371083e-01
-1.000000000000000000e+00
1.000000000000000000e+00
1.000000000000000000e+00
1.626831066475652454e-01
1.000000000000000000e+00
-1.000000000000000000e+00
2.907311479505343410e-01
-8.186524495119008593e-01
-6.207488569017898250e-01
-8.484637376778700890e-01
1.000000000000000000e+00
-3.437245378382271510e-01
-1.000000000000000000e+00
1.000000000000000000e+00
-1.411226787914766356e-01
-1.000000000000000000e+00
1.000000000000000000e+00
1.000000000000000000e+00
2.933699512774176066e-01
1.000000000000000000e+00
-2.529800669713438976e-01
-1.000000000000000000e+00
3.054052800139486212e-01
-1.000000000000000000e+00
1.000000000000000000e+00
-1.000000000000000000e+00
-2.878195901064584117e-02
-1.253372571746446118e-01
1.000000000000000000e+00
1.000000000000000000e+00
-1.000000000000000000e+00
1.000000000000000000e+00
1.579845861013527419e-01
-1.000000000000000000e+00
-1.000000000000000000e+00
-8.718599562256226232e-01
1.000000000000000000e+00
1.000000000000000000e+00
1.000000000000000000e+00
2.386935088103740998e-01
-5.799259908580385314e-01
-8.509854092497652900e-01
-1.000000000000000000e+00
1.000000000000000000e+00
1.000000000000000000e+00
-1.000000000000000000e+00
-1.000000000000000000e+00
1.000000000000000000e+00
1.000000000000000000e+00
5.484926776731784415e-01
3.152752806185588064e-02
-1.000000000000000000e+00
4.168238877695309985e-01
-1.000000000000000000e+00
-1.000000000000000000e+00
9.697791873846375310e-01
-1.000000000000000000e+00
8.051432308018759976e-01
-7.688289631482980724e-01
1.000000000000000000e+00
-2.934683636538490958e-01
2.419378362954991146e-01
-9.768305041895555263e-01
-4.257351881630400681e-01
6.621570486439987135e-01
-9.069590073803246444e-01
2.167600444335369136e-01
-3.745322704302000982e-01
-1.741870710395959643e-01
1.000000000000000000e+00
-1.000000000000000000e+00
-7.266623945042479660e-01
1.000000000000000000e+00
1.000000000000000000e+00
9.640977360277387387e-01
-3.702437662744894609e-01
-9.081846524134984389e-01
-5.209965824289490843e-01
1.000000000000000000e+00
-1.856101353313422964e-01
-1.000000000000000000e+00
2.444909286125384051e-01
6.549535261282555254e-01
-1.000000000000000000e+00
-6.635744562270875502e-01
7.571592629090928561e-02
-4.826373943215108708e-01
1.000000000000000000e+00
-1.000000000000000000e+00
4.174242156314773577e-01
1.000000000000000000e+00
-1.000000000000000000e+00
-1.000000000000000000e+00
1.000000000000000000e+00
-1.000000000000000000e+00
1.000000000000000000e+00
-8.205002295969515691e-01
-1.000000000000000000e+00
4.249376264112794122e-01
6.040975233033083480e-01
3.905854584245282979e-02
-9.695169203711694328e-01
1.000000000000000000e+00
7.003587089876177618e-01
9.410959423076781238e-01
-1.000000000000000000e+00
-9.161473147553467200e-02
5.927807298772673761e-01
-8.984636492835598176e-01
-6.487627106761184592e-02
1.099043258873635409e-01
4.018091017536393195e-01
-5.282132299563200295e-01
7.038296198323608088e-01
8.613956056373504033e-01
-1.000000000000000000e+00
-4.389990542159344367e-01
1.280373250192741175e-01
4.971323193897768666e-01
-1.251678623449425931e-02
-9.941819068223834988e-01
-7.298152932687023142e-01
4.967962888518302478e-01
1.000000000000000000e+00
3.603307978206966578e-01
1.000000000000000000e+00
-9.809526769655044776e-01
-3.089894497871068513e-01
8.943477180802275051e-01
-1.000000000000000000e+00
-4.754302116814456136e-01
1.000000000000000000e+00
3.744511663200855711e-02
-6.041226124778216189e-01
9.706255410872242084e-01
-4.255234173548537724e-01
-1.000000000000000000e+00
-3.621468789588544457e-02
8.473503487182898475e-01
5.425170272456814047e-02
-1.000000000000000000e+00
-1.000000000000000000e+00
1.212974081828338546e-01
-5.787791280114611414e-01
-1.384478410773792856e-01
1.000000000000000000e+00
3.416414925140289771e-01
1.000000000000000000e+00
1.000000000000000000e+00
1.000000000000000000e+00
1.000000000000000000e+00
9.845370162591670082e-01
6.982056489850402281e-01
-1.264542462117781429e-01
-1.000000000000000000e+00
-2.439339545764820927e-01
7.286308326392054724e-01
9.189810363071035937e-01
-5.649131142838063058e-01
-1.000000000000000000e+00
1.000000000000000000e+00
2.668190265697701902e-01
-1.000000000000000000e+00
1.000000000000000000e+00
1.000000000000000000e+00
-1.283626924780169043e-01
6.125786611077769228e-01
-5.599556929485629553e-01
-2.824091296124123796e-01
-1.000000000000000000e+00
3.292545829947048919e-01
9.608708517532627003e-01
1.000000000000000000e+00
7.650082397988915428e-01
6.101646053787213031e-01
-1.000000000000000000e+00
8.720774209455950388e-02
-1.000000000000000000e+00
1.000000000000000000e+00
9.549411983193072384e-01
-1.000000000000000000e+00
8.143476057161747050e-01
-1.000000000000000000e+00
1.000000000000000000e+00
1.000000000000000000e+00
5.444743542165189076e-01
-1.000000000000000000e+00
-4.660160727885999665e-01
-1.000000000000000000e+00
-9.652491863615059176e-01
1.000000000000000000e+00
1.000000000000000000e+00
1.000000000000000000e+00
-4.643694074382741510e-01
1.000000000000000000e+00
1.000000000000000000e+00
1.000000000000000000e+00
1.000000000000000000e+00
-8.052422669460379545e-01
1.253819967994490581e-01
9.129561754669067719e-01
-1.000000000000000000e+00
-1.000000000000000000e+00
-9.700435296807909946e-01
-2.350068201074249630e-01
2.031089913052999407e-01
-1.000000000000000000e+00
-1.000000000000000000e+00
5.382438129360005430e-01
-1.000000000000000000e+00
-6.448024594331007719e-01
1.000000000000000000e+00
6.347878167536684380e-02
-1.000000000000000000e+00
4.924245021344979545e-01
1.000000000000000000e+00
3.153972577704833302e-02
-9.523220511967829260e-01
-1.936595259480691222e-01
7.891285230673237283e-01
1.000000000000000000e+00
3.993486926127137737e-01
1.000000000000000000e+00
-1.000000000000000000e+00
1.000000000000000000e+00
-1.371339052735062181e-01
-1.000000000000000000e+00
-1.000000000000000000e+00
-5.923428866698360329e-01
2.696788117911605998e-01
1.000000000000000000e+00
-1.000000000000000000e+00
1.000000000000000000e+00
1.000000000000000000e+00
-6.374547265513224037e-01
-2.059305023842883386e-03
-1.000000000000000000e+00
4.595539960815728797e-01
-1.000000000000000000e+00
-9.033532861471867959e-01
1.000000000000000000e+00
-5.088780126343397381e-01
6.889002168939208914e-01
-1.000000000000000000e+00
-1.000000000000000000e+00
-1.000000000000000000e+00
1.000000000000000000e+00
-5.375367957775660788e-01
-1.000000000000000000e+00
4.855537660453938531e-01
-1.029979270263010060e-01
1.000000000000000000e+00
1.000000000000000000e+00
1.000000000000000000e+00
-1.000000000000000000e+00
-1.000000000000000000e+00
8.192811170827190015e-01
1.000000000000000000e+00
1.000000000000000000e+00
1.000000000000000000e+00
-2.209572982691508924e-01
-1.000000000000000000e+00
-1.000000000000000000e+00
-1.000000000000000000e+00
5.584204977389251034e-02
1.000000000000000000e+00
-1.000000000000000000e+00
7.411144877689646027e-01
1.775709656946965476e-01
5.097687943274717970e-01
1.000000000000000000e+00
6.163866181261500321e-01
-1.000000000000000000e+00
1.000000000000000000e+00
8.395858013868210401e-01
-6.706926134042912047e-01
5.052207941574471395e-02
5.859950739563931643e-01
6.715149469498713497e-01
-1.000000000000000000e+00
-7.804496489175373197e-01
-1.000000000000000000e+00
-1.000000000000000000e+00
-1.000000000000000000e+00
2.922406784312691075e-01
5.591194567616653011e-02
1.000000000000000000e+00
3.498672847648715001e-01
-6.964673739536260122e-01
1.000000000000000000e+00
-6.943460413823552280e-01
4.592773328000688826e-01
2.058597207675368357e-01
-3.848362038795641316e-01
1.000000000000000000e+00
-5.803281060533660440e-02
2.034659644519782873e-01
-1.000000000000000000e+00
-9.477842698075475969e-01
1.000000000000000000e+00
5.606597401835478056e-02
-7.747029790685825423e-01
-4.319686889320175638e-01
1.000000000000000000e+00
1.000000000000000000e+00
1.092560153194443995e-01
2.247913990522303340e-01
-3.412053014944183005e-02
2.923885715250991724e-01
-1.000000000000000000e+00
-1.756348886474232707e-01
8.304890155529414120e-01
-1.000000000000000000e+00
-5.833984652070380861e-01
-2.774678267640079410e-01
7.299382894755428453e-01
-1.000000000000000000e+00
6.931741519425815845e-02
2.220329007270780419e-01
1.948555809829566332e-01
-7.352202871925483940e-01
1.000000000000000000e+00
-6.441979577850838190e-01
-9.577596568499635588e-01
1.424492486862348195e-01
-5.885076148701712251e-01
9.112947362344187008e-01
1.000000000000000000e+00
1.000000000000000000e+00
-1.000000000000000000e+00
-6.929282808449523934e-01
-4.842152009918931910e-02
-1.000000000000000000e+00
1.000000000000000000e+00
-1.000000000000000000e+00
-7.208977174991082482e-01
1.000000000000000000e+00
-1.000000000000000000e+00
-1.000000000000000000e+00
-1.000000000000000000e+00
8.262902578883430937e-01
-1.000000000000000000e+00
-1.652197865999628368e-01
6.950864351223512427e-01
-3.234488468196590749e-01
5.979148401806503310e-01
-1.000000000000000000e+00
-6.098415898599820473e-01
-1.000000000000000000e+00
-7.737154175614923135e-01
1.000000000000000000e+00
1.000000000000000000e+00
7.624113083475919650e-01
-1.000000000000000000e+00
1.000000000000000000e+00
-1.000000000000000000e+00
-3.709012487544682823e-01
1.000000000000000000e+00
-1.000000000000000000e+00
3.380214397701555296e-01
4.497071174253368664e-01
-1.000000000000000000e+00
-2.578035025970160099e-02
1.000000000000000000e+00
-1.005092353668374516e-01
4.390520467895011603e-01
2.491034223030562100e-01
1.195107070680334616e-01
8.593956523856609575e-01
7.853521669396379412e-02
5.432807679734292794e-01
1.000000000000000000e+00
-1.000000000000000000e+00
1.000000000000000000e+00
-6.101337325758819929e-01
2.077508583073353066e-01
-7.045617124124314845e-01
8.100285273945933007e-01
5.621065248994947527e-01
1.000000000000000000e+00
-1.000000000000000000e+00
7.298808498707605175e-01
1.000000000000000000e+00
8.217965390955089822e-01
1.000000000000000000e+00
8.382815611103858755e-01
-5.806549003071092008e-01
-2.820040140117697769e-01
-7.234779774161641530e-01
1.000000000000000000e+00
5.770391572189451090e-02
4.015510774718504816e-01
-1.000000000000000000e+00
3.472629823859296749e-02
4.314518127825245353e-01
8.070558828984533140e-01
1.000000000000000000e+00
5.726892305418211926e-01
1.000000000000000000e+00
1.000000000000000000e+00
-1.000000000000000000e+00
8.713777399976870841e-01
2.727947021629332225e-01
1.000000000000000000e+00
-6.189985292639904602e-01
-1.000000000000000000e+00
-1.000000000000000000e+00
-1.000000000000000000e+00
1.000000000000000000e+00
-1.000000000000000000e+00
-1.000000000000000000e+00
-8.840646630746507029e-01
