1.863014750984970935e-01
-1.352127430171268241e-01
-2.941427602056583268e-01
-4.097053632399965117e-01
-3.124776332274422641e-01
-1.789849601272299751e-01
-1.532562936660677166e-01
-2.304851132023182370e-01
6.785288894786277447e-02
-2.971400470326175935e-01
2.578655465472396435e-01
-1.804568913463351632e-01
3.678537664354123993e-01
-2.594130545595997872e-01
-5.135572054406496723e-02
-1.244853537902507190e-01
-1.723009382168185222e-01
-1.034213254904335494e-01
-3.353693260141490246e-02
-6.348542194698410246e-02
-1.547600205637404969e-01
-2.265118059136627671e-01
-1.367100152521988909e-01
1.827369955708506299e-01
-3.337880284400195352e-01
1.460991457700642204e-01
1.769986446292632840e-02
1.644504857505562634e-01
-4.587930332850086862e-02
-1.803086324831350007e-01
-2.340047876998620491e-01
2.067182291809196437e-01
-6.028754436166222641e-02
3.416621184719073612e-01
3.738845685959990006e-01
1.739841263322422504e-01
-1.091370714416596555e-02
-2.221881927742006546e-01
-8.775584416619097716e-02
-3.117749873593324006e-01
2.851052518520974868e-02
-9.621714102877611252e-02
-4.100657803084688940e-02
-3.428245521106398908e-01
-1.141995380030211282e-02
2.684007777362920968e-03
1.477535462362163793e-02
1.264185687447132445e-01
-8.848227765277534573e-02
2.932158506927753927e-01
1.855927776028807319e-01
-1.892698394888571167e-01
1.457699601165484598e-03
-2.126227551983461417e-01
1.666114824411042139e-01
-3.362636847466075607e-01
5.503827478288914055e-02
9.829235826550365707e-02
-4.057875769974240987e-02
-2.679878308679504717e-01
-4.642981953287965702e-01
-3.371673007166908764e-02
1.079280683136638747e-01
4.686155657970271504e-02
6.314078171166903619e-02
1.753167676878327752e-01
2.097938133383949466e-01
1.142276263591285590e-01
-8.171627242338311281e-02
2.239724550685743554e-01
1.553753839217884847e-01
2.556625279849390475e-01
4.155730313834851142e-01
2.463510419652260863e-01
1.108959483496478188e-01
-3.171493788048500573e-01
-4.935666149459665142e-02
-5.624245435778260638e-02
8.571156463520497593e-02
1.512194051030947006e-01
-4.163128309309829800e-01
-2.218182359707039086e-01
4.047300366322444942e-01
-6.716601746782464855e-02
4.234030838985602951e-01
-3.153215844885524088e-01
1.162958925091158412e-02
3.649303048066455252e-02
1.888968067127676509e-01
-3.609803350904201846e-02
-3.063540340139437879e-01
5.347705423203515974e-03
-1.828712824657886815e-01
1.374107356848755790e-01
6.705129469544371390e-02
-8.862966888907522489e-02
-1.353187485373985033e-01
2.105714393249550065e-01
1.974221996124772907e-02
6.130026424723541284e-02
2.340661737659190389e-01
3.719656723592299624e-02
-1.857946292747661710e-01
7.364879879767924353e-02
-1.868412466609450651e-01
-1.647501084400693760e-01
8.458333195597933507e-02
3.533286037544368652e-01
2.749221656557979121e-01
-4.015512595944456531e-01
-3.679832619991181553e-02
-1.555302615571375544e-02
-2.605363181504374848e-01
1.672229513286526414e-01
3.735513882963613641e-01
1.845620876280059108e-01
-5.009142730062049464e-01
-1.805538469869112075e-04
-3.593540585496552819e-03
-9.962528413758958701e-02
-1.311742951672600910e-01
1.269704724566665666e-01
2.472345413978532802e-01
-1.320851765190784836e-02
-4.294295706360839460e-01
6.789401952394341633e-02
-2.329680368091125719e-01
4.558733080980264529e-01
1.719669733693499625e-01
2.372986008092370092e-01
1.229684278378778278e-01
2.981792925128475269e-01
1.239435699493689549e-02
9.875315574009262132e-02
6.056979136855619381e-03
-1.379879216212703645e-02
-2.792009830023331474e-01
2.020448133176792060e-01
-2.124598575252379939e-01
-2.627663759099971297e-01
2.179616919987680257e-01
-7.715092338211581788e-03
5.799745259043151413e-02
1.498324118529032467e-01
-2.181810701376797890e-01
-6.670406287073578355e-02
2.122139714590508264e-01
1.295448632151381951e-01
6.695919915666552480e-02
-3.515932855531260781e-01
-2.105979079237313145e-01
-5.064672298555440016e-03
1.302833342583992471e-01
-1.314153605579279072e-01
-2.460792288860337400e-03
-1.156909779601869998e-01
-9.838341508282068271e-02
9.406484037340775983e-02
9.637581156342876765e-02
5.678392119899396823e-02
2.755192625416133870e-02
5.008483938788436951e-02
9.043257275002140883e-02
-1.788106902235895579e-01
-1.142391371838376302e-01
-1.675374997746379158e-01
5.314960072810475528e-02
1.863909257045651413e-01
9.448201004523087976e-02
-6.877482579323217216e-02
-4.139360888550153161e-01
-5.917721635717808348e-02
2.241114978830029691e-01
4.798034846930049890e-01
3.965058591485146750e-02
-3.787970994411032355e-01
-4.646528750565950827e-02
-2.662804816069366254e-01
1.254041205872644671e-01
1.917259613594232415e-01
6.994805321694512815e-03
5.724531927191118807e-01
-2.886218773281825634e-01
2.330092457142761697e-01
-2.262704210312255215e-01
2.651898642060341871e-01
3.674843104154636997e-01
-1.435326082496439504e-01
2.652019439582894642e-02
3.181334672589141710e-01
2.054252214495521922e-01
-6.468859667365661759e-02
3.093793542258598765e-03
1.274316240336831607e-01
2.533146392669859970e-01
3.065999970487424120e-01
-5.873652573981957142e-02
-5.070594496613043400e-01
4.535678244883392662e-02
3.682976437810547843e-02
-2.094676623831450424e-01
-1.866983007939648775e-01
-2.520159318318837549e-01
2.265263130136404039e-04
2.455777440003611978e-02
-6.934338698372393729e-04
2.101924930296934432e-02
1.266057649112930783e-01
-1.111170249909772430e-02
9.774879535202699032e-02
-3.243354393190768792e-01
1.902300698510479837e-01
-2.670277851043175166e-01
-2.204968943398556702e-01
1.748800598967656661e-01
-7.632796788995319104e-02
-1.200733724319616967e-02
4.777844342045833165e-02
3.724421303128688243e-01
8.169575605869082435e-02
-6.217285990285530139e-02
-3.791751123011797286e-01
3.555261074600615245e-01
-2.275940844942061225e-01
2.668764696328619901e-01
-3.792759129349548286e-01
1.862536249104198849e-01
-1.229419520559401902e-01
1.053492064561318692e-01
1.651127606091954692e-01
5.111545609984248228e-01
-2.170453539723115888e-01
3.510687660175410008e-02
-4.689759229070708524e-02
-1.123067731121738660e-01
1.523319710121306403e-01
-2.888573919595548989e-01
8.101639886332073770e-02
4.278840099610317638e-02
1.165427299883868423e-01
-6.657844521198166832e-02
1.813663960488752780e-01
-7.890234330945135321e-03
2.787846608423121264e-01
-1.525079570737024881e-01
1.821595881739252742e-01
3.884290696341937132e-01
2.027275121640686670e-02
1.107745121547191874e-01
8.509882716439569339e-02
-7.906393025297860089e-02
3.686567491143553921e-02
4.022774620819444952e-02
-4.890176797644839486e-03
2.651252762385923889e-01
1.872212106466712156e-01
4.553400684357392092e-02
-3.460304467460947331e-01
-4.389006761271680435e-01
2.006480939450821510e-01
-1.210520146241111789e-01
3.931497910022098419e-02
-1.758934919420527820e-01
4.431440199270642033e-02
9.501867567849000456e-04
4.429633980412150257e-02
2.868160133910150345e-01
3.249466454755235434e-01
-2.343738395525706356e-02
-4.005121629907615333e-01
3.817814230431704758e-01
1.340682700823673801e-01
-2.001953315031557434e-01
5.509682402601862039e-02
-1.764187442063972280e-02
-2.690603620181208910e-01
8.533674606535044185e-03
2.607757990940821613e-01
2.413342989667634497e-01
9.471491591177960689e-02
-2.026312146371474499e-01
1.084505958487430866e-01
-6.532648993588957564e-02
1.875751893041257001e-01
2.004232190038870709e-01
-1.877091311927671022e-02
-2.019147979451234309e-01
3.118662600598531287e-01
3.465322677525755068e-01
-1.351651055776663390e-01
2.544163951876185492e-01
3.532272415872197979e-01
5.542415892649855264e-02
1.506449424017463068e-01
9.820221776378185163e-02
-6.328183497596857887e-02
3.293563838187919535e-01
3.950895277129033989e-01
-4.709428839690174041e-03
6.516229087282784938e-02
-2.511320075773015303e-01
2.429381053502469023e-02
3.365784272596611393e-01
4.497376374133139204e-02
-3.582910296796590344e-01
6.073702799411002662e-01
-1.230871518750704940e-01
-5.681212162343496352e-01
-5.964555208488486748e-02
-1.805729255669314415e-01
8.964123563776391079e-02
2.600584474462077147e-02
-3.231560573717543461e-01
-3.721690797078546775e-01
-7.323172516504365681e-02
1.013532450701684351e-01
-2.576027605659622077e-01
-7.422818495121560889e-02
2.521423503024780577e-01
5.729474318304956376e-02
2.435293677045865246e-01
-9.077004979255000328e-02
2.205550485549812589e-01
4.559870863453084344e-01
5.253948778145351994e-01
2.116330753044118884e-01
4.914598912194067387e-02
-1.051201585535384841e-01
1.969548713272224749e-01
-1.622021633451079525e-01
1.980501479018869082e-01
2.069620559964081563e-01
1.462288015293665075e-02
-2.965901690551261613e-02
1.951763693572556302e-01
2.703766498735571955e-01
-3.866468928592307064e-01
1.569241551723667416e-01
3.550925984610914798e-01
1.045731824865214765e-01
-2.198863700697425427e-01
1.957311362727703064e-01
-4.158371419401891284e-02
-1.168097587285331085e-01
1.133881780331744832e-02
9.767362646399145587e-02
-1.277280182898530847e-01
8.697073016886743002e-02
-1.030574122614493632e-01
-2.614574005565054593e-01
1.371418862242078096e-01
-7.531294738116453558e-02
-1.520129564823739232e-01
1.393284738765986630e-01
5.066661753329316786e-01
1.394800798288769739e-01
1.524387049277803850e-02
-2.932997498754872367e-01
1.970381143736962548e-01
-1.448996505672939770e-02
2.671161332077374717e-01
8.690450463083759791e-02
-2.982527987874704356e-02
-1.976039691009394972e-01
-3.870873524941843835e-02
-9.517141810298288332e-03
4.173290909983634611e-02
3.163257924569607554e-02
1.519281505091155393e-01
-3.694962856270687240e-02
3.581445931882915740e-02
-3.365090582603324360e-02
-1.505018897969121472e-01
1.112077180470399940e-01
-1.020884872658914533e-01
3.867240874075185686e-01
-3.200725636704148114e-01
-2.051870043315608683e-01
-9.283888527548248004e-02
1.379298668914264447e-01
4.148410345611057704e-01
-1.277386118692744599e-01
-1.882951704508878388e-01
3.543914888207312375e-01
-4.906826756805428291e-02
-2.894535332670486460e-01
3.837836493812221694e-02
1.858992925049780809e-01
-1.503469360380916275e-01
-1.911347576636284601e-02
-2.454087163803671603e-02
-1.981473968643071848e-01
-6.343750947126031159e-02
-2.845622036003501720e-01
-1.259051701158100667e-01
-3.046400202378191646e-01
9.435020706806475366e-02
1.237356432855468980e-01
-3.768195256471981169e-01
5.065712376023745467e-01
2.556226042969404061e-02
-1.897047502052119083e-01
1.407581595710877265e-01
-2.846735151050688861e-02
4.821245069093462732e-01
2.476444677212680939e-02
-3.544171349160530476e-02
1.797662370167694423e-01
-9.518726755256320948e-02
6.341516712964040403e-02
-4.486803054182005035e-02
-1.004450167805276233e-02
-5.220337054993023224e-02
-3.361760621326878584e-01
3.050453052164349144e-01
6.943409757180520059e-02
2.259637575884609340e-01
3.770828887934686569e-02
3.760456438687435898e-02
6.915251013829415427e-02
-3.010752592052676896e-02
-1.009004122478804472e-01
-1.234666043325581275e-01
-1.483986626164288669e-01
-2.045003980294807788e-01
2.894150709403833788e-01
6.969919145756904577e-02
6.683128356920703395e-02
1.616036597932942465e-01
-9.043883705980855503e-02
-2.852362306201234876e-01
1.726986694473866546e-01
-1.899864022227980009e-01
1.647397829316669393e-01
1.924631228700515451e-01
-2.740922565068799610e-01
5.863295959149479597e-02
1.301845157597504299e-01
5.572007862724668303e-01
3.037002672466772579e-01
-6.187687875127596999e-03
8.067462509709953655e-02
-1.985326909096422343e-01
-2.601149660257731644e-02
2.814243533322779434e-01
-2.006438484176813475e-01
1.955755512144919869e-02
3.791662024424248545e-02
-8.074408467274701851e-02
7.547559625844679765e-02
5.793202505923795292e-02
1.650250295374024456e-01
-1.332083566003681163e-01
-8.380379365760219287e-03
-1.795688447230660567e-01
1.995125274366920110e-01
-5.622704478638335113e-02
8.439831758242975768e-02
-4.254561618123593042e-02
2.521278410106543855e-01
-2.821020171987008718e-01
-2.991720579545817937e-01
-1.749722947263233075e-01
9.018543557458917614e-02
-3.285683550283974297e-01
-2.433779661841624364e-01
-5.944339177321404655e-02
-1.708698851702395993e-01
-2.036861367471772821e-01
-2.995309492878033830e-01
1.185266445875144264e-01
6.199217742733739017e-02
1.601633824807966455e-01
-5.033270279008150716e-01
8.010472063273944843e-02
1.092842551464379142e-01
1.790711638991012711e-01
-3.250954412499715840e-01
-2.537550062137940987e-01
6.117164132468746324e-02
3.092308397835409339e-01
2.584018721843620026e-01
6.202252342926512646e-02
1.923920619984855751e-01
-4.660527506893948346e-01
-2.483267918999018942e-01
1.313298273407625671e-01
-1.508635663678229988e-01
-4.263244580339755480e-02
-2.763822522144823157e-01
-7.960653002973447356e-02
1.900966214050415215e-01
4.975922784173017477e-02
-3.436131650323371450e-02
-2.273630653162592441e-01
-8.914652083885372946e-02
1.373183373159392318e-01
-1.647713868711607466e-01
1.213835819069268573e-01
-5.103108163800624403e-02
1.920133224788010684e-01
-4.489051889855582428e-02
3.668490272698324839e-01
-2.542904414252881717e-01
1.051508541352948606e-01
-2.101304224073086702e-01
-2.782346601843574962e-01
7.107747422084609301e-02
2.593215979340825206e-02
-6.246850116060054942e-02
1.397322967917480514e-02
-1.427870199448554311e-01
1.655313177273068648e-01
1.773371339830446397e-02
-2.089521569049992630e-02
-8.153198800423504256e-02
-1.010361654377767565e-01
-1.251278982980894147e-03
-2.137354805667320001e-01
-1.398457180409153622e-01
3.034201763876160918e-01
7.352540534305082587e-02
2.384777879461630890e-01
2.337566154701813947e-01
1.200555143898290045e-01
-9.428319696554043894e-02
-1.504490431376739601e-01
-2.063793354688788217e-01
1.645834478777193355e-01
1.734141886584149028e-01
1.653421242424754634e-01
-1.961487889189845457e-01
-6.226546557617061717e-02
2.082910224687275491e-01
-2.198450574318896733e-01
-9.620112099760300822e-03
2.706389667434060294e-03
-2.158209899046150682e-01
-1.275402542175192999e-01
7.984527335201678511e-02
-3.243853683344304906e-01
-7.918144382308311968e-02
-1.883371188581427214e-01
1.648321896198480518e-01
5.054579018099442100e-02
-7.434258795456880065e-02
-1.895043704081571245e-01
-1.366956125654335552e-01
-2.401961830891225502e-01
1.837007201827305179e-03
1.418743071020790170e-01
2.341653397393476388e-01
2.712335194123955961e-01
-6.218049064944601578e-02
3.550606790874482055e-01
2.080328940795818024e-02
3.778146090033938642e-01
3.030065528107681039e-01
-2.214010544152126281e-01
3.704342813628173636e-01
4.484563207324852585e-01
-3.293329965929904790e-01
5.378573002771899064e-02
7.131714837648443772e-02
1.129174060900171774e-03
2.283875435298354239e-01
-3.364948289966190192e-02
1.309811544156202767e-01
2.013427986915199419e-01
-3.632801097716210070e-01
-1.291630369790789101e-01
-3.236297246529047933e-01
7.785963090395472963e-02
-5.421194454880256565e-03
-1.547774706495864613e-02
-3.493194411722252979e-01
1.430268509138625799e-01
4.232194346974203769e-02
-3.208491524653445670e-01
1.891548315717489770e-01
-2.164757088572055732e-01
5.187773845276451301e-02
2.469738700719224522e-01
-2.211962143391684177e-01
1.714582069545719512e-01
-1.788324299817564689e-01
3.019604437198082636e-02
4.884520984085350959e-01
-4.180261321199650604e-02
2.529561406458927589e-02
2.376606042609295810e-01
9.075988860440557804e-02
3.434035529305659029e-01
-1.178514072643948585e-01
4.971462127392539121e-01
-4.411718891042405721e-02
2.120897275444666441e-01
-1.559971624019483930e-02
1.357771798408048680e-01
-5.694680731178385080e-02
-4.254825183592590987e-01
-1.032817673304232443e-02
9.609693361307297677e-02
2.321141401970358842e-01
-5.333362139753609205e-02
2.178423860142145521e-02
-1.726731164340722102e-01
-8.318286701257110449e-02
-7.939016826294827134e-02
3.487648000846085283e-01
-5.473129249840519295e-02
2.728573162113446804e-01
-1.410285957043870553e-01
5.032348611898341401e-02
-6.222673452088606921e-02
-3.287650826364348078e-03
-5.830701502043693363e-02
2.560449558678752346e-01
-6.054040366401865561e-03
1.845699790614989400e-01
-3.838796934026090790e-01
-1.438510540582136066e-01
5.079996692694158655e-01
-7.287868216259506260e-02
1.758849950854667610e-01
-1.443380266419407587e-01
2.451139102089613664e-01
5.451139514291625243e-02
1.157192691609251756e-02
3.713383529742478872e-01
-1.279623166319576177e-01
-1.899998155289812085e-01
4.200398945090184216e-03
-1.020416035702209762e-01
6.888693357181836785e-02
4.138474703550476530e-01
2.426145592497971071e-01
-2.161006374396630403e-01
2.383458658625380866e-01
-5.180419867774098408e-02
-3.616445606409592894e-01
4.019759267961913185e-01
-7.775588662227450598e-02
9.441707883014652247e-02
-9.975846743796916438e-03
-1.755866541011383564e-01
1.699497676607017449e-01
-7.977586728459362675e-02
3.280947281849030950e-01
2.608645032290105026e-01
-6.076766254168541881e-02
3.349790675965304554e-01
-1.061876723387920746e-01
1.254642701945605232e-01
-4.826847572597814384e-02
-4.089041019270271693e-02
1.431228069456625396e-01
5.266047073482342800e-01
-3.185973652311882010e-01
1.240061681138806826e-01
-9.536814336232027345e-02
3.898398068935527983e-01
-3.684136859618119542e-01
4.760702397056146978e-02
2.942226699154870118e-01
3.538181961220357441e-01
-1.832122855722271570e-01
1.074466204947917974e-01
5.670524578245848130e-02
7.142397333297813289e-02
-9.023392893196700848e-02
2.615017190541058523e-01
4.555718362240625957e-02
1.283590071200423899e-01
1.298165155943959148e-01
-5.324127028628260205e-02
1.019893872562368208e-02
-3.568873935963804978e-01
3.477145169415306047e-01
1.914690366142732247e-01
2.121054037932907643e-01
-1.731011949926537785e-02
-2.852105234145480353e-02
6.440502659719253564e-02
4.344637015220429999e-01
1.434081411308560927e-01
2.626157712670068034e-01
1.371606761759651127e-01
-7.975136661951903738e-02
-3.159105882835709644e-02
1.567742235218932689e-01
-1.080133336701717545e-01
7.659982910480138407e-02
-3.671638910557382673e-01
6.442687365933144616e-02
2.183996399800927080e-01
1.468200338644518876e-01
-3.018618358853055947e-02
1.236520672338882465e-01
-1.038981729859192321e-01
1.301803808628476666e-01
9.815148511308004198e-02
1.975447053757075355e-01
4.738612823271742824e-02
-9.732966589651718958e-02
-5.271336811423733143e-02
-2.667977777098029524e-01
-8.948381457228148095e-02
1.129391003546485472e-01
4.161271358656083441e-01
2.510977142439264065e-01
1.130622651017585897e-02
-2.330904651327635885e-02
-4.530298243410021963e-02
-8.138935273806595372e-02
-5.370286696937276449e-02
1.088959773703659095e-01
-6.721066018253034346e-02
1.000147446633925241e-01
-2.657029070815254412e-01
-1.522869907328224803e-01
2.991994805373408145e-02
-3.680485621032360266e-02
-1.066459192686882856e-01
-3.607027604311712626e-02
-2.464365046743172485e-02
3.326396394615425134e-01
-2.461861507767170720e-01
-2.027280359399559195e-01
2.343360456113964818e-01
2.803327566451657704e-01
3.238880825640310657e-01
1.949004720485557896e-01
2.040645877054712010e-01
-1.820929386293253516e-01
1.729824208878911751e-01
2.636917002596071424e-01
2.139903990410581547e-01
1.561481563652285243e-01
4.085277410705343004e-01
1.404023294614062389e-01
3.855597961945540775e-02
8.201660022789178384e-02
-1.030954799674665967e-02
9.131458745328094317e-02
-2.011534752185105968e-01
-2.882361628648182905e-01
3.606752157209387744e-02
4.516404083310537887e-01
-7.361763915885456422e-01
-1.180684422627191199e-01
7.866011235884810826e-02
3.958058656839555378e-01
-4.715463531616677639e-01
-5.204737384829554170e-01
-6.589599993650419041e-02
2.811639525461823719e-01
1.860559892676310334e-01
1.235456972470757309e-01
-1.051998071592089024e-01
3.450653678526353074e-01
-2.496424274844621649e-01
3.855876542597275886e-02
-6.351890689800909762e-02
1.470721631706359556e-01
4.038071986762638010e-01
8.210106477796523805e-01
-2.389724432917083308e-01
-2.045791643956631489e-01
1.243235939267252205e-01
-1.023237443567657085e-01
4.726315212748227745e-01
1.861133052937236423e-02
-4.174525569116227519e-01
1.578440621910348340e-01
5.646471375624652171e-03
9.777106823413821146e-02
2.449798163212672519e-01
-5.459451095401158804e-01
-1.140658307780527750e-02
1.593703741553935405e-01
2.518128393499513007e-01
-2.162226369646569335e-01
2.228081867504297653e-01
1.140246414676886616e-01
2.073531861346656346e-01
1.004088951538169294e-02
-1.619107697965392056e-01
-6.484303814860206128e-01
1.280212847077984994e-01
2.176224991814622312e-01
1.255414603270340601e-01
3.525809827516977468e-01
-1.661388239055119204e-02
-3.343384108391642684e-01
2.453882502099828944e-01
-9.916259229211160653e-02
-2.379704932755935531e-01
1.450399943945730741e-01
-3.328636161039397745e-01
1.570284027839789209e-01
2.401316492790970814e-01
-5.266368848570170819e-02
-7.188799296127316996e-02
1.819397369512423535e-01
-9.620630814889719051e-02
1.890416302150760841e-01
1.691800501562992082e-02
3.934959312288600630e-01
5.842463575017770028e-02
2.700517238522731067e-01
9.581497642505878987e-02
1.097291163188044046e-02
2.239519387662126937e-01
-4.778343341234943253e-02
7.496582474411955799e-02
2.512376961626166735e-02
4.662945042827192250e-03
-5.705298885084092962e-03
7.696476195710368062e-02
-5.157406081269274439e-02
-8.195980177167971892e-02
-1.820256839926693293e-01
-1.825212514772071581e-01
-1.509664361656033738e-01
2.841469224761590251e-01
3.651457677045784334e-03
-1.594286324506049568e-01
-7.662672638780484990e-02
3.605350827595119045e-01
-2.125040606284197275e-01
-2.238784826059362909e-01
-6.978125045588672026e-02
-1.566172332957344870e-01
-1.220510671824054372e-01
-4.688911455368676567e-02
-9.445481676381226044e-02
2.114724981985407204e-01
-1.954442521283393519e-01
7.061255872025661018e-02
-1.355121040480568584e-01
1.113156976336908965e-01
-1.824849526266549837e-01
3.900115363956508929e-01
-7.085390324057815048e-02
1.541753578789512580e-01
-2.110570589223964288e-01
2.417728303775029119e-01
-4.672970291845016111e-02
-2.568738481447709332e-01
1.199919468087401984e-02
-3.022192783077914391e-01
9.539769707245872310e-02
1.795031721675385272e-01
1.902630415157991195e-01
1.780200941342203746e-01
9.348000883627656521e-02
8.161084926564031450e-02
-1.013993709630239132e-01
-4.088091063002300962e-01
1.039950275701011645e-01
-2.410467844744107902e-03
-5.905249541294358556e-02
1.098052746161649607e-01
2.932071399203576775e-02
-2.601883753029927138e-01
6.118772603654185765e-02
3.228018708532727210e-01
-9.913094203998866483e-02
-2.932298877849969232e-01
1.100232906535758004e-01
-1.796875982152351947e-01
3.270595984255917493e-02
-3.193426610788658304e-01
-5.111755039807347467e-01
-1.537849144647432109e-01
-1.806397584847965476e-01
-5.099196651650480389e-02
-1.663191862332845383e-02
-1.322321318603563445e-01
5.994879492530511556e-01
-1.395165759092845681e-01
-2.349604336573989927e-01
-2.345917698353848224e-01
1.236154501760944185e-01
-7.431569572648694111e-02
-1.218754791734842913e-01
-1.877053762569798889e-01
1.091016154996924253e-01
-5.715658599665521811e-01
-2.114001412825965431e-01
-9.444974330015801223e-02
-3.240537170989279958e-01
3.557292383996645269e-01
3.077701360941041409e-01
-8.723925958277772841e-02
1.897225085967324809e-01
-1.860141671121990081e-01
-1.613897887999236336e-01
4.045558656654725804e-01
-3.141679888954943545e-01
-9.479244179990067853e-02
2.133650920498408043e-01
-2.328755467087514908e-01
3.440620905794118667e-02
8.281664562016294306e-02
8.448969085855626004e-02
-2.054693895209150079e-01
1.559005509215437013e-01
1.188510273193779387e-01
-5.582632096837085445e-02
-2.528660824395051465e-01
-6.327586397206054480e-02
5.777698360187578652e-01
2.005356736484583402e-01
-2.139568197196915766e-01
2.916172127007440190e-02
-3.818205754559159115e-01
-2.852653108894315781e-01
3.652102096322522029e-01
-9.608415078438321821e-02
-1.463128777265106442e-02
2.063775183260661006e-01
-2.147082318446378035e-01
-4.576128043799832651e-02
9.243254927442820512e-02
-2.775496307202363622e-01
-1.150684222143134872e-01
-1.807082236433547873e-02
-9.269075101339774303e-02
-5.001375101519339728e-02
1.573531303916613777e-01
-1.887781809515719500e-01
-2.971030921790496215e-01
-7.431713482099770729e-02
1.427654518062551892e-01
2.868183079379006406e-01
1.255655164885914610e-01
7.119443729671595666e-02
-2.097937325855566693e-01
6.948982339691178733e-02
2.388463814676171706e-02
-2.404094139283001752e-01
1.561661928075868677e-01
1.504485663616773050e-01
-6.390665178333709839e-01
1.846634884228722795e-01
-1.496390949170604279e-01
1.986351564133332914e-01
-7.801486173521914036e-02
-2.877428563345829637e-03
-4.057423074154430792e-02
2.302357982388786306e-01
-1.406533862589270933e-01
1.038048325206642197e-01
1.017416531431660220e-01
-2.778263792716877401e-01
1.419883065962580515e-01
-1.877383739928452713e-02
-9.544342189836077517e-02
-1.223271527454756341e-01
-3.212257832882077224e-01
-1.396329282608215483e-01
6.945551085818282844e-02
-5.819213037072878958e-02
-1.660583474912037116e-01
-1.116698883888033594e-02
8.448981888629061854e-02
3.469838515670479184e-01
-2.987536410530325023e-02
-3.424043242721824115e-02
-1.194932729485521233e-01
9.836388130512828398e-02
-3.004430455541637346e-02
7.345973603202497759e-02
3.861099724609245443e-01
1.143024122502834528e-01
1.197154364127048648e-01
9.354059462218394794e-02
-2.409781088786748793e-01
-1.975652614905488713e-01
-1.058571908336044670e-01
-2.815107584866464174e-01
-1.201689194627704460e-01
-7.479605921095679177e-02
-1.226330617927846450e-01
2.045625221495480928e-01
3.526954382028522628e-01
1.024827434520323433e-01
-6.953894320355896719e-02
-2.741821037691568597e-01
-1.673848845176906797e-01
2.633217842322059243e-01
-1.055128678378796786e-01
4.365093282592105023e-02
-2.333121200247255389e-01
8.278876622540654040e-02
7.935300513919045506e-02
-1.104200122014753760e-01
2.680411768269511108e-01
1.243758014121867234e-01
-2.054370759673081540e-02
4.978169655097270871e-03
-1.272356390562232598e-01
-1.081138517917717146e-01
-5.443545526928200012e-02
1.024756982404517597e-01
-1.470151659672236932e-01
4.052254953124579950e-01
4.900895411608416352e-01
1.357793137019711605e-01
-3.921901197561054181e-02
1.983911999003455107e-01
5.683893693331493191e-02
2.048711854645824532e-02
-3.723372428824598956e-01
-8.898507048171905298e-02
-8.782981492422362035e-02
-1.362950222597990313e-01
4.850487967218158891e-01
6.516168059337835994e-02
1.349498535464651594e-01
-1.370558991414640992e-01
-3.004900600350859374e-01
3.958487345495696474e-01
9.143835018257763514e-02
1.731675389356174960e-02
8.905101348403063333e-02
1.107947811227113083e-01
1.193336675915066813e-01
-2.272034011217378968e-01
-2.111208764403869342e-01
-9.619347044288654655e-03
-7.480672384898749694e-02
1.421354521420089834e-01
-2.885233769152771299e-01
1.144778505364767995e-01
1.673049862405230973e-02
-2.696309095348132234e-01
3.822872816134442742e-01
4.657347916564754664e-01
9.934996986590531598e-02
4.045594567679373643e-01
-2.555948693601229893e-01
-1.866755268255109942e-02
8.586709240377754515e-02
-1.872830994817456240e-01
-1.423600820105377085e-01
-1.519066686936188237e-01
2.492974396509648610e-02
9.310926707019233362e-02
5.220153804856045993e-02
2.736180025321923934e-02
1.716191118574435792e-01
-7.097758068913723184e-02
3.187348328358255434e-01
-1.301613154013924745e-01
-1.877287858272627119e-01
7.395245037563909218e-02
-1.072302734604187874e-01
-6.718253343197461321e-03
3.947563811051288049e-03
-2.183693729127129668e-01
-1.047523839223860193e-01
2.090211061354071698e-01
-2.373042425897170515e-01
9.371432954926962877e-02
-1.098769797853577784e-01
-1.454170318061349387e-01
5.484084526133671533e-02
9.658592853243905263e-02
-3.239555438615694949e-01
-3.445970480533360747e-01
-2.276521570500746050e-02
-2.272581400242589325e-02
-2.777285559160177497e-01
2.456290619849386403e-01
-9.429903493359230449e-02
-1.964925735280306229e-01
9.638613741898126308e-02
2.334138532289407597e-01
-1.207779253080924486e-01
2.857644329363926983e-01
-2.099359757140568591e-02
-3.584832042787566286e-01
3.839130891254623201e-02
9.440639884675722238e-02
1.894907185635942293e-01
-2.483022717707293603e-01
-1.851682644746184825e-01
-3.201868628882283963e-01
1.174073442779107607e-01
4.908189864491364213e-02
-4.215089040081166499e-02
1.681394965337218161e-01
1.850220409074151140e-01
-1.148548094602787166e-02
-5.465971361485137958e-01
3.112496128798969419e-01
3.384699167302479550e-01
-4.989949055296246105e-01
-9.617651501959749438e-02
4.657564004371441552e-02
-1.284181701038414336e-02
3.339267542602917804e-01
-2.110410158608479192e-01
-1.784512230960508539e-01
5.367409510554491808e-02
2.839672966954630007e-01
3.451228979186869439e-01
-3.520843743519435631e-01
1.142388974875764851e-01
-1.808669812401326182e-01
-1.752166309070501138e-01
-1.672220651427506755e-01
-9.725632562421510086e-03
5.912256200861396721e-02
5.377610267440138814e-02
-5.531253684218624678e-02
6.558325336046290366e-02
1.111061514296662195e-01
-5.290742128290714108e-01
3.013394604756853279e-01
-2.120876095225700531e-01
2.198098725453822289e-01
-5.672663277113450253e-02
-4.346552641595857747e-02
-1.321530757129734945e-01
2.944388439798749021e-02
-8.770769398408156947e-02
-5.517470120533468636e-01
-2.981633064589938806e-02
2.565153248198818181e-01
-8.308538529017547858e-02
-2.921909039670920749e-01
-3.265804071116208684e-02
-3.345087889833305295e-01
-5.182156024629119319e-03
3.794763448094134461e-01
1.176348615586864516e-01
-5.349792487726387491e-02
-3.336769172858745636e-01
5.650860091656172424e-01
-1.104042791099562465e-01
2.955596572366199146e-02
-1.025726738031697421e-01
-2.002473875316014007e-01
-1.309120266581945136e-01
-1.791741600802489731e-01
2.152890611121100264e-02
2.581122884020886632e-01
-6.405287201758831650e-02
-1.248602498957169030e-02
-5.119714622415107858e-02
-1.963167503467538877e-02
-1.313662496943969193e-01
-6.161864113482690142e-02
1.946119995420957927e-01
-5.245220491462894430e-02
3.672473633523935521e-01
-3.760414097785545751e-02
-2.432034534255072544e-01
2.033633626599246347e-01
-2.443104881938747142e-01
-1.122319969526803796e-01
-2.289488399165528210e-01
2.837319253167857047e-01
4.371182127106806314e-01
2.261783826766046793e-02
7.484780175234499733e-02
-1.817503866443811456e-01
2.817384832296868438e-02
1.145772645716871402e-01
-3.256330956213769334e-01
-2.219730777975368607e-01
-1.572136778275341484e-01
-1.616000727563886019e-01
-7.958434589193820810e-03
-4.671918902480747815e-01
-4.543566682880801899e-01
1.849597138887870418e-01
-1.071155898122489042e-01
2.883635902476064938e-01
-1.018598669295656817e-02
1.689557456507528865e-01
-7.071471390451991579e-02
-1.587180303919435709e-01
-2.398904507149741128e-01
-1.417100286364146866e-01
-7.771350818026533103e-02
-5.366511450904045549e-02
1.774606363296700184e-01
2.198199154663918464e-01
-7.798720076784994293e-02
-3.927211044037029475e-01
-1.297180591168252128e-01
-3.346257475244353574e-01
3.338873527044792233e-01
-4.847932957139483232e-03
-6.840279714265239119e-02
1.149044984862757079e-01
-1.563051296452954153e-01
-7.090549826894401719e-02
3.173878828499394067e-01
1.176427493891610832e-01
1.797711469280449115e-01
-1.086383550832150380e-01
4.589378860789513070e-01
3.926833050561284733e-02
-1.075730774939917117e-01
-3.055904311695977205e-01
1.640544677542751795e-01
1.610287497196396245e-01
-3.313970732407977016e-01
-5.615572206079368772e-02
8.254838277119309897e-02
1.114975513733205970e-01
-2.076042309096528538e-01
-5.624715471595025107e-02
4.973454751809309321e-02
3.918556569286707481e-01
-1.940582970526290030e-01
1.209866009461581376e-01
5.429412149952558136e-02
3.487720324996139709e-01
-1.584328987879005668e-01
2.831533421566920783e-01
1.798852039330447669e-02
2.256657657597982425e-01
2.134446561686776378e-01
3.374046182067821920e-01
-1.626436512819559033e-01
-2.568517197116211223e-02
-8.412961261092224974e-02
1.963644433678619072e-01
2.037637120641043742e-01
1.168937511401379331e-01
-1.826975486846194596e-01
-1.461026462936856063e-01
-2.299187021389259566e-01
8.001159770398749010e-03
3.529257554867570312e-01
3.130362627784510215e-02
1.987756440803777891e-01
-9.661035915143646735e-02
1.114051763906732107e-01
2.961020371673240836e-01
1.277157368755849065e-01
4.491273974337462449e-01
2.465031540242540106e-02
-1.207855570796507322e-01
-7.616854423557606335e-02
-2.570925913002544694e-01
4.171574751013409910e-01
4.430045326597648048e-01
2.310328356007608774e-01
-9.856992526627894602e-02
-9.823888731486894732e-02
6.279629376259782125e-02
-1.132172567499609012e-01
-1.172830307139809819e-02
9.193137586087461732e-02
-4.438721325532917206e-01
8.265976524288096150e-02
1.550453568975303786e-01
-7.056446222968494608e-02
-5.713596833957334219e-03
-2.280348477665676554e-01
1.563350188482460768e-01
-4.550415814601362907e-01
2.978571059295643045e-02
1.081953071212733847e-01
1.986307859748527027e-01
2.506166251296360614e-01
-1.528973318542145299e-01
2.021834590382568519e-01
-1.384177280755317374e-01
-1.587749529528858783e-01
-8.836509610165277362e-02
-3.581894622835687242e-02
-9.180437262472999904e-02
2.864209818384912815e-02
-1.148330523001777209e-01
-2.935864260892775413e-01
-9.929992855274411001e-02
1.540456653158240596e-01
-9.481381548319901820e-02
-6.264461638208228267e-02
2.717163103022083095e-02
-1.531756551516002818e-01
1.036544956714085391e-01
-2.061927234582783264e-01
-2.304923028847646327e-01
-8.042823174022568911e-02
-7.984834736058922522e-02
9.424195230263811285e-02
-2.471386084150742068e-01
9.910329474842786979e-02
-1.398387816183056520e-01
6.456920525709279601e-02
5.984527864744678544e-02
-2.823128317108505314e-01
-1.012602008229754845e-02
-5.743275062019293636e-02
-3.124760567839323863e-02
-1.845377493627690241e-02
-1.137780907290233678e-01
-1.370903620870168316e-01
-2.854524044294668994e-01
-1.722008569320224516e-02
1.899675806555389812e-01
4.326889226150833212e-02
1.115410808284896388e-01
2.035585419224836823e-01
-3.309894336419759164e-01
-1.157344025832200141e-01
4.498316960127367314e-02
-2.906310741485101379e-01
-4.913851898712637278e-02
3.210899188282341221e-01
1.634051745271961065e-02
1.015258734412748109e-01
-3.787622710269441528e-01
-1.724130920604628192e-01
-5.067543268533807044e-02
1.567271001395972585e-01
1.635546639978391892e-01
1.884453598631396221e-01
-7.858157885866991210e-02
8.368115692715583087e-02
-1.057141857347968505e-01
-2.430442248784233372e-01
5.795381902819894682e-02
1.602269599876004202e-01
-2.650924259416071460e-01
-1.591096598738232781e-01
7.188811917758496095e-02
7.476031600559145118e-02
-2.299475827495344737e-01
-4.143677558105374886e-02
-1.066822352317043643e-01
-2.474418105502206033e-01
-3.260332774775371867e-01
1.981310235800068376e-01
2.526234955317878741e-02
-2.165244993799518014e-01
-2.149357778741519676e-01
-3.348882744878811657e-01
3.042405204560375553e-01
3.020980899341507153e-01
2.020956351785887783e-01
-1.799541227620247985e-01
-5.468726654884017435e-01
3.318704804889086729e-02
3.754230724192015867e-01
4.546431287075043681e-02
2.830810420488207857e-01
-3.289966958915854223e-01
1.072800155102633379e-01
-2.435848557084501209e-01
1.284217554944712403e-01
-3.329119541789345160e-02
1.529247824789666255e-01
6.389079188084252625e-02
3.449307300598587478e-01
-2.181948570763904416e-02
2.191459275022011599e-01
-5.170361108603332111e-03
-5.447328400860137476e-01
-2.192020351164234993e-01
-3.691109780572484622e-01
-3.144406958199094659e-01
1.379272519249881424e-01
-9.674178025200250164e-02
-3.004306490902257654e-01
1.077865610612157160e-01
-7.765060341576846513e-03
-1.438488008191463330e-01
1.284165685706292193e-01
7.407278533764355410e-02
-4.748557826415878563e-02
-5.345984413176655542e-02
1.569138328787556824e-01
1.318859415288394510e-01
-1.948270940194462564e-01
8.952674972842754320e-02
1.597769571149113832e-01
1.525909704360438046e-01
2.395149839863936758e-01
8.783541961320605329e-02
-1.707411555612648249e-02
7.201531957675028073e-02
-2.017628618576162436e-01
-7.125784677318501570e-02
3.064588613481487589e-01
-3.690633073054431224e-01
4.418774012964846870e-02
-2.152092577463108058e-01
1.161131321049607007e-01
2.156546225973458852e-01
8.768562205255689412e-02
1.046886341377838009e-01
3.507203011672786752e-02
-5.304754010259071784e-02
-2.218605749652371173e-01
-8.498661578233104863e-02
-5.193725709425605491e-02
3.003043868589191923e-01
-8.164925853502767727e-02
1.520309614424776024e-01
-6.301386399434399932e-02
1.267069741919190917e-01
3.003360388552713811e-01
-2.714066185454653279e-01
1.060956343380448780e-01
2.633952341295982547e-01
1.963046334406832183e-01
-3.565936536025427622e-02
-1.893735727547428416e-01
-1.432148516487194712e-01
-7.072229798425087866e-02
2.771914843398727221e-02
3.059588206707188895e-01
-1.416327567474375271e-01
-8.027942407716874562e-02
3.872908009086012404e-02
2.765102509790327012e-01
-1.707075273729688758e-01
6.175369346846667357e-02
3.524154171035333571e-01
3.326527371940214417e-01
2.371120777457740580e-01
1.696687313632001815e-01
3.722284967672861988e-02
-1.713837028379547323e-02
1.880241756114340301e-01
4.170292909138527682e-01
4.858690581912186029e-02
3.578752270713711492e-02
-2.068875988655619058e-01
1.627115250812287417e-01
1.890333583158290698e-01
-5.114972416275274242e-02
1.510656602444404670e-03
1.668254659045873833e-01
-2.364122317954983621e-01
-1.429968262221913422e-01
-1.911337214834601950e-01
5.134182691681065530e-02
5.192355949792294006e-02
-3.125543441345358664e-01
4.825673966235130563e-02
-5.772067864110673463e-02
-2.573494686235404116e-01
6.569939285627746095e-02
3.885724561273473654e-01
2.522334525659780113e-01
2.693521423172047236e-01
1.248301980044833753e-01
-2.175935000805140906e-01
-8.121974078290329635e-02
2.693026648712933402e-01
-2.519566325074243385e-01
4.235427190891903337e-01
-1.396219568931367574e-02
6.648889452883489926e-02
6.873073147849236009e-02
-3.167867326386978877e-01
-2.579956933312443357e-01
1.617192906473692016e-01
3.324994281425140974e-01
-3.066748169783476974e-01
-1.291738915147691569e-01
-2.409524614399861653e-01
-3.275930787112669301e-02
2.998899986378152915e-01
-2.745827974879749139e-02
-2.774765434800131048e-01
-1.269176209901600183e-01
-5.767487515617765459e-02
-3.132053959589529701e-01
3.047005828509263270e-01
8.401498379928226679e-02
-2.482198568679027662e-01
-3.874961975039432072e-01
4.357025708408403530e-01
-7.015326913425160016e-02
1.511442685689881778e-02
-5.789002496168493828e-01
-7.660667034130974606e-02
2.126175992735150344e-01
-3.311025625256533989e-01
-1.158556304399374626e-01
-2.283366259263067966e-01
1.702006481814816174e-01
3.422972908649439816e-01
-2.190725845543237404e-01
4.211813343915711272e-01
4.464546467232987509e-02
2.737292779783986330e-01
1.646054600756068909e-01
8.692792453193051716e-02
1.250255824361095336e-01
-1.324635191233881903e-01
3.982974766714652559e-01
8.221313734749793878e-02
-1.606305562019209876e-01
1.620978109967018133e-01
-5.020031137540664767e-01
1.202046388225512380e-01
2.372577103163992229e-01
2.791703767870075681e-01
-6.123379862237683657e-02
-6.378887505244662526e-02
1.040890403700314576e-01
-9.049696612297931930e-02
-1.909096387116774873e-01
1.511389962253638641e-01
4.414975664705455549e-01
-2.445527514376873157e-01
-1.714416140003345024e-01
4.394529493766674566e-02
4.648614079293982536e-03
1.466428802409191177e-02
8.856374846218620367e-02
1.301313224929801782e-01
-1.541288902565434056e-02
-1.591070951006768597e-01
2.850910769961189084e-01
2.923445713898448206e-01
-2.247683349376295159e-01
1.479860255453577245e-01
3.753823182806787506e-01
-2.234047873525824707e-02
-2.226865864634963721e-01
-5.249822624896320622e-02
4.287181440922241404e-02
-3.799152373872727306e-01
7.661537497473101810e-02
8.871366050258822078e-02
-7.067101557336276374e-02
5.985730555853403800e-02
4.640312489819110875e-02
-1.485063868687084565e-01
-4.319294900517795521e-01
-3.846086976155575488e-01
-3.191142751415503298e-01
3.248234981334218174e-01
3.526475814431482281e-01
-1.058308598866137262e-01
-1.578369575138812431e-01
2.948982879019015346e-01
2.178605192656460354e-02
1.632533531961416207e-01
6.353614562675424793e-02
-2.134572291776804520e-01
-1.851580799144937894e-01
-1.339391340987620416e-01
-7.691456927163424495e-02
-4.949888564102428168e-01
-2.626871171138276950e-01
1.096326212349142959e-01
-5.048172907465867804e-02
-1.726330220892771661e-01
-2.064682865462798556e-01
1.015688547731720126e-01
5.450804814327443737e-02
-6.624181382304347721e-02
2.895169468832453391e-04
1.745428342371443953e-01
-2.110762107255890752e-01
-2.123711251428251900e-01
2.862796902753093620e-01
-6.696309782010521905e-02
2.442749340283860704e-01
3.768903912051013369e-03
1.746025013751364985e-01
1.218933067464137848e-01
-1.418145732527130616e-02
-5.603552744847939415e-02
-5.445311331850025138e-02
-1.282272256214434802e-01
1.170239604208364731e-01
-9.769557463409518638e-02
-1.358884017888435658e-01
4.777143037881498300e-01
-1.038368355679181176e-01
1.727724715913723369e-02
-4.144080765546633294e-01
1.242820347462852276e-01
-9.174781509330456886e-02
-5.812790067603911676e-02
1.697685341814205188e-03
-1.867299475027222599e-01
2.208765722811357468e-01
2.942318777412152378e-02
-1.787632220183831000e-01
-9.509824837415012388e-02
3.848711073661086057e-02
1.963888523924752771e-01
3.616856235145649023e-01
2.979101376588653288e-02
-4.520931329587066783e-01
7.697756529572638562e-02
2.299667539841660294e-02
-1.317253562157372493e-01
1.108898694626025694e-01
-5.315494201718604095e-02
2.058316812198145163e-01
-5.644192923407869572e-02
-2.372859711573273127e-03
1.721666154967872453e-01
1.918793727235034163e-01
-2.781528811046308225e-01
-1.536312461121901174e-01
1.531760008541283025e-01
4.126852817349900282e-01
3.469153390530870240e-01
1.840763743961198453e-03
-1.641446040773837656e-02
-1.314153581963647399e-01
-4.533699096835974718e-01
-5.207023183292291274e-02
2.032434275058860595e-01
1.836753107871729462e-01
6.581004034806706149e-02
-3.379404475797558038e-02
3.532040820035845519e-01
-4.009395850956053442e-01
-3.894359885304762847e-02
6.608385935983937531e-02
1.851004240893436570e-01
-5.661475186931323733e-02
-1.471737049588071333e-01
5.837597796394350391e-02
1.045162298680092083e-01
5.422076170490109925e-01
1.173325297752092350e-01
-4.145780683060873439e-02
2.219020909135429112e-02
1.752616392422656211e-01
-3.660784912305328209e-01
-2.046491098778749074e-01
4.503635759113788078e-02
2.606828626034929930e-01
-8.249634336437473847e-02
9.898606007749925773e-02
1.133205684077205760e-01
3.847567960675939425e-01
1.786838299846050040e-02
-9.117158112996186226e-02
-6.903016785019032431e-02
-1.389352456197065488e-01
2.085640677278014499e-01
-1.301287196100824051e-01
1.729300787970377562e-01
1.714470235960555977e-01
-2.626075228745538004e-01
2.078145576667856098e-01
8.644386268330775391e-02
3.129304702950888029e-01
-3.432137702562811088e-02
-3.425994665025055008e-01
3.588352509054178185e-02
-1.187784043641015724e-01
1.622899581330940200e-02
2.669118011327520357e-01
3.781262069419841776e-01
3.851154875215674900e-01
1.114523605298174264e-01
1.918103090355847626e-02
1.644361457501844481e-01
-1.797166097929491224e-01
2.669450842736843521e-01
-2.247394056618443048e-01
2.383824304656978563e-03
-2.548564103149598692e-01
8.065245573652578270e-02
-2.066432500303099773e-01
2.921089286076600233e-01
-3.530178903726752249e-01
-4.509115151300540081e-01
2.992445941851992752e-01
5.131180236576411424e-01
-2.126608270789622501e-01
2.373045852016219259e-01
-6.583435789575965702e-02
-3.897722676915031936e-01
2.328572785235464293e-01
6.066368692718600991e-02
-2.381015755489140351e-01
-3.607540539565143312e-01
1.460981653991377804e-01
-3.274767593733386439e-01
-1.202155033009524032e-01
2.225151321902373303e-01
8.854500012893824767e-02
-2.588797011073826204e-01
7.386372573860559843e-02
4.252505345224082134e-02
-1.961396813437656442e-02
4.310813541472979238e-01
-4.449212236632230089e-02
2.506457385016642725e-01
-2.308401786109573750e-01
-5.006035243739644924e-01
2.471869103963236503e-01
-3.311278140521298208e-01
1.540882202384889765e-01
-7.052483877152085356e-02
-3.635225957149165188e-01
-5.912973244603091788e-02
-4.847004316852936145e-02
1.609130529776556795e-01
-1.061779082859027196e-01
-5.810442376694145358e-03
-1.927956079820291602e-01
-1.024032415993141043e-01
-1.060873518056455189e-01
-1.031803082111060754e-01
2.815967885502863033e-01
-2.247701860972220467e-01
1.125188369116277638e-04
-3.831315677449493862e-01
-4.587913909320208428e-02
6.192742894325460601e-02
9.586406432244875750e-03
4.243516806761549742e-01
-1.300823374956386891e-01
-9.560260394461837785e-02
-2.029161170383476098e-01
-1.386077851957476237e-01
-2.566772542336319685e-01
1.548433887203147508e-01
-8.259286023978809621e-02
-5.651454260614246355e-02
-4.654082726910088036e-02
-3.723555335168405450e-02
-2.569943886776906439e-01
-1.725719719859730994e-01
-8.681262438537502846e-02
-3.316163369582782461e-01
-6.477429200528281306e-02
-1.511553847406720275e-01
3.666198833316698380e-01
2.415638344420698580e-01
1.885630688946475508e-01
4.598121737122484731e-02
1.380410457707704208e-01
5.914525496186840564e-02
-1.512716261006692153e-01
1.608100808972080520e-01
-8.089675589737013728e-02
7.109308534068632390e-01
1.024369939375979616e-01
1.760863376116556800e-01
-3.046705405726209959e-01
-1.915505745966819551e-01
-3.317658104564081278e-01
7.109547553017174504e-02
3.107600910998672417e-01
-4.961898141806531104e-02
-6.678965084437819832e-02
-3.132823036185261034e-01
3.336184586557212617e-01
-1.232867509728016037e-02
-2.544343241060440519e-01
5.866902008162954568e-02
5.175371568586958210e-02
-8.078223298346175196e-02
9.876523533561390455e-02
-9.140813797857942624e-02
1.298417986991177164e-01
-2.531061531780782678e-02
3.208587356962775416e-01
-8.434150199660768454e-02
5.867703993673829138e-02
1.315182594409177452e-01
-3.395552704333351657e-02
-2.938468358873488340e-01
-3.772801643711907182e-01
-7.357512542983522807e-02
5.106502074455060436e-01
1.526679721855799809e-01
2.514943803625984131e-01
4.091056001646383167e-01
1.910181016285535383e-01
1.567824017623108915e-03
-2.870076219109278237e-01
2.229180902116843777e-01
-7.214751513302936070e-02
5.659027986976544050e-02
5.976044017872739200e-01
-7.463599709480325806e-02
1.578800360704168126e-01
2.130840026996843051e-01
1.645970535820092950e-01
9.516300597043317322e-02
2.645453514928431393e-01
1.232308037033655462e-01
-2.380097527540155078e-01
-7.891443495294923893e-02
2.239851618090566709e-01
-4.685968952084376693e-01
-1.288731621799831528e-01
-4.657231479187214362e-01
-4.415938154213245870e-01
3.793346083364903532e-01
5.628599578912918400e-02
-4.768974128812058372e-02
-1.140626830476641901e-01
-1.851899369892205938e-01
-2.366518423778268820e-02
-1.234672354135285532e-02
-1.877456050176726510e-01
-5.700705226475176468e-02
-3.194287741646768541e-01
2.127440287518473153e-02
-1.462186049181974090e-01
-8.396356634967080956e-02
8.735292034967240271e-02
-3.179482117877079766e-02
-2.601012422439721306e-01
-1.163636984315081918e-01
3.662879690602593736e-03
-8.863313805436691395e-02
4.427689299949175150e-02
-1.382903614770061851e-01
1.094338839074523589e-01
-2.104726343746591288e-01
4.418906931061018784e-02
-1.224687192254708124e-01
2.657773423876158003e-01
3.796577522633165502e-02
9.328173085466846814e-02
3.540045006262326939e-03
4.803523014566392010e-03
3.427073915930901604e-01
-1.732096199315255880e-01
3.704966408845097314e-01
-1.374226307617603671e-01
-4.279660366442054054e-01
6.423744634702195644e-02
2.837385337894164361e-01
1.492060358114416334e-02
-7.853642068136794385e-02
1.232644781462466782e-01
1.273861325117192911e-01
-6.568026034655811973e-02
-5.170376509696134742e-02
-2.567055476008218151e-01
-1.510525326314948458e-01
1.705991116231536653e-01
-7.838137427544475400e-02
8.847267480574598497e-02
-1.372361386633648428e-01
-3.004239881431899906e-01
-3.177170355575772431e-01
-1.781358194376336523e-01
-5.632533988457959911e-02
4.936647740911382504e-02
2.428045763334782392e-01
-5.636299008760210089e-02
-1.976050488439423936e-01
1.085341852333234769e-01
3.324332778327654392e-01
-1.584492891737922515e-01
5.751128950509123115e-03
-2.424889480738326997e-01
-3.300040640880163439e-02
-1.025004782575690138e-01
1.863278326286776365e-01
-2.912072703544617627e-02
-5.105653348165713895e-02
3.931366080001681002e-02
-4.335737741957279012e-01
3.091363122072106062e-01
2.778208279896431931e-01
-8.618653585159889718e-02
-4.414280598421168045e-01
1.596526750523571681e-01
-7.463609000193785481e-02
1.333592132906067096e-01
-3.361611762971706274e-01
-1.189148650575589522e-01
-2.513526792508452221e-02
5.010573982722758835e-02
-9.005331264769166066e-02
-2.182664547909347608e-01
-1.048589492409216367e-01
-2.424179529940073408e-01
-5.197813425148126720e-01
-4.142238934238822723e-01
6.823140509794480002e-02
2.347153497180112236e-01
-6.767485053122383742e-02
-1.119962596930942772e-01
6.591638948719921731e-02
-2.627316974685287576e-01
6.130788099630944676e-02
-1.819956634743395141e-01
5.406191151721857074e-02
9.269930618333786787e-02
-2.447802326888389446e-01
-5.627341156173326989e-03
3.936207902454652574e-02
4.806211935516999656e-01
3.930830208615507249e-01
3.312122588595770023e-02
-8.876306702150867090e-02
-1.131439109968689419e-02
-4.151608689954567888e-01
-2.110533769200489962e-01
1.279588841022361312e-01
-1.887086963547127683e-01
4.836213832165828230e-02
-1.166807305024327307e-01
-4.630882469862732109e-02
1.559046326188595899e-01
-9.966074799668918349e-02
-8.665253694427686726e-02
1.907322873935342888e-01
-1.690039311988576209e-01
2.034522264242719647e-01
4.281977831434347626e-01
1.104877393239094979e-01
-1.553756734997589484e-01
-1.540687811274017716e-01
-1.016136060954805492e-01
-9.635666330292122495e-02
1.576937559093422314e-01
1.566910296771593381e-01
-9.586058352686552264e-02
-2.420471178406609081e-01
-2.077133040206268488e-01
-1.787435550620171398e-01
2.440592221860299060e-01
-2.101536963433746352e-01
-2.010105338399102437e-01
-1.957767392751166727e-04
-3.084145237518919891e-01
-1.287566361074470866e-01
-2.829743558757545352e-01
-2.102337157954748958e-01
-4.828099586670116239e-02
1.985285997978383787e-01
2.212561009197127893e-01
-1.715312601349348320e-01
1.016446446593902014e-01
-1.334996090634621713e-01
-9.154750643185270709e-02
1.318311034781858015e-01
2.619509355128352701e-01
-2.145909270024881355e-01
-2.221661294003831819e-02
-3.374068224047323539e-01
2.896830290971409427e-01
-1.494371895334914990e-01
-8.019189671975979206e-02
1.375577890856924113e-01
5.701698196803380719e-02
-1.086911639141983910e-02
-1.092068317119213178e-01
-3.070967786434807834e-01
-2.008301230807911786e-01
1.266499650024065782e-01
2.748203030702016658e-01
-7.737175377905691764e-02
-3.250414256762115262e-01
8.997247028867309815e-02
2.519643622261199742e-02
-1.538732196305539202e-01
-1.801709872315877814e-01
1.923333710540730546e-01
9.001190772261400937e-04
-5.202492244889554002e-02
4.866038206528375820e-01
-2.348946554209129789e-01
-1.308631891474119069e-01
-1.660805901453947866e-02
-4.253962286082117461e-01
-4.133640759207944382e-01
-2.591289208315990591e-02
2.625180148715932082e-01
-1.723058668547831213e-02
2.615129706147660271e-01
2.907166082532774976e-02
-2.842047374243012459e-01
1.896410867031863290e-01
-1.894318586131841231e-01
9.842461288247988938e-02
4.337701776907366691e-01
7.081538880626446486e-02
2.060477228582452414e-01
4.262301591907041165e-01
-2.207071441979066295e-01
-8.966938192274545930e-03
-3.211000376634340903e-01
-2.795252262822270906e-01
-4.137346676126078537e-01
1.747251158560192141e-01
-1.064923027734579301e-02
5.005488490629793341e-02
-2.166985369087715552e-01
1.063138925692815595e-01
-4.329125696535600643e-01
-2.076934279802666872e-01
5.568156089756404886e-02
1.853958427238061313e-01
-8.463131984674072961e-02
2.338805584580198882e-02
2.283017370180989436e-01
1.731204884530912133e-02
-2.907201598400897726e-03
-1.445174336060137676e-01
-6.952931056007753685e-02
-3.196818418677405127e-01
-2.828294680561745447e-02
5.044820480543703994e-02
5.011683376959638614e-02
4.404979109146747729e-01
6.478560327420146425e-02
-1.237344175960269042e-02
1.786777880451334566e-01
1.466682054124877899e-01
2.670654977691857557e-01
-1.951467366051418961e-01
-2.816790223770715973e-01
1.516074414398237147e-01
1.475067799197458673e-01
1.270549236018734818e-01
3.640462715822839063e-02
-3.217653662898376510e-01
-1.807518272361679501e-01
-8.168182115831239265e-02
-7.198744134181259136e-02
-3.278424612272667349e-01
-1.116773284224931335e-02
4.952466275342996653e-03
-7.567573030507260268e-02
-8.575532879396188801e-02
3.374847503545669869e-01
8.543992875607271664e-02
-2.321935105118498599e-01
-2.429629668881455595e-01
3.276343459682450662e-03
1.066726015479318723e-01
-2.748195107412394061e-02
-2.362655715929379285e-02
1.915386348905461222e-01
-3.954036136372774402e-01
2.032237939400770577e-01
-5.508890484396254950e-01
-1.151763791168518292e-01
3.556779514141485965e-01
-2.431358866070670033e-01
1.403147789275116797e-01
-8.673705239336729211e-02
2.709069294900601915e-03
-6.110051452951661966e-02
-3.498977852769392105e-01
1.750876799112322524e-01
1.762957274407593866e-01
2.723432917387910712e-01
-4.174428243560143748e-02
-7.694762146734764052e-03
-1.690048897605435059e-03
8.985590419628665046e-03
4.452676852151273845e-01
-2.924369382309103260e-01
1.667264110168509839e-01
-9.332463360296802679e-02
1.997259407223996863e-01
-3.672048885845365374e-01
-7.957421222853074128e-02
-2.258448539865700322e-01
2.460828682562843095e-01
1.904815408633138418e-01
3.394769317809098741e-01
2.608869914149727909e-01
1.226662422823512205e-01
-4.827212227924081167e-02
5.623414751738897016e-02
6.768325606901248390e-03
-4.431747572060645152e-02
1.616599928827505417e-01
-1.659883675401513103e-01
4.733381390695861474e-02
-1.141340082062216876e-01
2.466832513877350308e-01
1.897327047937767686e-01
-2.323966141820196507e-01
-4.848914965073978373e-02
9.454340172696661104e-02
-6.883253738882356976e-02
-1.858790016843534301e-03
-1.486986119885658209e-01
-1.105310914364131120e-01
4.377652636802381036e-01
2.735899838393181932e-02
-3.012302192805339507e-01
-6.775286577087115403e-02
4.678031275663226823e-02
1.264835335965191487e-01
8.262194467114615526e-02
-3.038771771179930581e-01
-2.056422947141531010e-01
-3.147117988173181446e-01
-1.807803023238627460e-01
3.552506399125233694e-01
3.019076261347534151e-01
-5.021590577592623950e-01
-2.624255884475887868e-01
-2.431830916751116234e-01
2.243466969950652368e-01
-2.112708275844741301e-01
2.414249233415922125e-01
-8.177928195021336166e-02
4.980979451064361518e-02
-7.307749879673081095e-02
4.899129854252039507e-01
-2.499478221428528824e-01
4.927643276670992667e-01
1.025901847699091027e-02
8.939852339653248103e-02
2.685971729646677852e-01
1.113447144950441836e-01
-3.693094043840418061e-01
2.761093585026353284e-02
1.208776313746191960e-01
3.434255487020586028e-01
-1.772766793285307785e-01
-6.666175094303952720e-02
1.489103108017832966e-01
-2.075905340894924622e-01
2.237139603191651838e-01
-2.073791929223020303e-01
-1.023023756905797887e-01
3.831236977517357700e-02
-3.634663448834166838e-02
1.828440856787505453e-01
-3.700798529003508364e-01
-2.124286221101912842e-01
-7.245029940591138362e-02
-2.327695870573103509e-01
-2.246433778881659626e-02
-4.848461076133103731e-01
-3.649831632680878256e-03
1.572849797794330651e-01
-1.080666222416478417e-01
1.764008727758426820e-01
-1.263604107327437609e-01
-2.022987231537189470e-02
-6.459451646650864187e-02
-6.365153165289580972e-01
-1.611885840928689237e-02
3.190889579506146490e-01
-3.433104633675702066e-01
-5.855575193885872998e-02
-2.386598811233894279e-01
-1.712922814212230471e-01
-1.538292536754198025e-01
2.577390459478144935e-01
4.088567258781656832e-01
2.108621734980432871e-02
2.928783518044740797e-01
-2.998767443906074637e-01
-1.184415611692337805e-01
2.687638423853140335e-01
-1.116607600942849249e-01
-1.247268631223270863e-01
7.556298758710469632e-02
-1.945728078386186610e-01
7.676107876071880387e-02
-9.571870077575952290e-03
9.495836805761612154e-02
3.009491293812031620e-01
-1.103376197102161338e-01
-3.371785801825172846e-01
4.263821715329511181e-02
2.618351121144830707e-01
-1.004669371758508400e-01
1.939430265040539558e-01
-2.623243767084428302e-01
-2.229753245074801160e-01
2.025893207548500330e-01
7.408688588414268084e-02
4.905989002278326322e-02
-8.252680789722428856e-02
9.132640250065170162e-02
-8.072195662521636228e-02
2.618748764119063332e-03
-1.063581101144028679e-01
-4.263910875591701843e-02
2.379682434796192569e-01
-8.747244471660987897e-02
-6.003152505514135207e-02
2.297203816555468958e-01
-3.599696651899451649e-01
8.821756385878981588e-02
1.361847463156780902e-01
1.683384681416901230e-01
-6.467593955630478175e-02
1.444518428341462768e-01
5.010891161168457009e-02
4.370573180757469922e-02
-1.806198671384333029e-02
2.078604083535871005e-01
-3.305643215827995807e-01
-1.338520734920492505e-01
-7.888780517266406889e-02
-2.372802963739288895e-01
7.909298936108279804e-03
-1.552335943114763472e-01
1.552598462137681212e-01
1.953316156029643313e-01
-1.276236206276941954e-01
-1.487917510677906618e-02
5.657948916020965058e-01
-1.376413651791167092e-01
1.409993252006022657e-01
8.297385440435939286e-02
2.694093411985986619e-01
-1.108553975438043016e-01
2.888399660592916307e-02
-4.905508364930763476e-02
-1.649496777908006362e-01
9.869809816306097938e-02
-8.760846222012926010e-02
2.687750329663929003e-02
3.933351055622129056e-01
2.139938884979723233e-01
1.726639563446628611e-01
-2.389591896418160610e-01
4.285880063692967812e-01
1.170423496070303049e-01
-4.030637183983212801e-02
-1.457472511881861277e-01
-3.744090390489651088e-01
-1.839573047683386031e-01
6.931399080083627644e-03
4.553384218561597474e-01
-1.308395799595462039e-01
6.803594468320847688e-02
1.958745294545891913e-01
-1.517118380872493622e-01
1.686462611461466699e-01
2.250369342280032769e-01
7.914830151312572670e-02
-2.028342947044524114e-01
1.049997503843684427e-01
-3.997818390153595192e-01
-2.764304072746065835e-02
5.549300057399803032e-02
1.461288617205530882e-01
-4.037221215847350830e-01
2.404698363713818898e-01
5.804474478477429644e-02
-3.899765629952934853e-01
-1.052475182207874421e-02
3.650986495464265263e-02
-8.317410786766904485e-02
-2.258155377044809287e-01
2.132369982166873457e-01
1.626014417972548309e-01
-8.992288583350997733e-02
-1.254606205846857392e-02
5.305440086537468319e-02
5.538626998796260942e-02
1.520933939675122304e-01
1.157964735147113677e-01
5.132546556152136619e-01
1.749190801161969178e-01
4.443244277303216583e-01
9.496230045410440634e-02
1.474848841785785791e-01
-5.683673639679588663e-02
-7.627062620410246518e-02
-5.612534545955640830e-01
-1.059220273253748262e-01
-5.240108714917863890e-03
-1.360629389869126016e-01
-1.195281583066032938e-01
2.115567623730916780e-01
1.179115328237406723e-01
6.459149701664511356e-02
2.494801204485823098e-01
-2.981712395196215448e-01
6.090687433603318018e-02
3.371946138993019981e-01
5.549964832387339203e-02
-2.175348591339117121e-02
-1.147207521193316093e-01
-1.229243834452077855e-01
1.564722982926463890e-01
2.940488313427676997e-02
-4.176324339955423404e-01
1.192346397237277478e-01
-2.500073781808732631e-01
-8.348470532457157034e-02
4.244012621431252942e-03
9.009392703225881094e-02
2.593906935913734557e-01
4.662805336155257940e-01
5.246942209895930770e-02
4.518840789596725305e-01
-1.325149725761649300e-01
4.418490575867304454e-02
4.312989704563184416e-03
-9.929486314973276495e-02
2.308029645357761450e-01
-4.049159420981095492e-01
-4.762284138054202060e-02
-8.805481728964609234e-02
3.424837574351135006e-01
2.116095882478380430e-01
8.444946257950730617e-02
6.431340743430363771e-02
2.289256756199944953e-01
2.088794071278803621e-01
1.675201061240094158e-01
5.327525905065712275e-02
2.252036282329944183e-01
2.210575529377501736e-01
1.724321151595279988e-01
1.357202294880104909e-01
2.068282873524457111e-01
-5.712347999269490328e-02
2.543485703590520411e-02
-8.280473301553967214e-02
1.630784762807960253e-01
1.908078235431411029e-01
-1.302080644722209413e-01
3.206661136583963678e-01
-2.608181768159610787e-03
1.372678118920865054e-01
-1.499611931423319999e-01
1.189677866727067712e-01
3.069178577656868009e-02
-6.817330634542262402e-02
3.714933896311127248e-01
3.157747810469527239e-01
-1.905290244828512086e-02
1.411693026035445997e-01
-1.808499531499237478e-01
1.813600380464652218e-01
3.722625665762376024e-02
2.437517634016913293e-01
-9.197329831141515602e-03
7.244078963295111362e-02
1.661432254173674516e-01
-1.180355531633999339e-01
-6.001057509493614578e-02
3.066763526889065838e-01
-2.628505541268610357e-01
2.273491709514709191e-01
1.773590939512690312e-01
1.158539785093069957e-01
-1.105023651730750733e-01
3.741980955924117946e-01
-3.649567237922489438e-02
7.173941965614828720e-02
-2.308842543285269736e-02
-8.890886015541315385e-03
5.302772011802744379e-01
-2.023215354119817511e-01
-5.136008802349085745e-01
-2.446328277555515629e-01
-1.160757435149896571e-01
5.975475367404550070e-02
1.294640630270313952e-01
-9.838048289535196445e-03
-7.834590733071571111e-02
-9.492529173553301836e-02
-2.664561657555125640e-01
-1.652619008836588854e-01
3.411881497177289557e-02
6.943458726288220806e-02
3.117951333570223582e-01
-4.363733345225937477e-01
-1.810159156771959932e-01
2.449560608001585815e-01
-6.287823950826442188e-01
-2.900338169740117045e-01
-2.418689715158695852e-01
7.322932669518074540e-03
2.591719208234316008e-01
-2.116881216542408628e-01
2.206996292069092480e-01
2.054708865555814612e-01
-2.670327427802732800e-01
-9.947019135970748549e-02
5.340872529458614570e-01
-1.830764590850084139e-01
2.721293030905565513e-01
3.200017076913538316e-01
-5.004493622457838187e-02
3.924742918165571304e-01
-6.132358416463275230e-02
-1.318683867914581809e-01
9.593942255486279103e-02
7.702900510655136257e-02
9.279093418912637281e-02
-1.358878703017268041e-01
-2.429534882359960998e-02
3.220056874137802727e-01
4.668062858211657895e-02
1.301235124299164048e-01
-2.921287924386384294e-01
2.374587398825885075e-04
-1.268516628055740281e-01
9.623666665334590364e-02
1.775427846149659483e-01
2.385106975077949942e-01
-3.939272250704117240e-01
1.635006277173794709e-01
7.539755134907707990e-02
1.357286091361183111e-01
-8.548272282353482077e-02
2.839944291333419413e-01
-2.840439525457802428e-02
7.663770218453282677e-03
-1.168574771429957554e-01
3.737226140831439447e-01
-1.435182954676003375e-01
6.972884338409347793e-02
1.479647129158586927e-01
-3.031790749893863504e-02
1.391296266942529392e-01
1.719696458933434591e-01
-1.938556892204301675e-03
2.199975794665977868e-01
-1.512504200149952238e-01
1.102562029254769288e-01
-4.205918817382438279e-02
7.510264246815955003e-02
7.763520310503771449e-02
-8.317595589740077455e-02
-4.475800699126570859e-01
4.552209299736039577e-02
-1.612785718713250771e-01
4.012347328369519905e-01
8.657377242406563700e-02
-2.434091379251701603e-01
-3.403295343324784228e-01
3.536671418384985111e-01
-2.720756482820723202e-02
9.245812136069030129e-02
3.380347104503623745e-01
-3.231750819596863888e-02
1.416810022091293531e-01
-5.589345653950105602e-02
-1.263726726645292720e-03
-6.837566530979315160e-02
7.901922642938022379e-02
3.169727802879877543e-01
-5.416045068829689058e-01
2.667356638823883616e-02
-6.490289784569826421e-03
1.434818056165043931e-01
1.102998374952143257e-01
-5.839016345721419199e-02
-1.742412178602352757e-01
-8.007607130223459713e-02
1.807784055207675711e-01
2.270019632480914096e-01
1.702885830761599606e-01
-2.861513503524954483e-01
2.502861374242380532e-01
1.911957222257462397e-01
8.609229556982904430e-02
-6.434393665902651827e-02
-3.013703320405213271e-01
-2.367343013319530010e-01
1.607017526983158251e-01
-4.580997832730330371e-02
-1.093262446587367764e-01
5.517114795258966087e-01
1.800333883867443197e-01
-3.455490580077648644e-01
2.929581281416427929e-01
-4.704225820929615609e-01
-7.603585289822858972e-02
-7.018397722953266527e-02
-2.526377922519950636e-01
-1.658991003625723271e-01
4.101590227184663019e-03
4.512607073341113467e-02
-9.265292922012619004e-02
2.158061056880083983e-01
1.415928377645503389e-01
2.979590617243570994e-01
2.490039078398723627e-01
1.036446540184649857e-02
3.701799941270257910e-01
9.473055429559755491e-02
7.992613717975103824e-03
2.892011697986683894e-01
2.258489372624873093e-01
-2.296333134628632811e-01
9.784770612849476301e-02
5.415757000756083774e-03
2.336116082278679451e-01
1.902882977579050533e-02
1.542702965906888324e-01
-2.363684078081102757e-01
-1.029041426136029225e-01
-5.401981040403112944e-02
2.004314613142794410e-01
1.731032329622065324e-01
-1.183033049807011156e-01
-1.643580793002530904e-01
6.359108430407760248e-02
6.330990129548533241e-02
-5.759370797065326009e-02
1.026762071401111504e-01
-3.135677599547869732e-01
-1.956931678403400765e-01
2.286334481222160042e-01
-9.781317921357242373e-02
2.536250585864337562e-02
-2.511718490355609457e-01
-8.587995127903914894e-02
3.020512091147534162e-01
-2.959497680949846332e-01
6.322875665247849886e-02
3.219834291896352951e-01
-8.938036643756429311e-02
-1.130102744399747172e-01
-9.536459796780691334e-02
4.288689553213365785e-02
-2.408127799538650471e-01
3.174820964889339958e-01
-5.029364608082308452e-01
2.968161961102563917e-02
-6.324348795722459782e-01
1.833812800184651537e-01
1.403492553757179628e-01
2.778508142432756234e-01
-2.133031134342940616e-01
-1.379055733537867534e-01
-2.358881647048827745e-01
-4.110661364349069702e-01
3.076100529066391753e-02
-2.655992426092895209e-01
4.350910860504078950e-03
1.025674878465388795e-01
9.046207922334517648e-02
9.365781762164453184e-03
-6.192831275285454878e-02
-3.984234632297910944e-02
3.953331617902428735e-02
-1.136688287389721191e-01
1.440485069217339598e-01
-1.839129619889552369e-01
2.721228698453775352e-01
1.838984662731183162e-01
1.100330657316639510e-01
1.384832928053864876e-01
-6.295219033965201993e-02
-3.038198708725147190e-01
-3.482114139596166891e-01
-1.185434371933548336e-01
-1.740568581509725210e-01
-1.340854103814647369e-01
-8.574345831848366462e-02
-3.150809712200167839e-02
-7.867498053486307943e-03
2.268103076448286723e-02
1.573019300567747025e-01
-1.444039158053459469e-02
9.373875246087685909e-02
4.212967767070238123e-01
-1.200007255381961985e-01
3.093338991541279004e-01
-1.468689498190191289e-01
1.967411162256053059e-01
4.189241233140474363e-01
4.321575860101055655e-01
-1.080000093748051809e-01
1.951857536273762794e-01
-2.139394651339477094e-01
3.252045816516372923e-01
-1.062512088774540953e-01
2.237173323153742455e-01
2.672799064402541780e-01
-1.011932412521878433e-01
-3.380184301031273764e-01
2.038403026086249015e-01
-1.928501924827000225e-01
-6.483578030843879791e-02
4.203669305507889420e-01
2.324493197352304752e-01
1.557489069350476499e-02
-3.822927526317963787e-02
-2.722602216194720537e-01
1.593584714110521106e-01
4.806330969471681036e-02
3.391585473595880029e-01
-6.153530280600275591e-03
1.111983461274719115e-01
2.232547443414746244e-02
1.797273884007876688e-01
-1.561351486736364536e-01
-1.574875815046253569e-01
9.218494002886494509e-02
-2.369937807029112165e-01
-1.618987164403215828e-01
-3.032766755113543988e-01
-1.536008165720294250e-01
-2.927170966581152944e-01
-1.503448900204240601e-01
2.127572778345626636e-01
-1.040495687544929632e-02
1.567739352438645983e-01
3.392854002451292650e-01
3.896967764201883511e-01
2.340635031378231479e-01
9.370870784496998507e-02
-4.694315886050476339e-01
-2.946763223669827125e-01
5.394844159239810949e-02
-1.642692340854365884e-01
-1.681196622453158497e-03
-1.390408261998524533e-03
-2.955308095314846881e-02
4.694341087481015279e-02
3.829714956287946226e-01
2.028568250712663446e-01
3.668070436581202104e-02
4.005831402521539686e-01
2.044931743053882145e-01
-1.017406101856145328e-01
-8.682527192492109358e-02
6.103866110787713184e-02
1.349487385733507128e-01
-3.928493157538064801e-02
-2.059902034661129644e-01
-1.248775730267873280e-01
-2.292958315261536123e-02
2.689243762250260183e-01
4.236108834795130895e-01
1.494020025965432930e-01
5.548600953108531048e-02
1.142486982067802449e-02
-9.553974121969949218e-02
-4.821276508117723625e-02
-2.054727313963949364e-01
4.782167184186442849e-02
-1.648893155554443102e-01
1.469828477520991328e-01
-1.354590887008711719e-01
2.635049127182159667e-01
-1.051632646484532696e-01
1.391425773112453801e-01
5.316381179016727021e-02
-1.278322202341487246e-01
2.266049472133252196e-01
1.579050569524128311e-01
-3.873795486911518759e-01
1.919593370937038579e-01
-3.758139589751113840e-01
1.775138556234618636e-01
-5.324413205373643848e-02
-3.753446900644124007e-01
-6.590503873654973699e-02
-2.882426920258971959e-01
2.610881834566604609e-01
1.483292977651919364e-01
-2.394588119415147764e-01
-1.211956085593704630e-01
1.404281661338808163e-01
3.042021840162386151e-02
2.292754310135851625e-01
-1.601492822851336706e-01
3.162958081867855431e-01
4.564482958252812916e-01
1.070854748662590228e-01
2.613752554455673893e-01
8.126777590025224818e-02
-2.400607343192498466e-02
-3.520319457653449668e-01
-8.015912570573680007e-02
1.607886330816850895e-01
7.436845484377167803e-02
1.883024100400093326e-01
1.354668330137666077e-01
-3.762219508567828281e-03
9.674081455807650998e-02
-3.396529735314434695e-01
-4.826540962920929795e-02
-4.790230896766647928e-02
-1.842334847122905905e-01
6.989229980068671633e-02
-1.875892667912830436e-01
-3.935450659797222195e-01
-1.761841283782629164e-01
-2.595559665843202857e-02
4.525329504275401038e-01
-1.111235323576311995e-01
-6.021232275124458605e-02
-4.012447334893440992e-02
5.129995075589142972e-02
-2.954869338755959918e-01
1.927381871506110844e-01
1.309972798496639723e-01
-1.185021053451351669e-01
-1.709176609046413886e-01
3.036400397184447347e-02
1.879212435119100300e-01
2.777511626428530445e-01
3.741173232074758714e-01
-2.254848356248732033e-01
7.444233349141658740e-02
-3.052498002186471160e-02
-1.156571945587703742e-03
4.488274045475097729e-02
-8.181124383042281956e-02
-1.679850207854310384e-01
-2.081274559553021597e-01
-2.981124110708547881e-01
-2.015782754164424095e-01
-7.008608923588310370e-03
-6.407191026992971328e-02
3.704868115185890876e-01
-1.740685997991224532e-02
-8.709175402768702667e-02
-7.047692503218841442e-02
5.793955920575022400e-01
4.425534949213341673e-02
-5.598665883692513501e-02
-1.258736866385642625e-02
7.144403228700585418e-02
-5.126932168714631866e-01
1.217957162625982019e-02
-5.953464951091516633e-02
3.084354512705878709e-02
2.037200541456910541e-01
-1.081930747935101605e-01
8.255610723986288313e-02
2.186687708171722866e-01
-3.409214186013677650e-01
3.171747309780671986e-01
2.895485345969423321e-02
-1.728892629926926383e-01
1.748937361777505306e-01
-2.795578468382173970e-02
-6.979212960482591988e-02
-3.403522752197917223e-01
-3.065558847243131102e-01
3.337091987032552720e-01
-2.564774116124538539e-01
9.371803666522156295e-02
2.945578733638334890e-01
3.741775692575080581e-01
-1.419111544919006776e-02
-3.974504981563553030e-01
5.982195138883600327e-02
3.387901638047428055e-01
-1.323443824643739108e-01
-2.292966390733588433e-01
2.939827449540587390e-01
1.902883845387239037e-01
2.690013886782638419e-01
2.730014613120881894e-01
1.586989777619050856e-02
-1.544733643931430270e-02
3.224515767737622940e-01
-2.211162789557567510e-01
-3.344390649664640697e-02
3.298724688257904936e-02
1.431289890181799696e-01
2.706782588320185701e-01
1.083762869891774228e-01
8.329438635232171151e-02
1.134015412381782217e-01
2.810087705860880303e-01
6.047505400391259972e-02
8.222554418615921068e-02
-2.435627864404706355e-01
-2.627612202623507472e-03
1.646806424348674358e-01
1.836772907322858223e-02
-1.756319192757886671e-01
5.179440362386989599e-02
-1.076636594930445584e-01
1.063813220370028040e-01
-4.519990566962476392e-02
1.164735311200554152e-01
1.990199366434886319e-01
-2.097808961011715378e-01
2.983408288905591843e-01
-1.335199572468173390e-01
-1.311980722736291183e-01
5.158839697450462447e-01
1.281425287126344570e-01
-1.504165401846792594e-01
1.914309079400074998e-01
-6.033861172652530414e-01
2.367624586250336449e-01
1.795482968353319664e-01
3.647804946108016977e-01
-3.798844494085296879e-04
-1.312448934141752510e-01
6.735727321476622786e-02
-1.605755372978453499e-01
-7.730662144661645807e-02
9.136522268842602046e-02
9.640295227730334704e-02
2.699951980164377319e-01
1.288601680433409946e-02
-6.538411945953982729e-02
-2.392944538325082748e-01
2.262855063799024957e-01
2.264005380190015626e-01
-3.354127262982756208e-01
-1.058283004760826179e-01
-2.679723875799301935e-01
-4.569746068445899034e-01
1.105220618284254719e-01
3.948211860905127824e-02
-2.128169681401443636e-01
2.648740858069678628e-02
2.201399490485680954e-02
-1.238572193770837437e-01
-2.240165074839140791e-01
1.778871474268189923e-01
-1.524271692947611612e-01
-5.668417214751493571e-02
-1.150392942977428723e-01
2.571354266702242097e-01
-1.352183397608946458e-01
2.035292399583356338e-01
3.275712825212230839e-01
2.912015388447244391e-01
4.669994571162962571e-01
8.015443543729248999e-02
-3.090656360785018486e-01
5.751623221158662369e-02
2.501928328614514419e-01
-1.933988395523274784e-01
7.438643649867441969e-03
-1.411451143247293982e-01
1.525752471860839510e-01
-2.539457198362383150e-01
5.327466265608602619e-02
-4.297996386770245314e-01
2.562449265730019077e-01
2.968955250171271265e-01
-2.240441656551326113e-02
-3.491099966108355823e-01
3.933794813876081986e-02
-1.239684505368978118e-01
1.424313085082058727e-01
1.000303085268461258e-03
8.917462309942386645e-02
-1.096136334167332749e-01
3.316657556591665612e-01
4.096367263400326753e-01
-4.538031921201246544e-01
2.475298735857490717e-01
5.733025102925399380e-02
4.500174063845522876e-01
-5.431808673533333048e-02
1.160944698327954910e-01
-2.056021782670823805e-01
2.132613857520475054e-01
2.948815830593519705e-01
9.262797068640360454e-02
-1.440373126669573789e-01
-3.829599400995394864e-01
-5.537948983013930154e-02
-2.532307994739804984e-03
1.347706892847755633e-01
-2.962574095430984822e-01
2.663679636949104479e-01
8.297513528431792185e-02
3.709087365720185880e-02
1.801512725466110909e-01
9.080436903677388538e-02
5.599274576960536209e-02
-6.312947605611989033e-02
1.873909725943525839e-01
-1.529161418525051830e-01
4.214915767841893326e-04
-1.293386839757135753e-01
-6.411468075315748458e-03
-3.577550839486017820e-01
-1.006733811114927934e-01
7.449790651667341501e-02
3.592426187386229541e-01
3.226588558913028731e-02
-3.249437839161631869e-01
2.359235474284675227e-01
-1.508845990060231901e-01
1.215675768481693647e-02
1.116729084741231864e-01
2.400599675936677668e-01
-1.849681363200543771e-01
9.324725653584833851e-02
1.562810605411920906e-01
1.759976332594513082e-01
-1.671204139849606640e-01
-4.463135291886947131e-01
-1.501676515194813044e-01
2.440099079718670641e-02
-1.476574293625456669e-01
-1.921525402998480458e-01
-1.088044123699111326e-01
8.645499558457067635e-02
7.438028104188491862e-02
-1.466866131935053441e-01
-1.581775322646268855e-01
-3.032994583471417815e-01
-1.079241972038509079e-01
-5.158590890368883880e-02
-5.800845993407892365e-02
6.243479486267438094e-01
-4.579197036783549946e-01
2.833657802721651353e-01
-1.147830637488093941e-01
1.120478921368585068e-01
1.573495938655052329e-01
-1.077310013204834799e-01
4.442483702992684469e-01
7.515463760491528089e-02
3.025431811653832986e-03
-9.024650243058972288e-02
2.275778589972960730e-01
-1.186003048878497557e-01
-3.994931492533760342e-01
-4.696767682993125553e-02
-1.425916446760279732e-01
-1.106761115700641979e-01
5.293042436221271491e-02
2.818894889360957778e-01
5.832613959820399929e-02
4.676245840079221866e-02
4.962874222995699441e-02
-4.700787823084694173e-02
-2.756189364723061197e-01
7.244513802410383618e-02
-2.593444846537913406e-01
-6.801423986156017454e-02
2.429008586926330593e-01
-2.414736421060197924e-01
-6.444232955416981379e-02
-2.193530046099822217e-01
7.234793234220786295e-02
1.158466426843449970e-01
9.268077525129726768e-02
1.631983465963784685e-01
-2.745750083566857458e-01
-1.708580849843825689e-01
1.413394975617134619e-01
-1.761853701400460936e-01
2.067750819241608029e-01
-3.962765054202674886e-01
-3.990239017350603601e-01
-1.635755741811925970e-02
-1.122567133373552489e-01
-1.554748998381445535e-01
1.092147791403195872e-01
-9.608856411816543361e-03
1.396250440274063309e-01
-2.527911831234553874e-01
-2.361342386704810489e-02
1.899673771842327608e-01
8.565064970787941712e-02
2.745610073667297257e-01
3.926523526509235751e-01
-1.592380399872274088e-01
1.347721846727208961e-01
-1.676622323057624930e-01
-5.595369948316716302e-01
-2.800623331876643252e-01
1.009644122458865645e-01
-2.836609135977036233e-01
-2.365685375243003485e-01
-2.418277347252450193e-01
1.308246645681212517e-01
-9.809514250649495337e-02
8.216400564037341925e-02
-1.235867827990564521e-02
1.347193476271512091e-01
3.579873139297075069e-01
-1.401962977490279483e-01
-2.767797283127030328e-01
2.773855455324045760e-01
9.615354535346749831e-02
-2.848075550221256837e-03
-8.565493370227152126e-02
3.968454794941219665e-01
1.145053434192124797e-01
4.725155388016408220e-02
6.956538303092148212e-02
2.693894210648811738e-02
-6.734957112700661053e-02
-4.436096185847068774e-01
-1.330925968027922568e-01
1.982908355772575737e-01
1.036917764549199344e-01
1.605390572228206914e-01
-1.656942955779666313e-02
-6.518054025323750597e-03
1.216444291394937899e-01
9.988544254737276307e-02
-1.600039559548160351e-01
1.074899963640514738e-01
1.021830647193873280e-02
-2.336755447667386854e-01
2.054500459721056993e-01
-9.664992241129422013e-02
9.333461020459847546e-02
3.883270377311302812e-02
-2.104584732742571518e-01
2.519666282822569103e-02
-3.550176227909587201e-01
-2.556134211053868177e-01
-6.001624633462102065e-02
-5.057418638931442390e-01
-3.753442814686012707e-01
-3.678110119483325446e-01
-2.140916209331839293e-01
-9.013212350767192682e-02
2.538970496040909852e-01
3.510280929173680287e-01
-2.438444058334880010e-02
8.807588958182242800e-02
-2.872644112864113919e-01
-5.509412731588322204e-02
-9.939092707751569222e-02
-4.202425456414050076e-01
2.967030245031979652e-01
1.055461926641490383e-01
-1.991897832345487784e-01
2.696267416532111549e-01
2.902738898414731206e-01
-9.505034860142472231e-02
-4.424939871117006263e-02
1.312291072573365247e-01
-1.588080548070444908e-01
1.464597640885430263e-01
6.468681437221047992e-02
-3.821128419312047053e-01
6.755689353234319849e-01
-6.693177735054593736e-02
2.441739828582778840e-02
3.905960106049086861e-02
-2.459047945041392680e-01
2.581930490495043529e-01
-5.568156474356200647e-02
1.231075604757475052e-02
-2.539848049838545618e-01
-6.190384590110818985e-01
-2.448375287167745551e-01
7.708996296755099564e-02
-1.920653579258822796e-01
-6.202783294478365211e-02
-1.016381855157340863e-01
3.534093704394900559e-01
-1.741229291401079071e-01
1.509243372218191381e-01
-1.893550805967312844e-01
1.812653261550675465e-01
1.935318114587357419e-01
-1.283068687456425383e-01
-8.116290394816233489e-02
-3.997013719487610417e-01
1.048472531400413271e-01
1.139299511855424163e-01
1.136587388201839577e-01
-9.252822027753380973e-02
-1.049178433375446140e-01
-1.342245131308300587e-01
-7.027439459621256934e-02
3.777385492294882408e-02
-2.850606680978157170e-01
-2.581056794981714808e-02
-7.756334571385055388e-02
-4.959490578273786227e-02
5.154423028705825902e-03
-1.805950060106829291e-01
5.045681154593591872e-02
2.208695178596730702e-01
-1.516360349107126471e-01
-7.193624772282973534e-02
3.155966237880589859e-02
3.099745979328910259e-02
-7.141425940574219755e-02
-2.642500720366054434e-01
-5.905629087882759837e-02
-5.478254744337154175e-02
-4.686996850883266841e-02
-2.024433335606476980e-01
1.431942286152482480e-01
2.583910373602116284e-02
4.624438498279897364e-02
-5.325818914623528348e-03
-1.063503315360071755e-01
4.129771575230213321e-01
-1.409832394230825514e-01
3.036200623529452525e-01
1.436453389304260253e-01
2.220163850901146763e-01
1.426741232388072933e-01
-2.507431206500750423e-02
-2.945433035791871212e-01
-1.818568416554390277e-01
7.730180514847996565e-02
-1.021372548773887695e-01
2.569773062559718158e-01
-2.366077994801189799e-01
2.551660599906909258e-02
1.735207157355368457e-01
-2.056723688218312918e-01
2.818272237865797614e-01
1.101438159278187723e-01
1.596594789237392453e-01
-1.896624629922079586e-01
7.198801654303590980e-02
2.619909093102192332e-01
1.850597164153681973e-01
3.237807571638079973e-01
-9.577410902201214304e-05
-9.871458809094421638e-02
3.393182274011772859e-01
-1.258232461367587984e-01
1.968415705492410905e-01
1.865283096958428311e-01
1.188265067709716460e-01
1.270663012623601817e-01
2.136844611939264504e-01
2.978452372696636097e-01
2.107690057519296181e-02
3.169005638408161074e-01
3.645875556777345428e-01
5.355335170495251207e-02
-3.436723004038815810e-01
-3.475948672665857275e-01
-2.832016295511648463e-01
7.162513728527196595e-03
-7.332196857112197041e-02
-1.936303976729859266e-01
2.359542455394595117e-01
3.992266049555820984e-01
1.114720177205075075e-01
1.060619058992916947e-02
8.874615710153863080e-02
6.634314751976307101e-02
7.256353290389319644e-02
1.987140587195335428e-01
1.647873565136287466e-01
-1.954185894317910510e-01
-3.074163957788374479e-01
-1.927504706183980898e-01
-2.215881732860320863e-01
-3.145192753348687309e-01
6.251996257251343780e-02
9.431218446290177970e-02
5.802661171717855837e-02
-2.784162526595262976e-01
1.025197331245138732e-01
1.291570715308989759e-01
-2.012968450571847034e-01
2.378350473550464028e-01
-2.466511921417717246e-01
2.434237957266034980e-01
-9.687048162422609576e-02
-3.173345627834410487e-02
-1.625076200946100335e-02
-2.132573777220873601e-01
-1.171217907459674856e-01
5.786916000046978675e-02
-1.313186744319444488e-01
8.794396016476937333e-03
-2.140997634669574920e-02
7.733174509709263289e-02
8.144483588749099057e-02
-2.026907710373799520e-01
-2.232042698992316998e-01
-2.087831819734455308e-01
4.777718279170378723e-02
-1.589769990093911622e-01
-2.007471304217214036e-01
-2.220571506484335655e-01
2.472951037384049089e-01
7.947980782191969851e-02
6.657829048729227428e-02
1.208487188246397670e-01
2.553769474894936747e-02
9.058621201141119073e-02
-1.148742730652241740e-03
-1.275430296374838700e-02
-3.176872476740825735e-01
-7.654525532672756816e-02
-4.896893783893188079e-01
-4.702271397459841656e-02
1.641947859293775014e-01
-3.601123587034515960e-01
5.047213680703825922e-01
4.836353254324190498e-01
1.682991184940014762e-01
-1.828059881567473399e-01
-1.208969936403161138e-01
2.311703604925559874e-01
-9.028030543650253370e-02
-1.839995632487503169e-02
-8.641880052236081133e-02
-3.136078943852513845e-01
-1.963364596362433268e-01
1.184611306003385128e-01
2.848279023940205809e-02
-5.003319000244602771e-02
-1.356614084776432971e-01
4.527500463842227263e-01
5.558226089284217242e-01
6.723239603432372424e-02
3.778435482287674230e-01
2.455119950550455066e-01
2.900085576887436178e-01
-8.517560452615015321e-03
4.593830106781086053e-01
2.168423554836323153e-01
3.814661063117083528e-02
1.789238507112897447e-01
-9.470493245569290564e-02
1.640373206503563941e-01
-5.625042976057371968e-02
2.368620202723634438e-01
2.597974045079915473e-01
-7.088522504623230580e-02
-2.712241479736699629e-02
2.638136245386514811e-01
1.001300439200907000e-01
-6.077817705708685181e-02
-8.620095701810928657e-02
4.843871075052967601e-02
1.284748995909334168e-01
-4.188511289865880227e-03
1.455670551877033883e-02
-3.208794029352683430e-01
2.026922878899388436e-01
4.959750506096475831e-01
-3.262360726836158187e-01
6.484254851011163508e-03
-2.952662505401456583e-01
-3.327911961025192822e-02
-3.152938347440348843e-01
5.053535082702735881e-01
-9.932952180089750505e-02
-1.749165695313879831e-02
-8.732218812193896784e-02
9.662581496831069983e-02
8.931971679155078017e-03
-2.230782272059947946e-01
7.160300978509694103e-02
-3.050437314120585386e-02
-9.172953708358291824e-02
-4.344243685373594399e-02
-3.668955962610800370e-01
1.765858191761362009e-02
-1.288869890944812913e-01
-2.102038031689800190e-01
4.874488405011121600e-02
3.062178960471270694e-01
-3.396657391423955619e-01
-6.082032363249191553e-02
-3.134101821734001092e-01
1.707170295258601811e-01
2.336901344314872564e-01
1.619267386975646039e-01
-3.003250924304710634e-01
-3.045499410049521405e-01
8.435464618807365922e-02
-5.333253574096763483e-01
-1.390348583766489732e-01
-4.081925322851189253e-01
1.092064059090422229e-01
2.815018373988847911e-01
4.938491197556155871e-02
1.756462463869318813e-01
-2.125998442083625040e-01
-4.749769264366643928e-01
-2.523417670677631786e-01
-5.031977787539750752e-02
1.076248832291897550e-01
5.439560172155692985e-01
4.310738284785598689e-04
-1.130804762684793213e-01
-3.254014039602322328e-02
1.438634621551740378e-01
5.630177846307037742e-02
1.113093934552300407e-01
-3.488215314538758993e-02
-2.138584481935127679e-01
1.645558312222117348e-02
-1.648979437129259318e-01
5.433824115346508332e-02
1.043077255599528241e-01
2.848170962005110163e-02
3.566125688340511524e-02
8.935650666157672270e-03
3.801371160904500890e-01
-3.684114754856788188e-01
-2.207429955933928600e-01
2.745658582069699927e-01
1.059131388081200054e-01
3.512609659828429542e-01
-1.949702074042236888e-01
2.667702109585596074e-02
6.397456303834772595e-02
9.233663513351547669e-02
-2.819432705712978660e-01
-1.862062092544367053e-01
1.087321651182499016e-01
1.531553143242563864e-01
6.298719680796179832e-01
-9.256796121004641498e-03
3.041311732664315759e-01
2.277968402929613501e-01
-1.262613052036939132e-01
3.829110825146120334e-02
2.203118776154329994e-01
1.273846867150743578e-01
2.728365853469557623e-01
3.106882736806136289e-02
-2.034273475048257659e-02
-2.224025420762704430e-01
2.415490897761219669e-01
-3.075953905271603533e-02
1.286960831784522974e-01
7.436131306706184052e-02
