1.319538180304317687e-01
2.590837499496058682e-01
-5.447815021100873428e-02
-1.674890130014288769e-01
-6.748776932086245073e-02
-5.684966736145938837e-01
3.800691617320837712e-01
-8.839699559230392023e-02
-6.109010085648279489e-04
-2.295838242247251471e-01
8.702043380160481845e-02
-2.132966102849257473e-01
3.674653154469302851e-01
-2.317482031313326807e-01
-2.196299833061899354e-01
1.630789017632867655e-01
-4.853970213423948188e-01
-1.410427069382255982e-01
-2.367984416940122627e-01
-4.293122093377096382e-01
-2.586900153333126021e-02
-5.651882059356540255e-02
-6.421894215658033311e-02
-2.907035537763803523e-01
2.498518221958783425e-01
1.177763384234062211e-01
-2.602327081431128897e-01
6.718947463539984288e-02
-4.513317123965395194e-01
2.927203065452058106e-01
-8.312686390022495930e-02
2.562532104130887944e-01
-1.795385703997542381e-01
2.013618175432293766e-01
1.982360266698983964e-01
1.229736121560090073e-01
-1.586417403677134741e-01
6.448555732177758959e-02
-5.821435969990177567e-02
2.566664824270741829e-01
-3.052123879121032002e-01
-4.113504957771673548e-02
2.900694337647272691e-01
1.081081402143630049e-01
-2.893384627451816571e-01
-1.270156368730712693e-01
-1.445906443868706370e-01
-7.661792753464177763e-02
4.097009531578019864e-02
-9.666614188857888812e-02
1.479071668739083689e-01
4.231741303804545384e-01
-6.955654044176889060e-03
-7.585140158461650683e-02
3.149492642084679161e-01
-4.549942898718228879e-01
7.860966242390417247e-02
4.163163464366253508e-01
2.726708621772063745e-01
1.168762131498861517e-01
7.119205074748959083e-02
1.568818532571746860e-01
3.025620032720257591e-01
-2.484474163789661127e-01
-7.899646172241589492e-02
3.638820981616432831e-02
-2.716480791573994691e-01
1.304654813466367413e-01
-1.600706556678799797e-01
-2.081198080000728080e-03
3.191497616519065605e-01
2.965818604813753590e-01
3.077732730358450630e-01
2.103248103074014663e-01
4.705622966044115119e-02
8.661311590640223546e-02
-2.697642708359615157e-02
2.936230131531643583e-01
-7.625760493864795764e-02
-4.025780964906216508e-01
1.029964284835013788e-01
2.342278551557531660e-02
-1.833352420829255890e-03
9.328795502230738390e-02
1.067874124188879399e-02
-4.957579044097133736e-02
-4.502464171800305559e-01
2.859193630152859905e-02
1.991913361279323835e-01
-4.402505326403687302e-01
3.730279699884567202e-01
-3.470929096379528067e-01
-9.891360338136974406e-02
-1.238411828226353290e-01
4.535865021690613230e-02
2.614291014964512661e-01
3.789719385047827238e-01
3.590628770383096913e-01
3.943763529209066282e-02
-8.311491686289045056e-02
-3.140471079138704158e-01
-1.413944116121602090e-01
-1.506701551536716033e-01
6.063138695982714377e-02
1.731539046247123348e-01
-3.341359446705202130e-01
4.059297042738600064e-02
5.865871983222748637e-02
2.217143400600165085e-02
1.678390814097022454e-01
-2.325523567430494154e-01
-1.709268644893291167e-01
2.141676404810948786e-01
6.644815903983571914e-01
-9.101726690844771928e-02
2.642645890690792920e-01
-1.443199755979759635e-01
-1.623538294216250177e-01
3.468271624483407201e-02
-2.556795103851102272e-02
-1.562573726729212797e-01
-1.410135400768535718e-01
-1.504668540592539461e-01
-1.599956864451512056e-02
-1.030600493221262848e-01
2.426156256410784418e-02
1.968282852506909875e-01
-1.263550455734346878e-01
2.629683670159459474e-01
-1.393331028743247102e-01
4.179497842890524811e-02
-5.178748690905008584e-02
-8.308605441307935491e-02
6.084982210953213295e-03
-2.046953999272272534e-02
2.890784625773510919e-01
-5.453264404347215460e-02
1.986355341691860565e-01
2.031442384277701851e-01
3.353065651580813267e-01
-3.549090819992478836e-03
-1.867449785156720110e-01
-1.666985951417488399e-01
2.123773675636191072e-01
-8.867764644468882629e-02
3.186598042019282012e-02
1.876093324626479097e-01
1.813515713948999838e-02
2.793307563477758215e-01
3.397644006019142071e-01
-1.991278003596456958e-01
2.579709644565962301e-01
-2.005163690527791975e-01
2.633537355509587008e-01
-1.997445875202972232e-01
3.501370769240895187e-01
-4.070899711872521393e-02
-1.803972772907062594e-01
3.381102784019214547e-02
7.294963782972035959e-02
-1.121806845974579608e-01
-2.944413003508104532e-01
4.435558406981995232e-04
-2.505705374310450151e-01
-2.243986689302935877e-01
3.341755781218981869e-01
1.964057229915146252e-01
1.068279698210174988e-01
4.211445462608701812e-02
-1.031195487019425927e-01
1.092778310056032320e-01
-1.284754022754008296e-01
-8.093912524172272582e-02
-1.729490494093817443e-01
2.450197711102065357e-01
-1.212774102229284001e-01
-6.433497626952876247e-02
5.166664496779888038e-01
-2.037602575742395450e-01
-1.388666576805967501e-01
4.280982788023757757e-01
-4.267255970707471979e-01
2.698501202049011782e-01
-3.005292058271993860e-01
1.332694301012477267e-01
2.008657931578228598e-02
1.957556541085962720e-02
1.370311156668942709e-01
3.569458758970525669e-01
1.018821173401690955e-01
-2.486804284127374365e-01
4.930910124031315928e-02
1.831878022186539667e-01
-1.224472420109580240e-01
-4.817145194100094230e-01
-1.211276300766416791e-01
-2.934160931345598800e-02
-2.865523876464012940e-03
1.636401400150994112e-01
-4.389709014179168228e-02
5.445975540424675965e-02
-1.698142258273560856e-01
-7.972285192142597454e-02
1.507458675311872283e-02
-1.821023403509019478e-01
1.640079857312276290e-01
-8.059021919970620063e-02
1.533462147709520051e-01
-2.244080713161990537e-01
-2.391545012538741077e-01
5.530552941946648149e-01
-4.510380232697025482e-02
-2.252685261188915045e-02
-9.906325303937617288e-02
-1.565612672346850254e-01
-1.000517719634723413e-01
-1.255033727366079190e-02
2.213634759537444763e-01
-1.535722735983765519e-01
-1.525183684766833192e-01
-2.503908133399070923e-01
1.984692349780582121e-01
1.441846957702691834e-01
-5.197029005332501339e-02
-5.641275919670355465e-01
-6.341959198194229569e-03
3.277346091301656661e-01
3.784484299888991599e-01
-1.710096028906471499e-01
6.287918352632088093e-02
-9.612519872471779470e-02
9.302633904050686131e-02
1.517246808947848025e-01
1.376722144072179410e-01
-2.343805889050733504e-01
-1.751802322185350702e-01
-2.497554008884151355e-01
-3.908201332247238091e-01
2.824127417639186177e-01
-2.077275955748703606e-01
3.415944420398513842e-02
4.816498995260853205e-02
-2.156255301245776357e-01
2.647572662501250784e-01
-1.021529378953913159e-01
5.647122573832837056e-02
2.619440048579331770e-01
2.089306850986288530e-02
5.584336063583269505e-01
1.375173696603358697e-01
-1.262197875019718807e-01
-1.751314480211549618e-01
-1.157769988145791046e-01
4.307650212676627510e-01
-9.267970101243406394e-03
-3.130689281129541701e-01
2.396584112415821310e-02
1.805488075512536317e-01
2.180342220504319917e-01
8.735020040317294232e-02
-2.855114617104370384e-03
3.418524600910961553e-01
-1.140969226882919269e-01
-5.806209536610609789e-03
6.857716832362668880e-02
2.144908381250037674e-03
-1.770250091221520772e-01
8.422251809118483368e-02
3.020553085991541445e-02
8.613585943812396284e-02
-5.200344612521524273e-02
2.192881892858393467e-01
-1.215722481818465872e-01
6.526896942263113455e-02
-5.115608310901360589e-01
-1.951661077336175375e-03
-1.364500811626863930e-01
2.032916082020732318e-01
2.391181752576832242e-01
4.246250003746973589e-01
-2.697957725907856874e-01
-6.529514477513233273e-02
6.493803908169473726e-02
2.313511936978585315e-01
1.544082351777374684e-02
-1.701576121214100693e-02
-3.495865593086079914e-01
-6.726794102449930313e-02
-3.152993163348826594e-02
3.159708684667074108e-01
-1.206078068386301078e-01
-5.883478175370097929e-02
-2.232907668381556299e-01
-6.905992925173451424e-02
7.966659306259200879e-02
1.324393408340605871e-01
2.620966685625714665e-01
-2.584562394420044096e-01
5.596446536919211789e-01
3.258313326138156940e-01
-2.750587573451930834e-01
3.252338222725922323e-01
2.421870041594406109e-01
-2.552432072699956089e-01
2.445828246092894842e-01
-2.593679351994176430e-01
-1.913629952227430958e-02
-4.165001484764234707e-01
-2.388123341896970786e-01
4.399236011866693996e-01
1.076113113607593402e-01
-2.579803036243290548e-01
1.616085811363109359e-01
-3.165954468349977957e-01
1.439043726355820063e-01
2.505888874165012048e-01
-3.059251899282584564e-01
5.285829368912871307e-02
2.686690444926556620e-01
2.373459165111781177e-01
8.221678520812462920e-02
1.577772313863753939e-01
4.457312640462469666e-01
-2.703267508866905033e-01
3.379235327799338245e-02
-2.622772275447259327e-01
1.283863944243327782e-01
-1.982234586036336621e-01
-2.074875842626091871e-01
-7.837104298412370107e-02
-7.028676559674933155e-02
-1.912519661616114142e-01
1.236200907822656951e-02
7.721207442114334796e-02
3.126589458797669474e-01
-1.982028057284535849e-01
-3.335000934971210640e-01
-1.380273408164300886e-01
-2.607601699730017208e-01
-1.317901283437696303e-01
-4.147086386981491124e-02
1.613890500523577354e-01
4.351003835633131950e-02
-1.593173870737416009e-01
2.001959885959226360e-01
-2.674076532044433741e-01
-1.858264037410295166e-01
-1.296769980908786812e-01
-1.168973987217744592e-01
5.996054085903777114e-02
4.468545579222590186e-02
-1.741369389446655903e-03
-1.787235437600859511e-01
-1.504705632087815215e-01
-7.920607941185034417e-02
-2.480479721061197226e-02
-3.915453615696759537e-01
2.266758459542252968e-01
4.005103477032414538e-01
2.246494651431206815e-02
-1.510954225404401441e-01
-3.198662350542660904e-02
-1.031261091541798292e-01
-6.678494809817503430e-02
-3.157968489362017461e-01
-2.335192307688104332e-02
-5.315832098262817523e-02
-2.427579184450133765e-01
3.109828790011616162e-01
1.244714611234177676e-01
1.372883959215104865e-01
3.420222989786566581e-01
-1.622919469472186016e-01
5.632285775545213535e-02
-2.831316508810781118e-01
-5.886486402698379305e-02
-4.919297623237966349e-02
-9.610151781454670528e-02
1.396189582594550838e-01
-1.922295340294227772e-02
-2.284733877085333986e-01
-1.754652705444806338e-01
9.916957476481181449e-03
-1.220011924438981765e-01
-2.477209891942474818e-01
-4.858311227799717164e-02
-5.069170273675137617e-01
-1.334798306813533564e-01
1.701802429800844674e-01
-2.070435506082077548e-01
1.290530478825896443e-02
1.665539199218575850e-01
3.611854607056494415e-02
1.875026070258610789e-01
-2.120731226991875995e-01
1.428085216272584612e-01
-1.784038371570180193e-01
1.579666237039657750e-01
-4.646581381205474592e-01
-2.095542404959462035e-02
6.260650289424712911e-02
2.439697564778579297e-01
4.580080631946178427e-01
-7.211296135635963944e-02
-1.494824937875918469e-01
1.699362944621556348e-01
-7.058670361746907651e-02
5.198029811946910383e-01
2.367275116886136954e-01
-1.588234382456358840e-01
-2.154510356275916860e-01
-2.607347367284321149e-01
-1.004897179334420243e-01
5.546910137474054224e-03
-2.211206852839668890e-01
-2.922749339561312998e-01
5.444354490354710169e-02
-2.202886547056198130e-01
1.112861383091365702e-01
-5.638003293117796466e-02
-1.467782692288704116e-01
-4.018281256952513369e-02
-7.195618570706406592e-02
-4.551667361899375819e-01
5.077548027650837653e-02
3.373837716428913780e-02
-2.662893603237690421e-01
-4.932831994661479036e-01
6.976900134489300020e-01
2.948962978258619638e-01
-2.434931525340691683e-01
-1.801231647191847973e-01
9.164059171179279872e-02
7.174374242461763196e-02
1.720095763746417317e-01
-1.400932467265070536e-01
4.278791109108071034e-02
-2.092037213398231232e-01
5.416234027922078170e-02
2.904783449825660280e-01
-9.410797199691472992e-02
-8.710257770655766008e-02
1.155256889938840459e-01
2.611641302916455354e-01
-6.981524392251686750e-02
1.047164035442198216e-01
7.378810394223909996e-02
-4.670335662899895435e-01
-1.931052910667404032e-01
-2.247845458269573729e-02
1.832108979542008687e-01
1.674154730756700626e-01
4.097381026739206900e-01
-3.544960778809315149e-01
-3.024550615118865027e-01
-9.442777651944338213e-02
1.671994437795267519e-01
1.341423026161912280e-01
1.244289707773958698e-01
-8.176318002017618491e-02
8.742417820221201619e-02
-7.182775027750191998e-02
9.608534474705801576e-02
1.561137146919797658e-01
1.740227950723013950e-01
2.254835563723256164e-01
1.036000456328607516e-01
-1.460224618955059932e-03
-3.404301648144787695e-02
2.903959225776914579e-02
2.306843158124252391e-01
4.371469006734711449e-02
3.340495740374830325e-01
-2.473951829068276043e-01
-1.126155192339896305e-02
2.034174525299479175e-01
-2.537710381191892184e-01
5.486085688433075397e-02
1.101283482704797229e-01
-1.160682803899628079e-01
1.189269231884348549e-01
-1.329683950081532728e-01
-6.126211071134031461e-02
1.584128833064167852e-01
4.253333633402529151e-02
9.312392660783934406e-02
-2.183921906500838894e-01
1.678014631838140314e-01
3.260150566392266414e-01
-1.788714896618288641e-01
9.868207158115500227e-03
9.795428664109187555e-02
2.596495476087909426e-01
2.964244219599180760e-02
1.613667227012785879e-02
1.441586342851575511e-02
-1.386386837940516148e-02
-2.508494950006279200e-01
5.695737734968051892e-03
-1.663841847817435719e-03
9.656349408379638621e-02
1.952983187313231395e-01
-1.248282038228236066e-02
2.487426068622776432e-01
2.295644523258151826e-01
3.958486348847375380e-01
-8.013336891075904800e-02
2.184607656920717345e-01
-1.408575347058336757e-01
-3.341805144381225223e-01
-1.478107745529848860e-01
1.478384540447897355e-01
-1.743046728409861357e-01
-1.743327507798589360e-02
-9.776247557008305167e-02
9.036965138364578144e-04
1.112788173306836631e-01
-1.652222998516821861e-01
-6.824899547783425113e-03
-2.019191730352553338e-01
-9.800461246481849409e-02
-2.694162167806898878e-01
2.226826478111400276e-02
1.169598638791599504e-01
-2.541842901414675393e-01
5.417058939407106560e-02
1.416206320144174913e-01
2.342331932146003437e-01
5.706378669693872203e-03
-2.253506646579598871e-01
6.387217876981435283e-02
-5.761438526944659411e-02
9.485687344443353985e-02
-9.174716841527412459e-02
1.891629793704858453e-01
2.027852380308405034e-01
4.540311036097613440e-01
-1.015485576750367602e-01
1.757944414464130134e-01
2.158561880299094682e-01
1.258851950480744386e-01
3.339203214698827638e-01
-1.797714550071769501e-01
-2.619608199744170585e-01
-5.438061702042030765e-01
-9.499934097375431485e-02
1.946205744461261822e-01
8.731014433299141841e-02
1.388888235819077110e-01
2.118085336390844176e-01
-5.758325061583984272e-01
2.060903578088794930e-01
-6.706899414412922922e-02
-2.705415345261490412e-01
-9.025965217216834480e-02
3.677775618516586076e-01
-4.334772741797070228e-02
-1.330033670143862257e-01
1.128807649864490281e-01
3.871780580506880426e-02
-9.828797311877644771e-02
2.041453711183263686e-02
-2.899740874267842661e-01
1.124052064742724621e-01
-7.816528271425217389e-02
1.287553450403481070e-01
-4.300092683148775130e-01
-5.039193379136942819e-02
6.545231368412718354e-02
8.606796533854357834e-02
1.436983117056470638e-01
1.942094108488466031e-01
-1.791350082520054843e-01
4.656412432680361035e-02
-8.951840187863249754e-02
-1.253862294121103338e-01
-2.663482024158750003e-02
1.337858101574363745e-01
2.628131177277683306e-01
-1.870282043366030267e-01
6.344178289176781449e-02
-2.178886656940573659e-03
8.537560679146552478e-02
-2.209558732857354046e-01
-2.212773039350192650e-01
-3.173348555098505219e-01
6.849123724670085067e-02
-6.468372415740683556e-02
-4.256690828598160281e-01
-1.792755896539965088e-01
2.646737996714062513e-01
1.625060697320549752e-01
-2.459276368815443703e-01
-9.242321624089827603e-02
-2.675252080492371842e-01
-1.000070866589112817e-01
-2.742478132376880984e-01
1.686293634804270358e-01
-1.599102499282075984e-01
3.075145794935055243e-01
-1.139741958272091626e-01
-2.153707117525410428e-02
-1.893485177416251997e-01
-2.878282495613688208e-01
-2.175027731346553805e-01
-1.903241678993053687e-01
5.343446933910738217e-01
-7.832911247266946542e-02
8.627484452033754025e-02
2.283548350111975211e-01
1.151722529069930251e-01
-2.752770404120148950e-01
-1.275428888351746448e-01
-5.112926272339745060e-01
-1.078838707310770910e-02
2.241777715633924417e-01
-1.444605202949840739e-01
-1.295866383633775820e-01
9.194536635556595228e-02
-2.836148986488559731e-01
7.131791901636194697e-02
-3.068639457903304946e-01
-7.170101164803299731e-02
3.186217118340475829e-01
5.867357050285372522e-02
-4.516362950804069798e-01
-5.629856554249153267e-02
-1.016969022781538529e-01
9.650717372974237929e-03
-8.513293316321913010e-03
-9.640859203256278015e-03
2.727114855276591698e-01
-8.026334272711550810e-02
3.499714036157234448e-02
-1.388054600176217013e-01
-2.213889160358655794e-01
-8.927950564155412438e-02
9.331649853286945462e-02
-1.363373536084569182e-01
-3.637260184435820443e-01
2.293152370885805369e-01
-2.095593980621542618e-01
-7.678360146419554999e-02
3.145107645646780248e-01
-5.405680221985019740e-01
6.485189816605185786e-02
-1.915850627352197466e-01
-1.319401317477052749e-01
-1.935537886461441981e-01
-2.935204162388219129e-01
1.086880284140470526e-01
1.396158183737960246e-01
3.367969317359413850e-01
-4.318876774231988902e-01
2.113525387815203826e-01
2.052326664768788222e-01
-1.781903767134565275e-01
-2.644476568819605911e-01
-1.380695451389241935e-01
3.746520876471157949e-03
5.653991753830918399e-02
-3.045944817290294759e-01
6.284129388215754786e-02
-1.304697510107379332e-01
1.329055688170111271e-01
-8.240632416647497571e-02
3.061114259427694662e-01
-3.863770775406341011e-03
-3.794786657819386733e-01
-1.902497916139165024e-01
-4.005233041892648088e-02
-4.214585328052541241e-02
1.972975938157881248e-01
2.572231057565057544e-01
7.301596066312578126e-02
-1.307250888102767794e-01
1.449166494274595554e-02
-1.692204496578366968e-01
3.612364189938260806e-01
1.961176860068363226e-01
-6.509941066521002240e-02
5.998641629797983599e-02
-6.193092377639910356e-02
3.376680651819486956e-01
1.130409161556420877e-01
-7.747254583622671664e-02
1.957197704014493056e-01
-8.502908402606360050e-02
9.768085614555790941e-03
1.595046274390175545e-01
-2.579738513382003329e-01
2.248004540318600600e-02
-1.817912941146394845e-01
-3.351563234217456722e-01
-2.547010838277593558e-01
-3.078905936367370422e-01
-8.427959337174334431e-02
1.053891109120620312e-01
-2.264340140075361274e-01
2.420416200251629124e-01
-5.293288463337940675e-01
-1.344688074504128417e-01
4.633881393396972054e-02
-2.807186218229557832e-03
-2.771450856385918038e-01
-1.804185006601477237e-01
3.558196711185477451e-02
-2.679623524559002212e-01
-5.819548329825535715e-02
-5.703272247561771285e-02
-3.518814661513665620e-01
3.950783205684290644e-01
-2.224559697816168302e-02
-7.694195600187618556e-02
2.290009174751907739e-01
-7.350476022861941738e-02
-2.134807717295817697e-01
-7.457401415546714392e-05
4.849591336672291753e-02
6.475718202338834328e-02
1.196017020008902781e-01
2.842388048086229579e-01
4.499431488486671515e-02
-6.490719505920485022e-02
-5.032137946526497180e-02
1.154347247423733319e-01
2.199819218323240677e-01
-6.259718140171675882e-02
1.276009428084851904e-01
-1.960684185831854387e-01
9.047204092549480936e-02
-2.257606374751135875e-02
-2.523544168317510272e-01
-1.809298723583932234e-01
1.653959184459891374e-01
-4.067342982528111550e-01
1.467370421766086008e-01
3.491475543990103514e-01
2.717516505930222537e-01
-2.499012418671896912e-02
3.897417403821233917e-01
9.307307224460771578e-02
-1.130601338822816854e-01
-1.500858541093837498e-02
-2.508065067090101685e-01
-2.397670327186959272e-01
-1.977961002742415486e-01
-2.169995875321462792e-02
2.040754801492106196e-01
-8.062593716807250899e-02
3.117847067030982688e-01
-3.556181079095761116e-02
1.559327578851077423e-01
-4.099456793460439785e-01
-2.960087081601290859e-01
-1.825930713679014550e-01
-1.330756873303816090e-01
-4.713708972306869804e-01
-1.590562186623283580e-01
-6.376130519329155089e-01
6.243126791101509705e-03
-3.207566395434474082e-01
-2.426392179937987004e-01
-1.126791706548284644e-01
2.569617934759035882e-01
-1.643498130191660411e-02
8.207239942937943900e-02
-1.473657176582646999e-01
-2.127990285755274880e-01
-2.148694334196206979e-01
-2.371491314086343616e-01
1.597820581197109957e-01
3.657378514144437043e-01
-9.525881870742347601e-02
-3.153600566247525272e-01
-3.051700939392149037e-01
-1.883724096422510208e-01
-2.100995675898488235e-01
-1.861808707756122117e-01
-3.786871436147493369e-03
-3.257379110654843452e-02
-2.570878472363800071e-01
-2.099436964113793880e-01
-2.903329286484703786e-01
1.272028480630129077e-01
1.626724866487452292e-01
-1.232362580180905026e-01
1.902827114675879339e-01
4.640619170927187120e-01
-3.320058389317526726e-01
-2.425179999076482185e-01
7.518186834709363747e-03
1.992929276421610829e-01
2.335023794344283921e-01
7.024620157696218059e-02
-2.855673497184080811e-01
-1.354153171759027996e-01
-5.226500566422862676e-02
3.485127224756937037e-01
3.469895745681458310e-01
1.068244051611002589e-02
-1.252380055361350664e-01
1.355991308500962278e-01
-8.803005148691693538e-02
-2.216941163630437861e-01
1.553378720335359398e-01
4.901832589191111589e-02
-4.594960225024631861e-01
1.476724510241305965e-01
8.726014753779409716e-02
6.192558527732366924e-02
-1.184231458186674746e-01
3.183278949016001280e-01
1.323541778100671695e-01
-1.285643266936737639e-01
-2.622408060509755501e-01
-1.882471608090197784e-02
4.676309613802467902e-01
-5.678244528194276164e-02
-1.399262049876877877e-02
-4.818811563969500611e-01
-3.828778256520880968e-02
-1.182297743570346615e-01
-2.522572768671689225e-01
1.486819414939701545e-01
-6.529876100541238959e-02
-1.937298224948882097e-01
-2.669870047323135154e-01
-3.985478800787791154e-01
-2.252625460612551755e-01
-7.475903505097610327e-03
2.975160823616351813e-01
2.493026380356931984e-02
-7.318368360387846050e-02
1.892237832715895074e-01
-1.890863171248471641e-01
1.735518925567840209e-01
3.246334963864017792e-02
-3.394259227448700230e-03
-1.139026683978725807e-01
-1.263645998101021323e-02
8.950259249878343704e-02
1.020347617941978202e-01
-1.116079742554209608e-01
-1.845769515670789285e-02
1.414856331909855880e-01
-3.171815885732023020e-03
3.748881078357940155e-01
9.928087993355511065e-02
1.901210411001068579e-01
-1.419752772578706246e-01
-1.541405326577757473e-01
-1.307217055916962134e-01
-3.874306867968391743e-01
-1.084344467509728155e-01
9.480257313163287236e-02
-7.768115492766718144e-02
-2.729254940998727119e-01
-1.162265415712330496e-01
-1.496627729918964533e-01
-2.615977151130874923e-01
-4.190934263814117822e-01
-1.896134642189061525e-01
7.692240602590884324e-02
-1.785013572344677779e-01
2.035302147154549324e-01
2.218956581722882349e-01
2.734342871689424484e-02
8.106569001464399016e-02
-3.652920977131983715e-01
-1.893042461191195569e-01
-5.335162962568958805e-02
-2.756571917443166771e-03
-7.287227479275613928e-02
6.731597967734029853e-01
1.078601317762972467e-01
6.576232076727153153e-01
2.630522617108019268e-01
-1.600301501547577998e-01
-1.239513798980364789e-01
-6.451473712966059558e-03
4.441741164045064083e-02
6.515841898368925772e-03
-5.064015254141780442e-01
2.278901971662931208e-02
1.243172926436424391e-03
-2.307462268454225085e-01
-6.338791860260552247e-02
-1.318332177268839445e-01
2.024343269902857956e-01
-1.970920807499044192e-01
3.471073485803192193e-01
2.025565855030518614e-02
-1.404786389885928806e-02
-1.266401064880607052e-01
1.677891816067584307e-01
-2.279780132332210330e-01
1.184677187638609464e-01
1.339316666029297387e-01
-1.851544837523731446e-01
-7.941873628256954087e-02
4.384404310914210342e-04
1.154564156456939217e-01
-1.426681253007237582e-01
-1.264778276244219180e-01
5.821668440154596780e-02
-1.918763757181448926e-01
-6.818329245276946900e-03
4.850219875048558671e-02
4.559037652294685716e-01
2.476611368852841277e-01
-5.138939041579994316e-02
4.517144934780293331e-01
-2.431583986490160887e-01
-4.222398508115601801e-02
-1.908806581652746914e-01
4.027040956274412498e-01
-2.774387229704893265e-01
-1.300560025299333511e-01
1.519489948596590700e-01
1.654204479687091944e-01
5.449393951434896438e-02
2.415219755509101507e-01
-9.172845156352490981e-02
-3.176988866940863021e-01
2.341033021793291480e-02
-2.746146878310005701e-01
8.721721534760563943e-02
-7.242220768573102464e-03
8.073162846402672788e-01
8.319326285356339057e-02
3.631802623246017242e-02
-3.172910079979723852e-02
-2.606522932688039029e-01
2.649033609957308077e-01
-2.346385714112618481e-01
3.112790176284272944e-02
1.447344984811978486e-01
-2.451611293057083807e-01
9.264874858091461107e-02
4.978169590188509797e-01
-4.436513540920628690e-02
5.598392017879510324e-02
6.763088766047933298e-01
2.047329513960769731e-01
4.205462756072803759e-02
-5.906699534264193974e-02
-5.919608849894713032e-01
-2.323228401524449760e-01
7.292673792238904551e-02
-1.096282076270829187e-01
3.013089830405912828e-01
-1.339946958682970701e-01
1.643102156510982681e-01
-1.049229274193938660e-01
-1.681470927064798726e-01
3.148213295903213860e-01
-1.495616002157910129e-01
6.674211730526047326e-02
3.539679453009570986e-01
3.123457852623826581e-01
-8.832595077766638991e-02
1.114908468340700121e-01
1.296387599059014017e-01
7.011102113966567739e-02
-1.473219818613627774e-01
-4.539636559918849845e-02
3.461786260670185467e-02
-2.212348615027108500e-01
6.138255912122945329e-02
2.190161406464927185e-01
-3.899906325794903067e-02
3.726634842421966964e-01
-3.146100547706793815e-01
-2.604280602982140258e-01
-3.638980512638844700e-01
1.818449812978563118e-01
-1.350026781856747959e-01
-3.294546887727701212e-01
3.929350093045410608e-01
3.933685394150575332e-02
5.952741098903411437e-02
-9.347494389565616513e-02
-9.474034274717255122e-02
-7.425835258305826803e-02
2.427377449136644827e-01
2.106949369010723827e-01
1.767662441898767631e-02
2.094654399022934099e-01
5.393429696958600833e-02
3.392246278672829685e-01
2.856020387278795925e-01
3.951384970378798989e-01
1.520191807518574412e-01
-1.082583554543211785e-01
-1.718578570699413888e-02
-3.813798196081413794e-01
-6.245176796087831272e-01
-1.265145130632516768e-02
-3.910001664228585638e-01
-2.506964404898848198e-01
1.538268599310580742e-01
3.508281043557406192e-02
-1.365759162247291193e-02
6.789412379878168036e-02
8.165284770493279332e-02
-6.839543843306614135e-02
-7.036533620293604352e-02
2.102236744348258413e-01
-4.494935480333284716e-01
8.572830875279920104e-02
3.691329166254438965e-01
1.129364859811069627e-01
3.599086029399421460e-01
1.425909335585407445e-01
-1.222763421311422322e-01
-1.027489508158800115e-02
1.132656508587834288e-01
3.708841812632673318e-01
7.536655984854524759e-02
3.413552018807997634e-01
-2.659423959506658497e-02
-3.702284457286317276e-01
-5.590350907026568894e-01
1.977140266932958801e-01
-3.823980218838900491e-01
1.531772197146822057e-01
-1.563519255426525090e-01
-5.547130352727661085e-02
1.405844115140466588e-01
-2.669029492525408775e-01
-1.543571784746159380e-02
-2.862594303924736461e-01
2.776552148521377883e-01
-2.313882769614093449e-01
-8.052134473372672685e-02
1.676394317777097076e-01
4.161117859398329177e-02
1.859275316916901288e-01
2.037394777691663439e-01
1.515232407712495746e-02
-2.453176721833627213e-02
3.184011902952267326e-01
-1.222708551468049687e-01
-3.215108491845687366e-01
1.126001672001296361e-01
-5.449614793753022879e-02
-1.257090108427809660e-01
-2.058341671192571998e-01
-4.707004358402633835e-03
-8.621871866373270743e-02
-3.088761731441593272e-01
1.485232395312894027e-01
2.117515784226034481e-01
7.098168343286603843e-02
-1.616210926170973672e-01
2.941011914606380673e-01
-2.507037687376229562e-01
1.390041841073459856e-02
-6.803526377912115508e-02
1.280379537532125855e-01
1.918734183438503549e-01
5.407762079220255341e-02
-1.267437923506072039e-01
-1.839525755934721257e-02
-6.508319235466827890e-02
1.648508183303534214e-01
-1.845283348554860592e-01
2.474008012491851205e-01
9.383419575866930318e-02
1.036733736627920843e-01
-1.186128558367505192e-01
3.175283079894841709e-02
-1.550245702700695782e-01
-1.209126576093691730e-01
-5.242643680667374850e-02
-1.094128051661183709e-01
4.643175403098346449e-02
-1.202770510546436744e-01
-7.858884076615833478e-03
-1.567008349381395068e-03
6.736074233501848640e-02
2.089740889989825379e-01
-8.854477418016687418e-02
2.258701738925824876e-01
-1.110939630328778432e-01
1.490593639914730428e-01
-8.909164173615549687e-02
2.298184101589446360e-01
-1.279389609640197989e-01
-2.869672811508558463e-01
2.064033214472007771e-01
-4.390660992814356817e-02
8.777082078285303179e-02
3.688249166722016303e-01
4.469099215083484067e-01
-2.248716998762169406e-01
-5.216696437354253479e-01
2.184959159389720518e-01
1.362899335100793696e-01
-2.757277198743028346e-01
-1.998351791179368009e-01
-1.813068120426883645e-01
1.261958933373589775e-01
1.824615800177255831e-01
1.592976831447718011e-01
1.072998090765246715e-01
-3.661261258486814968e-02
1.369688107268444699e-01
-2.932955595723741316e-01
7.239380170558065708e-02
-5.303108309689313904e-01
-2.321490878032559657e-01
4.003906050962059704e-02
-5.296921151731913413e-02
4.710310885712382795e-02
4.007301037628477162e-03
1.457867911126562235e-02
1.539586994690184951e-01
-6.120290138119037493e-02
8.042545569634911018e-02
-2.755055111879520791e-01
2.691998553098810532e-01
1.298696842340997526e-01
1.181379830130437902e-01
6.473198990108654238e-02
1.886999359840058899e-01
2.753220819194471258e-01
2.884934823742815041e-02
2.065530488834441958e-01
9.331536613757379639e-02
-1.070058995171407987e-03
1.133121486346595486e-01
-9.890553104644303484e-02
4.875763718953685794e-02
1.354642372041225118e-01
-1.817357012301905883e-01
-1.189350612400936896e-01
-4.954988938358974998e-02
-3.311455429676841283e-02
2.661897256988811078e-01
8.268297917396927321e-02
-4.406023671875930470e-01
1.329648594855928068e-01
-6.622353799866494140e-02
-4.196006814939792079e-02
-4.525631042513475477e-02
3.454854275178423917e-01
-1.894115236080226583e-01
-1.261681493758725903e-01
1.485888308585761042e-01
2.116320986349512212e-01
-1.091740305987634260e-02
-8.614073958596586700e-02
-1.543892718202470316e-01
9.365123315338066967e-02
5.367025678519188325e-01
-2.517126258351108925e-01
4.021357005607162360e-01
-3.179339431846640255e-03
-2.457938508233049324e-01
1.823536018369837919e-01
1.849126476007121045e-01
-1.532968163542142992e-01
1.195241491882200052e-01
6.067482886550455701e-02
3.951582207380939515e-02
2.131336502582792392e-02
1.214383539005549073e-01
1.339325356444462656e-01
2.551128274383029360e-01
-4.971757566418535945e-01
-1.986590942063889420e-01
-3.711671623205731185e-02
-4.673354484080707305e-01
9.028868915358771730e-02
2.776154179684040546e-01
-1.649342630779277591e-03
3.084202944802238444e-01
-2.682296173332017752e-01
-1.445422687547476097e-02
1.440197171565256451e-01
-3.534691845091698092e-01
-2.640467566559718815e-01
-2.804482291207653910e-01
-1.628393057188090576e-01
-1.146267802877328490e-01
1.774984969291670545e-01
-2.852073168318920438e-01
-1.376322432713003308e-01
-2.545325581334885179e-01
-3.916163281696483089e-01
2.574458721560483054e-01
2.105673102739604452e-01
2.438957375749048750e-01
1.828820536294377963e-01
1.542260356826051781e-01
3.661196751405872141e-02
3.686636083746199777e-01
8.299147528015819730e-02
-2.526306041414594708e-03
9.024809404806735658e-02
-2.891505209559408138e-02
-1.004867649771135352e-01
4.369662918021356979e-01
2.143281864555894867e-01
-5.961441785018861683e-02
-3.326642259257945322e-01
-3.165520531832485274e-01
3.377490644549074328e-01
-1.923539495806428357e-01
1.168670265873192199e-01
4.662548588462535615e-01
3.695713376246655413e-01
1.967721965920307403e-01
-1.768334679671126897e-01
-9.906442779060160853e-02
1.728574273345694357e-01
2.127351320657928369e-01
1.409692142574611173e-01
-1.604302783907061158e-01
2.353704139412213792e-01
-1.282913393397019930e-01
-5.441009584848128799e-01
-5.061298567970206469e-02
-6.124224123269430414e-02
-1.337627642646373183e-01
1.558244155438645029e-01
1.957280101876543443e-02
-2.620489383350202428e-01
3.767219602303781278e-01
2.503968733759313614e-01
2.460279581013626038e-02
3.480881302702426572e-02
9.518583303328480294e-02
2.117464927250879425e-01
4.119043690871674462e-02
1.820739930880386215e-01
1.459590436257537094e-01
4.064469639019123171e-01
-4.706817063378748028e-02
-9.051639437273103356e-03
-1.976618813244556128e-01
1.179194518734155706e-01
4.039717161278569280e-02
-2.548596342855120600e-01
1.378198250527778446e-01
1.504693382822925585e-01
-2.969777678981251889e-01
-7.627138295666859025e-02
-1.198401089986059764e-01
-3.063494144322743695e-01
-2.457219309068198188e-01
1.895711141351103801e-01
-6.531359558856450476e-02
2.843247694590031460e-01
-6.690635594644052386e-02
-4.574218439533053737e-02
3.850518321806580269e-01
-1.326271757256424766e-01
-1.242958487632427195e-01
-1.444935800828021366e-01
-2.903095482676793515e-01
-9.346645152115594379e-02
1.102904279485005939e-01
-2.608457408872653094e-01
-1.771707497158296896e-01
3.500424483725712022e-01
2.728362291903539405e-01
2.444023146891726173e-01
2.204750582435756612e-01
1.406583430391847474e-02
3.721950675612221981e-02
-5.538012745867666453e-01
1.510442685887356251e-01
-7.393714444878686509e-02
-4.276111623186012317e-02
1.419225992782490453e-01
-1.555172060642883158e-01
2.926317521417003964e-01
-1.636723693157909054e-01
2.101753568646442805e-01
1.697670630426651728e-01
2.904255724919178605e-01
2.251951186678081418e-01
1.145034611507076833e-01
-5.823345334242669979e-01
6.063308388240030988e-02
5.742325143240559898e-02
-2.621124451924108367e-01
1.764144077838482039e-01
2.963067514084799861e-02
3.212496913141796862e-01
-3.538874884720202285e-01
5.854020015419997280e-02
-5.874192914400014898e-01
7.407399857013365063e-02
9.264412280512707154e-02
-1.623916787535891262e-02
5.252401935800529026e-02
2.016973813908799762e-01
-5.476959125045890303e-02
-2.644583531172587376e-01
-9.795858234898935368e-02
-1.116607495928238908e-01
-2.004605487265654351e-01
3.905320988616335365e-01
1.894885183943013363e-01
-1.392228580359606560e-01
-1.818919861303769717e-02
9.631799868883073046e-02
8.070313122271038919e-02
2.020721016986549712e-01
-1.197582514429310629e-01
-2.703931079217201106e-01
-3.054348665087321946e-01
2.478965311032544916e-01
2.481930023230216886e-01
-9.028755303629415474e-02
-4.501680260791519617e-01
-1.842885678958637932e-02
4.572824851462446716e-02
-4.302578490672415712e-01
-1.515274908788502572e-02
2.960720220813097686e-02
-9.519501334712131280e-02
3.737754471759176245e-02
-3.155877439301067039e-02
-5.739859543262915836e-02
4.082865018227178067e-01
4.246980625948237886e-02
-1.894578673650482437e-01
-2.182085497470413749e-01
2.958087662730446987e-01
4.521038078779537894e-02
-1.298448425676399787e-01
5.066354555123223774e-02
3.622944893681968037e-01
-1.803200970314585427e-01
3.771134591240336842e-02
3.217281904561862249e-01
3.313522944920706953e-02
2.572936474222077274e-01
-2.518990339501202616e-02
-1.574843421622709738e-01
1.933778014844421134e-01
1.613903393180747270e-01
-2.721829354106776802e-02
-2.164163790739859761e-01
-1.699772845597298243e-01
-4.041428276726411473e-01
1.104862756603879614e-01
-1.300190530743143558e-01
7.225863516952435450e-02
-3.492862779338517520e-01
-1.609140058345666924e-01
9.938157314850812329e-02
1.526628417730082343e-01
3.258163309994964729e-01
8.709419993995985709e-02
-1.205151754935973422e-02
3.183406809165790774e-01
2.273025039056711105e-01
-1.367601770708871123e-01
-1.116957680532352087e-01
3.634846235617712473e-01
-5.694343507670840410e-02
1.925989675142144447e-02
-2.017701616536303200e-01
-5.625952624794387791e-02
1.254033764526055195e-01
3.212839875931061129e-01
-1.537168888505953124e-01
1.340639344396942212e-01
-3.539554774500301704e-02
-2.977802299450462136e-03
-1.647717294242450128e-02
1.829901801589259025e-01
3.564058592526435365e-02
3.479897760031776532e-01
7.961707890291359890e-02
-4.277539103613803850e-01
1.266311832405443705e-02
-2.179518232382164633e-01
-6.304937387211564069e-03
1.248281733503199542e-01
-4.002058857536161529e-01
6.201546124483308525e-02
1.092143333778207298e-01
-1.808785900052584106e-01
3.476814425641883699e-01
-1.535358864370472143e-01
-8.937475391189446394e-02
1.182385054415680814e-01
-1.039302002111875322e-03
-2.739465524413195550e-03
1.869278430136606106e-01
8.955381697705395994e-02
-1.555352549482055813e-01
1.438702044362250541e-02
-9.985784824333050758e-02
-8.468687476934882996e-02
8.962952929118156442e-02
-1.366663362084289124e-01
2.061721214116074286e-01
-3.847628435886819159e-02
-5.541683061708423119e-02
1.793140726634734339e-01
1.199289617682811233e-02
3.088830672952407319e-01
-3.705685448182863273e-02
-2.236319629398156039e-01
2.103221936946221837e-01
-1.050880137800022235e-01
2.948898688567653248e-01
-2.137224769475645769e-01
1.073220907811871239e-01
-1.332624742265623718e-01
5.741695161454166141e-02
1.472138733075328554e-01
3.712843452382873222e-02
1.518396778472195785e-01
5.271416879925958782e-02
-1.003371292103817092e-01
-4.354137418059898096e-02
1.457804842996920647e-01
1.309167760581816387e-01
-4.570768743282910829e-01
-3.730923546745428254e-01
1.394958497808977682e-01
5.476348515074639517e-02
-3.281778237811290300e-01
-5.111846876240995485e-02
8.306783544971815814e-02
-6.132933562998208951e-03
5.985211833178191720e-02
5.282736736848803877e-02
-4.860649050389975051e-02
-1.268628750884882306e-01
1.400426272657668558e-01
-3.166960011367950245e-02
-9.737371412118182856e-02
5.756488541465475117e-02
3.770339650652281827e-01
-2.194253975423648972e-01
1.458606723817423845e-01
-3.214478372726173871e-01
-4.055474402815489876e-02
6.331860796648287881e-02
1.878765749964469711e-01
9.427475699155711888e-03
1.905673296985985199e-01
-8.984913303879345225e-02
-2.153166908705293758e-02
-1.741673077460594854e-01
-1.341603206641941437e-01
4.893149219297227570e-01
6.871314369885195283e-02
-1.574246644729878075e-01
2.858371014466111817e-02
7.476965397301671423e-02
2.082752276808192970e-01
3.100256400759430209e-01
2.491650282453093668e-01
1.745909440858391948e-01
-2.585350852584459777e-02
2.036268638851659041e-01
9.184955204539381468e-02
-2.863190872280379010e-02
-5.861918360021193403e-02
1.064677639515888424e-01
-1.204134083728524846e-01
-6.341579852695856945e-02
-4.070691498589725232e-01
-6.142194701639779389e-03
4.230692411084002180e-01
3.127973246907938543e-01
5.300163167174695017e-02
-2.748120938708815703e-03
3.339847279782446471e-02
-3.989733894958764730e-03
1.760469453162569475e-01
-2.273607531612173438e-01
3.244574363128620992e-02
-8.566028399327875464e-02
3.408833167778409223e-02
2.021223447814609053e-01
6.311548025564120423e-02
4.956405945258948731e-01
1.475377381502473995e-01
2.815890653409930909e-03
3.795903910984934626e-01
1.366744606985773047e-01
-2.713421348406136469e-01
-2.959845656238600520e-01
-1.414561230265853620e-01
1.743868971509137944e-01
-2.049548891440216847e-01
-4.987818832833119109e-01
2.435754716991027080e-01
-3.612804035811850722e-01
4.288104549318870473e-02
-2.839048720833303729e-01
2.624131018060425480e-01
-2.637890063644008909e-01
-1.987642085146616444e-01
3.786880559518530087e-01
2.156697119557688946e-01
-3.429762556582252597e-01
1.843423303508356925e-01
7.150351118649476978e-02
2.514606439186779507e-01
-5.365629491464503874e-03
-5.561211953524285156e-02
-6.790627301819071593e-02
-8.992353453506961303e-02
-4.833104189807713863e-02
-5.273603487007422208e-02
1.447991754201933823e-01
-2.100117296369657660e-01
1.852236059610485874e-01
-6.774411297443787561e-01
-2.397629080045276737e-02
-3.746214047308950579e-01
-3.442860731355345538e-01
-1.694389015786331165e-01
3.374554615527255996e-01
2.158718813898633793e-01
2.453168086515044033e-01
-1.268930820629591560e-01
-5.304683913924037285e-03
-2.626358578382861908e-01
-1.320961247729577626e-01
-2.278530412254212850e-02
-1.982377678161353074e-01
-1.996771068220069001e-01
-1.940439597759532619e-01
1.315674188308040837e-01
8.444116336375560861e-02
-1.539191033267880114e-02
-1.036013201866524125e-01
3.823826374293700855e-03
-1.591062463096734212e-03
-1.762016863988239979e-01
-2.241734967723500171e-01
6.086111565434208087e-03
2.177407409425315965e-01
-4.051245500067801597e-01
1.797850810131568222e-01
-1.838229394858275356e-01
4.491471017728570353e-02
-2.000840086153581610e-01
-2.155845920712797237e-01
3.741882469254791399e-01
1.690508819627594972e-01
-2.584858767014501790e-01
-3.378084894498468993e-02
2.644013397397716458e-01
1.758904520484827205e-01
-1.903307597558584474e-01
-1.667652030428161125e-01
-2.179460578506644819e-01
1.708466659985837244e-01
-1.894251797518639591e-02
-2.165325323089358489e-01
1.319240672507338008e-01
-3.083791113738724166e-01
-1.039925031584176401e-01
-7.730975050843293117e-02
3.183535274680154847e-02
3.533376677240765984e-01
-8.994765381798013049e-02
-1.659480523030110455e-01
2.405909130116552219e-01
-4.019634434279232421e-02
-9.441472004941330043e-02
-2.187266698477029758e-01
-7.978921285193643631e-02
2.511537415779584170e-02
-1.377231639764019688e-01
8.618950396989523421e-02
-1.165959469852406172e-01
-2.221193808879157183e-01
-2.195571456857350889e-01
-1.750840852001311621e-01
-9.969324834065093621e-02
-1.977119356211228252e-01
-5.918508044354214154e-02
3.180659439361999685e-01
-4.393620591383816387e-02
-2.798200842135380451e-01
-1.176003319271584913e-01
3.729204745609413507e-01
6.425211683885220793e-02
3.549128005476909209e-02
-1.027724479024447052e-01
6.212823510467781890e-02
2.207563282390233306e-01
4.542517511485016368e-01
-3.584990725891150365e-02
-1.773237721896556152e-01
2.138899335566841475e-01
-1.219304874990841531e-01
-2.708839147805168768e-01
8.338425179652397823e-02
-3.266469770161923303e-01
1.341894031419910704e-01
-4.050538414764214279e-01
-7.374021783263569330e-02
8.742103151192207044e-02
-3.131003466275693592e-01
2.296442993988948369e-02
5.792010443952174681e-01
-3.410670914232567796e-02
-1.779862003947340343e-01
-1.977630590974338021e-01
-2.294149437549811155e-01
5.062882463346656259e-01
-1.620914958815570239e-01
2.495183472313750317e-01
-1.515288304773384498e-01
-2.213835387930533360e-01
1.394047223303918337e-01
3.046608850126112863e-02
1.141317120623160375e-01
-2.484928046664837131e-01
1.162656030587245065e-01
3.392938666318023322e-01
2.159079541488711368e-02
-1.206004784324329338e-01
5.584753099795444070e-02
-3.172982255550117758e-02
2.408134987357289647e-01
-5.558229384350690111e-02
-1.520160591318067411e-01
1.098938454974063422e-01
2.943779284380980237e-03
2.235765162357828406e-01
8.743116886332699678e-02
1.438133450505261202e-01
-4.177167273393629365e-01
1.873796206540147835e-01
-2.226881603377667274e-02
2.405907267385865300e-01
1.027359755795028973e-01
2.433640952834271731e-01
-1.857336545473795564e-01
2.159726508130783429e-01
-8.149892974572740811e-02
2.585635056241289975e-01
1.392624271977032646e-01
7.845042954267399116e-02
-1.465964897061219352e-01
-1.921531740315926273e-01
-5.237571886958530126e-02
2.871200490173093645e-01
-4.772677596725416471e-01
1.924133189505217445e-01
-1.450934475470651575e-01
-1.423128276481796239e-01
-2.879623041438897357e-01
-1.430731993333621277e-01
-3.015082207637265754e-01
4.509086862053575673e-01
1.046973129477740405e-01
7.981484620745844805e-02
2.847434262805810246e-01
-1.161418920289194329e-01
-2.417567697489519662e-01
-1.197094523249405962e-01
4.172365996684341272e-01
-2.303816686454909224e-01
-1.893595682853173867e-01
-3.096272319618412205e-01
-2.510942636884980206e-01
1.032905132406257837e-01
6.994232319281176724e-02
3.468577683640107212e-01
-6.324669421268411251e-02
4.719021226695336302e-01
-1.342918582804710631e-02
1.048470112209611421e-01
-1.796709802953844470e-01
-1.242663969656006284e-01
3.313866041675933571e-01
-3.837307489317766662e-01
-2.161680261891958943e-01
-8.880510435234441335e-02
-1.050745218176599299e-01
-1.824437109731974205e-01
6.773680984169383468e-02
-6.082919733144578900e-02
5.185960964370908144e-01
-1.815305401059157941e-01
6.241747012629300650e-02
-2.182172144391330559e-01
-2.982996278679185195e-02
-1.825109938395595433e-01
-2.793937172282107695e-01
-2.854793171781721400e-02
-2.019160887681929750e-02
-1.352466135952979098e-01
1.087054823351613596e-02
-4.006811169270969170e-02
-2.363693834493004742e-01
-1.976958201454206976e-01
2.960975740989879590e-01
9.756788845828369416e-02
-1.026592368052544196e-01
-1.416982434031112750e-02
-2.547065696361500708e-01
-2.238739492770626741e-02
-1.907843881617101583e-02
2.658646113749532636e-01
-2.513833422086996991e-02
6.255551788951983772e-02
-2.802367355465106361e-02
-7.427300176168834256e-02
-1.038009232496156509e-01
-8.960249186397466897e-03
-8.009671694266511099e-02
-1.247811313699710434e-01
7.184897495670868051e-02
1.849786432266317671e-01
-1.493905065673328258e-01
-2.313465550085818112e-01
6.987871052384225790e-02
3.181119156134990522e-01
1.927263331089607568e-01
-4.272099943271537997e-02
4.144364973461488882e-02
1.213207318037395066e-01
-1.599763464076346953e-01
-4.197064914114871925e-01
7.235915017482416438e-03
2.862683086595898402e-02
1.313140108933214256e-01
5.833467408758268025e-02
-2.612665765805607387e-01
-1.499176527072520748e-01
2.576370424999302466e-01
-2.101991229101075054e-01
-2.038888778902799015e-01
1.107730658753524611e-01
-1.229066689326908379e-01
3.820032983723439107e-02
6.430073842831229847e-02
-2.987331538336639447e-01
-6.161765113101079772e-01
-2.438518446585656030e-01
-2.541974684896033398e-01
-9.415581571254957871e-02
3.930968098520495890e-01
1.732095988558000343e-01
4.571772778392696468e-02
-2.132715965117119306e-01
1.744776596048782172e-02
-1.183113564042610061e-01
-4.567788796021624576e-01
-1.232944455535973649e-01
-3.612883579025352038e-02
8.400382490837865479e-02
9.879436150329995447e-02
2.832828854703961508e-02
4.674821941384334906e-02
1.909483166697227563e-01
-9.221148852680292884e-02
-1.371756274713417482e-02
6.688664267053498480e-02
2.859267785087193578e-02
-1.117588793060753788e-01
-6.679427321828507180e-02
-1.629135325193529493e-01
-5.996410514849912247e-04
-1.395173787347680876e-02
1.084108478516054158e-01
-7.039137994412152446e-03
-6.354811956971211095e-02
1.153041208546453367e-01
-1.116034469837347970e-01
-2.792499498327871144e-01
-6.815775682498939614e-02
7.140431948576071719e-02
1.313694756477576664e-01
-1.945499220002423453e-04
-2.064126137369062530e-01
1.901042018157275693e-01
1.382466965144840687e-01
1.138312788595703812e-01
-1.239242669345279046e-01
-1.597369239038723965e-01
1.770276887274348787e-01
2.807204214698328856e-02
-5.424782409751779944e-02
-4.136647868394943001e-02
1.017664726525809998e-01
4.553746047586647305e-02
8.876846464228756867e-03
5.051115947024978903e-01
-1.064252808726405680e-01
2.010860291276827527e-01
-2.764944130437111958e-01
3.338535216792123256e-02
-9.441159068206505731e-03
-5.336023166591629535e-02
-4.038825572072878012e-02
2.141297090608429432e-02
-1.819172041364564563e-01
3.741876246689022911e-02
2.843676456577711176e-01
-2.491880368013455957e-02
-2.798412010409921935e-01
-3.651896578450402053e-01
-2.922059306563396519e-01
-2.670041862504941854e-02
1.262562884944707919e-01
-6.254692600850765560e-02
2.470258208820168000e-01
-1.423022351647292572e-01
1.023508693301329875e-01
-8.639385568460894449e-02
-2.386812855594473426e-01
3.667157017498922644e-01
1.504931194107824756e-02
-8.290743113489536936e-03
-5.343748859829573483e-01
-1.052864497099116892e-01
-1.018933344379977304e-02
-2.104028764612488056e-01
-2.064464863912223169e-01
-6.877398735026561682e-02
1.700673522923360978e-02
2.861217047892884030e-02
-9.775512192191763983e-02
2.891215427747694799e-01
4.594128069784021995e-01
2.779358713146711235e-01
7.687835479373807956e-01
1.675921761771342194e-02
-1.254143757555528926e-01
7.953370526039864330e-02
1.441100604590441758e-01
8.157941705604579430e-02
1.187770933127550582e-01
-5.319643537120838372e-02
-7.855828230942134283e-02
3.653079804216899928e-01
-1.263136593896285464e-01
-2.892293583541380997e-01
2.322501753363504992e-02
-1.053882350805106366e-01
5.396732461773644518e-01
3.047739452905809387e-01
1.991962130855043020e-02
8.891349845836478416e-02
1.632371899047503072e-01
2.707030415843640278e-02
9.146186786880172725e-02
1.520023845361338777e-01
-3.498322144279509271e-01
-9.910251028271867269e-02
-7.427241534022635538e-02
2.186250214247756896e-01
1.018843035581882758e-02
4.962608802942675146e-02
1.054064446135019942e-02
-5.693263224391465621e-02
-1.815115547764792059e-01
-7.423866229758729895e-02
3.848502704321900003e-01
1.120588904886967024e-01
-8.021298556992580153e-03
9.782081731809748326e-02
1.048992693792848430e-01
9.096963587960144038e-02
-2.903581646853239384e-01
2.067571487735130331e-01
-3.657046826541746065e-02
-2.946158592668213783e-01
4.423311470047445737e-01
2.654063806631487554e-01
2.077626875976927856e-01
-1.310887157267124348e-01
-9.100421996499100108e-02
1.945275683453327048e-02
-1.606759653384421116e-01
8.898406320825709426e-02
1.016557739333735777e-01
-1.143148180618805965e-01
-2.532398983506073953e-01
-1.032312032037975037e-02
-1.114960408726037994e-01
-2.662938853504652828e-02
-9.322294325190851744e-03
-1.597213055164541928e-01
1.809733457320236993e-01
-6.008334048939297650e-02
1.761799300412723590e-01
-2.716400519283946324e-01
2.347542915575895686e-02
1.669133944636970457e-02
-1.642910740449630286e-02
3.609994773490688980e-01
-4.384673536872097377e-01
-2.276221901973466410e-01
3.189090721234918435e-01
-5.243307657457097620e-02
-4.324264569671937633e-03
-2.044453773493390136e-01
-1.926391614904165162e-01
2.612435325222725035e-01
-2.878356305177009467e-01
-6.381708553852773191e-02
-5.646399380634101184e-02
1.284878217818635759e-01
-4.028152264347268363e-01
-1.066369155497092630e-01
-2.166755783763449003e-02
1.146835372586362395e-01
-1.250630561993067991e-01
5.329763860263476288e-02
-1.149376699768589055e-01
-3.390258841807644585e-02
-5.094572691524768687e-02
-4.544110919003287452e-01
-6.703551153642008098e-02
-2.098614245805794087e-01
-1.791983375692046687e-02
-6.773019895322361650e-02
-1.708486567756972441e-01
4.354773989404773366e-02
-3.425669251783893254e-01
-6.206018868198125149e-03
-1.337219239399961845e-01
-1.583653355372903748e-01
1.038150945026657390e-01
3.251591532474268909e-01
-1.317653623937130036e-01
1.468828715356238490e-01
-1.847641538268657291e-01
2.302255358471732780e-03
4.167943609255381765e-01
-1.960243963255917932e-01
3.366962467473112730e-02
-1.978213076136131898e-01
2.278578672340811628e-01
3.457112212441106752e-02
7.849814999469513499e-02
2.168255201620425954e-01
-1.233046775623042463e-01
2.080825144855790176e-01
8.197409169102808091e-02
-3.107866598579019923e-01
2.818132876464077841e-01
-7.022983574397742568e-02
-1.374342272758986572e-01
-6.896980853407869150e-02
2.729487843948400494e-01
1.021704371366896902e-01
3.275024841162059164e-01
2.781109219602778682e-01
-2.361697542838485653e-01
-3.136755704192155658e-01
3.009356975903519638e-02
2.507045382159026614e-01
-3.476576683419628500e-02
-3.420935982639258799e-01
2.240682513573084289e-01
-1.187920493467297389e-01
-3.615739211410922138e-01
1.600747276122822110e-02
-1.768532316257085957e-01
2.784294013697871106e-01
7.865715421860866585e-02
-5.217933208663131373e-01
3.754188675746223391e-01
3.126545151783358123e-02
-8.362436460894762114e-02
5.825279516724363865e-02
-1.529758510937784255e-01
-7.821313166430850228e-02
-2.039588828405087817e-01
2.868598908938719064e-02
4.710271481879915734e-02
1.606285356268849773e-01
2.312162987629553801e-01
4.971125165402556778e-02
4.360788895773768381e-01
-4.563983481212422096e-03
-4.418125632516209378e-01
3.684505382423007291e-01
1.921682115086455894e-02
4.060732198398591120e-01
4.392119139818295159e-01
6.803485448045860917e-02
2.140461067922759808e-01
4.528761329175380324e-01
-2.606199598175498733e-01
-1.339486483229094527e-01
8.137865861361172695e-03
1.242229146001403439e-01
5.232759230621213120e-02
7.544789665576122351e-02
-1.423274963039420637e-01
2.408147491772344995e-01
1.173363000782760290e-01
-1.490960529635184662e-01
-8.005119783460332150e-02
-4.110267074470459747e-02
-1.378898008993223413e-03
-4.848105483054924725e-01
2.167561195740876911e-01
-6.453370486042067644e-03
3.011666049911297938e-01
-2.636340619260014728e-01
1.434585133467339013e-01
-3.776546907039823875e-01
-2.371822286567146498e-01
1.198440560232426899e-01
6.696584653188518421e-02
4.379372687159347605e-02
9.075273755993987224e-02
6.574386444935492735e-02
-8.373818333484438214e-02
4.535579414010195709e-01
9.280049651262663873e-03
2.553040852035295960e-01
1.209354369611721491e-01
-4.915254099815303812e-01
1.278639375001757728e-01
3.493885577047893820e-01
1.260089030105715708e-03
1.398573872650718183e-02
6.770559707992879206e-02
1.738284969946722602e-01
2.402049794140076189e-01
-3.877966743237100389e-02
3.256264495413052629e-01
1.058539049587056136e-01
1.006582493285922489e-02
-2.001008576102461800e-01
5.729796387422172316e-02
1.024873859499055434e-01
-2.011908448420700601e-01
-2.360098152032373275e-01
4.590068981133744314e-02
3.175786989184437581e-01
-2.647199210750538212e-01
-4.088726434961861833e-01
1.922102617024417093e-01
3.019634951297953673e-01
-5.709666451130230441e-02
-5.887806991376420829e-02
4.106631269420642910e-02
-1.313056891711408825e-01
2.757253575317801242e-01
1.821478204904846132e-01
6.264344301141371030e-02
1.062611141295318473e-01
-1.518872891641350198e-01
6.998106147831521795e-02
-3.404861301299406118e-01
2.806720160733315594e-02
2.481605506383067206e-01
8.849015876724580787e-02
5.491700394443618238e-01
3.093115285158911862e-02
3.149396229351814624e-01
3.695242053350532296e-02
5.113666342259721997e-02
-6.212519765742617606e-02
-1.213982320598794018e-01
-4.130830188463042174e-01
4.869765558542454853e-02
-1.525918701257877041e-01
1.819510934386596446e-01
-1.787339022080697282e-01
4.704652373442808067e-01
-3.392944558777962610e-02
4.223130072032145743e-01
-5.799935984322811960e-02
-1.401193825829323558e-01
1.677100265236785084e-02
-1.103249848721290366e-01
1.813196082227406247e-01
-4.484845566972837927e-02
-3.383833416011519102e-01
2.554236655961167335e-01
2.621336246305986384e-01
-9.248077081049622949e-02
-1.270479646691374809e-01
1.276957159945566189e-01
-2.434978927972121232e-01
-1.940421846484032542e-01
1.024630750735988499e-01
4.038006787278738408e-01
8.169061720853383612e-02
-2.069389187302949906e-01
-4.345742498506678653e-02
-3.055313220686632636e-02
1.758570003432511353e-01
4.564963655530580033e-01
-1.864989887645484082e-02
-1.140309444368134938e-02
-1.008186388748137652e-01
9.624752390287262885e-03
-7.723351186738589003e-02
3.800510064697136814e-01
-1.391997405956088840e-01
-3.443331541146367747e-01
-1.279800329020864547e-01
6.031308274715857509e-02
-9.197008677156451317e-02
2.601159268546740511e-01
2.236812511234514411e-01
-1.680350921743312131e-01
2.593668651794334493e-02
9.580812571953280232e-02
6.353442210845502425e-01
-8.812493457882251968e-02
-1.746793914299469078e-02
-2.073391369222425951e-01
1.249320032244055911e-01
-2.590823075888207261e-01
3.093569063063407176e-01
-3.345457224018230646e-01
-1.417675316574381617e-01
-1.568913606272276107e-01
-2.024270675333381397e-01
1.828999995164205805e-01
3.847677446838999038e-01
1.100971064391945003e-01
-3.756729852421314408e-01
-5.017976298682911285e-01
-3.745816495948597197e-02
1.551078602581148214e-01
3.298759767513102514e-01
1.109091491574003135e-01
-9.959785291541677077e-02
1.799813148001036534e-01
-1.665405346396542710e-02
1.938554254867761589e-02
-9.979225317522036343e-02
-6.775761620136898367e-02
1.530601198629446269e-01
2.946857010239785080e-01
1.003223036656979567e-01
3.591701749100734836e-02
-2.623957711699482775e-01
-1.207788476428287017e-01
1.034107927831842827e-01
-1.201172799284514342e-01
-1.008694256089970147e-02
4.426770604349877097e-02
-1.942416111042103433e-01
-2.333591120794713258e-01
-5.321733402623515796e-02
-6.558917743946923729e-02
-1.104474083337561308e-01
2.867574930006365225e-03
3.585351886255599418e-01
3.971056307455023832e-02
1.810937175029850299e-01
-7.591818398926199196e-02
2.194949454213326878e-01
4.862097042943421682e-02
1.142180172605153643e-01
4.319683202123465737e-02
2.557295164102513785e-01
-3.600679037206517413e-02
3.841424622588026638e-01
6.083430752133815039e-02
1.638174194985899945e-01
6.315953454523037802e-02
7.661431436612503587e-02
9.043060369947694688e-02
-5.523783731985214968e-02
-2.046346194798406848e-01
-2.166394002354671000e-01
2.312503354367328734e-01
-6.061139444333141918e-02
-2.740683180594648549e-01
5.364334184862179500e-02
-1.423562341802641629e-01
-6.648754056764484555e-02
1.486917883101026572e-01
2.834335762805240688e-01
-3.804214299940297805e-02
1.226949165169773648e-01
2.215814485569628234e-01
-3.300098208338199668e-01
-4.867597752732184813e-02
-1.902606855980491091e-02
-1.374066642987190924e-02
-2.304397593799175151e-02
-3.055693318008637638e-01
1.630673457524571268e-01
1.170196955885919876e-01
-1.054708029542716502e-01
-5.847537492477602461e-01
-9.310126861221279526e-02
2.621338984044399023e-01
1.207257275168445720e-01
-2.646501176150434578e-02
-7.576531009786086068e-02
1.680178464880723727e-02
4.406343774447333411e-02
1.969489570013032431e-01
3.810806353547326331e-01
9.977277702171089002e-02
-1.781106552751896832e-01
1.217645189957692053e-01
-1.402296430158988215e-02
-3.459011678733634604e-02
1.339202237281422458e-01
-8.277383770641172367e-02
1.021170898080635825e-01
6.043052333359649753e-02
8.449151687587520831e-02
-3.034539238615993270e-02
-4.553339727705567053e-01
-6.355536225472489809e-02
2.622856108274223153e-03
3.668097910129007599e-02
-1.109808057197621267e-01
4.432828480436454277e-02
-7.163230413091502269e-02
7.712383355963380906e-03
2.515689448784313997e-01
4.393971149417017635e-02
2.564832794531156090e-01
1.858818786261413544e-02
2.239333068388170978e-01
-8.916490613306043977e-02
-1.687019415603608352e-01
-3.869715592520124314e-01
1.712719431528312020e-01
5.122848373879010930e-01
3.240958559295971375e-02
-1.101878024184364119e-01
1.106465438114478603e-02
-1.552503247344281800e-01
2.570622881216569899e-01
8.525253904694396478e-02
1.190920763369499591e-01
-1.038944940705075065e-01
-3.357095378233822536e-01
-2.641751861447073635e-01
1.085998019859367031e-01
-4.062256227949098131e-01
-1.055683111237222249e-01
4.200623906725604872e-02
1.797791055999606313e-01
2.416623055309546908e-01
-2.159337995488456174e-01
-1.992418586824732940e-01
1.299369596413203487e-01
1.881593265927972436e-01
-1.578758733677455492e-02
-7.304368589836775227e-02
2.023664473236719014e-03
3.019685111047637135e-02
-9.041142657261141968e-02
-7.549745435803960347e-02
3.710143795874977224e-01
1.043848790357640860e-01
2.509443387442350515e-01
-1.493100188024825137e-01
-1.098656260146194386e-01
-1.592099961907251227e-01
8.839437055135884735e-02
-1.554373184916477413e-01
2.517497101277735849e-01
-3.010064859704557616e-01
-1.062151497563471603e-01
-1.923018478159866651e-01
3.350062345710151934e-01
-2.081526723987811300e-01
-1.041418104703275699e-01
-3.900404615912243106e-02
2.838695146771904043e-01
-2.259046211716471131e-01
-1.718582362413989192e-02
9.539220828084819803e-02
-3.245699289377283747e-02
1.886017080756932640e-01
2.258959743504378725e-01
-1.821660978295752964e-01
-6.579591374301565522e-03
-4.090095283216732547e-02
-2.271510539520235628e-01
-5.487218900478336991e-02
-1.643547919829138337e-01
8.510571971693778326e-02
4.263484048752085032e-02
-1.384546288068901065e-01
-8.182180180857492879e-02
-1.427602091069614908e-02
-1.681420014530845553e-01
-1.200387252217254425e-01
-1.976011524229044913e-01
6.727616018648310270e-01
1.294824073471243474e-02
8.341190848903377864e-02
1.631432791173153540e-01
6.250461328334976085e-02
-1.305150797653254202e-01
-2.754470296233036408e-01
-1.217943884863023352e-01
-5.984474430132142447e-02
1.933503278472617215e-01
1.694801798621470568e-01
-2.278146227138493907e-01
1.852052044308597489e-01
7.877915974326188397e-03
-1.030947569449991441e-01
2.341872200495149214e-01
2.058514941753680685e-03
7.898412715968756992e-02
2.985962872128601342e-01
2.998474059034197947e-01
-7.045363406311985592e-03
-2.601158068098362586e-01
1.369159115830012874e-01
1.981406586272760062e-01
-2.553786951909522984e-01
-2.146145070116987560e-02
2.909758345369252153e-01
1.925998415197807401e-01
1.252328610386351515e-01
-4.231176119873450436e-02
7.902309718687392306e-03
1.279233873577083624e-01
-1.142279847535253856e-01
1.561086104104790762e-01
-1.633440722284418833e-01
1.357391339274768294e-01
2.081413872255576947e-01
-1.144367499973682478e-01
-2.657577315234189389e-03
3.774923254262914640e-01
-2.664635661503931829e-01
-1.547103081871760988e-01
7.154342836741353628e-02
2.303872536732104459e-01
-3.459084200295752254e-01
1.986213951088457164e-01
1.525931678294906724e-01
1.696442675571359082e-01
3.374617942925909886e-01
4.347764941655808506e-03
-2.613492977480132429e-01
-2.376473294342030806e-01
-2.125940696289388698e-01
-8.799516002565320461e-02
-8.168888720703117168e-02
6.397168014915752265e-02
1.453664652024917459e-01
6.420745994475413054e-02
3.468372124924740674e-01
-2.003935352308653384e-01
3.046267023918322048e-01
1.924442931409803270e-02
-1.162469584235140824e-01
-3.526051766488572103e-01
9.255963990630686200e-02
2.949872861773478183e-01
1.961058505631725346e-01
6.808403479899985400e-02
9.161676828822259977e-02
-9.805643427637888987e-02
2.092950609055466704e-01
-1.575350255956507461e-01
-1.432278221548801689e-01
2.382135693614874372e-01
1.001343606582579260e-01
1.111109686984484840e-01
1.207951533405886568e-01
-1.496165995940356985e-01
-2.086050729063301801e-02
-1.938380025992881561e-01
-5.292018733954988174e-02
-2.378116834371355945e-02
-1.054531762036356596e-01
-1.256353861611329004e-01
4.626388134191612433e-01
-1.066710965830105912e-01
-2.932777982677627349e-01
5.414656189426386712e-01
-3.207179627636203012e-01
1.947611902729600164e-01
1.516176030470144376e-01
-1.391595037173910254e-01
1.499271658214133274e-01
-1.551276177208806006e-01
-2.707664547203587901e-02
-1.737131073609065601e-01
-1.717673785858777058e-01
8.751994311642462276e-02
1.687235882800105502e-01
-2.322781889535420752e-01
2.488956723763168233e-01
7.788102989642354916e-03
9.146277929103024951e-02
-6.146880649017363862e-02
-4.471919127805126237e-01
-8.863999540832309676e-02
-1.029667918105514474e-01
-1.727314788269382340e-01
-5.292622507799044779e-02
-9.031254531728699630e-02
4.444001078731922294e-01
-1.374102245008201884e-01
5.567786993484005742e-02
3.710928727855830611e-01
2.480890178436742088e-01
2.508325181094486767e-01
1.754079227340013813e-01
7.248867535550397312e-01
-1.146262101279635764e-01
1.439794007905535467e-01
8.143299286423708039e-02
-4.504209131808775135e-01
-2.451694615271154121e-01
-4.116465157749979453e-02
-9.065214426942294623e-02
-1.989354698404806887e-01
3.502192861627044240e-01
-2.898340245372045265e-01
8.907183862409387420e-02
-1.405829384333859289e-01
4.876084113102690520e-01
4.023772476472749909e-02
-1.581280116678707715e-01
5.568444418437930032e-01
4.755352830293597122e-01
1.240871316600147822e-01
-2.985948063103059380e-01
6.760732479668445094e-02
3.933196063907525852e-01
-4.234450272176566998e-01
3.643735264122444084e-01
-6.133432583804515614e-02
-2.169336849841806414e-01
-2.397744764746637461e-02
1.353301049370109477e-01
9.721506956181762138e-02
2.304800491586895261e-01
-6.008549608776605350e-02
3.040091461641055148e-01
-1.711296405442764013e-01
-4.623149312151714901e-02
2.313691412516264978e-01
-4.683019999066581618e-02
3.576396855685188836e-01
-6.328932998996581460e-01
-5.221897227180369860e-01
-4.221063544112879096e-01
-1.793918477277927359e-01
3.391253491264165087e-01
-3.263965787638471450e-01
-4.680566670577139543e-02
-4.741211350631242827e-02
1.692513031580877153e-02
-3.900606396453218938e-01
-1.278656880823423117e-02
-1.591155306080446752e-02
-3.613613880131412957e-03
1.617825763439075526e-01
3.886345016709967237e-01
1.928700964451335875e-01
-1.823306860861874101e-01
-2.681436206282448165e-01
-5.047270695857718897e-02
6.916771391778486766e-02
-2.653999043708024641e-02
8.960835988741504277e-02
1.912561462206160134e-01
1.520338472556407028e-01
1.090385795305657129e-01
1.211183572697174665e-01
-8.785440385334132574e-02
-9.575170048233325182e-02
2.072745759586068492e-01
-3.259810046512686132e-01
8.270888700556847106e-02
-1.631362024635575891e-01
2.259793070862563813e-01
-1.189890490122830352e-01
-1.485878736833831926e-01
1.798824197889779819e-02
4.208076170147683620e-02
1.424795576736614389e-01
2.242578439704384641e-02
-2.251406978167500572e-01
-7.814311369924993589e-02
-4.942818229288403753e-01
-1.933723650797619306e-02
-2.619629316946748276e-01
2.034317759986620233e-01
4.687509049875954875e-02
-9.988552053130139718e-02
-2.518223510129368597e-02
2.874598845114132439e-01
-1.462129051514438893e-01
-4.469410709086988481e-02
9.204444954160791170e-02
8.493720337337093418e-02
7.987768973514046411e-02
4.720927730627191843e-02
1.862440670676659416e-01
-1.904816504366020902e-01
-3.137499796159621407e-02
-7.278116386711803998e-02
-3.002205916630452109e-01
-4.725283790323284161e-01
2.085431362852032677e-01
-9.685887591025420240e-02
6.077871492742371873e-02
3.225987846214634081e-02
1.537704650892871179e-02
-2.934446742410299902e-01
-7.204146362685373561e-02
-3.128394477869584911e-01
-1.275573226997081533e-01
1.437613899828239783e-01
-7.801776637262473890e-02
1.639716442998544466e-01
-2.344006934785262397e-01
4.927999712729202314e-02
2.463109440654094873e-01
1.388223191571566137e-02
-2.784203346333866819e-02
-2.110813031174028354e-01
-1.179659589966938205e-01
2.196332315293823556e-01
1.306568965463926479e-01
-2.565149726767753102e-01
3.476292368385691667e-01
-8.054161200125772510e-03
-3.508419404085941912e-02
1.587752671415813555e-01
1.203672747798407716e-01
-1.039785486963572536e-01
-6.016895125959419860e-02
1.490666822333950314e-01
6.630140451090424381e-02
-2.177401847702375437e-01
-2.934187290671819159e-01
4.005233821786908892e-03
4.163176626630540889e-02
-1.019295809700151573e-01
3.497789721784428374e-01
8.409842888297384966e-02
1.841545826590602897e-01
7.299622246223295974e-02
3.947590385837242422e-01
1.473231919198076389e-01
-3.318080465671798263e-01
-2.146575838527764804e-02
1.121870017244710055e-01
-6.381372588973835414e-02
-1.000337100989178024e-01
2.419940578612890178e-02
1.362208368031523620e-01
-1.333162511648963711e-01
-8.829076932720485854e-03
-2.654181714784032975e-01
1.080280644557276848e-01
1.543535549623517023e-01
3.053167748274193682e-02
8.427368865788935348e-02
3.110532708809147784e-01
2.489850987306956587e-01
-1.097150551960672559e-03
-3.562599141643899708e-02
1.879513489172641716e-01
-4.459170243811765022e-02
-1.225949358413583323e-01
1.968541271887835342e-01
-3.333773225562555037e-02
-2.255661392446205171e-01
-7.404914008749272081e-02
7.770480874881850741e-02
4.856884877326385630e-01
1.200830589448352026e-01
1.010004906073711378e-01
3.214020637106445033e-01
8.610397108927701770e-02
-2.265746437659663659e-01
-3.672643406704490521e-01
-1.408690933676082224e-01
2.880558358230312921e-01
1.314666075300116588e-01
-1.309361434084922553e-02
-1.977819835686233929e-01
-1.469683462934472939e-01
4.544630704847453240e-01
2.713374339328479823e-01
-1.400740217636987361e-01
-2.188232214461291736e-01
8.503768027626207315e-02
5.097723519364691196e-03
-4.997932225374098203e-01
1.273058167146073894e-01
1.659194465482412284e-01
3.781267405332072173e-01
-4.627648590383331290e-02
2.591438606260069999e-02
5.449172052225729340e-02
-4.016231977925666663e-01
3.526220417041229238e-01
4.760706720380818158e-02
5.571519379806086358e-02
4.073336497764012409e-01
-1.409941982187808418e-01
-2.181665941697877587e-01
-1.746916058271080936e-03
-2.592550884229819497e-01
6.255868854023919345e-01
9.404096059982190725e-02
-3.906878892930955582e-01
-1.648873725503681165e-01
2.441553546336544811e-01
1.486266061337115918e-01
1.006558442018391369e-01
9.786355152056494533e-02
-1.480499426530459406e-01
2.095427059101201417e-01
7.258636132778066574e-02
2.294074954116573362e-01
-2.233159785500845873e-01
2.731969141974239235e-01
2.445970082282743208e-02
-3.536128964447174394e-01
1.673561063159191009e-01
2.628828592944705278e-01
-2.509360607404175769e-01
-3.767253693899478839e-01
4.451581809142428868e-03
-1.202039762757942110e-01
-1.488765939362861890e-01
7.764072110211266142e-02
-5.066248776810610560e-02
-2.041018152361474824e-01
-1.077490992156753674e-01
4.066323703580118076e-01
1.440961296467320185e-01
3.005456536667958003e-03
-6.059676418932226083e-01
-1.518888472928337785e-01
-1.561741671062125414e-01
-4.104794012423483851e-01
1.099302423746799234e-01
2.396552055927737845e-01
2.243644310592828317e-01
-1.217360724819983586e-01
2.076282407585172962e-01
1.297971398464186910e-01
1.570495917874973335e-01
-7.966059804268721400e-02
-8.733525596451219286e-02
-2.699191247442109809e-01
1.389208195948210545e-01
-1.258281512982080963e-01
2.900563135558325081e-02
7.341513583244714536e-02
-3.037779664559114301e-01
1.383900068905136449e-01
5.341404003219356322e-02
7.491442971884607060e-02
-2.584812249554909735e-01
1.621511143140497435e-01
-2.663909624133943208e-02
-9.522256337312757363e-03
2.246391850145680325e-01
3.555391879719382170e-02
-5.832122592263239451e-04
-1.142579277665460441e-01
-1.888853338221814782e-01
-7.506169373714037529e-02
1.506472886515086880e-02
3.787923762635332925e-01
-1.876663476685077048e-01
-5.856522452907684251e-01
-1.914729110899266451e-01
-5.939469629512206250e-02
-3.967560528813177112e-02
3.829607503691029868e-01
1.574283773614753024e-01
7.997042486031918918e-02
-2.275809817391409584e-02
-6.629508644728285272e-02
-8.660705452560857331e-02
-2.498959960137525638e-01
3.219544125658977407e-01
8.374809455442652761e-02
4.523773453954744485e-03
8.562926982996326916e-03
-1.351609364053462936e-01
-8.470061215198050608e-02
-1.781902528314601997e-01
-1.509085022498434826e-02
5.181640018243606483e-02
-4.536574252134716739e-02
2.960639895454337256e-01
7.896314284021840879e-02
3.216500549440526324e-02
-2.569702900783074062e-01
2.923396333055695850e-02
-9.793304263647714669e-02
-1.232324439035605967e-03
2.047346144269771295e-01
-4.074718704288425308e-01
8.390916683550873889e-02
3.837173314676332880e-02
-9.876899547369064752e-03
1.956780105391913160e-01
-1.182430378231807827e-01
-5.150111636632603157e-03
6.365723425978896122e-02
3.775314785013562102e-01
2.397370028980641277e-01
-5.658740621922245251e-02
3.611867887894927853e-01
9.167768473148696362e-02
-1.573219224786725212e-01
-2.896098924233609928e-01
-1.541141504564983722e-01
-3.773323299317931090e-01
4.102482627322209252e-01
-4.377014442182182441e-02
1.561265129618185643e-01
1.114655649498746542e-01
7.398236926284980017e-03
6.581602012654352851e-02
-1.365871985691987645e-01
8.481503444267123049e-02
1.747551955374916643e-01
2.713800051382393441e-01
1.593455539550881206e-01
3.813591762684104963e-03
-3.796665427676093607e-01
-2.767671059526117250e-01
-1.018793303728618427e-01
-3.584928159519096824e-01
2.893299589513179670e-01
2.780715162211370162e-01
-2.049153321457173049e-01
1.420014048018306829e-01
3.343594472789492844e-01
7.559496750669332521e-02
5.635104478417935631e-02
-6.055057953314573610e-02
-1.303350949453352114e-01
5.925150605040676588e-01
-9.922508667471387211e-02
-2.986038074829003644e-02
-9.811580497533696835e-03
1.555342440518750757e-01
-7.488624595301408837e-02
-2.579482335096624501e-01
4.853619032093608454e-01
6.145447090366051857e-02
-1.559038457885908169e-01
1.421379413878024467e-01
-1.310166341516213473e-01
3.580320148416525905e-01
8.949877220259219723e-02
1.180833143495292614e-01
8.266193728654630535e-02
2.090077849778358976e-01
-2.103324596729480023e-01
2.493398108230074905e-01
4.374560338398215120e-01
3.237990324770247119e-02
7.760111280684349744e-01
-2.413100469956536709e-01
-6.023645006136991303e-02
-9.540301608473669703e-02
-8.593333137779858577e-02
2.117174724747175052e-01
-3.238467737307079014e-02
6.050134561550996048e-02
1.602236349036128271e-01
4.461003519914073789e-02
1.224506776519441315e-01
-1.245235766803694799e-01
-4.860471264839860694e-02
7.994867130236199548e-02
1.862339801345103962e-01
6.218081602238789696e-02
-1.209872444673946723e-01
-1.212232109142191983e-01
1.070004391251167496e-02
3.029055883376789438e-01
3.374902529047403288e-01
9.032709523276372110e-02
-2.630788600033382996e-01
-2.628051009471948918e-01
-1.667145278620827120e-01
1.115021477763202123e-01
3.216465499109658621e-01
-2.895991488356716714e-01
6.198833562316806434e-02
-2.337483016709009376e-01
-4.663897030067593041e-02
9.206703195253627958e-02
-1.905118747135636503e-01
3.830265830877143795e-03
2.066223390141097294e-01
2.980594254495109174e-01
2.989198378789491573e-01
-7.936065719490940917e-02
1.031387526012287753e-01
2.358487610113316202e-01
-6.422232120541541966e-03
-5.144689065912277232e-02
3.585407610982368487e-01
7.239865723073271586e-02
4.254091640949738684e-01
3.898537702014833739e-01
2.496768247560293696e-01
2.257834735789131242e-01
-2.165719482595354628e-01
-4.812156516027774750e-02
2.190656079989858340e-01
-4.905878734293694227e-02
-4.913340104958389964e-02
1.626209698117276059e-01
1.444074146166226813e-01
1.005565537921878499e-02
7.896374291158506087e-02
3.860875354904168000e-01
-2.334806210582431318e-01
-4.325120459346752655e-02
5.754682741487605890e-02
1.187050672646315641e-01
2.758668298187689216e-01
-1.330387467705412829e-01
3.285559398724001157e-01
2.745579975842122877e-01
-2.166592876894561648e-01
2.915821059520236624e-01
-1.745250485850195488e-01
-2.966184875054184156e-01
1.361128014432675115e-01
-3.268207727951118469e-01
-1.063908774365299875e-01
-2.037064728857848894e-01
-7.913346877176755112e-02
-2.433309811166890768e-01
2.367263344527598123e-01
6.159639131389185035e-02
-3.625126762931926011e-02
-1.052780855434922863e-01
1.007936010181283426e-01
2.634047079487335241e-02
1.805415134684271450e-01
1.022808720419445538e-01
5.475720147472058763e-02
4.264978494796833886e-02
3.593117997844917366e-01
-3.737595091096147792e-02
2.852582387092247318e-01
1.990658721556760602e-01
-2.074026550322101425e-01
7.416714959251888284e-02
-6.815299298558163965e-02
-1.522089027693496743e-01
-1.037997253798854519e-01
1.626674439133936056e-01
-2.387685754952005857e-01
-2.546503189603855147e-02
2.835357642355013641e-01
9.429169762305668334e-02
4.285376553874605809e-01
3.548941655860948785e-02
2.498060056478057234e-01
-3.331603765198975498e-01
-2.308811196066594129e-01
-1.410746315870463063e-01
3.994990588302644308e-01
-1.219452747699091982e-01
-1.545379805716430577e-01
1.446005509481979590e-01
1.972904432834178545e-01
-1.719693073230580960e-01
-3.126165969696987346e-01
3.735457279502527733e-02
-1.889395224766641790e-01
3.842309297561399828e-01
3.669313293356193939e-01
2.472937918370320121e-01
4.444614578588703124e-01
2.198923355310393735e-01
-5.290311472165265538e-02
-1.660542052897731602e-01
3.421811930217426578e-01
7.462127148394856468e-02
1.858173374948875745e-01
5.599231670903408870e-02
-1.053827235581958899e-01
-1.304190546541771634e-01
2.318751337297650927e-01
-8.004782339013823134e-02
9.945368123526621140e-02
-5.382957559112477169e-02
1.550497646763564497e-01
6.086833507276030036e-02
-3.197702420713791072e-01
-1.319545107712686606e-02
-2.002254322715417423e-01
6.595396517075517717e-02
-3.058600768593174729e-02
1.404193009548284077e-01
-8.412580772601364193e-03
-5.454471504995055554e-04
-8.978826712702724089e-02
-2.168428414942772109e-01
-1.349947490917463855e-01
-1.729809169368543842e-01
-4.425295130739888283e-02
3.002923041389735093e-02
-1.645661071082797910e-01
-4.184842493815751352e-01
-6.821019984740034348e-02
1.686818963635609847e-01
1.006806873110514533e-01
-1.664903323188266782e-01
1.038606009939718328e-01
-2.215800537934805581e-01
1.149773845249228016e-01
3.446393805351775919e-02
6.733168359335077735e-01
3.874201166366922355e-01
-1.991708588056903886e-02
2.368488474430026081e-01
-1.919384347547624659e-01
-2.355436331088643295e-02
-8.737098720342954816e-02
-5.712316979610838202e-02
1.162335135107460393e-01
-1.387315901522322148e-01
-4.170352382778215461e-02
-4.266316421190217700e-01
-2.691925018942200598e-01
1.069434108697743385e-01
-3.470283814262396516e-01
-1.620537664177028325e-01
6.164586659596812263e-02
8.500732195440864614e-02
-2.646207829084125662e-01
-6.481226341514516320e-02
-1.588005507573880537e-01
1.258679520657369211e-01
5.623711531890510096e-02
9.103111198472635390e-02
1.547726653513369355e-01
2.212895195603849785e-01
-4.080994673736847433e-01
5.013043650124811013e-01
-4.318794218483896358e-02
-3.397014960674750728e-01
-7.813819669130350754e-02
9.896561107257366430e-02
2.775993259925088261e-02
3.052034278520927013e-01
5.323183150770051386e-02
-2.493991299717239485e-02
-1.900175030609987104e-01
3.659630759970787239e-01
-1.651579873170477830e-01
-2.525594105612981033e-01
3.588627154420077625e-01
7.503538954420616025e-02
7.289438456224296703e-02
-3.245449591789149879e-02
-2.993696488267905687e-01
1.940119363038026179e-01
4.361952368185875555e-03
-2.788297214554556480e-01
-5.671651236104482408e-01
-2.726061245440239422e-03
-6.384303242407873835e-01
-1.972757765253123907e-01
-2.414889770837651550e-01
1.446520586851213208e-01
7.428257667808191300e-02
-5.127030069136445656e-01
-1.976362686756296949e-01
-6.528205001916100036e-02
-4.272961938370716667e-02
2.706314842903165818e-01
3.285895907827339479e-02
-2.743400811299767650e-01
-1.072328878137174396e-01
-1.376071361386126402e-01
-2.915666175394789755e-02
-1.390247429225377196e-01
-1.314119696430015027e-01
-1.849063165556896204e-01
2.409831167838320520e-01
-9.804544936218673179e-02
2.821438688380258769e-02
-3.459193338029024900e-02
1.218534255557741919e-01
2.151845105892353505e-01
1.208828158820659804e-01
5.054544899864625851e-01
1.636715325667890270e-02
2.323408089129900544e-01
-3.508549656261695793e-01
3.368801574592514281e-02
-5.897819766400841379e-02
-1.722858227766197181e-01
9.768661457688337935e-02
-1.095969135188700622e-01
1.152080196404915713e-01
-4.356539012471829370e-02
2.379490034995424552e-01
-1.237673794916001602e-01
-1.003868613127441439e-01
-2.699132681652049448e-01
-4.137232834984335694e-01
2.177565037546021209e-01
1.446835090740977714e-01
-1.570435155616663470e-01
-8.182575279404963320e-02
-3.825561426979762203e-01
-4.253646077819786542e-02
6.119034258697192419e-02
-2.477546142463296075e-01
-2.132471713890572163e-01
1.714737477242239960e-01
1.277412938605321790e-01
3.391073878636496342e-01
1.988982296721047427e-01
-2.401582243628008762e-01
-5.096025205866730468e-02
-2.120629162324722261e-01
-9.835967135086530477e-02
2.741529660346047614e-01
5.662566689830172972e-02
-3.958386751192817243e-01
2.537494409438114662e-01
-2.195860537944544985e-02
1.668560231161310969e-01
1.522428670775742010e-01
2.199931095825130023e-01
1.763218484613739978e-01
-1.082980634945306664e-01
-3.494453885791691250e-01
-1.703346332165709895e-02
-5.802443999220396192e-02
-2.904665199472919457e-01
9.764854559093950892e-02
1.624473650053987264e-02
-2.064197059258074674e-01
-4.123896386781999990e-02
-1.673651108435232904e-01
-3.841129536729683824e-01
2.084612230632722774e-01
5.174525232133739966e-02
3.462272590641166103e-01
-4.870082342649643126e-01
1.496740469023172537e-01
4.953908916348485902e-02
-4.783413489646424349e-02
1.843850858332482245e-01
2.475830879464341050e-01
1.566624549871356298e-01
2.403960311845948928e-03
-1.042752061853550599e-01
-3.901184893494245853e-02
1.274383374208108537e-03
1.369698414639550776e-01
4.985005764384935201e-02
-1.455531613374734176e-03
-5.571234096029496763e-02
2.880852058131796456e-01
-1.217713918917415344e-01
-1.666532145834167533e-01
2.404491169883694879e-01
1.057461327580906385e-01
2.695990662018785677e-01
-2.701163646904983229e-01
-1.665431635959696011e-01
1.363079101042176692e-03
-1.902983752304832771e-02
-1.471560000385193911e-01
-8.183632833456961145e-03
1.615170750598368954e-01
-4.300560410183269441e-03
-1.399563022681063751e-01
-6.662114165267604693e-02
-7.415073782942649405e-02
-2.245493646074316063e-01
2.670622404048532753e-02
1.129224793685494471e-01
-4.529048637754580220e-01
1.066092820411514291e-01
-2.998921467490089920e-01
1.293966196855503292e-02
1.472300960441710188e-02
-3.755685382434131164e-02
1.148412663481780810e-01
2.065046788889407514e-01
4.009445617425941855e-01
-6.098350560801134301e-02
3.775516767421001063e-01
-1.186158393067268529e-01
6.611566425352671805e-02
1.413418074806256086e-01
2.273579686712806358e-01
-1.362701413820796847e-01
2.459688079737644140e-01
-6.700115770136420845e-02
-2.652544402703209681e-01
1.199107046693907164e-01
-4.665698453618779933e-03
-2.809866409035893797e-01
1.084058034699004469e-01
-8.945505165578740425e-02
1.279916522227933506e-01
2.031835432075861925e-01
-1.870441295966656370e-01
1.305080511850288498e-02
-1.083286581006009108e-01
-5.036257601752429716e-03
-3.088613454355638721e-01
-8.567713034562361718e-02
-8.647326862948540027e-02
-5.547865833674565234e-02
1.430065247057656919e-01
-3.912276482921008824e-01
-4.585489124575212183e-01
-2.370608319645018669e-01
1.744005965581172102e-01
-5.112840583341772549e-02
1.770922358082787917e-01
-1.255719553001931332e-01
-2.406739207749356013e-01
2.347880629177126199e-01
3.433448514500896109e-02
2.881041923750593536e-02
-3.738791516192413455e-02
4.466234422465291398e-02
-1.205501567270872293e-01
-2.141884837842503164e-02
2.852040599085639005e-01
2.014401906285375465e-01
4.963583304891689418e-01
2.406444494594643102e-01
-8.180461853353157564e-02
1.040849753173614389e-01
-2.493838744283419923e-02
-3.086995008715512009e-02
-2.349182428704710557e-01
2.382500738116814509e-01
1.119815077088991417e-01
2.450698838367600454e-02
-6.192156446456037466e-01
8.181576232111517633e-02
-2.285327427701969727e-01
-2.388852977748389672e-01
3.586973317561944000e-03
-7.120420258049636741e-02
-2.860168546465218231e-01
3.546590218593002886e-02
2.411636904242018820e-01
-3.742429334362818993e-01
-2.402521195701650125e-01
2.416892076698923808e-01
3.611487574237619400e-04
-1.904267566408153201e-01
1.147802991361147606e-01
-7.817505360706071549e-02
-2.222227636745960078e-01
-1.881391183030187986e-01
-1.870675039922775965e-02
1.269376771243309887e-01
-1.310028424482604856e-03
-3.329927556644111247e-02
-1.199999525183636229e-01
-1.484249006876920962e-01
-3.014856666607413915e-01
2.999036710373632619e-01
-1.596338325359024715e-02
3.689746528554301388e-04
-2.944987376032404680e-01
2.058421596568134615e-01
1.144967610042811057e-01
2.687537880425978631e-01
-3.030898233466976233e-02
-4.693662106885739815e-01
2.124112754154532934e-01
2.215870942573571756e-01
-5.803963951007504868e-02
-2.659035889965478683e-01
-2.879204925615316824e-01
1.990610801411956191e-02
-1.972432833096586235e-01
1.445713096053083679e-01
1.752515447783948091e-02
-1.511824656382518839e-01
2.304389283807852240e-01
1.452500201186097406e-01
-3.366031093827373533e-01
-2.969751121842360009e-01
1.290021801943405377e-01
4.042802753259897575e-01
-1.634300645321334344e-01
-1.261981443481764165e-01
-1.018700567815262470e-01
-4.052900279548832252e-02
2.590956582843017553e-01
-3.310173432358210627e-02
7.290138062265107133e-02
1.706686262178590263e-01
-2.017604863828523776e-01
8.774232082679718492e-02
3.475616528329014687e-01
-3.543600922166988965e-01
9.679192044502252235e-02
1.059176619734571584e-01
1.861436061624557048e-01
5.799922898975472252e-02
-5.122234380859519431e-02
6.200688313729190403e-03
5.173016817164373116e-01
9.190886289093648867e-03
7.124861883271896290e-02
2.294541837956290686e-01
-3.380041813578070764e-01
-3.670645668908035786e-01
-3.838829887588680601e-01
-4.258298702595402219e-01
-1.849911329330828913e-01
1.080967515884885405e-01
-5.550266786261547937e-03
-1.603928435113589068e-01
-1.307317316080451597e-01
4.366035173485254828e-01
2.072251602129674131e-01
7.217387199192759617e-02
9.666396793013518063e-02
3.684540208287361840e-01
-2.927903995959678651e-01
1.795822425095413566e-01
2.130239245438614037e-01
3.790719456942844845e-01
1.396229411689069166e-01
-4.182540325744515397e-01
3.198587136800803421e-01
-2.080704663909795082e-01
4.824385792767860864e-02
3.539704480374301909e-02
3.357657225897102415e-02
-2.226391940236058797e-01
-9.056541820787730734e-02
-3.527653076928565778e-01
3.558820874771497778e-01
-2.373032894260938275e-01
1.037349336835475117e-01
-4.047107591189381681e-01
-3.581716676518433284e-01
1.203171768729205809e-01
-7.445502231725895093e-02
2.154361976603876294e-01
3.698555647583738892e-01
3.145423692154967199e-01
7.174665589193093829e-02
2.150772493001691932e-01
-2.322123325420656983e-02
-2.302819345333476653e-01
-2.595710898334808309e-02
1.581759513854745225e-01
3.479129529108807711e-02
1.315918979749342577e-01
8.247269862889552994e-02
-2.141165931333467998e-01
3.165343337673445778e-02
7.520656945854974074e-02
-3.718476287780556055e-01
-3.177042567279576568e-01
1.131242075261252623e-02
-1.836812344445797607e-01
2.436186296332689960e-01
-1.982556523889570099e-01
4.998051600167513486e-02
-1.598488514965747398e-01
2.129716850416213669e-01
1.271798939745201751e-01
1.063677549997760485e-01
-1.904598442629903410e-01
-8.895615185995424390e-02
1.345403571219829786e-01
2.101632419135048557e-01
5.411687202624344134e-02
-4.917177524481090856e-02
2.679262914456702060e-01
-1.110812729899973011e-01
-5.087579483696037519e-01
-1.789541894579605441e-01
1.766215922977277253e-01
3.754629392346384154e-02
-8.269647813787647794e-02
-2.063397804831010596e-01
3.147610495222485372e-01
7.971920768105100752e-02
1.382465603898918802e-02
1.649311783116768626e-01
-6.222411264523500241e-02
3.052295225307103191e-02
1.135181680893872641e-01
-1.027697112462873652e-01
1.653357855581202296e-01
2.049868237515707972e-02
-1.653314397167250371e-01
4.006834624092279334e-02
-1.851648296519479153e-01
-2.921555314791695057e-01
1.575305342438954870e-01
-2.408878938715643403e-01
-1.165233662778977913e-01
-1.317028478793391341e-02
-1.961708796422872297e-02
2.592498145230088744e-02
1.602800024901417375e-01
-1.417614113151252284e-02
6.946545876726621660e-02
6.233202666072180237e-02
