-1.000000000000000000e+00
1.000000000000000000e+00
-1.000000000000000000e+00
7.707807890344309243e-01
1.000000000000000000e+00
-1.000000000000000000e+00
-6.951055353606935827e-02
-5.167754913427935470e-01
1.000000000000000000e+00
3.083430795583926298e-01
-1.000000000000000000e+00
-1.000000000000000000e+00
-9.059729429014669044e-01
1.000000000000000000e+00
-1.000000000000000000e+00
3.536014323823697958e-01
1.000000000000000000e+00
-6.538148674222160617e-01
-3.772890251878138201e-01
-1.000000000000000000e+00
1.000000000000000000e+00
6.008358359250496328e-01
-1.000000000000000000e+00
-4.207560737010736518e-01
5.830129126628702529e-01
-7.899353495535694769e-01
1.000000000000000000e+00
1.000000000000000000e+00
-8.163165503712739302e-01
5.826704538348304041e-02
-1.000000000000000000e+00
-1.000000000000000000e+00
-1.000000000000000000e+00
-1.903620048611653903e-02
1.000000000000000000e+00
1.000000000000000000e+00
-1.000000000000000000e+00
-2.869909149943060678e-01
-8.075762055907731440e-01
4.647425804294998408e-01
-6.412620133680924095e-01
4.492006392912135659e-01
1.000000000000000000e+00
-4.983348123538789975e-01
1.000000000000000000e+00
2.698638384932234291e-01
-3.186013291132724357e-01
-1.000000000000000000e+00
1.000000000000000000e+00
3.004191876940690009e-01
-8.295459746704204607e-01
3.119227441976063497e-01
6.580358052480775877e-01
-4.928508547513002491e-01
1.000000000000000000e+00
7.614849945436445999e-01
-7.259471576397398263e-01
-1.266592753813586270e-01
-6.755570341916143917e-01
6.717226359271692981e-01
-7.371449009956880793e-01
-9.976217762999439742e-01
-9.927905996653263454e-02
1.803930193797709247e-01
-1.000000000000000000e+00
2.125774957842385404e-01
6.282904614293205459e-02
-1.000000000000000000e+00
-9.761431455306901483e-02
4.604920065954904995e-01
1.000000000000000000e+00
1.604297209789280199e-01
-1.000000000000000000e+00
1.000000000000000000e+00
7.948663494979218980e-01
-1.000000000000000000e+00
-8.609854363811177969e-01
8.432063097094875115e-01
1.000000000000000000e+00
3.680290497868818345e-01
-6.696235664919165664e-01
7.449026299933575457e-01
-5.354367989806558814e-01
-1.319978679875939420e-01
-1.000000000000000000e+00
1.244680067188424361e-01
1.000000000000000000e+00
1.000000000000000000e+00
1.000000000000000000e+00
1.000000000000000000e+00
-1.000000000000000000e+00
2.636577188755093171e-01
1.000000000000000000e+00
-1.000000000000000000e+00
-4.578256182595650259e-01
3.518834649521497271e-01
2.099383432483061807e-01
-8.796452261021683316e-01
9.718046438459936320e-01
8.446298346102476540e-01
-1.000000000000000000e+00
2.053017248942642231e-02
3.248168278028835676e-01
6.629749655357417004e-02
-8.789077629384391965e-01
-8.992191584409153782e-01
1.293878873895142334e-01
-2.483265831541542068e-01
6.026583567421908150e-01
-1.000000000000000000e+00
2.903026549284535851e-01
1.000000000000000000e+00
-1.000000000000000000e+00
-3.606530391313507722e-01
-1.000000000000000000e+00
1.000000000000000000e+00
-1.000000000000000000e+00
-1.942901514695538623e-01
1.000000000000000000e+00
3.957554651201218299e-01
1.000000000000000000e+00
-4.375902723563698110e-02
-4.242415763169838927e-01
6.049656914402978813e-01
-1.000000000000000000e+00
-9.535714059067685877e-01
2.038534168536765279e-01
5.528146367055863930e-01
2.020897737115162074e-01
1.000000000000000000e+00
1.000000000000000000e+00
3.677305790208847958e-01
-1.000000000000000000e+00
1.000000000000000000e+00
9.477714905499867726e-03
1.000000000000000000e+00
-9.473535369071173218e-01
1.000000000000000000e+00
-1.000000000000000000e+00
-1.000000000000000000e+00
-1.270780209924377013e-01
6.676478802230371157e-01
9.307525582301708900e-01
1.000000000000000000e+00
7.359845232438898543e-01
-4.395133593810964800e-01
1.000000000000000000e+00
4.255122004194255014e-01
-1.000000000000000000e+00
6.568494904690305169e-01
7.446378645522566675e-01
-4.147565246133240735e-01
4.255099846376223516e-01
7.013980686295384626e-01
-1.000000000000000000e+00
-1.000000000000000000e+00
1.000000000000000000e+00
-7.165621817333198695e-01
4.830759689534780410e-01
-4.707918992781614520e-01
-3.030313303252621937e-01
2.225243300544532676e-01
-8.896480254248038122e-01
-3.495556381733495588e-01
7.424425359264446023e-01
4.024926167335761695e-01
9.789032248857065799e-01
-2.166573196961180114e-01
1.000000000000000000e+00
1.710639824131403031e-01
3.307866643879997515e-01
-2.643115133413337370e-01
-8.041843980183387419e-01
8.041523990626715523e-01
1.000000000000000000e+00
-1.000000000000000000e+00
-1.000000000000000000e+00
-7.042609454202094499e-01
-8.482329012112352906e-01
-9.860660448014482160e-01
1.000000000000000000e+00
1.000000000000000000e+00
1.000000000000000000e+00
1.000000000000000000e+00
3.955507597572615608e-01
1.000000000000000000e+00
3.721073701515986709e-02
1.000000000000000000e+00
1.000000000000000000e+00
-2.367291032332019540e-01
1.000000000000000000e+00
1.948836492872485504e-01
-9.096415744469245057e-01
-6.851758127812201948e-01
2.873845945227313514e-01
-1.000000000000000000e+00
3.846741177556312064e-01
-8.040897736428815890e-01
2.574519386621926254e-02
-4.471014426742109249e-02
1.000000000000000000e+00
1.877236681452398859e-02
-4.745003688584847334e-01
-1.074110663542880428e-01
-1.869285711186274845e-03
1.000000000000000000e+00
-1.000000000000000000e+00
-7.639755900648980136e-01
2.891034207632070530e-02
-1.000000000000000000e+00
-5.525734409603532127e-01
-2.306416288789195912e-01
8.448587771744275887e-02
1.000000000000000000e+00
3.667622831555549801e-01
-1.000000000000000000e+00
1.000000000000000000e+00
2.299986864928504349e-01
-1.000000000000000000e+00
-1.000000000000000000e+00
1.000000000000000000e+00
2.533794234164316594e-01
1.000000000000000000e+00
8.236517076350554634e-01
6.229691095201368434e-01
1.000000000000000000e+00
1.077609264961319202e-01
-1.000000000000000000e+00
3.891687565116247471e-01
-1.000000000000000000e+00
1.207074434739020263e-01
1.000000000000000000e+00
2.949216929636800377e-01
-1.000000000000000000e+00
-1.000000000000000000e+00
-1.000000000000000000e+00
1.583012020384816365e-01
-1.000000000000000000e+00
-9.341836473830168464e-01
-1.000000000000000000e+00
-2.599236638160002943e-01
1.000000000000000000e+00
-6.344200896425580272e-01
-1.427076685131639655e-01
-6.324643325119567727e-01
8.713906206302083346e-01
-6.077608321873088082e-01
1.000000000000000000e+00
-7.176032291868709168e-01
3.232588133783956819e-01
4.050548378124959603e-01
7.762086983778222482e-01
-1.000000000000000000e+00
-8.579048551993340155e-01
-5.572734581944926990e-02
-1.884730102374898020e-01
7.233038534654623319e-03
8.369177614258396236e-01
5.790578854377760598e-02
1.000000000000000000e+00
2.902958184022967902e-01
3.830152368624062387e-01
1.000000000000000000e+00
-9.961744736766657837e-01
9.917039187769373099e-01
-6.610029207054179262e-03
-1.000000000000000000e+00
1.000000000000000000e+00
6.317028370191768438e-02
9.461605302993469913e-02
-1.000000000000000000e+00
3.593412666249548026e-01
-1.000000000000000000e+00
7.182609707194826942e-01
7.332622266653262555e-01
-6.382795529080302899e-01
-5.078826296687504183e-01
1.000000000000000000e+00
-1.000000000000000000e+00
1.000000000000000000e+00
1.000000000000000000e+00
-1.000000000000000000e+00
1.000000000000000000e+00
-1.000000000000000000e+00
6.508425663798709238e-01
1.000000000000000000e+00
4.820442014000041464e-01
4.013239745826320259e-01
3.885496092362037412e-01
-2.192728913545815006e-01
-6.181683361111023345e-01
1.000000000000000000e+00
-2.953921019392515834e-01
4.575533241792436590e-01
1.000000000000000000e+00
8.332802367561112367e-02
-4.930527667696097405e-01
7.145582188593062600e-01
-1.000000000000000000e+00
-4.366317787761604396e-01
-1.000000000000000000e+00
-6.609799935858376996e-01
-4.125638359210130890e-01
1.000000000000000000e+00
1.592055695947292016e-02
6.866794233082808285e-02
7.826887935695990839e-01
-1.000000000000000000e+00
1.000000000000000000e+00
-3.842248970123386398e-01
-6.128345076282707415e-01
1.098726765725696053e-01
-1.286932911533352764e-01
-3.917619811718238143e-01
-8.168385766348980059e-01
-9.113668668195417100e-01
-1.000000000000000000e+00
-1.000000000000000000e+00
9.519516287375925367e-01
7.824395348173130982e-01
-5.156574075963940018e-01
-3.333013109178876165e-01
-8.781907593927552602e-01
4.316212252022505469e-01
-5.341819893204354797e-01
8.281114247037033582e-01
-2.701827830867586933e-01
-3.400692139546190873e-03
-1.000000000000000000e+00
-9.342413501054820379e-01
-6.275697357554295142e-01
6.167302677082250328e-01
-3.810534406676854280e-01
-1.000000000000000000e+00
8.468352996346940609e-01
-3.934208024729897724e-01
-8.554002752195324355e-01
4.008289961054731787e-01
-1.000000000000000000e+00
-7.521667300957142199e-01
2.947099899625644781e-01
-1.000000000000000000e+00
-1.549456585306904222e-01
3.806072001365997104e-01
-1.000000000000000000e+00
3.501155517155825625e-01
7.030924922941532706e-01
1.000000000000000000e+00
-1.000000000000000000e+00
7.597750682921179388e-01
1.000000000000000000e+00
-5.198689226032324751e-01
1.000000000000000000e+00
-7.534087615543714200e-01
6.736583272566667446e-01
1.000000000000000000e+00
-8.445845264422960352e-02
-1.000000000000000000e+00
3.153807984644125817e-01
-9.995311378191705787e-01
-1.000000000000000000e+00
-2.856399852331289457e-01
4.711529488966076928e-01
-7.439465014154629241e-01
2.385760102856264719e-01
-8.847565196031306201e-01
7.245005348988231564e-01
1.000000000000000000e+00
9.429822819641023868e-01
-1.000000000000000000e+00
3.380301874890259684e-02
1.000000000000000000e+00
8.743701373696227686e-01
7.639065842169779907e-01
-5.091351254820468686e-01
2.783436062962024726e-01
1.000000000000000000e+00
4.113308253796521541e-03
-1.000000000000000000e+00
-1.000000000000000000e+00
-6.698182196976411040e-01
4.353148077272579464e-01
-9.524102185107171659e-01
-9.338554890433832245e-01
-1.000000000000000000e+00
1.000000000000000000e+00
8.060308046013197059e-01
2.982336981035127454e-02
1.000000000000000000e+00
-4.309693139811493490e-01
-1.000000000000000000e+00
1.000000000000000000e+00
-9.507518777355803419e-01
1.478169419383755789e-01
-9.117202911126407461e-01
2.662433656258842429e-01
1.000000000000000000e+00
1.000000000000000000e+00
5.872629526567588187e-02
1.807533804189279669e-01
2.773901010998495176e-01
4.931081723835128994e-02
1.000000000000000000e+00
1.000000000000000000e+00
1.061733971975030028e-01
-3.777192998913969091e-01
-1.628360556810161675e-01
-6.240032298905412445e-01
-3.132601806163395342e-01
2.696752497133538817e-01
9.605719622043497330e-02
1.578384886180922431e-02
2.750673445786867566e-01
-4.826879085462696395e-01
1.000000000000000000e+00
1.000000000000000000e+00
-1.000000000000000000e+00
9.185525934855544028e-01
7.271538513501503154e-01
-8.708279002915120248e-01
-6.229153287633855118e-01
2.095425253719142844e-01
9.263305776084838072e-01
-6.084482772200842104e-01
1.000000000000000000e+00
-2.798017915635120367e-01
6.514250068283707062e-02
-1.000000000000000000e+00
-2.026828747306579082e-01
1.000000000000000000e+00
1.000000000000000000e+00
-5.310981503658537273e-01
1.082592402630621065e-01
3.543080811917209139e-01
9.488705091011374604e-01
-1.000000000000000000e+00
-6.713828483215986687e-01
6.206127913292308618e-01
-3.343683347106448656e-01
-4.643707879659858540e-01
-7.079772302005481466e-01
-9.790200026611584061e-02
-1.000000000000000000e+00
1.000000000000000000e+00
-1.000000000000000000e+00
1.593690394105627683e-01
5.433373174553413065e-01
-1.000000000000000000e+00
1.230307663552061559e-01
4.793340651054185941e-01
-1.000000000000000000e+00
-1.000000000000000000e+00
1.000000000000000000e+00
-1.000000000000000000e+00
-6.830092609382472091e-01
-1.000000000000000000e+00
2.258030141299897098e-01
1.000000000000000000e+00
-1.487702500126028837e-01
5.696574858308058875e-01
-1.000000000000000000e+00
5.845163088057081513e-01
1.040393080886275190e-01
-7.230514966837497948e-01
-4.169719776505156350e-01
1.000000000000000000e+00
-1.000000000000000000e+00
-3.298061501684873553e-01
1.434616661711104191e-01
-1.000000000000000000e+00
-1.448605692349086427e-01
4.781520036722775036e-03
5.785013188235941239e-01
1.000000000000000000e+00
7.054135815676814136e-01
-6.266255408739196398e-01
-3.335636104433203908e-02
-2.576040040696256916e-01
-1.000000000000000000e+00
1.000000000000000000e+00
3.988968536648781482e-01
-3.472420659808513888e-01
1.000000000000000000e+00
1.000000000000000000e+00
-2.546326144713584316e-02
-8.312234760494225938e-01
-1.000000000000000000e+00
-4.078756273998382920e-01
1.000000000000000000e+00
-1.021297469710327199e-01
1.000000000000000000e+00
1.000000000000000000e+00
3.256143417210381752e-02
-1.000000000000000000e+00
3.810587374443198394e-01
1.000000000000000000e+00
1.610240433164463747e-01
-1.000000000000000000e+00
2.689886623846420299e-01
-1.357052776004006589e-01
-1.000000000000000000e+00
2.788976705084230678e-01
1.368878217025107924e-01
-1.000000000000000000e+00
-7.767525660009992894e-01
7.631812209123426394e-01
9.306930435772838850e-01
-1.904140202199327003e-01
8.578195928066645326e-02
8.269266192407216387e-01
2.159297221878873352e-01
-1.000000000000000000e+00
-2.313388315738720280e-01
4.974669108183706889e-01
-1.000000000000000000e+00
1.000000000000000000e+00
1.000000000000000000e+00
-1.000000000000000000e+00
2.272467595129409046e-01
-8.958676070681041992e-01
1.000000000000000000e+00
-1.000000000000000000e+00
-7.608808736881162993e-01
-1.000000000000000000e+00
2.983487708526156301e-01
-5.932216969499901627e-01
-1.381455808612965797e-01
5.625414587174004666e-01
-4.516292169486746388e-01
-2.009644826015992147e-01
1.000000000000000000e+00
-1.000000000000000000e+00
7.551739408877360393e-01
-1.000000000000000000e+00
1.000000000000000000e+00
-3.222533646870824886e-01
-9.038597362010403202e-01
1.000000000000000000e+00
-1.000000000000000000e+00
-1.000000000000000000e+00
-8.783974930011477777e-01
3.946623790609150584e-01
6.451415665560228385e-01
-8.662325118246892997e-01
1.000000000000000000e+00
-1.000000000000000000e+00
-8.540440953895124254e-01
1.000000000000000000e+00
2.803635067173604334e-01
-1.000000000000000000e+00
-5.671963228962955128e-01
-1.000000000000000000e+00
-1.068634489942000831e-01
2.603120342113725005e-01
5.286925682895016188e-01
-8.250681857574937439e-03
4.808261047387155651e-01
1.000000000000000000e+00
7.976247623505805517e-01
6.490465236524677328e-01
-5.518916116847892850e-01
2.823453530788831989e-01
-3.567865327551831833e-01
-1.000000000000000000e+00
-1.000000000000000000e+00
-8.123652980397146894e-01
1.644651651689815752e-02
1.000000000000000000e+00
5.432664950197351184e-01
2.291320309470634420e-01
-9.171246528299615841e-01
-5.568398266741896308e-01
1.523162302515534972e-03
-4.948390377288955366e-01
-1.000000000000000000e+00
4.927684290285866964e-01
9.695506026161642144e-01
-1.000000000000000000e+00
-3.670761732397908594e-01
1.000000000000000000e+00
1.000000000000000000e+00
-1.000000000000000000e+00
-6.269332027647933625e-02
-4.395260971091919933e-01
5.701489294847962297e-01
8.677633936845026152e-01
-1.000000000000000000e+00
-7.139892095934520233e-01
5.034932381306560512e-01
-3.384931214138892086e-01
-1.000000000000000000e+00
3.217269410997020129e-01
-1.000000000000000000e+00
8.861349475630727612e-01
2.342035419543028740e-01
6.547282562072591627e-01
-6.211679448855678132e-02
1.000000000000000000e+00
1.000000000000000000e+00
9.407340025894027624e-01
-9.573340642555221436e-01
1.000000000000000000e+00
-4.439580819205316553e-01
4.776714812905809016e-01
-7.525654403306641926e-01
1.000000000000000000e+00
1.000000000000000000e+00
1.000000000000000000e+00
-8.110977741712014355e-01
7.904455408643519254e-01
1.000000000000000000e+00
-1.000000000000000000e+00
1.000000000000000000e+00
-1.000000000000000000e+00
-1.000000000000000000e+00
-5.117213164778549039e-01
2.473309169598814639e-01
9.244931941180800639e-01
3.293330942691109486e-01
7.310207325359662223e-01
-4.420396444632919142e-01
1.000000000000000000e+00
-1.000000000000000000e+00
1.416693452958009691e-01
-1.000000000000000000e+00
-1.000000000000000000e+00
-7.738239539421242208e-01
5.198435301816756171e-01
-9.367369746501833516e-01
-8.591998262589770619e-01
1.000000000000000000e+00
9.975777544473345415e-01
7.882232172529353154e-01
1.000000000000000000e+00
4.745810857758075985e-01
1.000000000000000000e+00
-7.220396774065346301e-01
-7.203996617134522662e-02
3.832499491267302716e-01
1.000000000000000000e+00
-4.531754936214242857e-01
7.948447660568624951e-01
-8.998048453619413856e-01
5.242031768015789073e-01
-9.223431944156187390e-01
-1.000000000000000000e+00
-1.000000000000000000e+00
-1.000000000000000000e+00
-1.000000000000000000e+00
1.000000000000000000e+00
1.000000000000000000e+00
-9.184887577540129522e-01
6.162603832444949470e-01
6.823902857617510920e-01
1.000000000000000000e+00
3.514463969038896241e-01
3.733210696605783752e-01
1.262941406234047992e-01
-1.000000000000000000e+00
-4.964598595019191762e-01
-2.631363343353798068e-01
1.699909694033223395e-02
1.000000000000000000e+00
-3.092160122617060303e-01
1.358453965223715976e-02
1.000000000000000000e+00
1.000000000000000000e+00
2.985431096319832722e-01
-1.000000000000000000e+00
8.254435678860339021e-01
-1.000000000000000000e+00
-1.000000000000000000e+00
1.192273572538073978e-01
1.000000000000000000e+00
5.879527184199276890e-01
-1.029548086754885072e-01
9.638417881410444865e-01
-2.180910127321525060e-01
-1.140730911248377666e-01
-7.656210339179234659e-01
-4.442907369525546102e-01
1.786723471948354347e-01
5.849393479252560368e-01
1.000000000000000000e+00
-5.586573968707473359e-01
-1.000000000000000000e+00
1.000000000000000000e+00
3.424980374715229647e-01
1.000000000000000000e+00
1.000000000000000000e+00
-1.000000000000000000e+00
-6.101936386213273611e-01
-1.000000000000000000e+00
-4.600423547484078224e-01
-1.000000000000000000e+00
-1.000000000000000000e+00
1.456546656513082183e-01
1.000000000000000000e+00
-8.438434553789552206e-01
7.795935439265075928e-01
1.000000000000000000e+00
-1.000000000000000000e+00
-7.818435148650731970e-01
1.000000000000000000e+00
7.439587830304247307e-01
6.830644432110428710e-01
-6.457452396481533352e-01
-5.338273719869707223e-02
-1.000000000000000000e+00
-1.000000000000000000e+00
9.345760281255164337e-01
-1.470450307746413721e-01
7.173492814472779422e-01
8.070609252343660112e-01
7.359355778591227804e-01
-6.927931042166410869e-01
1.000000000000000000e+00
1.920504651399199680e-01
-1.000000000000000000e+00
-1.000000000000000000e+00
1.000000000000000000e+00
-7.811484567545396995e-01
2.994304174372811600e-01
3.662111585831602234e-01
3.553906491338999496e-01
2.228868790706657332e-01
-1.000000000000000000e+00
1.000000000000000000e+00
-7.872480676896707052e-01
1.000000000000000000e+00
1.000000000000000000e+00
-5.565848487469500228e-01
-1.000000000000000000e+00
3.907007797005350169e-01
-1.000000000000000000e+00
-2.462088321537764801e-01
-1.000000000000000000e+00
-1.000000000000000000e+00
1.000000000000000000e+00
5.540149229300790346e-01
-2.825555702338328201e-02
-1.000000000000000000e+00
-1.000000000000000000e+00
-1.396871929496485976e-01
-7.371166425299160996e-02
7.393640962105559877e-01
1.000000000000000000e+00
1.000000000000000000e+00
1.192180651796041213e-01
1.000000000000000000e+00
1.000000000000000000e+00
-7.556343326287594531e-01
-1.306821992871758376e-01
-6.130277237582095751e-01
-1.565410870882057159e-01
-1.000000000000000000e+00
1.537590392035463327e-01
-1.000000000000000000e+00
-8.569882411781981624e-01
-7.202925365270731461e-01
3.289368142628492642e-01
-1.642922472465890849e-01
-9.906892354992904437e-01
1.000000000000000000e+00
-7.892966405365258176e-01
-1.000000000000000000e+00
2.884344308474884322e-01
1.000000000000000000e+00
1.000000000000000000e+00
-1.000000000000000000e+00
9.001194305735071843e-01
9.343870288821249925e-01
-2.691322959594737441e-01
-7.704271044672766910e-02
-1.000000000000000000e+00
-1.000000000000000000e+00
8.148448130395137268e-01
-5.332559432146266598e-01
-1.000000000000000000e+00
-1.000000000000000000e+00
1.754819627514820901e-01
5.559579956874749485e-01
-1.422848126803241686e-01
3.375577908040009456e-01
1.000000000000000000e+00
4.719335966096904755e-01
1.000000000000000000e+00
-1.000000000000000000e+00
1.993227774380004202e-01
1.000000000000000000e+00
3.400772546303126309e-01
1.000000000000000000e+00
-1.000000000000000000e+00
-5.046438625206037809e-01
-7.026538444760361823e-01
-6.681091854448539813e-04
-7.989709852818259739e-01
-1.000000000000000000e+00
2.210992810394613595e-01
1.000000000000000000e+00
1.713443285576526920e-01
1.000000000000000000e+00
-1.000000000000000000e+00
-9.233684406706768044e-01
-1.000000000000000000e+00
3.857052953353922176e-01
1.000000000000000000e+00
7.043937414445375356e-02
-1.000000000000000000e+00
-1.000000000000000000e+00
1.000000000000000000e+00
1.000000000000000000e+00
1.000000000000000000e+00
1.000000000000000000e+00
1.000000000000000000e+00
1.000000000000000000e+00
1.000000000000000000e+00
1.000000000000000000e+00
-1.000000000000000000e+00
-7.096297395655920548e-01
9.298616980818384670e-02
8.684038985732472904e-01
9.132319234836211441e-01
1.590962206969816495e-01
-9.167524482100235239e-02
1.000000000000000000e+00
-4.960138632481355669e-01
-2.835152239746625558e-01
2.050892105992291603e-01
1.000000000000000000e+00
1.000000000000000000e+00
-1.000000000000000000e+00
6.853930653841937559e-01
3.546317899704876653e-01
-1.448555177529832760e-01
1.000000000000000000e+00
-1.234378435049898748e-01
-1.000000000000000000e+00
-3.451650681714864000e-01
3.353634337112997299e-01
-1.000000000000000000e+00
5.203476486627901521e-01
1.000000000000000000e+00
1.133216429019663768e-01
-1.904598122713295483e-01
-1.000000000000000000e+00
1.000000000000000000e+00
3.135278970329643533e-01
-1.976736019622387097e-01
-1.963283645616006046e-01
1.000000000000000000e+00
-1.000000000000000000e+00
1.000000000000000000e+00
1.000000000000000000e+00
9.866305288193184531e-01
1.000000000000000000e+00
-5.878327014776635329e-01
1.000000000000000000e+00
-1.000000000000000000e+00
-2.744010209835446301e-01
1.000000000000000000e+00
-1.000000000000000000e+00
1.000000000000000000e+00
4.165825183371633655e-01
-1.000000000000000000e+00
6.877123804052540645e-01
3.352573232819737736e-01
6.956147067291091890e-01
-6.590165230874881486e-01
-7.195223410678464049e-03
-1.000000000000000000e+00
-6.595773301250231757e-01
-4.145280536072615263e-02
2.361196701340802229e-01
-5.964131138107147123e-01
-7.106186529079269176e-01
-1.000000000000000000e+00
1.000000000000000000e+00
-1.000000000000000000e+00
4.629247569039600663e-01
-7.164618659086232633e-01
7.410718453182802978e-01
1.000000000000000000e+00
-5.832374425147379693e-01
5.851468793110609079e-01
-1.000000000000000000e+00
1.628509873579072620e-01
-1.000000000000000000e+00
1.000000000000000000e+00
-3.951010165860370238e-01
-2.600467188341760716e-01
-6.428510031875394048e-01
-6.542463915926566287e-01
3.660100625649022055e-01
-1.000000000000000000e+00
7.268476245925508117e-01
-1.000000000000000000e+00
-1.000000000000000000e+00
-1.032617953373493880e-01
6.526518601777145379e-02
-8.293971191914536467e-01
4.329991056875368560e-01
9.111931161017359226e-01
1.000000000000000000e+00
-5.506534802346187973e-01
-6.291678067030692656e-01
6.223551608452262407e-01
-3.664250832287174187e-01
5.628399569759297005e-01
1.000000000000000000e+00
-2.865512318119193269e-01
-6.240536308571043023e-01
-3.605023372661901870e-01
1.000000000000000000e+00
-1.000000000000000000e+00
1.000000000000000000e+00
-1.000000000000000000e+00
-4.513384530146878904e-01
4.689838545286748595e-01
1.000000000000000000e+00
-5.351733160386332733e-01
-4.925418177828593258e-01
-7.422108711414597826e-01
7.653944495640754297e-01
-1.000000000000000000e+00
-7.849965156706432134e-01
2.430752234057180772e-01
4.804676472195419379e-01
-8.868169287937184286e-01
-5.258842570288813079e-01
1.000000000000000000e+00
-1.000000000000000000e+00
1.000000000000000000e+00
4.505739092391641276e-01
1.000000000000000000e+00
1.000000000000000000e+00
1.000000000000000000e+00
-1.594408271099987395e-01
-6.174119549285588260e-01
-1.804286782832104086e-02
-1.000000000000000000e+00
-9.138354420312855275e-02
1.000000000000000000e+00
-2.099289571388182063e-01
1.315299569244197386e-01
-3.486309293244871932e-01
3.871380859533600227e-01
1.000000000000000000e+00
5.094577520859178144e-03
-1.000000000000000000e+00
-5.288859259905893673e-01
-3.732604173413327509e-01
-5.414340517616806903e-01
-1.000000000000000000e+00
-4.160937324317706132e-01
-6.871424618709931487e-02
5.585155866677167236e-01
-2.594676972140889104e-01
7.344812408922342106e-01
-9.715629434181864976e-01
6.628395494778300812e-01
5.044991094249295926e-01
-3.620489780627868526e-01
-1.000000000000000000e+00
-1.000000000000000000e+00
-1.000000000000000000e+00
2.441267474899142531e-01
-1.000000000000000000e+00
-9.416686024865641436e-01
-1.271116893867018094e-01
-1.415530396796890189e-01
-7.146407328648978208e-01
-1.000000000000000000e+00
7.756583862327394163e-01
6.376302847920047867e-01
5.046846984431172523e-01
1.000000000000000000e+00
-9.021467312551724183e-01
-4.331811266987914966e-01
-3.724484823562675961e-01
1.000000000000000000e+00
5.757095822625601933e-01
1.000000000000000000e+00
-4.738671760852935511e-01
-1.000000000000000000e+00
-1.109254188046912004e-01
1.000000000000000000e+00
1.000000000000000000e+00
-3.139983880018876183e-01
-5.294890523709243346e-02
-1.000000000000000000e+00
-1.000000000000000000e+00
-1.000000000000000000e+00
-1.000000000000000000e+00
1.000000000000000000e+00
1.000000000000000000e+00
5.858801282295520441e-01
1.452336529683029842e-01
-1.000000000000000000e+00
1.000000000000000000e+00
9.949374811394432472e-01
1.000000000000000000e+00
-6.348956854572461728e-01
-1.000000000000000000e+00
-8.573038328165660804e-01
-1.302127429454127405e-01
-4.325362828313024099e-01
4.935312176888850821e-01
7.960419463284120756e-01
3.465556484210087218e-01
1.000000000000000000e+00
1.000000000000000000e+00
-1.000000000000000000e+00
1.000000000000000000e+00
2.801163108592904516e-01
8.652661039909480545e-01
-1.000000000000000000e+00
6.388429420465071562e-01
-9.585468214254433406e-03
-1.000000000000000000e+00
1.000000000000000000e+00
4.199809965473072504e-01
-5.918265407989058424e-01
1.216724567591347672e-01
1.000000000000000000e+00
1.156496321988474962e-01
-4.742813107019716590e-02
-1.000000000000000000e+00
-1.716188505249502116e-01
-1.000000000000000000e+00
-8.014454794851479102e-02
1.000000000000000000e+00
1.000000000000000000e+00
-1.163694149266217837e-01
-6.947128295286165711e-01
1.000000000000000000e+00
1.000000000000000000e+00
-1.000000000000000000e+00
-1.000000000000000000e+00
1.000000000000000000e+00
-3.262028544829778665e-01
1.000000000000000000e+00
1.670870509024916517e-01
4.415456532567647585e-01
-6.291567721242896649e-01
5.044705371756785794e-01
-1.000000000000000000e+00
-1.000000000000000000e+00
8.879206459254531669e-01
1.000000000000000000e+00
1.000000000000000000e+00
-1.964374770556988892e-01
1.000000000000000000e+00
-1.000000000000000000e+00
-1.000000000000000000e+00
-1.046840892999634787e-01
-9.105149235237937067e-01
-1.272501434607685722e-01
2.712232689999105606e-02
9.655084814044173624e-01
-1.000000000000000000e+00
-7.128592707090418701e-01
1.000000000000000000e+00
-1.000000000000000000e+00
-4.530797222616429476e-01
-1.000000000000000000e+00
3.545901871707995978e-01
-1.000000000000000000e+00
-2.188404579504638070e-02
3.448521303332606203e-01
-3.163033104682578256e-01
-8.187047135429578182e-01
-1.000000000000000000e+00
1.000000000000000000e+00
1.332388903800277025e-01
7.194357803376143501e-01
-3.309657870962990911e-01
1.000000000000000000e+00
-6.451132619132828871e-01
1.000000000000000000e+00
-4.383641525604081712e-01
-8.933090422959730770e-01
-9.288883465271988715e-01
-2.824913138967810600e-01
-7.653687153470671578e-02
1.000000000000000000e+00
7.675770538426210932e-01
-2.221839278462215406e-01
-1.000000000000000000e+00
1.000000000000000000e+00
-1.158878130466503842e-01
3.637998342184531331e-02
8.228152730424245220e-01
1.000000000000000000e+00
1.000000000000000000e+00
-2.729459185719582681e-01
-1.000000000000000000e+00
1.083263468394585205e-01
-3.822744899692218090e-01
8.351978219556444039e-01
-1.029633435271869457e-01
-1.000000000000000000e+00
-1.000000000000000000e+00
1.000000000000000000e+00
1.641247709333340521e-01
1.000000000000000000e+00
-8.082057367779672541e-01
1.221118797340511181e-01
-1.000000000000000000e+00
1.108641109071890340e-01
-1.000000000000000000e+00
7.097522751234212057e-01
3.729945088490999039e-01
-3.262101533691055266e-01
1.000000000000000000e+00
-2.627785770007142196e-01
-2.004705298871154451e-01
-1.000000000000000000e+00
-1.006574848308144365e-01
1.000000000000000000e+00
-1.000000000000000000e+00
1.000000000000000000e+00
-1.000000000000000000e+00
-9.818752186618419087e-01
-1.000000000000000000e+00
1.000000000000000000e+00
-1.275855451699062226e-01
3.764832560010333840e-01
7.300436981741071918e-01
-8.504659796967999341e-01
1.000000000000000000e+00
-1.000000000000000000e+00
3.832150094107106275e-01
-1.000000000000000000e+00
9.744750961600953110e-01
1.000000000000000000e+00
1.000000000000000000e+00
-9.495930912088756948e-02
-8.817148291162019147e-01
-1.608115189891358709e-01
-7.031325180563138266e-01
1.000000000000000000e+00
-1.000000000000000000e+00
-5.338980068440006832e-01
8.765043413911435266e-01
-9.671781198527661383e-01
2.734529912275499575e-01
-1.000000000000000000e+00
1.000000000000000000e+00
1.000000000000000000e+00
5.074571091858625094e-01
7.115301561547351383e-01
-3.332698454536753285e-01
1.000000000000000000e+00
-9.373952458040579749e-01
2.640906873456347892e-01
3.842244567998696625e-01
-1.000000000000000000e+00
-1.000000000000000000e+00
-3.749748544446513954e-01
-2.263745820124724029e-02
-1.000000000000000000e+00
-6.784671431501811956e-01
1.000000000000000000e+00
-7.809573864219182537e-01
-1.000000000000000000e+00
-1.000000000000000000e+00
-1.000000000000000000e+00
3.864507895138580285e-01
-1.000000000000000000e+00
7.946443587412338472e-01
5.048641014930036475e-01
-1.000000000000000000e+00
8.248367950710229213e-01
5.133543686279381513e-01
5.810537017296079076e-01
1.000000000000000000e+00
-5.790266510994306337e-01
3.080875276130690121e-01
-5.336680650279499449e-01
-4.809258493355133002e-01
-1.816614425568634505e-01
-2.281824269842531727e-01
1.000000000000000000e+00
-9.983896787508741433e-01
1.753566655718069578e-02
-1.000000000000000000e+00
1.639199151866643223e-01
1.000000000000000000e+00
-1.000000000000000000e+00
-2.720527570256662253e-01
7.018217066495719969e-01
-1.000000000000000000e+00
3.932663344887277757e-01
-4.385509339044460497e-01
-3.302560310084978745e-02
-4.066743153368223562e-01
1.000000000000000000e+00
6.524354056690777615e-01
5.091413184905180245e-02
-3.776027088236105222e-01
3.004803421099678795e-01
-5.169308141768005349e-01
-4.378842195012379312e-02
-4.769930855243097456e-01
-1.000000000000000000e+00
-1.000000000000000000e+00
4.462183346128915096e-01
3.012437135031802993e-01
1.000000000000000000e+00
9.527456824339580743e-02
-1.000000000000000000e+00
6.838558175675881756e-01
-1.000000000000000000e+00
-1.000000000000000000e+00
-1.000000000000000000e+00
1.000000000000000000e+00
3.188037186044117011e-01
-7.530794639467479623e-01
-1.000000000000000000e+00
7.264989268075927598e-02
6.397622674168984558e-01
-3.699760990944094274e-01
-9.373416872135205136e-01
1.000000000000000000e+00
9.779882983056356061e-01
-3.164494515927902540e-01
-5.953349823036750976e-01
-3.232398193511432094e-01
2.203958232345814838e-01
-1.000000000000000000e+00
-1.000000000000000000e+00
-7.919502473915783769e-01
-8.105549291321791916e-01
-7.878165055006833839e-01
1.000000000000000000e+00
-9.106981891656199535e-01
-4.693855702180687040e-01
7.712648562048775025e-01
-8.276375749645823454e-01
1.000000000000000000e+00
-1.000000000000000000e+00
1.135894283177929509e-01
6.363836671780268572e-01
5.922560291488827566e-01
-8.670587277880216215e-01
1.000000000000000000e+00
-5.627110261833340177e-01
1.000000000000000000e+00
-1.000000000000000000e+00
1.000000000000000000e+00
1.000000000000000000e+00
1.000000000000000000e+00
8.605164072490570915e-01
-5.752563877747538523e-01
-2.342814967073009180e-02
2.389705283678844883e-01
1.000000000000000000e+00
5.850225249771289215e-01
-1.000000000000000000e+00
1.000000000000000000e+00
-5.740553723885820636e-01
6.939884142108755372e-01
-5.329516551103837818e-01
-1.000000000000000000e+00
1.000000000000000000e+00
-5.972005874467788411e-01
3.755969157170471751e-01
4.282338110516264451e-01
1.420190377387490765e-01
4.262858900111734517e-01
7.833911572041363236e-01
1.000000000000000000e+00
3.405360201671185916e-01
1.000000000000000000e+00
-1.000000000000000000e+00
-4.091158834548317969e-01
-1.000000000000000000e+00
-1.261920462444612312e-01
-1.000000000000000000e+00
1.000000000000000000e+00
4.929112320817365944e-01
1.000000000000000000e+00
7.477241767556688234e-01
-2.945653140814223914e-01
-1.000000000000000000e+00
-1.000000000000000000e+00
1.000000000000000000e+00
-1.000000000000000000e+00
4.670166878639571140e-01
-5.084985144549929448e-01
-1.000000000000000000e+00
9.258772243904611621e-02
2.544772322776719387e-01
1.055050492800354150e-01
1.282696600691459743e-01
1.000000000000000000e+00
-1.000000000000000000e+00
5.337923509032735936e-01
-1.000000000000000000e+00
-1.000000000000000000e+00
1.000000000000000000e+00
-1.000000000000000000e+00
4.929017505571240410e-01
4.509727361625938125e-01
-5.839738469503467089e-01
-1.000000000000000000e+00
-1.000000000000000000e+00
1.000000000000000000e+00
-4.405905036938813080e-01
-1.403257464193324866e-01
6.790467436790245115e-01
-3.851948947887402497e-01
-1.000000000000000000e+00
-9.188909119319006447e-01
-7.354076872763588568e-01
-2.549989351353763034e-01
-9.864053739301987811e-01
-2.931054004237295674e-01
-1.000000000000000000e+00
-8.723453609324026692e-01
3.571350568370801337e-01
-6.957582992779823838e-01
8.881852903408471445e-01
8.717157080360034282e-03
-1.000000000000000000e+00
2.591483307949064008e-01
1.000000000000000000e+00
1.000000000000000000e+00
-2.893332672428017283e-02
1.000000000000000000e+00
6.637323856752674889e-01
-1.000000000000000000e+00
5.376570141377237100e-01
-5.453237765602174658e-01
1.000000000000000000e+00
-5.283211896611177405e-01
-5.560214288248203074e-01
1.000000000000000000e+00
-5.461241628507482737e-01
-1.000000000000000000e+00
-1.000000000000000000e+00
2.788750756468327818e-01
-8.295431253445092468e-01
-1.000000000000000000e+00
-8.706074059538826404e-02
5.509842641515809714e-01
6.451318636813821450e-02
4.152276970368168341e-01
-1.205650848202399761e-01
-4.726993174774147821e-01
-2.241053273063419171e-01
-4.821515685521903238e-01
6.015583372352819591e-01
9.137921033732138154e-01
-1.000000000000000000e+00
1.613986216380352001e-01
1.000000000000000000e+00
-4.240486567549557329e-01
-1.286638978223673124e-01
-2.083048566399036683e-01
-1.000000000000000000e+00
-4.623261384066894575e-01
1.000000000000000000e+00
2.938660110067686793e-02
7.355907633377075650e-01
7.748466380765758332e-01
1.000000000000000000e+00
1.000000000000000000e+00
5.675737015123594187e-02
7.863510898223011747e-01
1.000000000000000000e+00
-1.000000000000000000e+00
-4.886111565469337670e-01
-5.202307302796351784e-01
3.532819543763208170e-01
-6.076962770896785493e-01
-1.000000000000000000e+00
9.613435810436662399e-01
7.118920691747336882e-01
-1.000000000000000000e+00
1.000000000000000000e+00
-6.666222599996518561e-01
-4.084998263992133394e-01
-9.506470203992327672e-01
-1.000000000000000000e+00
2.333558723096986753e-01
5.488322787599422270e-01
1.000000000000000000e+00
7.340201352911150945e-01
-6.705348209578514407e-01
-4.613110495316253834e-01
2.858512614565161813e-01
-1.000000000000000000e+00
8.269700397086877652e-01
-3.156074889727724653e-01
-3.502388032197818468e-01
-2.846223478654810179e-01
-6.456663190847420353e-01
7.326943792387048404e-01
-1.000000000000000000e+00
8.270494371664574018e-01
-6.353975695934955814e-01
-9.897787454872286617e-01
-7.307969293335723204e-01
-7.997887517025084048e-01
1.000000000000000000e+00
-1.000000000000000000e+00
-4.468686607103072861e-01
8.817228183542320519e-01
-1.000000000000000000e+00
1.000000000000000000e+00
-4.631408258281349832e-01
1.000000000000000000e+00
1.000000000000000000e+00
-2.359784496787613317e-01
1.000000000000000000e+00
-1.000000000000000000e+00
-1.000000000000000000e+00
6.180139596107838695e-01
-8.347232729075479973e-01
9.202819292833770426e-01
8.830657796086317096e-03
-4.941348095577521304e-01
-1.000000000000000000e+00
-1.000000000000000000e+00
-1.000000000000000000e+00
3.186453085517436112e-01
9.000891084264264208e-01
7.786221642473467597e-01
-6.317966462713394682e-01
-7.760847470166835071e-01
6.558107556065944088e-01
1.000000000000000000e+00
-8.493483541488401345e-01
7.304278690142358421e-01
-8.430268250950835318e-01
1.000000000000000000e+00
1.000000000000000000e+00
4.835921408186713011e-01
-7.318761022295480201e-01
-1.000000000000000000e+00
1.000000000000000000e+00
-8.553682782007092644e-01
1.601985634409701376e-02
-2.585066133303022262e-01
-1.000000000000000000e+00
-6.277246408735576155e-01
-5.475237392948751891e-01
-1.000000000000000000e+00
-1.000000000000000000e+00
2.867015457988021931e-01
-2.904785224657080445e-01
3.448314677492135827e-01
-1.086124451911083533e-01
8.791211458869803153e-01
3.505731798712491409e-01
5.734712018887999641e-01
1.000000000000000000e+00
-1.000000000000000000e+00
1.000000000000000000e+00
-1.000000000000000000e+00
-8.961880104031194616e-01
-2.174689560270606781e-01
-3.602319169028991297e-01
-2.116103220519144346e-02
-1.000000000000000000e+00
1.983380082361454744e-01
-1.000000000000000000e+00
5.163270061907438979e-01
3.100405661529737761e-03
-1.000000000000000000e+00
-6.274948900722123746e-01
1.000000000000000000e+00
1.113759273597318411e-01
-1.000000000000000000e+00
-4.980499311995374434e-01
-1.000000000000000000e+00
-9.839236229112207077e-01
1.000000000000000000e+00
1.000000000000000000e+00
-1.000000000000000000e+00
-5.528377457822014618e-01
5.837045830804551971e-02
1.000000000000000000e+00
-1.927375399030273329e-02
-4.590452461996302747e-01
-8.010689671347186458e-01
2.761145761757460848e-02
-7.537275494549400268e-01
-1.000000000000000000e+00
3.545301331884144203e-01
-9.291032174617750439e-01
-1.000000000000000000e+00
-1.000000000000000000e+00
-6.750652345825951528e-01
8.659458708903504665e-01
-1.000000000000000000e+00
1.000000000000000000e+00
1.000000000000000000e+00
1.000000000000000000e+00
6.517607805262288778e-01
1.186603085118408119e-01
1.089299271851094097e-01
-2.677373807731852073e-01
-7.989722874051774504e-01
7.138084335545202830e-02
4.701270487463669601e-01
9.449144513331775297e-01
-3.111733689128508007e-01
7.550777491287580245e-01
1.000000000000000000e+00
-1.000000000000000000e+00
3.403332751470182216e-01
6.040222748664327013e-02
-1.000000000000000000e+00
3.217561286542716670e-02
1.000000000000000000e+00
-4.167631124558118794e-02
-6.561861776617758935e-01
-2.643537299876115299e-01
1.000000000000000000e+00
-1.000000000000000000e+00
-2.696902599460782035e-02
1.000000000000000000e+00
5.006576534769946463e-01
4.674459279567913517e-01
6.576036185681162216e-01
-7.141021789007799825e-01
4.948949418038605108e-01
-4.726226107701405610e-01
1.000000000000000000e+00
-1.478661804200154528e-01
-1.000000000000000000e+00
-4.380428066535917986e-01
4.064747211435418284e-01
5.837995735267123010e-01
1.000000000000000000e+00
5.110274174730420338e-01
-1.647190602293509554e-01
-1.288867223394498107e-01
-1.000000000000000000e+00
9.892438747875913485e-01
-5.591911073823772060e-01
-1.000000000000000000e+00
-5.753641816066092929e-01
9.314383130968107993e-01
-9.822222008857719455e-01
-1.000000000000000000e+00
5.372219965811329129e-02
-1.000000000000000000e+00
5.057180718452847223e-01
6.669099222329148979e-01
9.730626326566874096e-02
9.006190975624425721e-02
-2.918760359084492939e-01
9.910637302537821380e-01
1.000000000000000000e+00
-8.867198636933166789e-01
-1.000000000000000000e+00
6.799581137234046446e-01
-1.000000000000000000e+00
1.000000000000000000e+00
5.612821312411282737e-02
-1.000000000000000000e+00
4.726755821261113821e-02
1.000000000000000000e+00
1.000000000000000000e+00
-1.000000000000000000e+00
-1.000000000000000000e+00
2.701166220295463938e-01
6.672279852908820086e-01
5.446096148419645733e-01
1.000000000000000000e+00
-4.147865124803044590e-01
-8.283408606384521367e-01
9.305999580043264885e-01
-1.000000000000000000e+00
-1.000000000000000000e+00
2.801701574122583693e-01
-1.000000000000000000e+00
5.666672811484093630e-01
-3.560804602848488543e-01
-3.349327481130262019e-01
-6.158116579078551922e-01
8.559467419434341195e-02
-5.442662273638576576e-01
-4.951302144181510267e-01
-4.986087276195649842e-03
-1.000000000000000000e+00
6.917358413663883265e-01
-1.000000000000000000e+00
-1.000000000000000000e+00
1.392847000009126979e-01
-5.456215198349001483e-01
1.000000000000000000e+00
6.237696656477055290e-01
-3.818220798595898247e-01
1.000000000000000000e+00
6.823683779619613698e-01
-5.321770631587839917e-01
3.459670376356979160e-01
-1.000000000000000000e+00
-1.000000000000000000e+00
1.000000000000000000e+00
-1.000000000000000000e+00
-7.929750411661961040e-01
8.493432352239815852e-02
-5.672152633683552603e-01
8.382371332782274642e-01
-1.000000000000000000e+00
-1.000000000000000000e+00
1.000000000000000000e+00
-1.000000000000000000e+00
-8.975771073624343455e-01
-1.000000000000000000e+00
1.000000000000000000e+00
-4.244925603799717395e-01
3.856202622764520749e-01
1.000000000000000000e+00
7.138796628299115543e-01
-2.764063897886606669e-01
1.029919385911916008e-01
1.000000000000000000e+00
1.000000000000000000e+00
6.939918862385145992e-01
8.445845802497167210e-01
-2.984964186139077991e-01
1.000000000000000000e+00
1.886180245869060190e-01
1.995145074744663072e-01
-1.000000000000000000e+00
1.000000000000000000e+00
1.000000000000000000e+00
-1.000000000000000000e+00
-6.838141346415096966e-02
1.000000000000000000e+00
1.832560817298380107e-01
-1.000000000000000000e+00
4.501543180529939403e-01
9.724595305837266945e-01
1.000000000000000000e+00
1.000000000000000000e+00
2.272324358821446455e-01
1.000000000000000000e+00
-3.873048586684337269e-01
-1.574876686984166829e-02
-1.000000000000000000e+00
4.657411807135788395e-01
1.000000000000000000e+00
2.839783004242573128e-01
-1.000000000000000000e+00
-1.000000000000000000e+00
-1.000000000000000000e+00
3.882832315986974869e-01
-7.730791777023242606e-01
-2.005910522863926237e-01
7.387967461615638221e-02
3.780319801103672051e-01
-5.701095801557622966e-01
7.078883797061055194e-01
2.479297289810055427e-01
1.756229378393980856e-03
-5.174761630138966506e-01
-1.000000000000000000e+00
-2.482010349913656433e-01
7.951831222235121732e-01
4.514886375174408384e-01
1.000000000000000000e+00
8.992246066334113053e-01
-3.859988321746874451e-01
-1.000000000000000000e+00
-1.000000000000000000e+00
6.457756649331571897e-01
7.126542736351337837e-01
-1.000000000000000000e+00
-1.000000000000000000e+00
1.000000000000000000e+00
1.000000000000000000e+00
1.000000000000000000e+00
-1.000000000000000000e+00
-8.670082269093827287e-01
4.544389758522819900e-01
5.333907618040150123e-01
-3.119655707435067815e-01
-7.690938694242481777e-01
8.795926110461491643e-01
1.000000000000000000e+00
1.000000000000000000e+00
-1.000000000000000000e+00
2.689756891221753987e-01
-7.775270586442394327e-01
8.253176811056978091e-01
-1.000000000000000000e+00
-1.000000000000000000e+00
-2.409636383674165772e-01
-1.000000000000000000e+00
-9.475802595316068500e-02
1.699333078314809731e-01
6.331848630367719055e-01
8.592813481504791850e-01
1.000000000000000000e+00
2.289303826249209639e-01
-4.311788330974165584e-01
1.000000000000000000e+00
-5.427231007414585751e-01
1.000000000000000000e+00
3.456928862620278209e-01
1.568081241288436789e-01
6.355291442067323437e-01
1.000000000000000000e+00
-1.000000000000000000e+00
-8.242815585858137561e-01
6.667308119856772963e-01
3.531890418673769849e-01
-1.558192358494716878e-01
-6.381840720714517801e-01
-6.198208919593795052e-02
1.000000000000000000e+00
8.969200871953471044e-01
8.791502416911733953e-01
-7.450122106208625361e-01
-1.000000000000000000e+00
-1.389597854341235172e-01
4.605958592804409446e-01
-1.048768200917976068e-01
5.687237582883708509e-01
-5.032160686426901952e-01
-4.271281418675869079e-01
5.529906093806621348e-01
-1.000000000000000000e+00
-1.000000000000000000e+00
-1.000000000000000000e+00
-2.229181653861285473e-01
-7.438770581971022589e-01
4.270676170727713550e-02
-1.000000000000000000e+00
-1.000000000000000000e+00
1.000000000000000000e+00
-8.340468579969623208e-01
1.000000000000000000e+00
4.801273528377863475e-01
2.370931071591046158e-01
-1.000000000000000000e+00
-1.000000000000000000e+00
-7.668091736175102202e-01
1.000000000000000000e+00
-9.341710158721566737e-02
1.000000000000000000e+00
-3.627370507985285819e-01
-1.000000000000000000e+00
8.346279507686840127e-01
5.283429045479550723e-01
1.676350645736260914e-01
1.321403238687337278e-01
-5.863826075225222478e-01
-1.000000000000000000e+00
-5.687712762905742236e-01
1.509344593215848906e-01
6.659169402650116920e-01
-1.600323699954697421e-01
9.043441774440211800e-01
7.195971173580795188e-02
6.178254349865417439e-01
-4.409705105510385303e-01
4.299213407366982986e-01
1.000000000000000000e+00
-4.872237200657937306e-01
-1.000000000000000000e+00
-1.000000000000000000e+00
5.702671092822513277e-01
-4.576190848257881694e-01
9.195475566990995997e-01
2.320198315517995324e-01
1.000000000000000000e+00
-1.000000000000000000e+00
4.022590280537782781e-01
-7.828386774085962507e-01
5.411001899244947122e-01
-1.661277568618118594e-01
-1.000000000000000000e+00
-1.868399570876472238e-02
1.000000000000000000e+00
-5.062126335757644036e-02
1.000000000000000000e+00
-1.000000000000000000e+00
-2.396562504941017191e-01
-9.058891758407496830e-01
-3.837023002345572031e-01
-1.000000000000000000e+00
-6.674779506470482904e-01
1.000000000000000000e+00
-1.485381651804830450e-02
-3.895184509471183998e-01
-2.252129964182209010e-02
1.463663299512082405e-01
1.000000000000000000e+00
-2.016194189891469257e-01
-1.000000000000000000e+00
4.540271157005413283e-01
2.240245266916290889e-01
-1.000000000000000000e+00
5.593200536952102064e-01
4.341690140754058680e-01
3.509849050108058699e-01
6.113349697870700261e-01
1.000000000000000000e+00
7.022888004643766946e-01
3.353568157345871992e-01
1.000000000000000000e+00
8.025102799517439545e-01
5.514697797904678511e-01
1.000000000000000000e+00
-6.068477725135571488e-01
-1.000000000000000000e+00
-6.311420566018023370e-01
-1.000000000000000000e+00
6.917473059106179489e-01
-4.338694926789176121e-01
1.000000000000000000e+00
-4.987837402420092214e-01
2.637631607035325065e-01
-2.800977711501465017e-01
4.527656021917155771e-01
1.000000000000000000e+00
2.670107203793577466e-01
-1.000000000000000000e+00
-1.000000000000000000e+00
-7.269227654789096604e-01
1.000000000000000000e+00
5.267720552966064229e-01
8.399712521288353884e-01
1.000000000000000000e+00
-8.169011025749432775e-02
-6.769818345129684500e-01
1.047279682226717329e-01
-7.366399501723506216e-01
-1.000000000000000000e+00
-1.000000000000000000e+00
-8.271021667154960788e-01
-1.000000000000000000e+00
-3.771098220312945060e-01
-9.837728202222038032e-01
4.619879485836969613e-01
-1.000000000000000000e+00
7.781243114033086217e-01
2.609507152276443476e-01
-1.025451825624310587e-01
-7.407953169193293164e-01
1.000000000000000000e+00
1.000000000000000000e+00
-2.318008960107032501e-01
-1.383130349427890149e-01
-1.000000000000000000e+00
-8.162631271405005329e-01
-3.445763373265166019e-01
-5.895287799425172892e-01
-8.817178585401788116e-01
-1.000000000000000000e+00
-1.000000000000000000e+00
-4.331332274041681529e-01
-7.317146338084202783e-01
1.000000000000000000e+00
-1.857357804974543725e-01
-1.000000000000000000e+00
-9.522934466906689543e-01
-1.000000000000000000e+00
-9.795590904307114322e-01
-9.406334128081987878e-01
2.004158308274772704e-01
1.000000000000000000e+00
5.140082996345899380e-01
-9.450085652779111056e-01
1.000000000000000000e+00
-1.000000000000000000e+00
9.165462308387881674e-01
8.541480900550806332e-01
5.790129091580253906e-01
-6.098879915306041483e-02
1.000000000000000000e+00
-8.773799482781300396e-01
-1.000000000000000000e+00
-1.000000000000000000e+00
1.000000000000000000e+00
1.000000000000000000e+00
-5.612607577247719082e-01
-5.681710685475156453e-01
2.812939731983954417e-01
1.000000000000000000e+00
4.843956134942835057e-01
-2.383832122606435733e-01
-5.919194113951440350e-01
-1.454816028389759319e-01
6.934151518471672881e-01
1.722740593267696463e-01
-1.000000000000000000e+00
7.802716165146544869e-01
-4.204843814444002570e-01
-1.331872773548889999e-01
-1.000000000000000000e+00
2.227163746684196477e-01
-1.000000000000000000e+00
-1.000000000000000000e+00
-7.821242064366945579e-01
1.000000000000000000e+00
-6.686090566712321603e-02
1.000000000000000000e+00
7.782289467062035726e-01
3.645821566783990497e-01
5.491015408907375939e-01
1.000000000000000000e+00
-8.722690860081634412e-01
-1.000000000000000000e+00
-1.443756614846206932e-01
-7.285109796815729677e-01
1.000000000000000000e+00
4.660452614387071701e-01
-1.000000000000000000e+00
8.103189004275779261e-02
-9.380278022915483627e-01
-8.631799207191093171e-01
-5.479007504659368921e-01
-1.000000000000000000e+00
-1.000000000000000000e+00
-9.522903941498341851e-01
-8.726154268561626681e-01
-2.294253909885502485e-01
-2.248780699771356639e-01
6.300644105389112681e-01
-1.000000000000000000e+00
1.000000000000000000e+00
1.000000000000000000e+00
-9.284388915005194198e-02
-1.000000000000000000e+00
-1.141198005654686098e-01
1.000000000000000000e+00
4.824396862113939921e-01
1.000000000000000000e+00
2.610377489788456851e-01
-1.000000000000000000e+00
-5.595839353382949799e-01
-1.000000000000000000e+00
6.864987570466711819e-01
-1.403996460559852055e-01
-1.000000000000000000e+00
-7.727998045887228828e-01
-9.182541602571896444e-01
1.000000000000000000e+00
1.000000000000000000e+00
-1.000000000000000000e+00
1.000000000000000000e+00
-1.000000000000000000e+00
-8.850880450235906194e-01
3.459319489650042323e-01
-1.000000000000000000e+00
-1.000000000000000000e+00
6.491621980364896682e-01
-9.085519451548310643e-01
-6.829667764288898102e-01
-7.859343151668347627e-01
-5.872358750700525931e-01
3.672818864782059767e-01
-1.000000000000000000e+00
-1.822504431943341996e-01
1.000000000000000000e+00
1.000000000000000000e+00
6.644376188434699682e-01
9.596730909846331592e-01
1.000000000000000000e+00
1.000000000000000000e+00
-1.000000000000000000e+00
-1.000000000000000000e+00
-1.000000000000000000e+00
1.000000000000000000e+00
1.000000000000000000e+00
-6.114142160422615380e-01
7.050321905792968913e-01
-1.000000000000000000e+00
-7.827242500114961476e-01
-1.000000000000000000e+00
-1.000000000000000000e+00
-1.000000000000000000e+00
8.640327378303616079e-01
1.084534096158676353e-02
5.071371443980469129e-01
-8.328341900017501853e-01
-3.322475555837481886e-01
-1.000000000000000000e+00
2.190150380732634461e-01
1.000000000000000000e+00
1.000000000000000000e+00
5.730369230963685556e-01
-3.615560223892561043e-01
-1.000000000000000000e+00
-2.386669858462527882e-01
-6.941553639825320809e-01
1.000000000000000000e+00
4.574378844396591592e-01
6.331741650177719061e-01
-1.000000000000000000e+00
-5.146752215116308093e-01
1.000000000000000000e+00
1.000000000000000000e+00
4.039491235790975132e-01
-9.799219599083660581e-01
-1.000000000000000000e+00
9.770318331708089943e-01
-7.904748758990737256e-01
-2.205483472141188117e-01
-1.000000000000000000e+00
-5.565239223960869452e-01
1.000000000000000000e+00
1.000000000000000000e+00
4.385659598706901918e-01
-8.184400193826616432e-01
-1.000000000000000000e+00
1.065278433224134957e-01
-1.000000000000000000e+00
-4.310836916408580244e-01
-8.861490985808365695e-01
1.000000000000000000e+00
1.677072029042055989e-01
4.401888503453409984e-01
7.262947309546435859e-01
1.000000000000000000e+00
7.569821085661723181e-01
-1.000000000000000000e+00
7.465787342987953989e-01
1.000000000000000000e+00
1.000000000000000000e+00
-7.324358652121939484e-01
1.000000000000000000e+00
1.341832572558376846e-03
-7.991570939646609473e-01
4.130181524559263240e-01
-9.904220293731689218e-01
-3.633364069032876120e-01
-7.519194080193738472e-01
-6.052642201807170164e-01
2.830431508623996728e-01
-1.000000000000000000e+00
-1.000000000000000000e+00
-4.630340548070823736e-01
2.716636958944367297e-01
-9.397764367969593247e-01
4.869785173500261743e-01
1.410566914471181321e-01
1.000000000000000000e+00
-1.000000000000000000e+00
7.684428642591067948e-02
1.000000000000000000e+00
-5.566327101173405012e-01
-2.721878863779664814e-01
-3.648612146818845381e-01
8.418321991075367050e-03
1.000000000000000000e+00
5.161169482417711230e-01
1.000000000000000000e+00
2.075627212816045231e-01
1.870758473449080639e-01
1.973786860819083111e-01
-4.987586696740441972e-01
1.000000000000000000e+00
-1.031576658680750658e-01
1.000000000000000000e+00
-5.724678576812135544e-01
-1.000000000000000000e+00
-3.959478802764185845e-01
1.000000000000000000e+00
1.000000000000000000e+00
5.228810486374033673e-01
-1.000000000000000000e+00
4.693848853018299794e-01
3.686462105379241239e-01
-1.711085222947847928e-01
1.000000000000000000e+00
2.630565447507163812e-01
-1.000000000000000000e+00
3.560195071546525813e-01
-1.000000000000000000e+00
6.771920039424061954e-02
2.679261912722106231e-01
-6.817049259007288420e-01
1.000000000000000000e+00
6.188414792656063979e-01
8.165815671555691768e-01
1.463722571621239310e-01
3.526036133263163452e-01
-2.555123195982631490e-01
-5.891302222567913471e-01
-6.169518283242426265e-02
-1.000000000000000000e+00
4.803927910729255402e-03
1.000000000000000000e+00
2.188471922912748058e-01
-7.561560360885855037e-01
6.774431849420882168e-01
2.977825655754235967e-01
1.000000000000000000e+00
-1.000000000000000000e+00
-1.000000000000000000e+00
2.328823971345111432e-01
-7.498780604582699905e-01
-1.000000000000000000e+00
1.000000000000000000e+00
1.000000000000000000e+00
-2.033015535117675965e-01
-1.000000000000000000e+00
3.332397741292721371e-01
-3.138774008237783519e-01
9.453696944943940084e-02
-4.796209355399514429e-01
-1.000000000000000000e+00
7.397102884384610944e-01
-1.000000000000000000e+00
1.000000000000000000e+00
8.314464105164628416e-01
7.708127748963964354e-01
4.196338254266220869e-01
-3.147336934312365830e-01
-1.000000000000000000e+00
1.000000000000000000e+00
1.000000000000000000e+00
-1.000000000000000000e+00
1.906335966030046070e-01
7.236507102880624931e-01
-5.992739957028954123e-01
8.605882289874996482e-01
-4.661491465820917224e-01
-7.845229188050805158e-01
7.246463950020172184e-01
-4.443233823083434508e-01
-1.000000000000000000e+00
2.617651698452946873e-01
-1.000000000000000000e+00
-1.995623853212280530e-01
8.080179202859412158e-01
-1.000000000000000000e+00
1.044818727728948904e-01
7.231123529609939649e-01
1.000000000000000000e+00
-1.000000000000000000e+00
-1.000000000000000000e+00
1.000000000000000000e+00
-1.000000000000000000e+00
1.000000000000000000e+00
1.000000000000000000e+00
-3.092433881864158907e-01
2.034715446421905272e-01
-3.774879563281674510e-01
6.100038015679652981e-01
-1.000000000000000000e+00
-7.750030414084898567e-01
2.400558409753921763e-01
-8.059175827957398841e-03
1.000000000000000000e+00
-5.157255143175719647e-01
-1.000000000000000000e+00
-1.000000000000000000e+00
-7.218542464922919066e-01
5.752761149169700605e-01
3.363090614538796763e-01
-5.389713471946281365e-01
-8.979061495766805789e-01
1.000000000000000000e+00
1.190104166362669635e-01
8.995117615176075887e-01
-3.540369971060775001e-01
1.000000000000000000e+00
7.122697139755684859e-02
1.000000000000000000e+00
-2.676122516455842204e-01
-1.000000000000000000e+00
-9.617626197769391094e-01
-6.038835019316020070e-01
2.149220392709353389e-01
-1.000000000000000000e+00
-1.392312042434596941e-01
-8.153813222130796845e-01
-4.373705729589035252e-01
1.000000000000000000e+00
5.528411418924260579e-01
2.226132655714596620e-01
4.799167046846485318e-01
-1.538318904640153251e-01
1.000000000000000000e+00
1.000000000000000000e+00
-7.877445346139410054e-01
-1.000000000000000000e+00
1.000000000000000000e+00
2.154130847236701563e-01
-8.815844587276939759e-01
-1.198864461855677355e-01
5.714145450964184247e-01
4.916345025505766686e-01
4.249300930180375246e-01
2.935265877007666724e-01
6.319690458110285292e-01
6.669987916471469269e-01
1.000000000000000000e+00
8.444690428036534247e-01
-8.812827851363866927e-01
2.929571823537178710e-01
-3.382870248209245423e-01
-1.000000000000000000e+00
-1.000000000000000000e+00
7.378270089260465792e-01
-4.613745462827230082e-01
1.000000000000000000e+00
-5.280155705051648996e-01
1.000000000000000000e+00
-1.088826170162208173e-01
1.000000000000000000e+00
-6.793949786011634906e-01
-3.838004410124486454e-01
6.169969720499385302e-01
5.285163370464238675e-01
1.000000000000000000e+00
-6.270165344621422276e-01
9.804997413401848050e-01
-1.000000000000000000e+00
-8.882925215318721035e-01
4.770013776371480607e-01
1.000000000000000000e+00
-1.837116714644392301e-01
9.525750763486851014e-01
-6.316408745003003755e-01
5.414509886159233343e-01
2.326589690631730711e-01
-2.444015242264749310e-01
-5.396264738737908129e-01
1.234897442967058945e-01
-9.176052176121982096e-02
-2.851987539973415142e-01
-1.960748619483683175e-01
1.000000000000000000e+00
-1.000000000000000000e+00
-1.000000000000000000e+00
-1.000000000000000000e+00
-1.000000000000000000e+00
9.305083382952246129e-01
-2.332314632855871789e-02
-1.000000000000000000e+00
8.378377591526140478e-01
5.674513730424635138e-01
-1.000000000000000000e+00
-1.000000000000000000e+00
-1.000000000000000000e+00
-4.524042521617405166e-01
-1.000000000000000000e+00
7.318978445529393806e-01
-4.096488879628346069e-02
1.000000000000000000e+00
6.463557978950199567e-01
-1.000000000000000000e+00
-4.090810866459450024e-01
-3.770118563481525964e-01
-7.890097234376298729e-01
3.609622067784773458e-01
-5.604309481569567097e-01
-1.000000000000000000e+00
-6.900022501591951407e-02
4.445363037479961310e-01
1.000000000000000000e+00
-8.325873425063382571e-01
1.000000000000000000e+00
-6.093014946221267936e-01
5.790893340296963121e-01
2.711012686651407266e-01
-1.000000000000000000e+00
1.000000000000000000e+00
7.380467984435916673e-01
2.378271940893289527e-02
1.828616590062461800e-01
-2.231981348097122550e-02
9.892416353830886244e-01
-1.000000000000000000e+00
-1.000000000000000000e+00
9.095178404006674100e-01
7.972339876712054574e-01
9.260993286016387938e-01
5.117234508474668431e-01
-7.189272731147715589e-01
1.000000000000000000e+00
1.472252511871349479e-01
-1.000000000000000000e+00
-1.000000000000000000e+00
-7.567055840385124021e-01
1.000000000000000000e+00
-1.841093867110472626e-01
1.000000000000000000e+00
8.572653860722274644e-01
2.489382738505453441e-01
-1.000000000000000000e+00
-4.682132907398930399e-01
-9.781563080128521381e-01
-8.619302052731853125e-01
-9.645967332196291322e-01
-1.000000000000000000e+00
1.000000000000000000e+00
-1.000000000000000000e+00
2.544660083432827569e-01
-6.715526961928907079e-01
1.573143853403536907e-01
-1.638088231554035712e-02
7.874381580989847640e-01
8.135690268088864308e-01
-1.000000000000000000e+00
-1.000000000000000000e+00
-1.000000000000000000e+00
1.948139446232945993e-01
-4.255369205625473272e-01
1.000000000000000000e+00
-1.000000000000000000e+00
3.816241146605865442e-01
1.000000000000000000e+00
-1.000000000000000000e+00
9.459061496681608894e-01
5.338673564411287042e-01
2.876865146473928103e-02
9.474479507667535882e-01
-1.943423143542382381e-01
1.333888664355004916e-01
9.930776891936197170e-01
7.043226835491880333e-01
-7.083516121340578398e-01
-2.962753740047971429e-01
7.429631430537483316e-01
1.000000000000000000e+00
-1.000000000000000000e+00
-4.552868233485045102e-01
-6.482830119215325926e-01
-8.386619498712817311e-01
9.333194725220350652e-01
1.000000000000000000e+00
-2.067351488845551588e-01
-1.072775186551775534e-01
1.000000000000000000e+00
1.794608692084134205e-01
6.109480816187186081e-01
-1.000000000000000000e+00
-1.000000000000000000e+00
-4.731438373346166237e-01
-1.151058051474183053e-01
8.943606994591110082e-01
-1.000000000000000000e+00
1.000000000000000000e+00
1.000000000000000000e+00
-5.417382874455486386e-01
-1.000000000000000000e+00
3.535752923541973791e-01
7.274612570492813290e-01
1.000000000000000000e+00
-1.000000000000000000e+00
2.054820950313417105e-01
6.151012608110939528e-01
1.000000000000000000e+00
4.822806971017931654e-01
1.000000000000000000e+00
-1.000000000000000000e+00
-9.343991087870282541e-01
-1.000000000000000000e+00
4.906678573855183245e-02
1.433775861998146661e-01
-8.512633847965014877e-02
-6.147577743599376143e-01
7.579075604096552343e-01
8.339535546288421308e-01
8.559005057250523851e-01
-1.000000000000000000e+00
1.000000000000000000e+00
1.000000000000000000e+00
-4.185469026758001920e-01
-5.257865983237342000e-01
-5.502685502413442453e-01
1.828789714334221328e-01
1.000000000000000000e+00
-3.227876585720423352e-01
3.976167526033670407e-01
-1.000000000000000000e+00
1.000000000000000000e+00
8.215894301121411392e-01
1.000000000000000000e+00
1.000000000000000000e+00
-3.088079545979298679e-01
7.054686732592481135e-01
-1.000000000000000000e+00
2.292690544487375470e-01
-1.001721627126403724e-01
-9.287047007964485124e-01
-1.000000000000000000e+00
-1.000000000000000000e+00
-8.270639150614361723e-02
2.594293470698492143e-01
-2.758012671907217883e-01
-9.491374494780129289e-01
1.000000000000000000e+00
-1.000000000000000000e+00
1.000000000000000000e+00
-9.318577845796964798e-01
4.898950457350753629e-01
1.000000000000000000e+00
6.196390382006612407e-01
4.638202063199814429e-02
-1.000000000000000000e+00
9.481988148461931720e-01
2.944623827733984234e-01
-1.503933308541733904e-01
-4.448056980174883157e-02
-1.000000000000000000e+00
-7.803548494613675723e-01
-6.170432040125501949e-01
1.000000000000000000e+00
3.701884612188965917e-01
-3.851091164490341168e-01
-9.004343132397013560e-01
1.000000000000000000e+00
-1.000000000000000000e+00
-1.000000000000000000e+00
-3.665625144688933190e-02
-1.000000000000000000e+00
4.302013599465930316e-01
-1.000000000000000000e+00
-4.713920148073276195e-01
-1.668622792116780940e-01
-1.000000000000000000e+00
-1.000000000000000000e+00
-9.932071877716969199e-01
-8.702106555548149158e-01
-9.761280045429075736e-02
1.000000000000000000e+00
1.767497249748476995e-01
3.005739596727503571e-01
6.986549853795758214e-01
-7.787856051669113100e-01
-1.000000000000000000e+00
1.000000000000000000e+00
-1.000000000000000000e+00
-8.074033267168877481e-01
-3.402356027062853894e-01
-5.931862257702835706e-02
8.921192714051708883e-01
-1.000000000000000000e+00
-3.149451352942922444e-02
-3.478392676420587470e-01
8.478994325595574644e-01
1.000000000000000000e+00
2.874726985794116008e-01
-5.216853187898182753e-01
-1.000000000000000000e+00
1.000000000000000000e+00
-1.000000000000000000e+00
5.262451680118931385e-01
1.000000000000000000e+00
1.325241682091656825e-01
-8.169781807648568428e-01
8.988925797918690952e-01
7.746830895616114709e-01
9.300955295905589670e-01
1.000000000000000000e+00
1.000000000000000000e+00
-7.066874353395502517e-01
-2.918294011448366865e-01
-4.187908965283315132e-01
-1.000000000000000000e+00
-6.863308983415270514e-01
1.000000000000000000e+00
-6.582890682274145089e-01
1.000000000000000000e+00
-1.480958996115097071e-01
9.157031298163784694e-01
-2.262695478256313009e-01
1.000000000000000000e+00
1.000000000000000000e+00
-2.878118727967407531e-02
-4.192982211308411422e-01
1.000000000000000000e+00
-1.000000000000000000e+00
-6.168336826176580301e-01
-2.233351645473460878e-01
7.368018181587200621e-02
-1.000000000000000000e+00
-1.000000000000000000e+00
3.435105635412324387e-01
-1.080067660165917598e-02
-4.760712552268361319e-01
-6.057788888837574159e-01
3.979405686260500952e-01
-1.000000000000000000e+00
-8.108908124642459914e-01
-8.978237121344166960e-01
1.000000000000000000e+00
1.000000000000000000e+00
5.672441389226290376e-01
1.000000000000000000e+00
-2.624689243594269805e-01
5.170203266310746670e-01
-7.721020662977212679e-02
7.104690352770247630e-01
-1.000000000000000000e+00
-1.000000000000000000e+00
1.000000000000000000e+00
3.899351407692736582e-01
2.856223821292389609e-01
1.000000000000000000e+00
1.299141505265792029e-01
-8.006333456141557781e-01
-7.524260040709634945e-03
7.360828666201101322e-01
-1.524916551703309198e-01
1.000000000000000000e+00
2.214380625204656339e-01
6.489327312931356673e-01
6.384447564865984859e-01
-2.990295009957230632e-01
-1.000000000000000000e+00
1.000000000000000000e+00
-3.709376805838346947e-01
-1.000000000000000000e+00
1.000000000000000000e+00
1.000000000000000000e+00
1.000000000000000000e+00
1.241325734670443159e-01
-1.968539974169662143e-01
-9.854871884570847174e-01
6.123711587725542138e-01
4.774971590032597302e-01
1.000000000000000000e+00
-4.247378798145242662e-01
1.000000000000000000e+00
-6.132936500319966511e-01
-1.502677159631097270e-01
1.000000000000000000e+00
1.338724658962197611e-01
4.972016400453664886e-01
1.000000000000000000e+00
-9.002915786638526763e-01
-1.000000000000000000e+00
-6.594764370384944563e-01
4.547515912584303432e-01
-1.000000000000000000e+00
8.156527010571335001e-01
1.000000000000000000e+00
-9.406157122913892943e-01
-3.422000742680164076e-01
-1.000000000000000000e+00
-1.086690129683987038e-02
-1.000000000000000000e+00
1.000000000000000000e+00
-1.000000000000000000e+00
1.000000000000000000e+00
1.000000000000000000e+00
-1.000000000000000000e+00
-1.000000000000000000e+00
1.000000000000000000e+00
-1.000000000000000000e+00
5.704081108518168630e-01
1.000000000000000000e+00
-1.000000000000000000e+00
-5.876259831500139086e-01
1.000000000000000000e+00
-1.000000000000000000e+00
-3.046652617170375610e-01
7.212284361130367749e-01
-4.572069608808169150e-01
-1.000000000000000000e+00
7.071775074340207468e-01
7.907332130931890024e-01
1.000000000000000000e+00
-1.000000000000000000e+00
1.000000000000000000e+00
1.000000000000000000e+00
2.958016026319547631e-01
-4.202186758851352844e-01
-1.955145869176527773e-02
-3.371980773742224158e-01
-3.604142034399956396e-01
6.329939389760762536e-01
1.000000000000000000e+00
-1.000000000000000000e+00
3.038047530264820217e-02
-1.553292348944107504e-01
-1.000000000000000000e+00
-1.000000000000000000e+00
1.000000000000000000e+00
2.964437773544270627e-03
-1.000000000000000000e+00
-1.000000000000000000e+00
-7.893797855602809888e-01
-4.885154237459424786e-01
1.000000000000000000e+00
-9.618705368810953615e-01
-2.938233187790333378e-01
1.000000000000000000e+00
-2.468896387664040459e-01
1.000000000000000000e+00
8.066238883408046734e-01
5.674977271341730134e-01
-2.539080264561318634e-01
5.244912416158813429e-01
8.088021938843381609e-02
-3.986219832585020661e-01
1.579917921808587644e-01
-1.000000000000000000e+00
1.000000000000000000e+00
7.179336524549888576e-01
1.000000000000000000e+00
6.881051898933148170e-01
-9.288790575790479842e-01
-1.893365758376897023e-02
4.354124599489790359e-01
9.228578111369373227e-01
-6.391784493642854725e-02
-8.320545437131519062e-01
-3.354494114479354971e-01
-8.032701155083759037e-01
-1.000000000000000000e+00
2.116534419526822086e-01
-1.000000000000000000e+00
-1.904938033703414690e-01
-1.414804052530282963e-02
4.150296654860223811e-01
7.951712680501020758e-01
9.767172541293622778e-01
7.412094648405865849e-01
6.874506127036500436e-02
-9.712694580631389130e-01
8.128676055175029225e-01
-1.000000000000000000e+00
-6.532015964595083712e-01
-1.000000000000000000e+00
-1.000000000000000000e+00
-1.000000000000000000e+00
1.000000000000000000e+00
-1.000000000000000000e+00
-5.248423129723766012e-01
1.767533808302512721e-01
1.000000000000000000e+00
5.098855705449543141e-01
8.768868640593114883e-01
-1.000000000000000000e+00
5.437846362073055495e-01
-9.976321373591010566e-01
5.317710090785279231e-01
4.376288017028073796e-01
1.000000000000000000e+00
-1.000000000000000000e+00
-1.000000000000000000e+00
-8.516517864970580831e-01
2.033281916773943543e-01
4.458574444836140294e-01
8.065542482035875649e-01
-6.995738098691828277e-01
-5.351594421610796765e-02
2.901609548877184253e-01
-6.381290053086839942e-01
9.166714246393732335e-01
-3.359766283040271917e-01
-1.000000000000000000e+00
-1.000000000000000000e+00
1.000000000000000000e+00
-4.310545014134781749e-01
-6.665518338298310752e-01
9.457432031933992178e-01
4.620725255004747289e-01
-1.000000000000000000e+00
1.000000000000000000e+00
-8.853631579278142816e-02
1.000000000000000000e+00
2.823383453130852705e-01
1.000000000000000000e+00
1.222578529292722982e-01
7.174755557723648813e-01
-1.000000000000000000e+00
-3.176009150624914401e-01
-1.000000000000000000e+00
-1.000000000000000000e+00
-4.000591604679477609e-01
-1.000000000000000000e+00
-9.565619352574559198e-01
-1.000000000000000000e+00
1.000000000000000000e+00
-6.647161445587687623e-02
6.207402492674234384e-01
1.000000000000000000e+00
5.350697584997192724e-01
-5.449401711812051907e-01
4.091398647187405313e-01
-8.609931638864735115e-01
9.758843466341062811e-01
8.180840613784468029e-01
9.619144541805733084e-01
3.017894973675899761e-01
-1.000000000000000000e+00
-8.085627446601243440e-01
-5.899456282956141995e-03
-6.923349466963304444e-01
4.064177802804141981e-01
-1.000000000000000000e+00
-1.000000000000000000e+00
1.000000000000000000e+00
8.246532133193015257e-01
-1.000000000000000000e+00
-7.841894654657449726e-01
-7.478360904826100164e-01
1.000000000000000000e+00
1.000000000000000000e+00
1.260413059649169165e-01
-6.576719915350413004e-01
-1.209171239266347286e-01
4.184531876172451481e-01
-2.922424813778858321e-01
5.116998470536585630e-01
7.730662011980546922e-01
-1.000000000000000000e+00
-3.936841224602173339e-01
1.000000000000000000e+00
-1.000000000000000000e+00
1.000000000000000000e+00
1.000000000000000000e+00
-1.000000000000000000e+00
-1.000000000000000000e+00
-4.370192679794661084e-01
1.548948217266531979e-01
2.853643235759341090e-01
1.563501717333933838e-01
1.000000000000000000e+00
2.608461777749221389e-01
6.358505151556077539e-01
1.713529087124856520e-01
-1.521367872689965706e-01
-1.000000000000000000e+00
1.000000000000000000e+00
5.061802264360981685e-01
-1.000000000000000000e+00
3.471851666133533576e-01
1.000000000000000000e+00
8.776944652335743058e-01
-4.844557168597659613e-01
-4.681806645982697912e-01
1.000000000000000000e+00
-1.000000000000000000e+00
3.500005573473429221e-01
6.193833108798747489e-01
1.000000000000000000e+00
-3.837001262528619838e-01
-3.078459444460031058e-01
5.524047688249716925e-01
-1.000000000000000000e+00
-6.272638339447909051e-01
-1.000000000000000000e+00
-1.000000000000000000e+00
-8.955516805791068347e-01
8.905203891686311879e-01
5.726861043825393072e-01
1.000000000000000000e+00
2.489239638526149490e-01
1.000000000000000000e+00
7.256828544874237563e-01
1.000000000000000000e+00
8.000334135097996180e-01
-8.076047998451340026e-01
1.000000000000000000e+00
-1.816393360371802157e-01
-1.000000000000000000e+00
1.000000000000000000e+00
1.000000000000000000e+00
1.075299931553957977e-01
5.682102053978292933e-01
-2.500127480478229192e-01
1.000000000000000000e+00
2.897107240762631375e-01
8.689744811366920119e-02
1.000000000000000000e+00
-6.035146849283180570e-01
-1.000000000000000000e+00
-3.437348767792973159e-01
-1.011426227447077553e-01
-1.000000000000000000e+00
1.292538325764418516e-01
1.000000000000000000e+00
1.000000000000000000e+00
3.430233042211096595e-01
2.954700596936198354e-01
-1.000000000000000000e+00
1.000000000000000000e+00
-1.000000000000000000e+00
1.000000000000000000e+00
-1.704581596249467590e-01
8.747443267986114712e-01
-3.889885301808996831e-01
-2.885678874493310953e-01
-9.273198668253457289e-02
-5.351460336382903860e-01
-1.000000000000000000e+00
5.498156274080320260e-01
1.303539427152726748e-01
2.572203806984776908e-01
-9.469168126332569990e-01
-5.552094003868014715e-02
7.456516599366813658e-02
5.949890444861961614e-01
-1.000000000000000000e+00
-1.627322411243181388e-01
1.000000000000000000e+00
1.552334258010866774e-01
-1.701690071665443518e-02
-8.456735253018690113e-01
3.902093128559120938e-01
1.000000000000000000e+00
1.000000000000000000e+00
-5.816021674369914463e-01
3.247481045848242265e-01
1.000000000000000000e+00
3.235357368440363590e-01
2.996077907641936933e-01
9.099155210188270004e-01
2.274714647094052411e-01
1.000000000000000000e+00
-3.584600113141864774e-01
1.740267474068371290e-01
-9.330995291047360363e-01
-2.580162952090797601e-01
-1.000000000000000000e+00
-5.344324013267237605e-02
-2.594580963454458655e-01
9.835748672666968506e-01
-9.399841296880451225e-02
-1.000000000000000000e+00
-1.000000000000000000e+00
9.298361756559858637e-01
-5.091259772841457698e-01
-8.051068456929607597e-01
1.000000000000000000e+00
1.737216633148060962e-01
2.357117558449653427e-01
2.158958290756320952e-01
-3.467802609516232870e-01
-1.000000000000000000e+00
-1.000000000000000000e+00
2.364122600869268676e-01
-1.000000000000000000e+00
-4.630818833631836773e-01
-8.270030089571434040e-01
1.000000000000000000e+00
1.000000000000000000e+00
-9.029495403180204383e-01
-3.624980226095027014e-01
1.393159048504154229e-01
-1.000000000000000000e+00
8.140401592900767813e-01
-3.275182227909370081e-01
7.975751724936334108e-01
-8.223379684458860250e-01
1.000000000000000000e+00
6.716383973920097006e-01
4.927376847756259060e-01
1.000000000000000000e+00
-1.000000000000000000e+00
1.000000000000000000e+00
5.534108384746052600e-01
5.451813902328417338e-02
1.000000000000000000e+00
1.000000000000000000e+00
1.000000000000000000e+00
-6.830275991178251793e-01
-8.307256238985845087e-01
1.000000000000000000e+00
1.000000000000000000e+00
4.694850211002891682e-01
4.502229644273981757e-01
-3.137578819466048108e-01
-1.000000000000000000e+00
-9.541409732541862310e-01
-1.000000000000000000e+00
4.329933479174131739e-01
1.000000000000000000e+00
-5.790066209516311346e-01
-3.752019698160545813e-01
1.000000000000000000e+00
1.685896374127767716e-01
-4.876909372140151300e-01
-8.618139571772771568e-01
1.000000000000000000e+00
-4.284528070489927454e-01
1.829888015558179259e-01
7.681182469251965350e-03
-7.616565228650284958e-02
1.603822188716115260e-01
1.000000000000000000e+00
-1.000000000000000000e+00
-9.661831773458965378e-01
-1.000000000000000000e+00
2.501930549594640896e-01
2.638205118078107425e-01
-1.000000000000000000e+00
-5.797684036568119259e-01
8.107253500213722486e-01
-1.000000000000000000e+00
-2.036178271220662750e-01
-1.000000000000000000e+00
5.251487874357556596e-01
4.565395095182059881e-01
2.059073528391398844e-01
1.000000000000000000e+00
9.289279736563961221e-01
-4.385964036551178724e-01
-5.851103823559328232e-01
1.000000000000000000e+00
6.753018791536973264e-01
-1.000000000000000000e+00
2.831739383016892431e-01
-2.216718437011787612e-01
1.921462910479544428e-01
1.000000000000000000e+00
1.000000000000000000e+00
3.683684420033279672e-01
-8.941364023888010992e-01
-1.000000000000000000e+00
8.250032256187221913e-01
-5.910485256674327115e-01
1.000000000000000000e+00
3.996622652862463765e-05
-1.000000000000000000e+00
-1.000000000000000000e+00
-1.000000000000000000e+00
1.000000000000000000e+00
3.984768917755857620e-01
1.000000000000000000e+00
5.875957322620543044e-01
-3.178569604410502736e-02
-6.473886388093077482e-01
7.232660500761726174e-01
1.000000000000000000e+00
-2.276880012393698027e-01
1.000000000000000000e+00
-4.196792315151289809e-01
-4.032915537241011927e-01
4.925043638653876787e-02
9.182296633991496870e-01
3.921626291621382876e-01
3.157163684804824566e-01
-6.505690465052842431e-01
-5.011996517496498660e-01
1.000000000000000000e+00
-1.000000000000000000e+00
-4.113612154979299218e-01
1.565103535669271351e-01
-1.000000000000000000e+00
9.971561410806113468e-01
-5.688905502865283514e-01
7.090730435271273002e-01
-1.000000000000000000e+00
-5.265052805295576954e-01
8.561333759789628850e-01
-7.598313017188079721e-01
-2.505813408334227610e-01
-1.000000000000000000e+00
-1.000000000000000000e+00
-3.788395392994706734e-01
-2.625982761018478273e-01
-2.076714483830455205e-01
8.535216850807502142e-01
-3.422585963053976776e-01
2.674280978562408873e-01
-1.000000000000000000e+00
2.581884128422925473e-01
2.800392862940487837e-01
1.000000000000000000e+00
5.099703445226078102e-01
1.000000000000000000e+00
-9.385271542960180735e-01
-6.695192593680553417e-01
-5.694294073604618811e-01
-9.352121665053228505e-02
8.101684463158977945e-01
7.447457777143917657e-02
-1.932204414258938130e-01
1.000000000000000000e+00
-5.988743198124593103e-01
-6.127797198785798205e-01
-1.000000000000000000e+00
-4.488866734407556680e-01
-2.204301467038103923e-01
-3.217370283411852272e-01
9.406120051328094034e-01
-6.701019775552700952e-03
-2.474875773260825640e-01
9.639484086069647351e-01
1.000000000000000000e+00
-1.000000000000000000e+00
-3.559991208129098528e-02
4.281927616619627952e-01
-3.310047721899785911e-01
6.758663978065884148e-01
-1.000000000000000000e+00
9.513213205788942917e-01
1.860354709864468215e-01
1.352511576505117663e-01
6.204780605401216675e-01
1.000000000000000000e+00
1.096897874351931979e-02
-6.275938450907180277e-01
-1.000000000000000000e+00
1.000000000000000000e+00
-1.000000000000000000e+00
7.761428625462074571e-01
-1.000000000000000000e+00
7.237639793020382850e-01
1.000000000000000000e+00
-4.397083321685734125e-01
1.000000000000000000e+00
3.477897891884191295e-01
-1.000000000000000000e+00
-1.000000000000000000e+00
-1.000000000000000000e+00
-7.849961354884554821e-01
1.000000000000000000e+00
-1.000000000000000000e+00
-1.000000000000000000e+00
-7.171897873507764309e-01
7.242442976951515288e-01
4.190413683173452863e-01
9.449655836887970173e-01
-9.845200131244880026e-01
2.674593467109662170e-01
2.359031361116435965e-01
3.852472450613202148e-02
-7.208343158483596635e-01
1.000000000000000000e+00
-1.000000000000000000e+00
1.000000000000000000e+00
3.381692919624081917e-01
-1.000000000000000000e+00
6.253315782853134941e-01
-4.856666637324430491e-02
7.466686994756417395e-01
-6.950523245915125603e-01
-1.399132815647020633e-01
-4.597441330810925764e-01
6.574345752387966701e-01
-5.152567592986568856e-01
8.438325261119175025e-01
-7.715188837110229514e-01
1.040165679515051012e-01
-2.591987956104810920e-01
6.826216591687059854e-01
-1.000000000000000000e+00
-4.274456388694747866e-01
1.535106303106118508e-01
2.239322094191538159e-01
8.274079361891300000e-01
-5.682017657400117994e-01
-4.270611697963289100e-01
2.242973980882225771e-01
1.000000000000000000e+00
-5.436960776137977902e-02
-1.000000000000000000e+00
-7.120153248760211495e-01
6.899943132151237224e-02
1.000000000000000000e+00
4.372701947788084631e-01
-1.000000000000000000e+00
-1.000000000000000000e+00
-2.889840778038801905e-01
-5.307001987381738672e-01
4.611550191149654809e-01
5.783765171448741471e-01
2.235974244220980678e-01
-1.000000000000000000e+00
1.000000000000000000e+00
-1.000000000000000000e+00
-4.605039749767539936e-01
5.457957105172455137e-01
-5.639492884308017207e-02
-3.467705150249669188e-01
-4.367428642414065143e-01
1.000000000000000000e+00
-1.000000000000000000e+00
9.322792225146836476e-02
9.704189808310091925e-01
1.000000000000000000e+00
-1.000000000000000000e+00
-8.106848634907272144e-01
1.000000000000000000e+00
1.937622232243696452e-01
-1.000000000000000000e+00
-9.472615731233785530e-01
-1.138211460326845614e-01
1.000000000000000000e+00
-6.373257243288094065e-01
-3.993125521897384900e-01
-4.915059174059649427e-01
1.000000000000000000e+00
4.300445721165515045e-01
6.759951072233063574e-01
8.553054318520960653e-01
1.363062456803021405e-01
1.000000000000000000e+00
-9.929498328643779903e-01
1.000000000000000000e+00
9.947542113508892614e-01
9.990149679535658134e-01
5.532150987915183116e-01
3.100631346314787831e-02
-1.816645443416436967e-01
-1.000000000000000000e+00
-1.000000000000000000e+00
-1.000000000000000000e+00
-7.601553988683431573e-01
2.233759793377283476e-01
5.762845320215852496e-01
6.525042084566734513e-01
1.731897359021423444e-01
1.000000000000000000e+00
1.000000000000000000e+00
-1.000000000000000000e+00
4.553650092695566975e-01
-1.185715205798869437e-01
1.000000000000000000e+00
3.237341606876441569e-01
-1.000000000000000000e+00
-1.000000000000000000e+00
4.418444410977354075e-02
-3.450842817206225543e-01
-5.817684313220311543e-01
-4.780066308880613346e-01
1.000000000000000000e+00
1.000000000000000000e+00
-4.188299961299510321e-01
-1.000000000000000000e+00
7.324279309299021046e-01
4.213749365697938565e-02
-1.000000000000000000e+00
1.427221432408199986e-01
-7.201440446161762043e-01
1.000000000000000000e+00
-3.750183660521263507e-01
9.466052314077754160e-01
-1.000000000000000000e+00
-1.000000000000000000e+00
-1.000000000000000000e+00
-4.505236145553918048e-01
1.000000000000000000e+00
-1.000000000000000000e+00
-7.489142971242439550e-01
1.000000000000000000e+00
-1.000000000000000000e+00
-6.054928528692247180e-01
2.581062293900701077e-01
3.979135727307694381e-01
-1.000000000000000000e+00
8.576504933157891308e-01
-1.176190491366433388e-01
2.915704130896060522e-02
-1.000000000000000000e+00
-6.840488909488642300e-01
1.000000000000000000e+00
-6.347213291506905719e-01
3.824885192020445190e-01
-1.295017578865096386e-01
-1.000000000000000000e+00
1.000000000000000000e+00
-1.000000000000000000e+00
-1.000000000000000000e+00
4.536690071627894616e-01
-3.348056783081214127e-01
1.000000000000000000e+00
-6.366048167917395251e-01
-1.000000000000000000e+00
-1.000000000000000000e+00
1.569119744319827925e-01
-1.000000000000000000e+00
-1.000000000000000000e+00
5.147620779354465936e-01
7.452117511750886436e-01
1.000000000000000000e+00
1.546555817417785694e-01
-9.762186843818042581e-01
-7.434246574950618136e-01
-1.952661221809839365e-01
9.398317318413368371e-01
-1.000000000000000000e+00
-2.737920652752470208e-01
-6.525331024817461190e-01
8.714022106709919946e-01
1.000000000000000000e+00
-7.057929000068856595e-01
-5.421706033223874233e-01
1.000000000000000000e+00
-7.767681834351642944e-01
-1.000000000000000000e+00
-1.000000000000000000e+00
-1.000000000000000000e+00
-1.000000000000000000e+00
-1.000000000000000000e+00
4.741818075117407716e-01
-4.013770433040741992e-03
1.000000000000000000e+00
-1.000000000000000000e+00
8.402005989017069520e-02
2.312223305685032759e-01
4.641234108341494302e-01
-3.668239393819363592e-01
6.467024223544245443e-01
3.607310121893974042e-01
8.625352173432114800e-01
-1.000000000000000000e+00
-6.324802784471561523e-01
-1.796113711506358568e-01
-2.945097501349788205e-01
3.828035354293315429e-01
-3.497660200355446336e-01
-1.000000000000000000e+00
-1.744261732242957663e-01
-7.209273230775448127e-02
6.890064339214360123e-01
1.000000000000000000e+00
-4.898431690782967252e-01
1.000000000000000000e+00
1.000000000000000000e+00
-3.461229809377852629e-02
-1.662848261427758989e-01
-7.251169900657572498e-02
-1.000000000000000000e+00
2.186459732201382067e-01
-1.000000000000000000e+00
9.378622320251877031e-01
3.529529411888432389e-01
-2.108215907608068651e-01
3.115473890761020215e-01
9.558325173061952285e-01
5.071653598589523915e-01
-1.000000000000000000e+00
1.000000000000000000e+00
-1.000000000000000000e+00
-1.000000000000000000e+00
-6.264068402603044650e-01
4.655204605352902814e-01
5.193974589580858670e-01
8.067395336668390371e-01
-1.000000000000000000e+00
-1.000000000000000000e+00
-2.293850700957913991e-02
-7.961858023189914979e-01
-2.352678211172211376e-01
4.474076218227496793e-01
-1.000000000000000000e+00
-8.917475305508139050e-01
-1.000000000000000000e+00
-7.388868792230153248e-01
1.000000000000000000e+00
2.077732469973987972e-01
4.337591042131630492e-01
1.632847865866652315e-01
-1.000000000000000000e+00
4.604382244581695649e-01
-7.479850933593585882e-01
-1.199027292809375922e-01
5.076660088794093806e-01
1.000000000000000000e+00
-1.440676141838809765e-01
5.988862403919111843e-01
3.436265258425909019e-01
-3.699206066591509412e-01
-5.967199472451026887e-01
-4.086016573871442681e-01
-3.528047058645408240e-01
-1.000000000000000000e+00
1.000000000000000000e+00
-1.000000000000000000e+00
-7.404081157202557772e-01
1.000000000000000000e+00
3.750250892564308547e-01
-3.090423442432357337e-01
-1.321679730399777930e-01
1.954730500644140945e-01
-7.250076883414183770e-01
3.647439875349760552e-01
-8.133180499889980375e-01
1.000000000000000000e+00
9.931522797242734457e-01
-1.708112634383421868e-01
-9.658372350776289750e-02
-3.420447543647993638e-01
-4.718129543833878281e-01
-1.000000000000000000e+00
1.000000000000000000e+00
-5.075741419914308050e-01
1.000000000000000000e+00
-9.566813483402770713e-01
7.549883596435467137e-01
-2.492588679505134963e-01
1.000000000000000000e+00
6.318262751650839393e-01
1.000000000000000000e+00
8.822833403163339305e-01
2.011310201239235873e-04
1.000000000000000000e+00
1.000000000000000000e+00
8.971517128247070705e-01
-1.000000000000000000e+00
8.150246817088473428e-01
1.000000000000000000e+00
-9.892395218320028105e-01
-1.000000000000000000e+00
3.312608885234503697e-01
-3.328330193040008878e-01
5.509440192762293798e-01
1.000000000000000000e+00
-6.552479089390643718e-01
-5.150124044541694035e-01
-3.888335451486481936e-02
-1.000000000000000000e+00
4.384535875028815477e-01
-1.000000000000000000e+00
1.000000000000000000e+00
9.665173821299286594e-01
-1.422974279241074891e-01
-2.249189526799839078e-01
-2.728526718184132172e-01
-1.000000000000000000e+00
4.398828737067420613e-01
9.579759396975235930e-01
1.000000000000000000e+00
-2.344877344157236254e-01
1.000000000000000000e+00
1.000000000000000000e+00
-1.000000000000000000e+00
-1.000000000000000000e+00
5.184283705607334314e-02
1.000000000000000000e+00
1.430265662589292330e-01
