-6.208438264668783013e-01
-1.076606641339229453e-01
-5.882900529455931116e-01
-1.000000000000000000e+00
-7.302342997212141196e-01
-9.892036805587700599e-04
6.140295333459986349e-01
-1.000000000000000000e+00
1.000000000000000000e+00
-1.000000000000000000e+00
-8.046957164225974068e-01
-5.453291556906836313e-01
-1.000000000000000000e+00
-1.000000000000000000e+00
7.347185021921967540e-02
-5.544513640322860093e-01
-1.000000000000000000e+00
3.223605564106585275e-01
-6.238786971117268321e-01
1.625387673642378350e-01
1.000000000000000000e+00
-8.636969343126375820e-03
-3.218315527016210043e-01
-1.315859645811054968e-01
1.190749659713883912e-01
-1.000000000000000000e+00
8.783121715924553374e-01
1.000000000000000000e+00
-2.331856127019145131e-01
-1.986819437789372200e-01
-7.190085947602607996e-01
1.000000000000000000e+00
1.000000000000000000e+00
-1.000000000000000000e+00
1.000000000000000000e+00
-4.147756973872103736e-01
-7.062146225188408177e-01
-1.000000000000000000e+00
-9.725679769345327852e-01
-1.615546060894101354e-01
9.635311481415375079e-01
4.958568355502541714e-01
3.396201303480238520e-01
-1.000000000000000000e+00
1.000000000000000000e+00
-8.871137130061822196e-02
1.000000000000000000e+00
3.523178449337862062e-01
-3.313507184960677865e-01
1.481218012395687511e-01
-9.433973051494514150e-01
5.522561036319160177e-01
1.000000000000000000e+00
3.638480393161024340e-01
1.000000000000000000e+00
-8.029958532418586259e-01
8.080997072757746258e-01
-5.686959653989186458e-01
6.299478354828386140e-02
-7.379296294554518187e-01
1.000000000000000000e+00
-2.517835210865618789e-01
-1.967173269163287053e-01
1.360878845340531829e-01
-6.978865658831500118e-01
-1.771447498347196725e-01
1.000000000000000000e+00
-4.993916190394132038e-03
-1.000000000000000000e+00
8.954709044413533547e-01
1.434453904699740101e-01
-5.405218641317563466e-02
-8.681724736811127219e-01
-6.984919151037143337e-01
8.431991556830738255e-02
1.541627553448388643e-01
1.000000000000000000e+00
1.000000000000000000e+00
-1.000000000000000000e+00
3.729658466810219508e-01
-1.000000000000000000e+00
-1.000000000000000000e+00
1.000000000000000000e+00
-1.000000000000000000e+00
1.000000000000000000e+00
1.000000000000000000e+00
-4.732458017647379611e-01
-4.956811703836371819e-01
-8.790190781325986080e-01
1.000000000000000000e+00
-3.451863689537182922e-01
5.003831475449188604e-01
6.812101337533986722e-01
-6.123567854786831077e-01
1.000000000000000000e+00
1.000000000000000000e+00
-3.221844331788014659e-01
-1.000000000000000000e+00
-2.853099341847860626e-01
1.000000000000000000e+00
-7.489000848466740301e-01
1.000000000000000000e+00
-6.409074341397862362e-01
9.354348566423125177e-01
-3.227049057396560450e-01
-7.506954473396439953e-01
-8.568380303225651140e-01
5.499682688406066777e-01
8.228005630095990008e-02
-9.054807288376133523e-02
1.000000000000000000e+00
-7.879838337404820869e-01
1.000000000000000000e+00
-8.868925559240783407e-01
6.148826288797754058e-01
-1.000000000000000000e+00
-5.003852944453068829e-02
-7.899244114665202599e-01
1.307567433413992508e-01
-2.493301645312617498e-01
-1.000000000000000000e+00
-9.974856044411720690e-01
1.000000000000000000e+00
-1.884743150222110697e-01
-1.000000000000000000e+00
8.004565168228139349e-01
-6.743885227187348397e-01
5.699954341760565812e-01
-1.000000000000000000e+00
-7.717400512842423899e-01
-1.000000000000000000e+00
-1.000000000000000000e+00
-7.073360135078713418e-01
-1.000000000000000000e+00
-1.000000000000000000e+00
1.000000000000000000e+00
1.437046230560423965e-01
4.444690489029414771e-01
6.660987787581384989e-01
-1.000000000000000000e+00
4.636311845512512964e-01
-9.126970065932089871e-02
-7.021084829390455972e-01
4.712535183412969175e-03
-1.000000000000000000e+00
-3.497394410958217237e-01
-9.917167902635193322e-01
3.472732513906195417e-01
9.904686624193064226e-01
8.149974872630021405e-01
8.514561837787495424e-01
-2.050980721596877554e-01
-8.970136810284246032e-03
-1.696374218747869478e-01
-1.000000000000000000e+00
-7.946017115433330336e-01
-1.000000000000000000e+00
1.000000000000000000e+00
2.642974422892250819e-01
-1.000000000000000000e+00
1.000000000000000000e+00
-1.000000000000000000e+00
-9.305345550673740362e-01
-1.000000000000000000e+00
5.154257167527701577e-01
1.000000000000000000e+00
3.935258791384181332e-01
-3.904476239200135312e-01
1.159508546243848970e-01
-1.000000000000000000e+00
-4.697060530011104573e-01
1.000000000000000000e+00
4.122922848762311521e-01
9.938611949555408165e-01
1.294006786785680818e-01
-6.065063692113411564e-01
1.000000000000000000e+00
3.144464144188701682e-01
6.353569083889720748e-02
6.560295010999014909e-03
1.000000000000000000e+00
1.000000000000000000e+00
-1.015681532941470067e-01
9.576490406889541784e-01
-4.446297819715165911e-01
3.948400840355942298e-01
3.583192162897263500e-01
6.118298978473504235e-01
-6.986256345055806838e-01
-1.000000000000000000e+00
-2.313776575241521249e-01
6.255320513798354742e-01
8.832496029108318769e-01
-8.710719606373882318e-01
5.936625121095321367e-01
6.761242822597304247e-01
6.289924731628017129e-01
-1.000000000000000000e+00
1.546492562466837972e-01
-3.377008458659108148e-01
-4.203618326949922213e-01
7.584315528086086333e-01
7.626043318691297368e-02
4.851323394567845781e-01
5.618321786669941975e-01
-9.695555019319578305e-01
7.019508594793756329e-01
-8.909107823792901115e-01
1.000000000000000000e+00
-5.345889364545128863e-01
-1.000000000000000000e+00
9.217256058259085116e-02
1.000000000000000000e+00
-4.050089767890115988e-01
1.543133598808074103e-01
9.757653942013330695e-02
-4.779499133784821385e-01
-9.853743220138141412e-01
-1.000000000000000000e+00
8.263243930085123479e-01
-1.000000000000000000e+00
-1.786422019441427089e-01
-1.000000000000000000e+00
9.036291017071500509e-01
-1.000000000000000000e+00
1.000000000000000000e+00
5.081838906208546724e-01
1.000000000000000000e+00
9.413858884672909877e-01
1.000000000000000000e+00
3.219116592799982635e-01
5.384514279488639144e-01
-3.958995384028537456e-01
-7.050811042362017250e-03
9.916545204031318450e-01
-7.659936692378228607e-01
7.668619039324008346e-01
1.000000000000000000e+00
9.565406643747786930e-01
-4.277196132473782830e-01
-4.167027400921827218e-02
-2.464072559317609101e-01
-8.371509962540218952e-01
-8.379682447658405309e-01
-7.718337772399572749e-01
-1.241353097426162733e-01
-8.141781954766943441e-01
-3.458966174176600905e-01
-1.000000000000000000e+00
1.000000000000000000e+00
-4.353677733282572127e-01
-1.000000000000000000e+00
4.996796547546513700e-01
-1.000000000000000000e+00
-2.393196809046069240e-01
-1.000000000000000000e+00
-1.000000000000000000e+00
-4.954519843471142937e-01
1.000000000000000000e+00
-1.000000000000000000e+00
-1.000000000000000000e+00
1.000000000000000000e+00
4.948136717253686090e-01
-1.000000000000000000e+00
5.895026025335015074e-01
2.265697525132943924e-01
1.000000000000000000e+00
1.000000000000000000e+00
-8.591768261026033748e-01
-1.000000000000000000e+00
1.000000000000000000e+00
-1.000000000000000000e+00
4.070157250022039541e-01
-6.007692026597194479e-01
1.000000000000000000e+00
-1.000000000000000000e+00
-2.798031883332368630e-01
-8.949782103042269732e-02
-7.684141363745538023e-01
2.858099502202160469e-02
-1.000000000000000000e+00
9.321692237647705159e-01
-6.117246025768768858e-01
-1.816759370294843134e-01
2.906390792024169389e-01
-1.326408722171464605e-01
-6.557405429940008634e-01
-1.000000000000000000e+00
-4.580774261839765799e-02
-4.150370559622255096e-01
-1.000000000000000000e+00
-1.000000000000000000e+00
-1.240030983297372574e-01
-5.611628918008822881e-02
6.296338635681567597e-01
1.000000000000000000e+00
1.000000000000000000e+00
1.000000000000000000e+00
-5.676209158010060429e-01
-2.191875122221371985e-01
2.332615229617047148e-01
-7.158655814341348123e-01
1.000000000000000000e+00
4.515075128569601137e-02
-7.088839534525671615e-01
-1.000000000000000000e+00
-8.526808434186475272e-02
1.273760091693875163e-01
-7.695422567683476434e-01
-1.000000000000000000e+00
4.647053709134018606e-01
-1.432451849585806847e-01
-3.762080152110058306e-01
-4.978504198762101485e-02
-9.975479973788059507e-01
-1.000000000000000000e+00
4.169867873286352555e-01
-9.522181247736842824e-01
1.053570797898116113e-01
-1.000000000000000000e+00
6.490748825171895886e-01
9.382865945871936564e-01
6.116287075942082874e-01
1.323462298415507277e-01
-5.980708805925478710e-01
7.585066060897297513e-01
1.000000000000000000e+00
1.000000000000000000e+00
2.448272562205420499e-01
1.000000000000000000e+00
5.662412488214772083e-02
-1.000000000000000000e+00
-6.544852007753512169e-01
-9.592930948046015649e-01
-1.000000000000000000e+00
8.211656758100732700e-01
-6.258196800244210101e-01
-6.494606065576632448e-01
4.874734588667226087e-01
3.548231033004165536e-01
8.786339213735525622e-01
-1.054298393765655262e-01
-8.750194003684448329e-01
1.617375905012474746e-01
-4.478529585504226196e-01
-7.302326757049460992e-01
3.798701927288956615e-01
4.959895166853827142e-01
3.529621970467313186e-01
-5.843683096725871273e-01
-5.335339730400414648e-01
-3.314888297184008792e-01
-6.886388701758601183e-01
-1.000000000000000000e+00
-1.943355348218090417e-01
1.000000000000000000e+00
4.167462425953718519e-01
8.462343452753829931e-01
2.363772622011342528e-02
-2.363143123724957828e-01
3.701993049496890564e-02
1.939890952906705435e-01
-1.000000000000000000e+00
4.277167534207313992e-01
1.000000000000000000e+00
-1.000000000000000000e+00
5.847644831364715579e-01
-5.602800199969287798e-01
-4.354143346913938450e-01
4.723538084624580025e-01
1.000000000000000000e+00
9.282728561323534411e-01
9.408733972200098439e-01
-1.000000000000000000e+00
8.158861899580019950e-01
-9.552319863272702438e-01
-8.150742190381026209e-01
-1.000000000000000000e+00
1.712900813790307342e-01
1.000000000000000000e+00
3.370894545189760949e-01
1.000000000000000000e+00
1.000000000000000000e+00
6.476357078581309601e-01
7.480540859715024693e-01
1.000000000000000000e+00
9.342401999936271462e-02
-9.642450000098474749e-01
-6.764932020759586440e-01
-8.346686116337713734e-01
1.029111155193298405e-01
-1.000000000000000000e+00
-2.215112045109828287e-01
-1.000000000000000000e+00
7.743810940452756642e-01
6.920239420220617443e-01
6.069039711093295875e-01
1.000000000000000000e+00
-4.250737074112425073e-01
-1.350298074845205087e-01
-3.363107015766560459e-01
7.701075091686353513e-01
-1.162282883312092951e-01
-1.425182415261015967e-01
5.091793076663904127e-01
9.991627271830086365e-02
1.000000000000000000e+00
5.789575571790145370e-01
-1.000000000000000000e+00
-1.000000000000000000e+00
-1.000000000000000000e+00
-1.000000000000000000e+00
6.436365340681304836e-02
1.000000000000000000e+00
-1.922086627547359983e-01
1.000000000000000000e+00
1.000000000000000000e+00
-6.272021274265515700e-01
-1.000000000000000000e+00
1.000000000000000000e+00
4.354347901652313446e-01
-1.000000000000000000e+00
1.605517032820262813e-01
-3.973658130994009996e-01
4.807759579410805784e-01
-3.160004296378151056e-01
4.332070856433096750e-01
6.249181491007139988e-02
1.000000000000000000e+00
1.663148761844930601e-01
1.395004410573205123e-01
1.000000000000000000e+00
1.000000000000000000e+00
8.687124136013596454e-01
-4.905722293290917246e-01
-9.142671351686778580e-01
-1.000000000000000000e+00
4.885418287927363878e-01
5.904811770870809218e-01
-5.379480622696415359e-01
-1.000000000000000000e+00
-4.739094898389539234e-01
9.731277333953285424e-01
6.493184724877828495e-01
8.942326294423257327e-01
-9.024581091255977627e-01
-7.322080067927476676e-01
-1.000000000000000000e+00
-6.131207864830838794e-01
1.000000000000000000e+00
1.000000000000000000e+00
5.599831070556935408e-01
9.003894725383334574e-01
9.456993862898328829e-02
-1.000000000000000000e+00
2.204261185391839240e-01
1.000000000000000000e+00
1.000000000000000000e+00
4.422989735563188918e-03
-2.208151193875504126e-01
6.893778527475443729e-01
-1.000000000000000000e+00
-1.000000000000000000e+00
4.002893440398654912e-01
1.000000000000000000e+00
-1.000000000000000000e+00
2.993128721846410323e-01
-2.695002786197810418e-01
7.385580479047828550e-01
9.507498809914751714e-01
3.909871076450335825e-01
2.210908273106259592e-01
1.229296388500939197e-01
5.751231060983185150e-01
-1.000000000000000000e+00
1.000000000000000000e+00
1.000000000000000000e+00
-8.441001846715493473e-01
1.000000000000000000e+00
-1.574602848041087855e-01
-1.000000000000000000e+00
-4.198494389596367782e-01
1.000000000000000000e+00
-4.216439844209440291e-01
8.152002237844262478e-01
9.274808986516104303e-01
8.512739067220495004e-01
7.225930112417066065e-01
8.597471033376390404e-01
-6.352034678157228442e-02
-9.588424909845594257e-01
6.171345199082830524e-01
1.333724663264702626e-01
6.999956987651764773e-02
1.000000000000000000e+00
-1.803347910552680067e-01
-2.139042429602489026e-01
-1.446497005153526971e-01
-1.000000000000000000e+00
-1.000000000000000000e+00
-4.055102542920963060e-01
1.915417089837062603e-02
-1.000000000000000000e+00
-1.000000000000000000e+00
-1.000000000000000000e+00
5.342369187582098888e-01
-7.212911402679631490e-01
-1.000000000000000000e+00
1.000000000000000000e+00
-1.000000000000000000e+00
-3.358236635671060788e-01
-1.000000000000000000e+00
-1.762025531987562177e-01
3.186361478634996414e-01
1.420771861189910334e-01
1.000000000000000000e+00
1.748358298132076938e-01
5.912973413755862051e-01
-4.770593369460477406e-01
-8.570368931476278762e-01
1.000000000000000000e+00
1.000000000000000000e+00
-1.000000000000000000e+00
-3.298310972333100000e-01
-5.039973751048995032e-01
5.120114666840632767e-01
3.141597334808502451e-01
-4.447109217590783370e-02
1.000000000000000000e+00
-1.347587637290268980e-01
-1.378196603056716929e-01
-3.968158739778750999e-01
1.000000000000000000e+00
-1.000000000000000000e+00
8.242529502329929425e-01
9.625282770302372448e-01
-1.000000000000000000e+00
-2.084556489755370889e-01
1.784169107936962595e-01
5.503290618371936560e-01
-8.646666562664589994e-01
6.200769707250883833e-01
6.335280992933336464e-01
-4.910741566094958821e-01
-8.803972607294012487e-02
-3.934096789248259229e-02
-7.962667913907466311e-01
4.061174530868483235e-02
-4.634726372083226020e-01
4.251310773119326702e-02
-1.000000000000000000e+00
1.000000000000000000e+00
-9.953424029508092241e-01
-9.199670726013776667e-01
-3.626545902806901367e-01
1.000000000000000000e+00
-1.000000000000000000e+00
6.648006022666906878e-01
8.133779567231098628e-01
-2.918360603246422103e-01
1.000000000000000000e+00
-1.000000000000000000e+00
-5.823443933671080819e-01
-2.331401071556265803e-01
7.663742508287892941e-01
4.394368237845261982e-01
1.000000000000000000e+00
-3.172598290849188429e-01
1.000000000000000000e+00
1.000000000000000000e+00
-1.000000000000000000e+00
1.000000000000000000e+00
-1.000000000000000000e+00
4.737498543223357395e-01
-1.000000000000000000e+00
-2.483207655376916678e-01
-1.000000000000000000e+00
-1.229093622580900158e-01
-1.000000000000000000e+00
-1.000000000000000000e+00
2.599452154273911297e-01
8.660883294902764762e-01
-1.000000000000000000e+00
1.000000000000000000e+00
-7.777968377006969636e-01
-1.193669400882211018e-01
7.818785159383417893e-02
4.357981889064370118e-01
-5.934092040513010841e-02
1.000000000000000000e+00
-5.899251198774634330e-01
-3.637216018217777624e-01
1.000000000000000000e+00
4.061604060276208239e-02
-1.000000000000000000e+00
-7.975509093856871790e-01
2.348179965650078471e-01
-1.000000000000000000e+00
-3.491035924472442042e-01
-4.846561739364464994e-01
-8.855266065742435355e-01
-5.727127541621461759e-01
-7.908782745545102078e-01
-6.464707310915615013e-01
-3.148370170280684333e-01
9.403867775438445875e-01
9.829706807556677362e-01
4.666115482942367887e-01
8.722611425666871865e-01
4.271711004414561197e-01
1.000000000000000000e+00
1.000000000000000000e+00
8.069206645752367013e-01
-1.669390661992590508e-01
-2.158180838145383196e-01
-4.014886154922271966e-01
-7.748155032370356299e-01
-5.908436542030121030e-01
1.000000000000000000e+00
-1.000000000000000000e+00
7.507121007998480700e-01
-6.259679593750857585e-01
-6.139150649710445329e-01
8.839435436081759245e-02
-6.282198563936920443e-01
-3.195944137136319529e-02
-1.000000000000000000e+00
-1.294846227733301158e-01
5.975027758933296185e-02
-1.000000000000000000e+00
8.169246444429066611e-02
5.912369264595010998e-01
1.000000000000000000e+00
-8.474450897834717722e-01
1.000000000000000000e+00
-2.814452473013484557e-03
-1.000000000000000000e+00
-1.000000000000000000e+00
-3.041184818261897238e-01
3.358868473737909865e-01
1.051299632460868244e-01
3.204163607674763714e-01
1.000000000000000000e+00
-6.741260974438113562e-01
1.000000000000000000e+00
-7.920632734907738781e-01
5.297028097502713972e-01
1.000000000000000000e+00
-1.393059606851622390e-02
-1.620955796409399574e-01
7.734897946348936459e-01
1.000000000000000000e+00
-4.550142320757871728e-02
-1.000000000000000000e+00
-3.684368683412916901e-01
-2.698762553360675720e-01
1.000000000000000000e+00
-1.975766594136993404e-01
-2.933470635552348771e-01
1.000000000000000000e+00
-5.157976499412415539e-01
8.684661058462571637e-01
6.263860072161517856e-01
-1.000000000000000000e+00
1.000000000000000000e+00
-1.000000000000000000e+00
4.091183295480103066e-01
-5.997741885456664424e-01
-3.732566206132459374e-01
1.000000000000000000e+00
3.369089999321667195e-01
-1.000000000000000000e+00
-3.019920222188006154e-01
2.473665592697626980e-02
6.433193559747242274e-01
1.000000000000000000e+00
6.168885204618806961e-01
1.000000000000000000e+00
1.000000000000000000e+00
-3.531029804614279066e-01
-1.000000000000000000e+00
-1.557765114304060228e-01
-2.814877446813845996e-01
-1.000000000000000000e+00
-7.100397025056950362e-01
2.685263451526928580e-02
1.000000000000000000e+00
1.000000000000000000e+00
-1.000000000000000000e+00
-7.269635410932017150e-01
-1.000000000000000000e+00
2.135257106062920518e-01
-8.671387318213662487e-01
-1.000000000000000000e+00
1.000000000000000000e+00
-1.000000000000000000e+00
1.000000000000000000e+00
5.819825537304681440e-01
5.830369369013015390e-01
9.183944652183222424e-01
1.220166232945851803e-03
2.133474161775280598e-01
-7.243676064991646513e-01
-1.000000000000000000e+00
-8.320381155147188457e-01
-8.440950617597937633e-01
7.149179877941320704e-01
1.000000000000000000e+00
2.432950111775082080e-01
1.065553955922449170e-01
4.453735796870403330e-02
2.418534418476412928e-01
1.245694498251237320e-01
3.600651790162012755e-01
7.725213172291762742e-01
6.498030720817679073e-01
-9.408651432732343389e-01
-8.412924449040568575e-01
-1.607421933640474088e-01
-2.791591393272324084e-01
1.000000000000000000e+00
-4.156026492653289717e-01
1.000000000000000000e+00
1.000000000000000000e+00
9.222419785054176700e-01
-5.443109757437074592e-01
-1.000000000000000000e+00
4.028100034902725168e-01
9.300790727347678644e-01
-1.000000000000000000e+00
-1.518892962830876714e-01
3.978587229006731452e-01
1.000000000000000000e+00
-8.010285762379539820e-01
-1.000000000000000000e+00
3.643512424482875378e-01
-1.000000000000000000e+00
-3.942796008741154545e-01
-7.798619060052888186e-01
7.643349103730693317e-01
5.067015974904204301e-01
9.456355202720599928e-01
1.000000000000000000e+00
-9.366653426061742893e-01
-9.184877113394025461e-01
-1.000000000000000000e+00
-8.908538666032745912e-01
5.997552443863570781e-01
-3.339526826781917535e-02
-1.000000000000000000e+00
-8.464409567722469552e-01
-4.235741647147049371e-01
9.067645516255126714e-02
1.000000000000000000e+00
7.030576859393984357e-01
-3.400503599478170436e-02
1.463636081452943938e-01
6.766749449682112338e-01
-1.285970246504929693e-01
1.000000000000000000e+00
-5.815068138731168679e-01
1.000000000000000000e+00
-3.610614547580748845e-01
-1.000000000000000000e+00
3.127306817095452107e-01
2.210445086537534132e-01
-9.867209030389293423e-01
1.000000000000000000e+00
1.000000000000000000e+00
-8.069139094726196504e-01
6.697604228345660493e-02
1.000000000000000000e+00
3.125585576128941945e-01
9.046271320967529395e-01
5.140204177614203784e-01
6.488285402854426787e-01
-9.199141187302903866e-01
-8.317937365681671302e-02
7.540672509005927893e-01
-8.892264434031634801e-01
8.060235701461067048e-01
-8.633012312770929619e-02
-1.000000000000000000e+00
-1.988537542115286216e-01
1.725441311094894625e-01
-5.614880862178015519e-01
3.706347623585605211e-01
3.726076804824571820e-01
3.275549974454988744e-02
-3.692701747710408489e-01
-4.722985810785884087e-01
-1.000000000000000000e+00
-8.840719487655996911e-01
9.637119329334324913e-01
7.834750724337519179e-02
-7.287867644784083720e-02
-1.000000000000000000e+00
-1.000000000000000000e+00
1.000000000000000000e+00
2.605138697044739327e-01
8.621287089247366975e-01
9.342074749711656856e-02
1.000000000000000000e+00
1.000000000000000000e+00
-1.000000000000000000e+00
3.647505483048291697e-01
-1.588554579514496745e-01
2.997084273392698339e-01
7.420566986166154955e-02
-7.373124158171997511e-01
5.010491496996783978e-01
-1.000000000000000000e+00
-1.000000000000000000e+00
1.000000000000000000e+00
-1.000000000000000000e+00
-3.530115901080034257e-01
-1.000000000000000000e+00
8.120814025031699579e-01
-9.032038370772826896e-02
8.930576406118613531e-02
4.912829737648626294e-01
3.494714605231711846e-01
-6.317933114392169092e-01
-1.000000000000000000e+00
1.000000000000000000e+00
4.209913847540588394e-01
-5.279044986997948330e-01
1.846150991774638539e-01
1.000000000000000000e+00
1.000000000000000000e+00
5.207790594729121425e-01
-1.000000000000000000e+00
-1.127857590216687911e-01
-1.000000000000000000e+00
5.679317901882173780e-01
-1.000000000000000000e+00
8.540642164089384814e-01
-4.582210555644714023e-01
-1.696519165152999276e-01
-1.000000000000000000e+00
-1.000000000000000000e+00
1.510037156575970707e-01
-8.985165931575862519e-01
9.952163960343077820e-01
-1.000000000000000000e+00
3.189617366007367338e-01
-6.319155225794945707e-01
6.556789459119416463e-03
-1.000000000000000000e+00
1.000000000000000000e+00
-4.652650481134640303e-01
2.046347646849275004e-01
3.895614334929364264e-01
-1.000000000000000000e+00
-1.000000000000000000e+00
-1.724924978688073263e-01
3.055995393568516905e-01
3.413574493721679426e-01
2.534149042048131628e-01
9.562870163849892524e-01
-4.557714433471005133e-02
-1.338779319120012301e-01
-5.340435316104579222e-01
-1.000000000000000000e+00
-7.648112390769686852e-01
-4.351366635492421309e-01
-5.528504452135025726e-01
1.582585420869748460e-01
-1.000000000000000000e+00
1.000000000000000000e+00
-8.384202881737592428e-01
-1.621292138718931908e-01
8.088507678069948303e-01
1.000000000000000000e+00
-1.000000000000000000e+00
3.473983817917153383e-01
-7.136023722283815207e-01
-9.273675588363433642e-02
-2.721108208978702536e-01
8.740182803222090735e-01
9.957324475887845416e-01
-1.000000000000000000e+00
5.554181446590916726e-02
1.000000000000000000e+00
3.484724404978000178e-01
1.000000000000000000e+00
1.000000000000000000e+00
-8.534560224779985660e-02
-7.625221890070505992e-01
-5.149994669347536247e-01
-2.566255931477270380e-01
6.005049946810452344e-01
-8.061583520566195649e-01
1.000000000000000000e+00
3.022833525248930786e-01
1.000000000000000000e+00
1.000000000000000000e+00
1.961377816007739139e-01
-5.243618086276792267e-01
-3.215142851038154115e-01
-9.814240919393764084e-01
3.190918329999098413e-01
1.000000000000000000e+00
-1.000000000000000000e+00
-8.999750746901963305e-02
1.000000000000000000e+00
-1.000000000000000000e+00
-6.547469147861640915e-01
-4.664746153536981077e-01
1.000000000000000000e+00
-3.547282430299396050e-01
1.000000000000000000e+00
1.000000000000000000e+00
9.467201574285962762e-01
-1.000000000000000000e+00
1.000000000000000000e+00
1.000000000000000000e+00
-1.943362842956909975e-01
2.960426996790130882e-01
1.000000000000000000e+00
1.000000000000000000e+00
7.989967746185558384e-02
1.000000000000000000e+00
-3.322367370916696760e-01
1.778329036821666986e-01
5.519337735962236424e-01
-4.881832930377481006e-01
-4.106455297360338541e-01
1.000000000000000000e+00
1.000000000000000000e+00
4.264124130417698000e-01
-1.000000000000000000e+00
1.000000000000000000e+00
1.000000000000000000e+00
-2.469776385839424770e-01
1.000000000000000000e+00
-5.372044772992766726e-01
3.944366166446198751e-01
1.000000000000000000e+00
5.776623177028332723e-01
1.958399642743283708e-01
6.623269089971983714e-02
1.000000000000000000e+00
-9.662305162022881699e-01
-2.417981763653079263e-02
9.892977243036843449e-02
-1.000000000000000000e+00
-1.956829250146883692e-01
-4.018693969434268265e-01
4.418067926838278314e-01
8.920730233992615332e-01
-4.507256849086626049e-01
7.897183773143114927e-01
1.441266702906928154e-01
-9.493586269825201596e-01
1.000000000000000000e+00
1.000000000000000000e+00
9.339065384101491452e-01
-4.859854182729554939e-01
-1.000000000000000000e+00
-6.374234086954770895e-01
-1.000000000000000000e+00
-4.002850864176221157e-01
-7.454697166840673628e-01
-4.966856305060670662e-01
6.969611987868659653e-02
8.102462401603706121e-01
8.660755390596126535e-01
1.666342260614178672e-02
2.877722936851577762e-01
1.000000000000000000e+00
-1.492708570870924234e-01
8.134714259124917191e-02
7.082079918475002733e-01
-1.000000000000000000e+00
8.338802456620477699e-01
-1.000000000000000000e+00
2.139721475579010601e-01
7.652542492381655959e-02
-1.000000000000000000e+00
-1.000000000000000000e+00
1.627846174812500046e-02
6.226522433568436599e-01
-4.133060419202555513e-01
7.101113514712307229e-01
-1.000000000000000000e+00
5.499284852920636180e-01
-1.000000000000000000e+00
1.000000000000000000e+00
-1.000000000000000000e+00
6.356597391408524977e-01
4.062033918359398976e-01
-1.273928868806492587e-01
-9.328879256677097276e-01
9.585556379399692295e-01
1.000000000000000000e+00
-4.382350487618152379e-01
5.301502055711573291e-01
-1.000000000000000000e+00
-1.000000000000000000e+00
6.519215325624857504e-01
-1.853469251328121736e-01
-7.091044692602535005e-01
1.000000000000000000e+00
8.018543036435550608e-02
1.996674826429711835e-01
1.000000000000000000e+00
-8.839981836558117312e-01
6.962788895055859184e-01
1.000000000000000000e+00
-5.221669068043033324e-02
2.378221272290065857e-01
-6.764734625191340944e-01
9.907519164530034228e-01
-2.934149216953305106e-01
3.196544811982454659e-02
1.000000000000000000e+00
1.000000000000000000e+00
-8.609970886028880388e-01
-3.567820752656948868e-01
1.000000000000000000e+00
5.072177119990715077e-01
1.000000000000000000e+00
1.000000000000000000e+00
-1.000000000000000000e+00
-5.369633548763632636e-01
-8.168288402971428663e-01
1.000000000000000000e+00
9.048441184250440861e-01
1.000000000000000000e+00
6.058928518042738798e-01
1.000000000000000000e+00
-2.750564199265911891e-01
1.000000000000000000e+00
1.000000000000000000e+00
6.765863748962818169e-01
1.292658760240089633e-02
-7.147305271932375970e-01
-8.448890188991787786e-01
4.910815011670967012e-01
-9.250694798404259789e-01
7.913505966769562860e-01
-1.000000000000000000e+00
-4.610456516572039032e-01
2.567857666106306835e-01
-1.071642689999970227e-01
8.902997435083385147e-01
-8.330279245244207598e-01
-2.667012945200352148e-01
1.000000000000000000e+00
-7.446291001761182748e-01
-4.614495461843186597e-01
1.237784784920629433e-01
-1.000000000000000000e+00
-8.199525398236685580e-01
1.000000000000000000e+00
-2.218151390008956947e-01
7.968465886482519744e-01
1.350866591913353898e-01
3.931120028394554655e-01
-2.798122084165980406e-01
8.577087144549920827e-01
8.750980523910550923e-01
-2.065098529171056074e-01
-5.286890228349404586e-01
-1.000000000000000000e+00
1.596427194484618950e-01
9.506173985004333638e-01
-1.000000000000000000e+00
-5.881865112968703846e-01
-1.000000000000000000e+00
-6.386510489415666569e-01
-8.663153849047353083e-02
-2.501917704641649087e-01
1.000000000000000000e+00
5.762906227391269010e-01
2.927409137364633818e-02
-1.000000000000000000e+00
-3.516555190874572911e-01
-1.000000000000000000e+00
1.000000000000000000e+00
-1.000000000000000000e+00
7.790000812518795836e-01
-1.000000000000000000e+00
6.712280647608015460e-02
-1.000000000000000000e+00
1.000000000000000000e+00
-5.152792571172931657e-01
6.636404247149706448e-01
-5.123843040385877012e-01
-8.301735358214183957e-01
9.474151111187970598e-01
-7.284649753967156194e-01
1.000000000000000000e+00
-1.000000000000000000e+00
-8.304044362740650165e-01
-2.935224578933262052e-01
-1.000000000000000000e+00
-6.030907920074117801e-01
-1.710655737157514289e-01
-7.126427913103623446e-01
-1.127477729452479316e-01
1.000000000000000000e+00
-1.000000000000000000e+00
1.000000000000000000e+00
7.959354615649694153e-01
1.342976033502585320e-01
-8.047625734278373022e-01
-9.760500004333158008e-01
1.569599218605136071e-01
6.181384872955999477e-01
3.648061647008760122e-03
-2.085717546083240559e-01
-2.352918073263041143e-02
5.013132408958306252e-01
7.248949111587510430e-01
1.000000000000000000e+00
1.000000000000000000e+00
-7.216474678778727059e-01
-1.000000000000000000e+00
-1.000000000000000000e+00
2.942883997362413240e-01
1.000000000000000000e+00
1.000000000000000000e+00
1.000000000000000000e+00
-1.000000000000000000e+00
-2.039260969828312897e-01
-3.278937240831804600e-01
-1.000000000000000000e+00
1.000000000000000000e+00
-1.000000000000000000e+00
1.000000000000000000e+00
1.000000000000000000e+00
7.523211210679320304e-01
1.271348877880333905e-01
5.075620244670057124e-01
-1.000000000000000000e+00
-6.459446609317932575e-01
-1.190187301905550055e-02
-1.000000000000000000e+00
5.343747477310836214e-01
-1.000000000000000000e+00
1.000000000000000000e+00
-9.155365728299101891e-01
-1.000000000000000000e+00
8.526927102289624250e-01
8.685455926637470903e-01
-1.603074229428670672e-01
-5.499539515560770975e-02
-8.279159181492352637e-01
1.000000000000000000e+00
-8.823239220825257467e-01
1.000000000000000000e+00
-1.000000000000000000e+00
6.958764680671033487e-01
-1.000000000000000000e+00
1.000000000000000000e+00
3.669254605729492247e-01
-1.219480864046258578e-01
-1.000000000000000000e+00
9.427888211692233567e-01
-2.179837229625217754e-01
1.000000000000000000e+00
1.000000000000000000e+00
-6.032227141412110916e-01
1.000000000000000000e+00
-2.866287548873188706e-01
-8.503346965462035278e-01
7.468458309798373662e-01
2.444757169216137671e-01
1.000000000000000000e+00
1.768609698978938494e-01
-2.078885231066300299e-01
-3.183948930760611695e-01
-9.530251295152075697e-02
1.000000000000000000e+00
-1.000000000000000000e+00
1.000000000000000000e+00
6.417631557295062628e-01
-1.000000000000000000e+00
1.823307518998817933e-02
8.235628468396033464e-01
-1.000000000000000000e+00
-4.916860916291931338e-01
-3.961532136082937527e-01
-1.000000000000000000e+00
5.794113433894958476e-01
5.195145360875479401e-01
-4.066517506007062410e-01
-1.000000000000000000e+00
5.301372245305715492e-01
-1.000000000000000000e+00
-8.792868095172130527e-01
5.867225593895626368e-01
-1.000000000000000000e+00
1.000000000000000000e+00
-1.000000000000000000e+00
1.000000000000000000e+00
-1.000000000000000000e+00
4.226493981399269129e-01
1.000000000000000000e+00
-2.433950715121461494e-01
-1.000000000000000000e+00
4.275490225078897311e-01
-1.000000000000000000e+00
1.000000000000000000e+00
-9.827374381821347704e-01
1.689718055414193565e-01
-6.478547577579913952e-01
-1.000000000000000000e+00
1.000000000000000000e+00
-1.000000000000000000e+00
-2.243012600394458378e-01
1.000000000000000000e+00
-1.000000000000000000e+00
2.263917436843043696e-01
1.000000000000000000e+00
1.465202266673422127e-01
-1.000000000000000000e+00
-5.122153126654136468e-01
2.080924530991821730e-01
2.033425549604663818e-01
-7.081668715616307175e-01
8.813770313267141887e-01
-1.000000000000000000e+00
1.000000000000000000e+00
7.747995703491683539e-02
9.383675011497338847e-01
-1.952865601420477881e-01
-2.284720088970739471e-01
-1.000000000000000000e+00
-1.000000000000000000e+00
1.000000000000000000e+00
8.838521948540749296e-02
-4.698520134161383588e-01
-3.273073520843481909e-01
1.000000000000000000e+00
9.478695437815329861e-01
-1.000000000000000000e+00
-1.000000000000000000e+00
-7.771536362769958239e-02
-2.272248237040162544e-01
7.101545097705698195e-01
6.761063763315466879e-01
-1.000000000000000000e+00
8.227485174231039533e-01
4.737179841370379174e-01
4.520859721173261514e-01
3.068904856895527944e-01
9.943694200077707324e-01
8.476294076630972452e-01
1.000000000000000000e+00
-1.450842012835138473e-01
6.157071915184056943e-01
2.325261974004371179e-01
8.399883347276285717e-01
3.317985527797805423e-01
-1.000000000000000000e+00
1.000000000000000000e+00
1.000000000000000000e+00
8.618067332372139067e-01
1.000000000000000000e+00
4.665823748783232139e-02
-5.165474271952221752e-01
1.567527452687121903e-01
1.000000000000000000e+00
-1.000000000000000000e+00
7.492165386050043674e-01
6.813153481227802732e-01
-3.476042215175614292e-01
1.000000000000000000e+00
7.730080803475957163e-01
1.969000554380838097e-01
-1.000000000000000000e+00
1.211809633595584135e-01
-1.000000000000000000e+00
6.258816190682142677e-01
1.208447320902456407e-01
-1.000000000000000000e+00
3.210362725762973546e-01
-2.183961328339458219e-01
1.000000000000000000e+00
-3.784055146078931786e-01
4.833271845723630111e-02
1.000000000000000000e+00
3.262688130702289802e-01
1.416264387192902596e-01
-1.000000000000000000e+00
-2.605990720532833094e-01
4.904635650168153727e-01
9.385096281379738947e-01
-7.009930789983614963e-01
-4.217001473339651030e-01
-1.000000000000000000e+00
-7.817730798566493444e-01
-2.390524373848449402e-01
-2.384505157818754828e-01
-1.000000000000000000e+00
-4.540186962041534713e-01
-9.688614326318221170e-01
8.608630729814870097e-01
3.073221555794075632e-01
-5.248708613762421704e-01
1.323362551402951781e-01
1.000000000000000000e+00
1.000000000000000000e+00
7.884583122694708290e-01
-8.028410848033162850e-01
-6.003572252463068581e-01
-5.503048701273054455e-01
2.997458011918908705e-01
1.000000000000000000e+00
-1.000000000000000000e+00
-9.897042940624646290e-01
1.000000000000000000e+00
1.362302140495686431e-01
6.946382266758945878e-01
1.000000000000000000e+00
2.396946302652180893e-01
6.155162628244122969e-01
-3.208432919898372981e-01
-8.184664562266602550e-02
6.457061610560390630e-01
-4.793120778251706016e-01
-1.000000000000000000e+00
-1.794677094065330047e-01
-6.949157439765287769e-01
1.000000000000000000e+00
1.000000000000000000e+00
-1.000000000000000000e+00
3.992782112022629226e-01
1.000000000000000000e+00
-1.000000000000000000e+00
-3.688839515226309262e-01
-8.159089203476355134e-03
-4.205403762461762396e-01
-5.812149689128978114e-01
-1.000000000000000000e+00
-7.114001040867539150e-01
-1.000000000000000000e+00
1.000000000000000000e+00
1.000000000000000000e+00
8.271873969455255660e-01
2.011677075448970453e-01
-1.000000000000000000e+00
4.784004854393130723e-01
3.816568298990078989e-01
-9.494432432003780953e-01
-1.014554704946432628e-02
-1.000000000000000000e+00
-5.788336985763353759e-02
1.000000000000000000e+00
-7.017814755354225831e-01
1.612609875801556125e-01
2.569359144700741893e-01
-1.952000054486799641e-01
-3.318609132960398944e-01
1.000000000000000000e+00
-2.106158896165763184e-01
1.000000000000000000e+00
-6.208346206271089240e-01
-3.724318597648246243e-01
-8.134727095351897974e-01
1.000000000000000000e+00
8.272571820582775848e-01
1.000000000000000000e+00
-7.563418550739746671e-01
-1.639038606064444903e-01
1.693420794268235552e-03
1.000000000000000000e+00
1.000000000000000000e+00
4.083647636534378234e-01
-1.000000000000000000e+00
7.292849683419588835e-01
6.859385670715711925e-01
2.252367118048183570e-01
1.000000000000000000e+00
9.908780469376626820e-02
2.600152247221250157e-01
-1.000000000000000000e+00
4.734641501018262977e-01
-1.000000000000000000e+00
-2.825825941616988413e-01
1.000000000000000000e+00
-1.000000000000000000e+00
-1.829970167079401633e-01
1.000000000000000000e+00
-4.832008959026235506e-01
1.000000000000000000e+00
4.802437086007734779e-01
-3.920677731405826094e-01
3.406197240048929875e-01
-3.525869561896554510e-02
1.000000000000000000e+00
-1.000000000000000000e+00
1.000000000000000000e+00
1.000000000000000000e+00
-5.696628927866540515e-01
-7.120566805928023602e-01
1.000000000000000000e+00
-1.406758142285581270e-01
1.000000000000000000e+00
3.897744194620272884e-01
4.011435426426364637e-01
-6.268116659401832269e-01
-5.988877137135486528e-01
-5.023802604232042723e-01
-6.310150107993899304e-01
-1.000000000000000000e+00
1.000000000000000000e+00
-8.206580716568364631e-01
-2.548727333481053958e-01
-1.555306294736271966e-01
-2.318031911837790948e-01
-3.262792277308158018e-01
3.714554336115714617e-01
1.487372675469249006e-01
9.762550849527883434e-01
1.000000000000000000e+00
2.257950598904013284e-01
-1.197667775506567889e-01
-2.989256410537922265e-02
1.000000000000000000e+00
7.815457184673550994e-01
-5.423129485460895238e-02
2.951587148280671591e-01
3.039544491145023675e-01
3.333370378446731674e-01
-2.633755096997922873e-01
-1.000000000000000000e+00
7.330720088898606823e-01
-5.921026006072742653e-01
8.264274674310101432e-01
-8.062565176716016691e-01
-6.262661319027112983e-01
5.945812119042452881e-01
6.454078925165135372e-01
-9.800119014356398761e-01
-8.642718112605702885e-01
1.000000000000000000e+00
-6.674133952628251709e-01
-1.000000000000000000e+00
5.080266360978840101e-01
1.000000000000000000e+00
-1.000000000000000000e+00
1.000000000000000000e+00
-2.071950858852894817e-01
5.728891299036029672e-01
3.033642753433340999e-01
5.134211532566727021e-01
1.000000000000000000e+00
8.546688527729144891e-01
1.000000000000000000e+00
1.000000000000000000e+00
-3.697178191849087026e-01
4.304089464540582499e-01
-2.129906344780445604e-01
-8.422991306617524376e-01
-1.182857683987029729e-01
-8.617024390668641676e-01
1.000000000000000000e+00
-7.356183016268977859e-01
-3.886525382370981108e-01
1.000000000000000000e+00
4.189851651497514817e-01
7.770897142451204109e-01
6.463591444276056697e-01
1.000000000000000000e+00
2.569427555823069476e-01
-5.829875747757881088e-01
-1.000000000000000000e+00
-1.000000000000000000e+00
-7.382321872322533673e-01
4.895121987477343284e-01
3.831233885264986316e-01
5.670914908946790289e-01
-3.011131133665701301e-02
6.729398539496203036e-01
-1.000000000000000000e+00
1.000000000000000000e+00
-6.404058952205826660e-01
-2.725748149816435983e-01
3.583219615238163458e-01
1.000000000000000000e+00
-1.000000000000000000e+00
2.836953628609577560e-01
4.163503554043553878e-01
-6.038391418339655869e-01
5.363336530629251309e-01
3.797663541048228453e-01
1.000000000000000000e+00
-2.582955716766638377e-02
-3.224764410618136123e-02
6.101921781982000415e-01
1.000000000000000000e+00
1.776243282001272461e-01
4.327807384488427944e-01
6.553425389666789336e-01
-4.418689367640201704e-01
-7.300195440412999837e-01
2.692696546525898960e-01
1.000000000000000000e+00
-9.653805956537004906e-01
5.196031664475072587e-01
-1.476921802102692527e-01
1.000000000000000000e+00
1.000000000000000000e+00
-6.629652946705899552e-01
-1.000000000000000000e+00
-8.485374123458029605e-02
1.000000000000000000e+00
8.635675683883025089e-01
-1.000000000000000000e+00
5.963242745720930271e-01
-5.953753268550593392e-01
-3.121321579936868762e-01
-4.092271045516709949e-02
5.903945263827319323e-01
-6.096007126269622489e-01
3.181825935536031214e-01
-1.000000000000000000e+00
9.872675782362780317e-02
-7.805253745455535963e-01
-1.000000000000000000e+00
1.000000000000000000e+00
5.857907879062781431e-01
1.000000000000000000e+00
2.130900931641360740e-01
5.001210598104642857e-01
-1.000000000000000000e+00
-7.604812898366244966e-02
-3.898433248974446097e-01
-7.226131011760899003e-01
1.000000000000000000e+00
7.459091732237504990e-01
3.656246539884253077e-01
1.000000000000000000e+00
-7.601839759528780105e-01
6.177916558672110758e-01
-9.422525193879230931e-01
-1.000000000000000000e+00
1.000000000000000000e+00
2.037933220575274262e-01
1.000000000000000000e+00
5.006188891517768802e-01
-7.788413992531040275e-02
1.000000000000000000e+00
-8.325004035189785823e-01
-1.000000000000000000e+00
6.667762554041789524e-01
6.879044849742719236e-01
-6.658991568612986356e-01
5.094788494748445640e-01
2.958665462613807029e-01
-9.459931994478444628e-02
2.585231734231945855e-01
6.490504371250382931e-01
-1.000000000000000000e+00
-1.625207589893798432e-01
3.231420787557432450e-01
-1.000000000000000000e+00
7.763501302321307307e-02
-9.908804347614383889e-01
9.156178104139418572e-01
-3.301124568561386585e-02
1.000000000000000000e+00
1.739591026788722683e-03
-4.854383988650360360e-01
1.000000000000000000e+00
8.369044251268237256e-02
-7.286295513538263435e-01
1.463570266531251940e-01
4.361851365841317163e-01
9.304343641655894726e-02
-4.093601470085568572e-02
7.787889392056124294e-01
1.871763047594711959e-01
1.000000000000000000e+00
1.000000000000000000e+00
-1.000000000000000000e+00
3.976291571765658284e-02
1.000000000000000000e+00
-8.302021632504935633e-01
1.000000000000000000e+00
-1.000000000000000000e+00
3.970806598987051683e-01
-1.000000000000000000e+00
-8.991569323368568956e-01
1.000000000000000000e+00
-1.000000000000000000e+00
6.714201416275226153e-01
9.096161572923934235e-01
-9.144880159366799433e-01
-9.684552143928801815e-01
-3.904067217902633669e-01
1.000000000000000000e+00
3.135366920985033223e-01
1.000000000000000000e+00
-1.029489220563098995e-01
1.000000000000000000e+00
-1.000000000000000000e+00
4.398615871600399796e-01
6.941574556765175430e-01
6.640279542208978869e-01
-6.011160907825021660e-01
-1.000000000000000000e+00
1.000000000000000000e+00
1.000000000000000000e+00
1.506757061986441215e-04
4.793090911216570105e-02
1.000000000000000000e+00
-1.000000000000000000e+00
8.026789727875829339e-01
1.000000000000000000e+00
-8.565586450555717768e-01
-9.120749689524070281e-01
2.217852765399457859e-01
-1.000000000000000000e+00
-7.594855346730288170e-01
-3.036985017245524832e-01
-1.894510201311132014e-01
-1.591364943452834579e-01
1.000000000000000000e+00
-5.797724015758477512e-01
-1.762683060184500328e-01
9.365229604248109796e-01
-2.910800192780276241e-01
-5.414884360880106717e-01
9.801894121059238074e-01
-1.426055456004139965e-01
6.223878740359458650e-01
-1.000000000000000000e+00
-8.642394433652892394e-01
1.000000000000000000e+00
1.000000000000000000e+00
6.339348530260744408e-01
2.333528953881028600e-01
3.899540804903299240e-01
-1.000000000000000000e+00
-6.698954552450648858e-01
-5.160404538742253688e-01
1.000000000000000000e+00
-5.384195158901924350e-01
1.000000000000000000e+00
-1.000000000000000000e+00
-8.874359670666036592e-01
3.384440163347546271e-03
-3.925823834808365720e-01
3.166513731790533415e-01
2.290520240097635996e-01
1.000000000000000000e+00
-8.758726848597861991e-01
-7.416484765690251058e-01
3.843926256405958419e-01
-5.151254481303219057e-01
-4.872482987002484112e-02
3.649888036983086059e-01
2.895708361062617753e-01
-9.771733522030920938e-01
6.892555797894701630e-01
-3.358950143935580668e-01
-1.000000000000000000e+00
-1.000000000000000000e+00
1.000000000000000000e+00
2.565711634131524477e-01
-2.825712308109954440e-01
-3.064127003228694357e-01
-1.000000000000000000e+00
1.000000000000000000e+00
1.000000000000000000e+00
1.000000000000000000e+00
-1.373719018866768338e-01
-3.935980772825816709e-01
4.510547739950237500e-01
-9.150318204141278944e-01
1.000000000000000000e+00
5.744584724647600060e-01
-1.000000000000000000e+00
-1.530673514096804189e-01
3.765600931573576116e-02
-1.000000000000000000e+00
-1.000000000000000000e+00
-6.633188651627716093e-01
5.003502491988808254e-01
-9.885973892359771753e-01
9.346576672708890587e-01
8.176515991656896354e-01
-1.000000000000000000e+00
4.960214719573622366e-01
-1.000000000000000000e+00
5.911612533770558287e-01
-1.857572843551529851e-01
-1.000000000000000000e+00
3.603643570009681385e-01
-2.683006567501394213e-01
-4.233129818827131574e-01
-1.547150186105855640e-01
-9.876010249244495665e-01
1.000000000000000000e+00
5.041930033692900714e-01
1.000000000000000000e+00
-1.000000000000000000e+00
3.386879268050485559e-01
-5.286350927531627830e-01
-1.000000000000000000e+00
6.268759160071575298e-01
-1.000000000000000000e+00
1.000000000000000000e+00
-7.746629915217346785e-01
1.000000000000000000e+00
-1.000000000000000000e+00
-9.202744942531160266e-01
1.000000000000000000e+00
-7.062196875686675979e-01
6.226925095635956753e-01
6.981105209104132570e-01
-1.000000000000000000e+00
-8.273837596089786972e-01
-1.000000000000000000e+00
-1.696871013229717118e-02
1.000000000000000000e+00
-2.386057757313402305e-01
5.990933654567925926e-02
1.000000000000000000e+00
2.526245068682256845e-01
5.113014188368747437e-01
-1.695519280768342796e-02
1.205602934884119626e-01
9.436842268304255210e-01
1.000000000000000000e+00
-5.584117206659150456e-01
5.740967312061657779e-01
-1.000000000000000000e+00
6.861425448124476301e-01
-1.000000000000000000e+00
-1.554190014615871862e-01
3.725962867815953428e-01
-3.851413684117359626e-01
5.560247332065788584e-01
8.517580635603047012e-01
7.908925962949426847e-01
-2.206678463623765185e-01
-2.661652199895854221e-01
-1.520000242407161251e-01
-1.332816722793961350e-02
-1.000000000000000000e+00
-2.406837793285164784e-01
1.000000000000000000e+00
6.123802559321082084e-01
-5.138499890014902594e-01
-6.691537588648330814e-01
-1.000000000000000000e+00
1.750989549346105567e-01
9.287737605416764852e-01
1.137878867943820371e-01
-4.276279830036215923e-01
-8.346558774476849907e-01
-1.956261375946160008e-01
-1.966127589122650676e-01
1.000000000000000000e+00
-1.000000000000000000e+00
5.076844125482979919e-01
-9.386313023806155953e-02
5.260771310854913674e-01
-5.600055213861252490e-01
-7.809377447142298312e-01
1.000000000000000000e+00
-1.438780626389285500e-01
-1.000000000000000000e+00
1.000000000000000000e+00
5.139106698824910113e-01
-4.613813491556917890e-01
1.000000000000000000e+00
9.220138768757036862e-01
-2.175227418839051075e-01
-1.803514785163792267e-01
-6.424630825566037817e-01
1.000000000000000000e+00
9.096876812332435613e-02
-1.000000000000000000e+00
-1.000000000000000000e+00
-1.000000000000000000e+00
-7.753368055125642311e-01
-1.000000000000000000e+00
1.000000000000000000e+00
-1.000000000000000000e+00
-6.178324726695738622e-01
1.000000000000000000e+00
2.807950316806387958e-01
-5.464830732007424086e-01
-1.000000000000000000e+00
-9.516829716703745223e-01
1.000000000000000000e+00
3.867145893878979890e-01
5.390805907364482064e-02
1.000000000000000000e+00
1.370111767522540491e-01
1.000000000000000000e+00
-2.919385031715025086e-02
9.860141527955481600e-01
3.356942946977756193e-02
-4.077507313008771339e-01
-3.015962238684321561e-01
-3.871891993506836882e-01
-3.718491025838552844e-01
2.010638998453131154e-01
-5.223457699107798557e-01
-1.546265772594449528e-01
4.154187070825023920e-01
2.512422505460910616e-01
-1.000000000000000000e+00
-4.814432375781238505e-01
-1.000000000000000000e+00
5.489916956909319801e-01
1.956495459771743772e-01
-7.312306679316822322e-01
3.993901876117390004e-01
5.514767355375471691e-01
-1.000000000000000000e+00
1.000000000000000000e+00
5.525461687529875654e-01
-1.000000000000000000e+00
-4.141977701322612226e-01
5.846765796535530191e-02
-7.371975392230935009e-01
6.016262113354000629e-01
-5.106897155580267800e-01
-4.432947677554256727e-02
1.000000000000000000e+00
6.872932565367774194e-01
5.690178575593067833e-01
-1.000000000000000000e+00
-1.319486222227224115e-01
-7.797656561955825794e-01
3.709340550526439850e-01
-5.593450990318358240e-01
-6.265118066858098578e-01
1.000000000000000000e+00
9.962706282396768809e-02
-6.839676928330522543e-01
5.884279511820385000e-01
-7.667826549434362260e-01
-1.000000000000000000e+00
-1.000000000000000000e+00
1.000000000000000000e+00
-1.000000000000000000e+00
-1.000000000000000000e+00
1.000000000000000000e+00
-2.120953591106968794e-01
1.000000000000000000e+00
-1.000000000000000000e+00
2.292058199682660558e-01
-3.557997227646991223e-01
8.992722099322356666e-01
-4.994374846640610155e-01
1.000000000000000000e+00
-7.855729477939835670e-01
-3.645476180552157941e-01
8.300326922379437367e-01
-6.280374871895921807e-01
-1.000000000000000000e+00
1.000000000000000000e+00
-8.289557152354989356e-01
9.325932582670981574e-02
7.108059679129856701e-01
-1.000000000000000000e+00
-9.355672729685187150e-01
1.762632838205804853e-01
-6.585762148767737578e-02
1.000000000000000000e+00
-1.000000000000000000e+00
7.956830545075823657e-01
-7.234221254275079449e-01
-2.352417590277933734e-01
-8.688255703433022115e-01
9.108132160413509593e-02
1.117284876044847830e-01
-2.231486259589457177e-01
1.000000000000000000e+00
5.156746657399564615e-01
-9.490507683725943888e-01
9.396353443827989427e-01
2.841659504966995153e-01
8.320840583483175568e-01
-4.214375754794746909e-01
-9.572093422116201289e-02
-3.665176814099280200e-01
2.822695761875591847e-02
6.839982592033287956e-01
-1.000000000000000000e+00
-9.265027838762829315e-01
4.598767902650234274e-01
-1.000000000000000000e+00
1.853492827504849005e-01
-7.381437713783000065e-01
7.827076179093119812e-01
5.050863408031722734e-01
2.789459360496245321e-01
1.000000000000000000e+00
4.315947696115861598e-01
-3.087173262317261524e-01
5.153993758104854495e-01
-4.902810826030236102e-01
7.785709222619538461e-02
1.000000000000000000e+00
1.000000000000000000e+00
4.540529976675462542e-01
1.000000000000000000e+00
7.737243355865639494e-01
-7.187119776026735796e-01
-1.646780380258844600e-01
-7.996763528757278028e-01
2.867663435079019774e-01
6.739266545592523805e-01
3.785193186188205994e-01
-1.000000000000000000e+00
8.845376322163008842e-01
-6.793184753031912271e-01
-3.236222057065106239e-01
1.000000000000000000e+00
1.000000000000000000e+00
-6.682938345117978018e-01
1.038663309665262546e-01
-2.442951021930688249e-01
-8.300267829898428928e-01
5.833334149200321006e-01
-1.000000000000000000e+00
-9.343475039325439546e-01
3.348302692984799211e-01
1.000000000000000000e+00
4.010060061597419123e-01
-9.193477020876016370e-01
-2.115724924295580012e-01
5.368234247510231816e-01
-4.825862579621509330e-02
-1.000000000000000000e+00
-1.000000000000000000e+00
4.840348702417269222e-01
-1.000000000000000000e+00
1.959601453570864460e-01
-1.000000000000000000e+00
-1.000000000000000000e+00
-9.504800105815290889e-01
-1.000000000000000000e+00
-1.437075725705499463e-01
9.520947663979846265e-01
1.000000000000000000e+00
-2.298650521411743641e-01
-4.761024903879464143e-02
1.000000000000000000e+00
8.996382197079386689e-01
-1.000000000000000000e+00
-1.000000000000000000e+00
1.000000000000000000e+00
6.572059823038922666e-01
-5.269404867540379289e-01
1.000000000000000000e+00
1.000000000000000000e+00
-8.855787009069538973e-01
4.083802637390350765e-01
2.771558898230230827e-01
-7.914928696600219693e-01
2.610649345041665681e-01
3.829687821296670625e-01
-3.996559056805860655e-01
-2.895592019885590701e-02
-1.231832095645521430e-01
4.252113931966043925e-01
5.502398696866291905e-01
1.778100793548486880e-01
1.751585070513967946e-01
-8.374444540610210819e-01
1.000000000000000000e+00
1.000000000000000000e+00
1.000000000000000000e+00
-1.000000000000000000e+00
1.000000000000000000e+00
3.359139865167591887e-01
1.000000000000000000e+00
-1.013456264885602837e-01
2.116655220023163642e-01
7.736691949020083614e-01
-1.000000000000000000e+00
-1.866732928460125562e-01
-3.899836490182477244e-01
-5.151789788255543012e-01
-1.000000000000000000e+00
-3.002260645936548067e-01
-6.108210205623918476e-01
-1.000000000000000000e+00
8.570470103974259235e-02
-1.000000000000000000e+00
9.364447960420584360e-01
-4.262874160084614839e-02
1.000000000000000000e+00
7.575243208751183399e-01
4.252579904857989312e-01
9.104642078965275998e-01
3.208467773875430806e-01
5.664546861037470515e-01
8.971922321270299205e-01
8.785319528316526405e-01
-1.000000000000000000e+00
-3.438058619689740025e-01
1.000000000000000000e+00
-2.805428953934838709e-01
6.885601603803629400e-01
-1.000000000000000000e+00
-1.850655338443665809e-01
3.854309688277546830e-01
-1.000000000000000000e+00
-8.129896280793648122e-01
5.542690793714188935e-01
1.000000000000000000e+00
-8.762326255578649636e-01
-1.000000000000000000e+00
-1.000000000000000000e+00
6.507040482579230511e-01
-7.779171663971162776e-01
-3.026312733455013837e-01
3.772832131040805281e-01
-1.000000000000000000e+00
-4.162716584023122557e-02
1.000000000000000000e+00
6.789156773838381231e-02
1.000000000000000000e+00
-1.000000000000000000e+00
-6.047334685219931671e-01
1.000000000000000000e+00
1.977944572652085287e-01
-8.574922513280605063e-01
-7.027575138994820447e-01
-1.000000000000000000e+00
1.000000000000000000e+00
1.000000000000000000e+00
4.600235906885791759e-01
-3.522121619500512835e-01
1.000000000000000000e+00
6.969353477108905515e-04
-4.915420189043702148e-01
-4.033154746694307402e-01
7.503269133671085500e-01
1.430383199514479731e-01
9.049984855771167624e-02
-9.559704462524500068e-02
-1.000000000000000000e+00
5.739835923391614081e-01
1.356366193298810807e-02
-1.000000000000000000e+00
5.099985807235880159e-02
8.015768742486318876e-01
-1.000000000000000000e+00
5.459535848302918826e-01
-1.000000000000000000e+00
1.000000000000000000e+00
-1.000000000000000000e+00
-1.000000000000000000e+00
1.000000000000000000e+00
8.626976907019593410e-01
6.053609665411885388e-01
-7.561003166433302725e-02
1.000000000000000000e+00
6.740558292157141640e-01
1.450594398194500478e-02
1.392103687326718964e-01
6.446738306888699643e-02
-8.355602255287386537e-01
-1.000000000000000000e+00
-7.488481451555216717e-01
1.000000000000000000e+00
5.673129150952402333e-02
1.000000000000000000e+00
-1.513201954460116072e-01
7.764523101862019772e-01
-2.942843714811106959e-01
-3.484874307238740032e-01
-7.954806805890017596e-02
-6.706246770102586297e-02
2.361078055894489103e-01
-2.746504542539140309e-02
-4.622472045373829386e-01
-1.006799338121219106e-01
-3.216784458264198010e-01
4.852990776472410062e-01
-3.379142912794476095e-01
2.780679678821112444e-01
9.319274173595401001e-01
3.201487977092410953e-01
3.294564733622091790e-01
1.000000000000000000e+00
1.000000000000000000e+00
-1.000000000000000000e+00
-3.369685737344931820e-01
1.000000000000000000e+00
-1.000000000000000000e+00
1.000000000000000000e+00
1.000000000000000000e+00
-2.577338626316573733e-01
-1.000000000000000000e+00
1.000000000000000000e+00
-8.143472287170429036e-01
6.996411153865035315e-01
6.373844548824114664e-01
-1.000000000000000000e+00
5.281163973823437274e-01
4.636692502024827300e-01
6.118380925586922592e-01
1.000000000000000000e+00
5.863319297880091874e-01
-4.350655237048134394e-01
-4.777442708860040188e-01
1.000000000000000000e+00
1.200360950954634798e-01
-8.556592745233452257e-01
1.000000000000000000e+00
-1.000000000000000000e+00
-9.930953102655402098e-01
1.938383126795223399e-02
-3.583291225253211199e-01
-9.569290012016375968e-01
6.398013098515897834e-01
1.000000000000000000e+00
1.480935943356083695e-01
-3.137179639838494349e-01
-9.304293477287217673e-01
2.756470330100652122e-01
-1.813156881452356317e-01
6.790507348046820324e-01
5.823719314302029382e-01
-6.554523217415285652e-01
6.939857770855021313e-01
-2.275837270902212328e-01
6.370858672819708080e-01
-1.000000000000000000e+00
-1.000000000000000000e+00
-1.000000000000000000e+00
-1.183869137809958338e-01
5.418957651869047432e-01
5.423204258952452061e-01
1.793103313345695005e-01
3.722967463383764497e-01
1.000000000000000000e+00
-1.832599499605230275e-01
3.510313155518875461e-01
-1.000000000000000000e+00
1.000000000000000000e+00
-1.000000000000000000e+00
5.490322047686750917e-01
-1.000000000000000000e+00
6.951606619802915832e-01
-1.955403682944337473e-01
9.107504783486852773e-01
6.145942701243256590e-01
-1.000000000000000000e+00
-1.000000000000000000e+00
-4.689761389281948412e-01
1.000000000000000000e+00
2.210418563344389853e-01
4.460226152726246562e-01
-9.514645963793295635e-01
7.491429264537603494e-01
-3.318079843363677117e-01
1.049979081567214284e-01
-1.000000000000000000e+00
-5.392287958023298522e-01
1.000000000000000000e+00
-1.834111486271289282e-01
8.596203177072420099e-01
-1.834818506861458642e-01
1.000000000000000000e+00
9.354871709810762548e-01
3.602883279902375779e-01
1.000000000000000000e+00
1.000000000000000000e+00
-8.106629522940832500e-01
1.000000000000000000e+00
-5.023914858407613204e-01
4.372660600508961881e-01
-4.431632811784939063e-01
-8.201688741905213131e-01
-1.000000000000000000e+00
-1.000000000000000000e+00
-3.239340591671835412e-01
-6.424975507084559889e-02
-4.279359085218266689e-01
1.458169524937944772e-01
-1.000000000000000000e+00
1.508554411115021754e-01
-8.137282388452854454e-02
-5.249285125495422033e-01
-8.449012996781268825e-01
-6.757900695510364875e-01
-3.517898393513828603e-01
8.221953874452698763e-01
6.779615176616818895e-01
1.000000000000000000e+00
8.828137031062427420e-02
-1.000000000000000000e+00
-9.270749878673197886e-01
6.882467416256330406e-01
-2.078859383560489604e-01
-6.610964904276946941e-01
5.109300971126301549e-03
9.216776719315461497e-02
1.000000000000000000e+00
-1.911373847074947785e-01
2.205644202543001753e-01
1.000000000000000000e+00
-1.066672467905183941e-01
8.883917582843179339e-01
-1.060999102487378970e-01
-1.374239184444998596e-01
-1.000000000000000000e+00
-1.000000000000000000e+00
-1.671937530544657380e-01
8.596090702875369693e-01
1.579041445925657150e-01
-4.055779757412311115e-01
-2.895778110093539248e-01
-6.298971104569175417e-01
-1.852593996833836743e-01
-4.686951269213383564e-01
1.000000000000000000e+00
-1.000000000000000000e+00
1.000000000000000000e+00
3.379775511909126617e-01
-1.580691562396781824e-01
-3.106067589677832252e-01
8.674854411584063119e-01
-5.923290894513735250e-01
4.482430789516219649e-01
1.000000000000000000e+00
-7.515799241191641888e-01
8.600941184345328727e-01
2.762567100532570263e-01
-3.616903319985330378e-02
1.000000000000000000e+00
-1.781753796120886524e-01
-2.046694745432018903e-01
-1.000000000000000000e+00
-1.000000000000000000e+00
-1.000000000000000000e+00
6.193695320270811711e-02
1.000000000000000000e+00
-2.377991125754315149e-01
-1.790576359116862470e-01
-1.529662333629698001e-01
7.430476663404957938e-01
3.883219360627017114e-01
5.633169487875858694e-01
5.348268670668046010e-01
-4.615146533153667296e-01
6.205740529230900915e-01
1.000000000000000000e+00
1.000000000000000000e+00
7.705868677877617534e-01
9.390045300005219753e-01
-8.755000937152830343e-01
-1.000000000000000000e+00
9.948384018113409777e-02
1.000000000000000000e+00
7.910740461149539104e-01
-7.443639164852157430e-02
9.495857314412697869e-01
1.000000000000000000e+00
-3.072963995535503146e-01
-6.456969023289166332e-01
6.138351623580542427e-01
-1.000000000000000000e+00
-1.000000000000000000e+00
-1.000000000000000000e+00
-9.036264974331982280e-01
-1.239360369596785305e-01
8.527826161879690225e-01
4.823324278488052563e-01
-2.575788949932720784e-01
-5.246739695132112136e-01
-5.992910724048898796e-01
1.238849450328627366e-01
2.353995052868975979e-01
1.844443438342157349e-01
7.418180500403942501e-01
1.671875732740945586e-01
8.403597339755454199e-01
1.000000000000000000e+00
-1.000000000000000000e+00
-2.230795236670856663e-01
-9.724908839175752107e-01
-1.372774994071215282e-01
-6.136796245608955314e-01
-5.746838318520788302e-01
-1.000000000000000000e+00
4.369191429800514670e-01
6.823086408437010197e-01
7.852922624249177863e-01
-5.481047555603646426e-02
1.254456302398307688e-01
1.000000000000000000e+00
2.833720742540625781e-01
4.814084603675484741e-01
3.923551288867102027e-01
1.000000000000000000e+00
6.758651020942098020e-01
-4.504881862363493417e-01
1.367380998158611027e-01
1.000000000000000000e+00
-8.580357260011399756e-01
-5.197192119106851527e-01
6.617977551100308053e-01
1.000000000000000000e+00
1.135507988710600102e-01
-2.063299678471158805e-03
1.176581662541071605e-01
-3.901743714701456645e-01
-4.779284633657971959e-01
-1.000000000000000000e+00
-7.438086965865480238e-01
9.466988936611480110e-01
2.923989579325928512e-01
-2.372637224384287480e-01
-1.000000000000000000e+00
-5.060479252773564252e-02
-6.477791665086491957e-01
-4.910110772279737690e-01
-2.233819702604311064e-01
1.684807443150646844e-01
1.461700632760150609e-01
8.792629901928299407e-01
-1.000000000000000000e+00
1.000000000000000000e+00
-1.000000000000000000e+00
-1.000000000000000000e+00
1.000000000000000000e+00
9.411536518732486201e-01
2.335354993877614138e-01
4.773632217332042793e-01
-1.182599382465944898e-01
-4.220433727443793637e-01
-1.000000000000000000e+00
1.000000000000000000e+00
1.000000000000000000e+00
1.000000000000000000e+00
-1.000000000000000000e+00
-5.696500725436193235e-01
7.103803727572207682e-01
-1.000000000000000000e+00
-6.584766213759751796e-03
-3.277244012418140673e-01
-1.669332057605835695e-01
7.680569139066830697e-01
-5.001806687466298085e-01
3.422083492806402560e-01
-5.205609689876291579e-01
-1.000000000000000000e+00
-1.000000000000000000e+00
-3.457229529401513179e-01
-7.692680999295984368e-01
1.000000000000000000e+00
5.937401511255345765e-01
-8.343969368154155464e-02
7.280628344751802761e-01
-1.000000000000000000e+00
-3.581300201291407470e-01
-1.000000000000000000e+00
7.267112753724718210e-01
5.710115864283143994e-02
1.000000000000000000e+00
-4.872273128687252819e-01
-2.312092703753049483e-01
9.328411812496512079e-02
-1.172039924382637377e-01
2.645738303485707377e-01
2.978506353367078585e-01
-1.000000000000000000e+00
-8.232381164643629012e-02
-3.681998613895090533e-01
-1.000000000000000000e+00
-1.000000000000000000e+00
3.537662177578089207e-01
1.000000000000000000e+00
-2.720504235351028921e-02
4.016117186646595560e-01
-1.000000000000000000e+00
8.724016193563537414e-01
1.000000000000000000e+00
5.170487090520357043e-01
-1.590457728170309171e-01
-4.154908246509979586e-01
-7.749314906389540014e-02
1.000000000000000000e+00
-1.000000000000000000e+00
-1.000000000000000000e+00
5.997159623413810259e-01
1.000000000000000000e+00
1.000000000000000000e+00
-3.293496518913890947e-03
1.000000000000000000e+00
9.738784059424262507e-01
6.775248795879491581e-01
1.000000000000000000e+00
-6.252503593571863139e-01
1.000000000000000000e+00
9.067852424622461216e-01
7.381203634732307339e-01
4.394075847331476159e-01
1.000000000000000000e+00
-1.000000000000000000e+00
-5.488376655091550260e-01
-1.000000000000000000e+00
8.595276397949277447e-01
6.495628912301764091e-01
4.530608121760535401e-01
5.285893105637358425e-02
1.000000000000000000e+00
1.000000000000000000e+00
7.807970238317366585e-01
1.000000000000000000e+00
-1.000000000000000000e+00
1.000000000000000000e+00
-1.331611427499839462e-01
7.532818625539193791e-01
-1.000000000000000000e+00
1.365698383860123877e-01
-9.361899472187233950e-01
4.700050650112018724e-01
-2.645965157243140853e-01
5.591421494184698471e-01
4.836584376964233600e-01
-1.000000000000000000e+00
9.663704267496715516e-01
1.021622700592498129e-01
-3.625726999087401925e-01
1.000000000000000000e+00
-4.677881046211116445e-01
1.000000000000000000e+00
8.685660244873015523e-02
6.381402697699484206e-02
-9.771016523047023616e-01
1.000000000000000000e+00
1.000000000000000000e+00
1.000000000000000000e+00
3.532226238489521997e-01
4.667043216701495245e-01
1.018779742253531490e-01
-1.000000000000000000e+00
-6.624600666622897371e-01
-4.518718423414472829e-01
-1.000000000000000000e+00
1.000000000000000000e+00
1.000000000000000000e+00
1.000000000000000000e+00
-8.543767884723056927e-01
1.000000000000000000e+00
7.671069442449158782e-01
6.060745793315440721e-01
-7.928644445690176124e-01
7.200415792966693984e-03
1.000000000000000000e+00
1.000000000000000000e+00
-3.030749361235889339e-01
7.315786376122666024e-01
-6.466059047752064082e-01
6.621425799286941860e-01
-1.000000000000000000e+00
-1.000000000000000000e+00
-1.000000000000000000e+00
-6.401688495226143250e-01
1.000000000000000000e+00
-4.168905854374571618e-01
2.157185970816952181e-02
-9.396127902427753309e-01
2.268931502340233441e-01
1.000000000000000000e+00
-1.000000000000000000e+00
1.000000000000000000e+00
3.948292274350485020e-01
-6.030953970054584445e-01
8.209102557104132059e-01
-5.092671868982198147e-01
-2.822767442901008561e-01
-1.000000000000000000e+00
1.489553880545669284e-01
2.296748565768499950e-02
-1.000000000000000000e+00
5.983911232838514671e-01
-6.201209855000204829e-01
-1.008874902439145793e-01
3.107395335521170310e-01
-2.891219704698588799e-02
-1.208900894933097742e-01
1.000000000000000000e+00
-9.083373233305881422e-01
1.000000000000000000e+00
1.000000000000000000e+00
-7.095281021299513213e-01
-1.000000000000000000e+00
-1.000000000000000000e+00
-1.000000000000000000e+00
-6.736801933316869384e-01
1.000000000000000000e+00
-3.655155284132914906e-01
1.000000000000000000e+00
2.847007925390370175e-01
1.000000000000000000e+00
3.955742221675790926e-01
-5.464608169390694492e-01
9.158699590701141480e-01
-1.000000000000000000e+00
9.088129370608790669e-01
5.442811658890547299e-01
-4.559972268848915822e-01
1.000000000000000000e+00
-1.000000000000000000e+00
-2.959088346352973797e-01
-1.000000000000000000e+00
1.000000000000000000e+00
1.703362160925706859e-01
-1.171282806397901111e-02
1.000000000000000000e+00
-6.572978801456836884e-01
1.000000000000000000e+00
-1.000000000000000000e+00
1.000000000000000000e+00
-5.342566393459535767e-02
5.511342531543157452e-01
1.000000000000000000e+00
-2.391098532902406482e-01
1.000000000000000000e+00
3.115536279310183732e-01
-1.695476606995678093e-01
3.956958137368263850e-01
1.823313412735675376e-01
3.298981903804095728e-01
8.604329983890171007e-01
-3.402692871866193070e-01
-9.055588704733001926e-01
8.469984036452680165e-01
6.454882413451855372e-02
9.430623990990124605e-01
1.000000000000000000e+00
-8.585191002174923369e-01
-1.000000000000000000e+00
1.311242907408434188e-01
-1.000000000000000000e+00
-5.304436430994901031e-01
-9.631397303172772872e-01
-1.000000000000000000e+00
-1.000000000000000000e+00
-9.842678326530417410e-01
9.421541913736115603e-01
8.168921943097967597e-02
5.210907745070301189e-01
-1.000000000000000000e+00
-1.000000000000000000e+00
-9.408615169468564909e-01
-1.000000000000000000e+00
-6.190846959238087699e-01
9.528194762298231035e-01
-2.392815267644800570e-01
2.190711399007383708e-01
5.442745739445361552e-01
1.000000000000000000e+00
-2.750719801462468972e-01
3.520500838254726483e-01
1.000000000000000000e+00
-8.629541295479849217e-02
-7.488229359047726685e-01
8.090341004091018418e-01
-5.839915673133627694e-01
1.000000000000000000e+00
1.000000000000000000e+00
-1.486882927778346852e-01
-5.096722116613205955e-01
-1.000000000000000000e+00
-1.000000000000000000e+00
-1.000000000000000000e+00
-4.312669620089232825e-01
-2.093169620990528168e-01
-1.000000000000000000e+00
-7.517133993794147817e-02
-1.000000000000000000e+00
-1.000000000000000000e+00
6.520362265175633221e-01
1.000000000000000000e+00
8.076421423021449275e-01
3.281072104687915991e-01
-3.485668261002047297e-01
-5.961395461936309648e-01
4.390917471443595010e-01
-1.000000000000000000e+00
8.783975709064667514e-01
-9.853689000468435211e-02
-6.869429036597818339e-04
6.176810577243700973e-01
-8.848971906860585435e-01
-1.000000000000000000e+00
1.000000000000000000e+00
7.633437393700867046e-01
-4.978449773547412582e-01
6.827802460038190357e-01
1.000000000000000000e+00
6.605027352413371799e-01
-1.000000000000000000e+00
1.000000000000000000e+00
5.249048772741754521e-02
-5.513257023011297608e-01
-3.374062601751645074e-01
5.228553198132561697e-01
1.000000000000000000e+00
-8.624385910700874680e-01
-1.421816478033167408e-01
7.014064692104930998e-01
1.000000000000000000e+00
1.000000000000000000e+00
9.190734198189693949e-01
1.000000000000000000e+00
1.522361355375591307e-02
4.509799012611876989e-01
-1.000000000000000000e+00
2.195794381447443988e-01
-1.000000000000000000e+00
8.707595370613068209e-01
9.050032774035607352e-02
-3.470444395961078121e-02
-1.000000000000000000e+00
-7.490425549674109562e-02
-1.000000000000000000e+00
-3.449575906423794081e-01
4.687257994649691728e-01
-9.157854898171189362e-01
-1.000000000000000000e+00
-1.000000000000000000e+00
1.000000000000000000e+00
1.000000000000000000e+00
-1.000000000000000000e+00
-8.513851677454562505e-01
-7.862566208695977998e-01
-1.402830283589675264e-01
5.777095957263362891e-01
-1.000000000000000000e+00
3.976485661231917712e-01
1.000000000000000000e+00
-1.852785244788432983e-01
1.496972349794427060e-01
1.000000000000000000e+00
8.827366392872775247e-01
-1.000000000000000000e+00
-9.870493238001950553e-01
5.830092918259074386e-01
4.021956534184372156e-01
1.000000000000000000e+00
-4.268672904305155780e-01
1.000000000000000000e+00
5.508007330232274068e-01
-1.671347252396818694e-01
-1.000000000000000000e+00
1.000000000000000000e+00
-1.904652660602541570e-01
-1.436994533275914032e-01
-8.209572479598875594e-01
4.948396330335967375e-01
-1.000000000000000000e+00
-1.000000000000000000e+00
-4.110471958818362470e-01
-6.406191181714397942e-01
-1.000000000000000000e+00
-5.664220730735262110e-01
4.580633344241183402e-01
-1.000000000000000000e+00
-1.000000000000000000e+00
1.000000000000000000e+00
8.980315030378168695e-01
2.941725294736251550e-01
1.000000000000000000e+00
7.127375758982200660e-01
-1.000000000000000000e+00
1.000000000000000000e+00
-4.492542610915123413e-01
-1.000000000000000000e+00
6.825948603839801510e-02
-6.367293070184794068e-01
-4.665001901123110306e-01
1.000000000000000000e+00
2.818726386627478098e-01
-8.367230564355265798e-01
-1.000000000000000000e+00
-4.037732149545832927e-01
-3.440578152053879735e-01
1.000000000000000000e+00
-1.000000000000000000e+00
6.380312275482620255e-01
7.095503302824488490e-01
-1.000000000000000000e+00
8.453011076108830624e-01
-1.000000000000000000e+00
-1.063026365725098510e-01
-1.000000000000000000e+00
-6.497125542261858455e-02
7.479915823470686398e-01
2.088620142064990248e-01
-1.534391438757390647e-01
6.679655526056205161e-02
1.000000000000000000e+00
-5.060640694180156274e-01
1.000000000000000000e+00
-1.000000000000000000e+00
-8.459821000414033954e-01
1.177436669570705308e-01
1.000000000000000000e+00
-1.000000000000000000e+00
6.275256521811440891e-01
4.709521488930493160e-01
-1.000000000000000000e+00
8.662007774466800036e-01
-4.794148392492847410e-01
-3.524654690601358720e-01
3.406206437651466690e-01
-2.142351147786288046e-01
-1.000000000000000000e+00
-2.757416841321716494e-02
-1.000000000000000000e+00
3.416114290324266667e-02
1.000000000000000000e+00
-1.000000000000000000e+00
6.263084332262144338e-01
-8.189880586672270146e-01
8.176152106651126683e-01
6.959257800695167751e-02
1.000000000000000000e+00
-1.000000000000000000e+00
-4.145507322902111658e-01
-7.291639216327843176e-01
-8.825765080948455577e-01
-2.479217049988291788e-01
-1.000000000000000000e+00
1.000000000000000000e+00
-2.474749498688595395e-01
-1.000000000000000000e+00
-1.000000000000000000e+00
-5.977661305622872928e-03
4.829847999795584546e-01
9.030724316059685064e-01
3.791713826247081198e-02
1.000000000000000000e+00
6.509388118523387057e-01
-4.455384054035767538e-01
-6.019186193880639024e-01
8.941489888626366067e-01
-1.000000000000000000e+00
6.638567364207667021e-01
1.000000000000000000e+00
1.000000000000000000e+00
-1.472059195535667664e-01
-2.240254204934484239e-01
-4.822233784865739281e-01
-1.000000000000000000e+00
-9.536595083857097865e-01
2.612610960565342477e-01
-4.838062466061567868e-01
-4.381927454536194699e-01
-1.000000000000000000e+00
-5.824364863021176397e-01
4.844968496026419991e-01
1.112188632076735462e-02
-8.906091276275365232e-01
1.000000000000000000e+00
3.746267935188551390e-01
1.000000000000000000e+00
-7.428033683668018305e-01
-4.339657768307496610e-01
-1.790919140120543762e-01
-3.160798247308617415e-02
-1.000000000000000000e+00
-9.020678897822562714e-01
4.174678910801522536e-01
1.363601330945452550e-01
-1.000000000000000000e+00
-1.000000000000000000e+00
1.000000000000000000e+00
1.000000000000000000e+00
-8.552745395434768749e-02
-1.000000000000000000e+00
1.000000000000000000e+00
-2.868358109543431289e-01
1.000000000000000000e+00
5.885780475674845524e-01
6.932618086322375195e-01
1.000000000000000000e+00
4.107909678698855593e-01
-1.000000000000000000e+00
-1.000000000000000000e+00
-1.000000000000000000e+00
1.000000000000000000e+00
-4.461583723102177101e-01
-4.038285771437334359e-01
8.477523869203391627e-01
-5.190740840157619385e-01
2.195247186197663847e-01
-2.554452930598823945e-01
-2.338427004661754738e-01
-1.000000000000000000e+00
3.933617666489843678e-01
-5.380177774026512205e-01
1.710374684197437933e-01
-5.071922800899529848e-01
4.620261200582742589e-01
1.000000000000000000e+00
-1.000000000000000000e+00
6.292883291789590217e-02
-3.584641367577921511e-01
-1.000000000000000000e+00
4.905411223499731577e-01
-1.000000000000000000e+00
3.528945725857177695e-01
-1.000000000000000000e+00
-2.312038145833152092e-01
4.018306614285342970e-01
-2.262700529582551412e-01
1.000000000000000000e+00
6.534500527966894401e-01
-4.308930163155826332e-01
8.855174910605672078e-01
-8.400476878641738310e-01
-1.000000000000000000e+00
-7.506950194765267259e-01
1.000000000000000000e+00
1.000000000000000000e+00
2.056376029898226709e-01
-1.000000000000000000e+00
-5.352886077477856386e-01
-2.153151844629202505e-01
-1.000000000000000000e+00
1.000000000000000000e+00
8.753425764477537618e-02
-5.721063685519467423e-02
-8.119843699801448933e-01
3.597618653681483591e-01
6.322403208969600286e-01
-2.997494903499270391e-02
-7.137955852320529981e-01
-1.000000000000000000e+00
1.768028252419405755e-01
1.769572351798083254e-01
6.798588318908294070e-01
-7.439077525874397967e-01
1.000000000000000000e+00
6.954018167427239439e-01
-2.842493272827650852e-01
4.673690440612389696e-01
-6.048573394740441866e-01
1.000000000000000000e+00
7.416114602736407768e-01
1.000000000000000000e+00
1.000000000000000000e+00
-1.000000000000000000e+00
4.769557534138823551e-01
-1.000000000000000000e+00
-4.307873196191796539e-01
1.000000000000000000e+00
1.000000000000000000e+00
6.280932093243171699e-02
-1.000000000000000000e+00
-1.058436693038870280e-01
-6.877870731790229897e-01
7.822037921954756445e-01
1.000000000000000000e+00
1.000000000000000000e+00
-6.067685816779634367e-01
-1.000000000000000000e+00
-1.030206929520150472e-01
-6.109117782187288570e-02
8.800190317782694005e-02
-8.399597420430081618e-01
1.000000000000000000e+00
-5.980120668575740206e-01
1.000000000000000000e+00
-7.023159595726424786e-01
1.020311878384463355e-01
-1.107606154405006288e-01
6.126829830005937616e-01
6.085474519753018008e-01
-3.530899958565970054e-01
1.000000000000000000e+00
4.200443405047654122e-01
-8.315984573639811916e-01
9.737076051917631370e-01
1.000000000000000000e+00
-1.000000000000000000e+00
-1.000000000000000000e+00
4.885320317713139904e-01
-1.682264888157449234e-01
9.126535219679733357e-01
-8.859816017434163360e-01
-8.487168048760707073e-01
4.714880245452894303e-01
-4.277234461448113922e-01
4.117978429003025242e-01
-7.890407575907205651e-01
2.910250872274545708e-01
1.000000000000000000e+00
9.804413444610458050e-01
2.898002919756152984e-01
-5.425242998346779810e-01
4.633848169570856657e-01
-7.154298366765761141e-01
-9.107248318550151822e-01
-7.781740855250378619e-01
-8.831640407265652915e-01
2.635290044620408056e-01
-1.000000000000000000e+00
1.000000000000000000e+00
6.083726577286486803e-01
-5.850436649814871881e-01
4.303073779197504889e-01
1.000000000000000000e+00
-1.000000000000000000e+00
-1.000000000000000000e+00
-5.026657724110328296e-01
-2.778684007081420049e-01
-1.000000000000000000e+00
3.319179266013578822e-01
1.730988238596655182e-01
4.831888273603562323e-01
1.000000000000000000e+00
-4.565542668920056224e-01
1.381992192803246922e-01
-1.000000000000000000e+00
1.000000000000000000e+00
1.387372236892958632e-02
-8.293319101724060394e-01
-3.754538146774049068e-01
7.726162062390617979e-01
-6.364779512951088680e-01
8.932306834311311006e-01
-5.408466651252838986e-01
1.000000000000000000e+00
-5.703429141132811964e-01
4.538847860164010872e-01
2.235975414648931348e-01
-1.000000000000000000e+00
-1.000000000000000000e+00
1.000000000000000000e+00
-1.329145950060151848e-01
1.852393809617908227e-02
1.000000000000000000e+00
-9.936771172352163450e-01
3.240732794895425650e-01
-7.693605533230943871e-01
6.132606807163144824e-02
4.136509279702954567e-02
3.250865428665203893e-01
9.573469207994123042e-01
-4.116143572410578821e-01
6.530056668110692519e-02
1.000000000000000000e+00
7.530599216765315740e-01
4.714422228022444039e-01
-4.564083653905723348e-01
2.422597476142474560e-01
-1.000000000000000000e+00
1.060054506292603393e-01
8.013718764259897265e-02
-1.000000000000000000e+00
-1.000000000000000000e+00
9.758365300759302974e-01
-9.232218304284567356e-01
-7.634194631797140973e-01
-6.612586724415256967e-01
1.000000000000000000e+00
1.000000000000000000e+00
7.619948382819832222e-01
6.358878685729778546e-01
1.000000000000000000e+00
-6.052463643195238330e-01
-2.000323394823308731e-01
7.601728305013697451e-01
1.000000000000000000e+00
2.091988571854544107e-02
1.000000000000000000e+00
1.000000000000000000e+00
-7.501627022756593988e-01
-2.865044465091565185e-02
4.651789215544314682e-01
-4.645799021074153989e-01
1.000000000000000000e+00
7.913985701014307761e-01
1.000000000000000000e+00
4.686770953297723086e-01
7.611639459626018400e-01
-6.540012280768267572e-02
2.797271701204555594e-01
3.184092085339312872e-01
5.008730797734560758e-01
-1.000000000000000000e+00
-7.193773028834427041e-01
-5.923320102027648248e-01
-3.517750702198783885e-02
-2.679445408486307856e-01
6.805854574881785579e-01
1.000000000000000000e+00
1.000000000000000000e+00
1.000000000000000000e+00
5.773198045387391009e-01
-1.000000000000000000e+00
8.609570993567157160e-01
2.836286018681211107e-02
-1.000000000000000000e+00
1.000000000000000000e+00
1.788841484807703608e-01
-4.529078136776854002e-01
1.000000000000000000e+00
4.013287922074157965e-01
4.536840585329559028e-01
4.434094507650310213e-02
8.437408957843735013e-01
-9.176511570387533290e-01
9.917237858015790497e-01
-1.000000000000000000e+00
-1.000000000000000000e+00
1.339680532874683583e-01
-4.288431753717223960e-01
3.727236374755158455e-01
-3.801891212744159532e-01
-3.149209674333108833e-01
-1.000000000000000000e+00
8.300041540521205796e-01
-1.356872104650375110e-01
6.765588753990585680e-01
-4.115355951156628445e-01
-4.283358997318126860e-01
-4.235640473408325279e-03
6.886717506673961653e-01
3.908580562812561943e-01
1.000000000000000000e+00
1.749432912079407210e-01
-6.611423317412741252e-01
-1.000000000000000000e+00
-4.641832417866979532e-01
-5.671860910440955639e-01
9.769741343378880449e-01
-1.000000000000000000e+00
8.558033330038378184e-01
-6.262508136583886387e-01
1.000000000000000000e+00
-1.000000000000000000e+00
2.485186741107107689e-01
2.585174605823776228e-01
-1.000000000000000000e+00
-1.000000000000000000e+00
3.629869707832522607e-02
-1.000000000000000000e+00
4.284052176918208554e-02
-7.535759451227184158e-01
-1.000000000000000000e+00
-1.000000000000000000e+00
-1.000000000000000000e+00
-3.275746347939275105e-01
-6.898649575531381473e-01
-9.646263161459772695e-01
3.769989130068336358e-01
-7.934037146426518028e-01
2.086552065983645343e-01
-9.877252077046612122e-01
-5.203803809994892449e-01
1.000000000000000000e+00
1.032417006699278827e-01
1.000000000000000000e+00
1.036226838349258439e-01
4.089854852948504593e-01
-3.743528252491822306e-01
1.000000000000000000e+00
-1.000000000000000000e+00
4.186098900398942391e-01
6.595200905660607571e-01
1.000000000000000000e+00
-3.777788116377632788e-01
-4.946477351991544480e-01
2.395539833180180267e-01
3.945901522585658072e-01
1.000000000000000000e+00
3.519492824475341508e-01
-1.000000000000000000e+00
-8.652150087645935628e-01
6.215547235701549544e-01
3.355033930981883294e-01
1.481141520377057264e-01
1.000000000000000000e+00
-2.002464892223249082e-03
-4.875469450893070711e-01
1.000000000000000000e+00
3.765535360608175397e-01
-9.163450726357647014e-01
2.365950419181579167e-01
1.269004232395793408e-01
-1.000000000000000000e+00
-6.400973055630727604e-01
5.812443936225514252e-03
-8.976840622994627372e-01
-8.472644451250966879e-01
1.000000000000000000e+00
1.000000000000000000e+00
-1.128040251172764408e-01
1.000000000000000000e+00
-5.994149051798802752e-01
-9.722924743317589158e-01
1.000000000000000000e+00
2.281269468153742375e-01
-1.000000000000000000e+00
1.000000000000000000e+00
-1.000000000000000000e+00
-6.959268325812406619e-02
-7.028847325423501213e-02
3.269942256395645952e-01
1.000000000000000000e+00
-1.493397938572330330e-01
-1.000000000000000000e+00
-1.000000000000000000e+00
-2.378138695172903605e-01
7.461505206699770021e-02
1.479749209830004408e-01
7.335212287264888387e-01
6.823866750701781392e-01
-3.059591253947135936e-02
1.000000000000000000e+00
3.611059507854793571e-01
-1.000000000000000000e+00
-1.055323267944045518e-01
-3.074702410015335841e-01
5.134390148896967876e-01
1.000000000000000000e+00
1.738842088699102950e-01
-2.347614123425090238e-02
1.000000000000000000e+00
8.344092249658565663e-01
-4.397803590202374879e-01
-1.000000000000000000e+00
7.484811773887959374e-01
-2.875887782996358610e-01
-4.245794271681139764e-01
1.000000000000000000e+00
5.941334165246048293e-01
-7.316139829338685896e-01
-1.000000000000000000e+00
-3.786291581019801122e-01
-1.000000000000000000e+00
-1.000000000000000000e+00
2.656127378196614930e-01
1.000000000000000000e+00
2.731054898587108593e-01
9.960733407436898057e-01
1.000000000000000000e+00
1.000000000000000000e+00
-1.000000000000000000e+00
-1.652218448035372433e-01
6.688505013832357626e-01
-2.452436299174693968e-01
1.000000000000000000e+00
7.883004425342133858e-01
-4.384134914390680482e-01
1.000000000000000000e+00
-4.913161684671029095e-01
9.790455390074488395e-01
-8.265528991461815744e-01
4.109822964141806034e-01
1.000000000000000000e+00
8.394807595239536790e-02
7.943860832240270953e-02
1.000000000000000000e+00
-9.683000731052930909e-01
1.000000000000000000e+00
1.650477964811207232e-01
3.634865155709711138e-01
-7.781751182218165086e-01
1.000000000000000000e+00
-2.871168522930011568e-01
1.712535731700671471e-01
-6.254613107130742033e-01
-1.013284728477127916e-01
1.000000000000000000e+00
3.013414515568691998e-01
9.415528916136779447e-01
-1.000000000000000000e+00
-1.000000000000000000e+00
-7.796570184348172727e-01
-5.050667812081316432e-01
1.584815961284357089e-01
3.047904738432742899e-01
3.689125693409467388e-01
-8.649331399501014594e-01
7.478783984109473870e-01
6.357684655110040772e-01
8.316857411081430840e-01
-1.000000000000000000e+00
8.307753926826806634e-02
1.000000000000000000e+00
-6.653323807396274159e-01
1.000000000000000000e+00
-1.000000000000000000e+00
-1.000000000000000000e+00
2.722329793152180599e-01
-5.921302415593776569e-01
1.000000000000000000e+00
-1.000000000000000000e+00
3.030702255805608480e-01
5.173928216143458547e-02
7.458114671899203074e-01
7.909850688303547983e-01
-1.000000000000000000e+00
-2.719964616019175940e-01
-1.000000000000000000e+00
-5.136294226308053545e-01
3.532524505042818341e-01
-1.000000000000000000e+00
4.377867358297044542e-01
-1.000000000000000000e+00
9.707772126849768535e-01
-1.254297001321515725e-01
4.474863188359234356e-01
4.611999944414052477e-01
-5.075367054158806956e-01
6.625916225503148960e-01
1.000000000000000000e+00
-5.169790427771153718e-01
1.000000000000000000e+00
-4.397783470735724398e-01
-7.427264270585229866e-01
-1.000000000000000000e+00
-7.168155943696525867e-01
6.161484867581277225e-01
-1.000000000000000000e+00
-7.584354615122824717e-01
2.764905427785238623e-01
1.837500071083156272e-01
5.138809431500821479e-01
-1.000000000000000000e+00
-7.509452007103678550e-01
-4.700831246009234965e-01
1.594885427332493055e-02
-4.550585202333357060e-02
7.926409843149038181e-01
1.000000000000000000e+00
-2.849842161651979788e-01
5.921219186324412354e-01
1.000000000000000000e+00
5.941612585021094350e-01
-1.000000000000000000e+00
6.706292817191015221e-01
-8.312931408979757908e-01
-2.047346916326175936e-01
-1.000000000000000000e+00
1.000000000000000000e+00
1.000000000000000000e+00
-7.708265135240094379e-02
-1.527994903853451825e-01
-1.000000000000000000e+00
4.642524795810663019e-01
-5.490989970366553230e-01
6.557901005043518250e-01
-7.265547812726693699e-01
5.313218218255358893e-01
7.135595530436684708e-01
9.872497553217968180e-02
7.108292691744606540e-01
-2.446911268677636753e-01
1.000000000000000000e+00
-1.000000000000000000e+00
1.690012284757619887e-01
-1.962279985575536012e-01
-1.000000000000000000e+00
-6.622916720416759107e-02
-5.061386162758982898e-01
4.875655078310906498e-01
1.266592667975539044e-01
5.857648631790211002e-01
1.000000000000000000e+00
1.000000000000000000e+00
-1.000000000000000000e+00
4.661490746464918428e-02
1.000000000000000000e+00
7.540037110704479462e-01
-6.129107148170116481e-01
-6.833530161422284310e-01
4.284004733330483705e-01
5.511237712291409130e-01
1.000000000000000000e+00
-1.000000000000000000e+00
-5.815661232882812781e-01
-1.000000000000000000e+00
1.000000000000000000e+00
-1.000000000000000000e+00
1.000000000000000000e+00
6.935358733960427235e-01
3.391711679363090814e-01
-2.967221254771771899e-01
5.243741282349141386e-01
1.966602732719084923e-01
2.500917699908395964e-01
4.626755219745478098e-01
8.821035743055336553e-01
-1.000000000000000000e+00
1.000000000000000000e+00
-1.000000000000000000e+00
-5.121962421090048290e-01
-1.000000000000000000e+00
1.134940154552004365e-01
-3.398701288630803785e-01
-8.081763877144112485e-01
1.000000000000000000e+00
-1.000000000000000000e+00
9.796739193427739245e-02
6.360801471722945521e-01
1.638464851014157231e-01
-8.163460157939825823e-01
-1.000000000000000000e+00
1.000000000000000000e+00
-5.944934263705025090e-01
2.468076303416176509e-01
1.000000000000000000e+00
1.000000000000000000e+00
4.249220383767214615e-02
-6.522134193960553716e-01
-1.000000000000000000e+00
3.441275183235425472e-01
1.000000000000000000e+00
5.017214497370526827e-01
-9.287446189953376674e-01
-1.511885716620837428e-01
3.992454676624493382e-01
8.133418137237991008e-01
1.000000000000000000e+00
-1.000000000000000000e+00
1.000000000000000000e+00
4.323819691750505623e-01
