-4.684533302712002301e-01
-1.000000000000000000e+00
9.154182756104817242e-01
-1.000000000000000000e+00
-5.976918850411832018e-01
1.000000000000000000e+00
-1.476634614576806948e-01
-1.000000000000000000e+00
1.000000000000000000e+00
-1.908136988154540692e-02
-1.000000000000000000e+00
1.000000000000000000e+00
8.543102863878249131e-01
-1.000000000000000000e+00
-1.000000000000000000e+00
4.377734075658528123e-01
-1.000000000000000000e+00
-3.591586416269946236e-01
1.000000000000000000e+00
4.149961602701620622e-01
-1.854576237020818530e-01
-5.084794438932060956e-01
-1.000000000000000000e+00
-2.354055650159874169e-01
8.481354396340434754e-02
1.000000000000000000e+00
-7.354552205959350442e-01
-1.000000000000000000e+00
-1.000000000000000000e+00
-1.000000000000000000e+00
-1.000000000000000000e+00
-4.383231448614315351e-01
1.000000000000000000e+00
-1.866251630314624821e-02
9.272885274632026720e-01
-1.000000000000000000e+00
4.198965040475310939e-01
1.571581543016109528e-02
-2.536829716802200263e-01
1.000000000000000000e+00
-4.572795530956165200e-01
5.460231720880786010e-01
-7.793583805845230028e-01
1.000000000000000000e+00
8.411149555939416711e-01
1.000000000000000000e+00
-1.000000000000000000e+00
8.114767208677078347e-01
-2.087228006973621541e-01
2.006043689483054671e-01
8.028868854485654571e-01
1.000000000000000000e+00
-2.792010380653762169e-01
1.000000000000000000e+00
8.536860168425255413e-01
4.855638791383086184e-01
-3.222123938481837868e-01
1.532096532350467610e-01
2.029578596774279653e-01
-1.000000000000000000e+00
1.000000000000000000e+00
1.000000000000000000e+00
7.141383590949017535e-01
-9.146933081333393778e-01
-1.000000000000000000e+00
5.502918976128445827e-01
5.044278339063621441e-01
-1.000000000000000000e+00
-1.000000000000000000e+00
1.000000000000000000e+00
8.608124760487273486e-01
-8.288314227291159186e-01
1.000000000000000000e+00
1.000000000000000000e+00
-1.000000000000000000e+00
6.903074101467585044e-02
2.396248281565528382e-01
-1.000000000000000000e+00
-1.000000000000000000e+00
4.631567110435675927e-01
-7.188418747632733252e-01
1.000000000000000000e+00
-8.531013020447553163e-01
-6.322996095595598831e-01
7.694760414000622051e-01
-1.000000000000000000e+00
1.697501997740861190e-01
1.872422201189546387e-01
-1.000000000000000000e+00
-1.000000000000000000e+00
-6.244248160601685305e-01
1.000000000000000000e+00
1.000000000000000000e+00
1.000000000000000000e+00
-1.088761484370920074e-01
-5.923914968839205653e-01
4.292620264277224873e-02
3.782316517022336066e-01
1.000000000000000000e+00
8.317658366194056185e-01
9.299150577525467920e-01
-9.130123657919633207e-01
1.000000000000000000e+00
-8.563550134717089479e-01
4.097697372488989798e-01
-3.988560114788784472e-01
4.412075673278459398e-02
-6.734999903741143434e-01
1.000000000000000000e+00
1.000000000000000000e+00
-1.000000000000000000e+00
2.621260980529500628e-01
6.969561291132945202e-01
-1.000000000000000000e+00
1.000000000000000000e+00
1.000000000000000000e+00
-1.000000000000000000e+00
2.992301633627687529e-01
-3.850169656224370351e-01
-8.934525803209912853e-01
-1.000000000000000000e+00
7.203524026754382081e-02
5.382328818301038709e-01
-1.000000000000000000e+00
5.285118002480836408e-01
7.386876096046357532e-02
1.000000000000000000e+00
8.826775537927344928e-01
-1.000000000000000000e+00
-3.164937080314601525e-01
-1.000000000000000000e+00
-1.000000000000000000e+00
-7.723133041358393180e-01
1.651463016126019090e-01
-1.000000000000000000e+00
1.000000000000000000e+00
1.000000000000000000e+00
-1.449184541638324220e-01
-1.000000000000000000e+00
3.921517369427762190e-01
5.678646115614780499e-01
-1.000000000000000000e+00
-1.000000000000000000e+00
7.644482269078707315e-01
-1.000000000000000000e+00
-2.147620326905456123e-01
1.289363082844831032e-01
-9.482428535671237890e-01
5.719209578214717871e-01
2.369613581186349183e-01
-9.216818191030217156e-01
-1.000000000000000000e+00
6.004918424423768553e-01
1.000000000000000000e+00
1.000000000000000000e+00
1.000000000000000000e+00
-7.278572975428543312e-02
1.000000000000000000e+00
1.000000000000000000e+00
-4.073573818672963087e-01
1.000000000000000000e+00
-1.000000000000000000e+00
9.184469111464554913e-01
9.530073617378675976e-01
-7.512357275156925640e-01
-1.000000000000000000e+00
-1.705453746462322062e-01
1.000000000000000000e+00
2.307026175554782732e-03
-1.000000000000000000e+00
-1.000000000000000000e+00
1.000000000000000000e+00
-8.173381346087739141e-01
3.740911350053249818e-01
8.131158699647187404e-01
1.000000000000000000e+00
-9.497846817552524357e-01
2.707047983698481763e-01
-2.097115358297380050e-02
-1.101084833987067135e-01
-1.000000000000000000e+00
-6.137269961320257483e-01
-1.000000000000000000e+00
1.000000000000000000e+00
-8.521717515525302211e-01
6.334105751228387149e-01
-2.151704376916253048e-01
-1.000000000000000000e+00
1.000000000000000000e+00
6.468331438338640327e-01
-8.773441011496638797e-01
-1.000000000000000000e+00
-1.000000000000000000e+00
1.000000000000000000e+00
1.000000000000000000e+00
9.848258434210296342e-01
-1.740261292754006206e-01
2.921151768682959116e-01
9.911852242121477197e-01
-1.000000000000000000e+00
1.000000000000000000e+00
1.000000000000000000e+00
3.270791828592736761e-01
-1.000000000000000000e+00
-4.558090738876831027e-01
-1.000000000000000000e+00
-6.827154283367492527e-01
2.769408757038850366e-01
-4.024711688045501390e-01
-8.710902256254261511e-01
2.518108957148158522e-01
1.000000000000000000e+00
-1.000000000000000000e+00
-1.000000000000000000e+00
-4.861575441218505267e-01
-1.000000000000000000e+00
-8.064163942046778111e-01
6.374804282785757614e-01
2.034837306667188761e-01
5.728680492965625426e-01
1.000000000000000000e+00
2.947884852395941113e-01
9.949605881482819214e-01
-5.926288528311696169e-02
1.000000000000000000e+00
-7.645671485787415289e-01
1.000000000000000000e+00
-5.096406089410434603e-01
9.849681845189151019e-01
1.000000000000000000e+00
7.407977141667215770e-02
-1.000000000000000000e+00
7.044256763988232528e-02
-2.635591775662278202e-01
1.000000000000000000e+00
-3.744511111157973193e-01
-8.126231955533811391e-01
1.000000000000000000e+00
1.000000000000000000e+00
3.453932760764096277e-01
-2.579916345402430422e-01
-1.000000000000000000e+00
-9.335846856050511455e-01
4.659875154305431755e-01
-7.944552384877376916e-01
-1.000000000000000000e+00
-4.777279463769652512e-01
2.624706049605038949e-01
-1.000000000000000000e+00
3.075923557442113987e-01
7.618421671246174975e-01
-1.000000000000000000e+00
-7.769490820459450386e-01
-8.039922329369034726e-01
1.000000000000000000e+00
-8.310072745849634845e-01
2.795008767307667341e-01
1.000000000000000000e+00
-7.699632029808950451e-01
1.000000000000000000e+00
1.137339388883698010e-01
-1.717572332812958846e-01
1.000000000000000000e+00
1.000000000000000000e+00
-2.256020620806893362e-01
-3.128921360074771174e-01
9.261748657724768741e-01
7.503694188253859920e-01
-1.000000000000000000e+00
1.000000000000000000e+00
8.687750141344425803e-01
8.862734331084038963e-01
9.505618360979020132e-01
1.000000000000000000e+00
-1.000000000000000000e+00
7.175513034084968211e-02
6.326422478094154700e-01
-1.000000000000000000e+00
-2.860454027274338396e-01
7.695849848428748530e-01
-1.000000000000000000e+00
1.000000000000000000e+00
-6.835251169659142256e-01
1.503866464734404662e-01
-1.000000000000000000e+00
-2.470746135147232070e-01
1.000000000000000000e+00
2.903656954235033782e-01
9.890917515739154897e-01
-1.000000000000000000e+00
-1.000000000000000000e+00
1.000000000000000000e+00
-5.332654100684133258e-01
-5.791489634760285110e-01
3.349585086080932306e-01
-1.000000000000000000e+00
-1.000000000000000000e+00
-1.000000000000000000e+00
1.000000000000000000e+00
1.000000000000000000e+00
1.147864905422522064e-01
-1.000000000000000000e+00
1.000000000000000000e+00
-1.000000000000000000e+00
1.000000000000000000e+00
-7.234850397346828110e-01
-6.180886302391308540e-02
-1.000000000000000000e+00
-1.000000000000000000e+00
1.000000000000000000e+00
-5.426239170060687123e-01
6.556098656379061307e-02
6.843997967171683294e-01
9.145456754380898445e-01
9.280573866975800890e-01
-1.819128044195224281e-02
5.756728046276640143e-01
1.000000000000000000e+00
6.417839527803324007e-01
-1.000000000000000000e+00
-1.307439256061454502e-01
-7.527050679720483917e-01
7.932809013581506585e-01
3.229461241541665695e-01
-9.169505486933927640e-01
1.000000000000000000e+00
-7.198436173340507782e-01
1.000000000000000000e+00
3.320210546201746160e-01
-5.953870151676974309e-01
4.878594361410162339e-01
9.719228505861454703e-02
-1.000000000000000000e+00
1.000000000000000000e+00
1.000000000000000000e+00
8.286574635706398517e-01
5.010965865651915152e-01
-9.136739511101921174e-01
1.333398318460647380e-01
-5.985718692967167964e-01
-1.000000000000000000e+00
-1.000000000000000000e+00
-1.000000000000000000e+00
-1.000000000000000000e+00
4.455918275246850691e-01
6.607102042721041402e-01
1.000000000000000000e+00
-8.372884790434037550e-01
1.000000000000000000e+00
5.864469646111167833e-01
-1.000000000000000000e+00
-6.599557901063157761e-02
-1.000000000000000000e+00
-1.000000000000000000e+00
-3.086557645491752044e-01
1.000000000000000000e+00
-1.000000000000000000e+00
-6.792973770702359637e-02
-4.941464548976043369e-01
1.000000000000000000e+00
-1.000000000000000000e+00
4.680215820489014855e-01
1.000000000000000000e+00
-1.000000000000000000e+00
-5.746977574382376996e-01
-8.292924664970164894e-01
1.000000000000000000e+00
-3.473568892135654451e-01
1.000000000000000000e+00
1.000000000000000000e+00
1.000000000000000000e+00
-9.311248474840888578e-02
9.165379756965504887e-01
1.000000000000000000e+00
-4.718151988911983841e-01
4.953818552781121820e-01
-1.000000000000000000e+00
-1.000000000000000000e+00
1.000000000000000000e+00
6.467692654162667809e-01
7.397281703693650012e-01
1.000000000000000000e+00
1.000000000000000000e+00
7.857060648177396356e-01
6.119907293976907248e-01
1.000000000000000000e+00
-1.000000000000000000e+00
1.000000000000000000e+00
5.429343146057207248e-01
1.000000000000000000e+00
-5.957581824111689572e-01
-3.740466779307135003e-01
1.000000000000000000e+00
1.000000000000000000e+00
-8.021680178076052714e-01
5.741453572443621090e-01
5.816590381713655500e-01
1.000000000000000000e+00
-1.000000000000000000e+00
-3.383285399889020550e-01
1.000000000000000000e+00
-6.691876482687723060e-01
-1.697905114408437832e-01
1.479543173237504727e-01
-8.598564064372737903e-02
8.536256115849921722e-01
-1.000000000000000000e+00
1.000000000000000000e+00
1.634664479774408097e-01
-1.000000000000000000e+00
1.000000000000000000e+00
1.000000000000000000e+00
1.000000000000000000e+00
2.717854437174862525e-01
1.000000000000000000e+00
-5.391043698846263998e-01
1.000000000000000000e+00
-9.282856352355236540e-01
-1.000000000000000000e+00
1.000000000000000000e+00
-1.000000000000000000e+00
4.820690182986337446e-01
1.000000000000000000e+00
-8.216357082781788890e-01
-4.720670476301387364e-01
1.000000000000000000e+00
-1.000000000000000000e+00
-1.000000000000000000e+00
-7.386830607413392702e-01
7.658427729761569935e-01
-4.038143962178086799e-02
-7.800420219716203141e-01
-1.000000000000000000e+00
1.000000000000000000e+00
-1.000000000000000000e+00
1.000000000000000000e+00
1.216154576887977790e-01
-7.998836852133275332e-01
-7.856252661526359482e-01
-3.886599844670231008e-01
-3.794755268935627868e-01
-1.000000000000000000e+00
5.049748855349468490e-01
-1.000000000000000000e+00
-1.000000000000000000e+00
6.499098563252719840e-01
-4.358165572610348537e-01
-9.815553229660818335e-01
3.466810339436489086e-01
3.014300667674946199e-01
-5.410048885514919803e-01
-1.639289637387408849e-02
-1.000000000000000000e+00
-1.000000000000000000e+00
-4.929949163965396952e-01
8.016513302603329727e-01
3.332971486453001342e-01
-2.683067560166024768e-01
-1.000000000000000000e+00
-1.000000000000000000e+00
6.589604407837528210e-01
-1.000000000000000000e+00
4.695147188546745509e-01
1.000000000000000000e+00
-3.713273941321948435e-01
-3.293059681171636166e-01
-4.556353800395836484e-01
4.210758957562996119e-01
-1.000000000000000000e+00
1.000000000000000000e+00
5.864230504909210273e-01
-4.915526636359446311e-01
4.253238772418866387e-01
1.000000000000000000e+00
-1.000000000000000000e+00
-7.129592990901543192e-01
1.000000000000000000e+00
1.000000000000000000e+00
7.993966858785293006e-01
-1.586112166459767436e-02
1.000000000000000000e+00
-4.273034738076565975e-01
1.327358925646882071e-01
-7.525514481160511249e-01
1.000000000000000000e+00
1.000000000000000000e+00
-1.334774660250943601e-01
5.075268625680098289e-01
-1.000000000000000000e+00
6.492645795807867604e-01
-1.000000000000000000e+00
-1.000000000000000000e+00
6.853502735739771534e-01
-1.000000000000000000e+00
-1.000000000000000000e+00
-5.823940189204808160e-01
7.386639066055964431e-01
3.618305409625979241e-01
-1.000000000000000000e+00
-1.000000000000000000e+00
1.000000000000000000e+00
4.215541184632147775e-01
1.000000000000000000e+00
-4.060116186490841939e-02
-1.000000000000000000e+00
-1.000000000000000000e+00
-1.000000000000000000e+00
1.000000000000000000e+00
4.899059313938117222e-01
5.236569801974307881e-01
-1.579423185441468092e-01
-3.227981049332739882e-01
1.000000000000000000e+00
1.000000000000000000e+00
1.000000000000000000e+00
-1.000000000000000000e+00
1.000000000000000000e+00
-3.033399656186646087e-01
1.000000000000000000e+00
1.000000000000000000e+00
1.048823824202000932e-01
6.104429982038430680e-01
-1.000000000000000000e+00
1.811658216209157679e-01
-1.000000000000000000e+00
1.000000000000000000e+00
-6.609546225858595747e-01
-1.000000000000000000e+00
9.442163389943598606e-01
-4.287555105052288651e-01
3.101019024924115408e-01
-2.377086882071227647e-01
1.000000000000000000e+00
-1.000000000000000000e+00
1.000000000000000000e+00
-3.579988900190848033e-01
-1.000000000000000000e+00
-1.000000000000000000e+00
1.000000000000000000e+00
7.461509820181992936e-01
-5.330422607175999694e-02
4.519637396420321251e-01
-4.170392929035382501e-01
1.673409755180297886e-01
-1.000000000000000000e+00
-1.000000000000000000e+00
-9.975904450125515632e-01
1.000000000000000000e+00
-1.000000000000000000e+00
4.437372406154639348e-01
-6.167184219247789922e-01
-1.000000000000000000e+00
1.000000000000000000e+00
1.000000000000000000e+00
-1.556191788086298544e-01
-1.000000000000000000e+00
-3.552620689172057977e-01
1.000000000000000000e+00
9.091112030546225631e-01
1.000000000000000000e+00
1.000000000000000000e+00
8.001111855076010748e-01
2.018349331033680860e-01
-1.000000000000000000e+00
1.000000000000000000e+00
1.000000000000000000e+00
-1.000000000000000000e+00
1.000000000000000000e+00
1.000000000000000000e+00
1.000000000000000000e+00
3.281123537808024460e-01
-1.000000000000000000e+00
1.215836807419120591e-01
1.291192803016366630e-01
1.000000000000000000e+00
-1.000000000000000000e+00
-1.000000000000000000e+00
-4.486305954319955713e-01
-7.482098509697399091e-01
8.185599170699680016e-01
-1.000000000000000000e+00
5.546326711153584110e-01
-1.000000000000000000e+00
1.115488856000704521e-01
1.000000000000000000e+00
-1.000000000000000000e+00
-1.000000000000000000e+00
1.000000000000000000e+00
-6.443322871741432589e-01
5.420061994445427578e-01
-4.130160921295551457e-01
1.125062085271841816e-01
1.000000000000000000e+00
1.493028483649292137e-01
7.542204124972426982e-01
-7.308514296864176973e-01
-4.400960986483596349e-01
1.000000000000000000e+00
8.488046507540937258e-01
-4.613123320568485175e-01
-1.000000000000000000e+00
1.155513672214982801e-01
7.783211858805010319e-01
-7.104888098134648500e-01
-3.562738149906228280e-01
3.633488399913352707e-01
-6.184900577420764378e-01
1.000000000000000000e+00
4.411282881780499987e-01
1.000000000000000000e+00
-6.986134613926493486e-01
-2.608187520513042257e-01
2.482820625753008326e-01
1.000000000000000000e+00
1.000000000000000000e+00
1.000000000000000000e+00
4.237374563930472737e-01
7.756764579338174537e-01
-2.217187938388041069e-01
8.263072029309916910e-01
9.035228038092683045e-01
-3.633527679023810242e-01
-1.000000000000000000e+00
-1.000000000000000000e+00
8.309879564965734211e-01
-5.763440576270122406e-01
-9.187386380800942609e-01
-1.000000000000000000e+00
-1.000000000000000000e+00
-1.000000000000000000e+00
7.887156295729311761e-01
-1.520401561509596711e-01
1.838608052832184370e-01
-6.797206688542020148e-01
-1.000000000000000000e+00
4.308159970754157908e-01
-7.572492700592667880e-01
-1.791415019158206778e-01
-6.252170326414552282e-01
-1.090432246393109317e-01
3.609696889975519962e-01
1.000000000000000000e+00
1.000000000000000000e+00
-1.000000000000000000e+00
-8.890727289347163387e-01
-1.000000000000000000e+00
1.000000000000000000e+00
-1.374872055407992677e-02
6.790877958932073355e-03
-1.000000000000000000e+00
-1.000000000000000000e+00
-8.189992744237656330e-01
-1.000000000000000000e+00
1.000000000000000000e+00
4.439089781514271582e-02
-4.125993941498388162e-01
-1.080951687378920445e-01
3.200498590313730629e-01
1.000000000000000000e+00
1.000000000000000000e+00
-4.311562236050232588e-01
-3.769036742673761986e-02
8.310954813429412003e-01
1.000000000000000000e+00
-4.214989984720851623e-01
-1.913883895973677030e-01
-5.217502901119841496e-02
7.829635632462328410e-01
-1.000000000000000000e+00
-8.656510442594883559e-01
-9.929679795761248151e-01
8.858966138484795083e-01
1.000000000000000000e+00
4.239423697621191867e-02
-1.523783984802116187e-01
-3.721074603989849017e-01
1.000000000000000000e+00
1.000000000000000000e+00
2.957731290012755587e-01
-1.000000000000000000e+00
9.082319056522327738e-01
2.324205032632423729e-01
1.000000000000000000e+00
4.211276252173200979e-02
-1.000000000000000000e+00
2.616948744568107221e-01
-1.000000000000000000e+00
-3.257933772409224438e-01
-5.017308550968229142e-01
-1.000000000000000000e+00
-2.019444048701701799e-01
9.376719563909371447e-01
1.097025321850338964e-01
-1.000000000000000000e+00
-1.000000000000000000e+00
-7.657387075469976878e-01
2.819701773712735005e-02
2.492186120736556987e-01
8.180445954960928745e-01
-5.031006158683604124e-01
-1.000000000000000000e+00
4.456026200773984813e-01
-1.000000000000000000e+00
-1.000000000000000000e+00
1.174361261437661952e-03
-1.000000000000000000e+00
-5.870708496498889817e-01
1.000000000000000000e+00
7.966069132070229264e-01
-1.000000000000000000e+00
-1.000000000000000000e+00
1.000000000000000000e+00
-1.000000000000000000e+00
-1.000000000000000000e+00
9.575046943622247397e-01
-1.000000000000000000e+00
1.000000000000000000e+00
1.000000000000000000e+00
-1.000000000000000000e+00
1.266447598934210272e-01
-5.520457213061066293e-01
-8.780890885654006883e-01
3.642082771975517774e-01
-1.929195383827516652e-01
7.764507353651561861e-02
-1.000000000000000000e+00
1.000000000000000000e+00
-4.988238704488232589e-01
-1.407565854205720113e-01
1.000000000000000000e+00
1.000000000000000000e+00
1.000000000000000000e+00
-3.785927682003009664e-02
1.000000000000000000e+00
-1.968257772182724352e-01
4.120028824241534493e-01
-1.000000000000000000e+00
-1.000000000000000000e+00
-1.000000000000000000e+00
-3.551517760647181499e-01
-1.000000000000000000e+00
-5.341106481613533408e-02
-1.000000000000000000e+00
-1.000000000000000000e+00
-1.000000000000000000e+00
-1.000000000000000000e+00
1.000000000000000000e+00
-9.143144203508921652e-01
-1.000000000000000000e+00
1.000000000000000000e+00
6.372930397155869287e-01
-8.928952794770461665e-03
-1.000000000000000000e+00
-7.176368691453965942e-01
-1.000000000000000000e+00
-5.643944549295716318e-01
-5.910414247570370261e-01
-6.799326771679337078e-01
-3.816375729130059291e-01
-1.000000000000000000e+00
3.081470004783040118e-01
1.000000000000000000e+00
-6.856885945678462546e-01
-7.391133791306039313e-01
1.000000000000000000e+00
-1.000000000000000000e+00
-1.000000000000000000e+00
-1.000000000000000000e+00
-3.825279192529732475e-01
-9.129593857003568402e-01
-7.323806139812378824e-01
1.000000000000000000e+00
9.767407475535303529e-01
-5.334890121095900994e-01
9.907361619542465192e-02
1.431690250438785450e-01
-6.268376238344401941e-01
-1.000000000000000000e+00
1.000000000000000000e+00
-1.451931994150851279e-02
3.831949185034552730e-01
-1.000000000000000000e+00
-9.005800687807602456e-01
1.000000000000000000e+00
4.342167531111929546e-01
-1.000000000000000000e+00
1.099149577725171967e-01
2.202129677856435597e-01
-1.000000000000000000e+00
-7.122331289420478218e-01
2.366439961019399518e-02
5.997009600961925591e-01
-1.000000000000000000e+00
-2.945080854382793878e-01
-1.000000000000000000e+00
-4.637452514866056696e-01
-8.508232751211243228e-01
7.833643133828879224e-01
7.036934857259503628e-01
3.890157710227319376e-01
-1.000000000000000000e+00
6.432962365623156042e-01
3.311877720577300899e-01
9.221527581701521870e-01
-1.000000000000000000e+00
-1.000000000000000000e+00
-1.000000000000000000e+00
-9.568167812127374994e-01
9.916760051929319753e-01
-2.672408552880523036e-01
-1.000000000000000000e+00
-1.000000000000000000e+00
-9.466399556060748344e-01
-1.000000000000000000e+00
8.857253190792409026e-01
-5.116957102660706358e-01
1.000000000000000000e+00
1.000000000000000000e+00
-1.000000000000000000e+00
1.836400453195068949e-01
1.000000000000000000e+00
2.833019841272882422e-01
8.442557151593965692e-01
5.455538291899426628e-01
-1.000000000000000000e+00
-6.663234852293120625e-01
2.718858473067304882e-01
-2.463428467801953847e-01
-1.000000000000000000e+00
1.000000000000000000e+00
2.469726547233900282e-01
-4.048815852482194888e-01
-9.635427801553743121e-01
1.910779754721976809e-01
-6.635235239527590423e-01
1.000000000000000000e+00
5.971544666478942887e-01
1.743000404327456065e-01
-4.333402675183571917e-01
2.695779593087636594e-01
2.538290232056230611e-01
-8.357306676524706157e-03
6.472501052753809603e-01
-2.404115744049782344e-01
9.201824277304343491e-01
-3.408087395517844231e-01
1.000000000000000000e+00
-1.384452939945997607e-01
-1.000000000000000000e+00
-3.494720658227651322e-02
-5.753505120970994202e-01
1.000000000000000000e+00
-1.000000000000000000e+00
-8.602322735394781761e-01
-1.606304341477350905e-01
-1.000000000000000000e+00
6.143419041711203343e-01
-5.872262331702186033e-01
-8.574360539069628695e-01
-1.000000000000000000e+00
1.462005545258084349e-01
-3.701856971775944749e-01
6.942708472339657044e-01
-2.150194377169025728e-01
-7.470892537176170300e-01
3.074004407870285505e-01
-1.000000000000000000e+00
8.949932793065685788e-01
1.000000000000000000e+00
-6.492992536408528914e-02
-1.971196515880316025e-01
1.933373854928667757e-01
9.938870013615230814e-01
1.000000000000000000e+00
6.407145804477917261e-01
2.232875758763830099e-01
-1.000000000000000000e+00
2.830918371030495262e-01
-4.759760297825761932e-01
-3.489894833613826353e-01
-1.000000000000000000e+00
-4.234187040477548347e-01
-7.589156850160376777e-01
7.036966666922988001e-01
-3.430214973784749821e-01
2.069787441876862755e-01
-1.997701782180677510e-02
5.389719206840547505e-01
1.000000000000000000e+00
8.958706158878970705e-01
1.000000000000000000e+00
2.759367598917836228e-01
6.998893869515930843e-01
1.875358848836733705e-01
1.000000000000000000e+00
6.159947652506631011e-01
1.000000000000000000e+00
-1.000000000000000000e+00
6.612944511320792973e-01
-9.263704621414521334e-01
-8.132615900633425321e-01
2.817360050120789605e-01
-1.000000000000000000e+00
-3.378771750716731692e-02
1.000000000000000000e+00
-5.939496177135592525e-01
7.379861084949443928e-01
-1.000000000000000000e+00
6.826994718290739783e-01
-1.000000000000000000e+00
-9.075104775700891802e-01
9.087390234310635528e-02
-1.000000000000000000e+00
-1.000000000000000000e+00
5.241754461509005036e-01
1.000000000000000000e+00
-1.000000000000000000e+00
6.042877963254602580e-01
9.282608479369115484e-01
-7.992785729329277000e-02
-3.104560431357433758e-01
-5.410965270477579026e-01
3.750084870822473770e-01
-5.067498605776772636e-02
-1.000000000000000000e+00
-4.344081433489668798e-01
-1.000000000000000000e+00
-1.000000000000000000e+00
-2.699787216937866163e-01
1.850567368762278397e-01
5.442511858229856503e-02
-4.111999059003502710e-01
-3.461554268633597053e-01
2.678044943854593907e-01
1.000000000000000000e+00
-2.238293367901331710e-01
1.000000000000000000e+00
1.000000000000000000e+00
3.248180923399158759e-01
6.541451267770785893e-01
-1.637328179321518307e-01
8.420920151424977629e-01
-1.000000000000000000e+00
6.029473787403556440e-01
-1.000000000000000000e+00
-1.000000000000000000e+00
1.000000000000000000e+00
-3.768446202347730534e-01
-1.000000000000000000e+00
-6.015221249062550068e-01
4.962112172423197021e-01
1.000000000000000000e+00
4.405275797151493866e-01
1.000000000000000000e+00
4.268548916936988347e-01
2.776040317346897268e-01
2.214372300306783059e-01
-1.000000000000000000e+00
6.555347677984150190e-01
-1.201201146256531127e-01
2.605428645017111577e-01
-1.000000000000000000e+00
5.803708851290921844e-01
-1.000000000000000000e+00
1.000000000000000000e+00
-1.000000000000000000e+00
-4.142002670420092958e-01
-2.192619249234754597e-01
-1.000000000000000000e+00
5.974608464131230257e-01
3.599017731090513594e-01
-5.172611672397718907e-01
6.026922021704120835e-01
7.401317446779187570e-01
1.000000000000000000e+00
1.995494375095165362e-01
-1.000000000000000000e+00
1.000000000000000000e+00
-5.932610846791812609e-01
-2.155786121560416269e-01
-8.824749803154494643e-01
-3.218883395218327115e-01
-1.000000000000000000e+00
1.000000000000000000e+00
3.431152927955571919e-01
-4.737100097398087850e-02
1.000000000000000000e+00
-6.769996270869446109e-01
8.581457416035072061e-01
-2.683132892977339590e-01
1.000000000000000000e+00
-1.351424055497771337e-01
-7.751100862592708030e-01
-7.584580627321677593e-01
-8.868168716368167726e-01
1.000000000000000000e+00
5.094913132881195850e-01
-1.069806787244842461e-02
1.000000000000000000e+00
5.293166880960032961e-01
1.000000000000000000e+00
-8.437180348457088419e-01
1.000000000000000000e+00
4.297665861599790915e-01
-7.412742774488060293e-01
-9.462425262393077130e-01
8.116537031988216300e-02
1.000000000000000000e+00
-1.850194402038742580e-01
-7.037394705473525303e-01
-9.935609155870298581e-01
-6.880858754532039878e-01
-5.223001391521145953e-01
1.000000000000000000e+00
-1.000000000000000000e+00
-1.000000000000000000e+00
-8.463868842995384556e-01
6.672734576545169549e-02
7.519569836774888660e-01
1.000000000000000000e+00
3.042235639893303700e-01
-1.000000000000000000e+00
9.508898860129318953e-01
-1.907766728079290930e-01
1.000000000000000000e+00
1.246771656753224433e-01
-7.350100563594765823e-01
-1.000000000000000000e+00
1.000000000000000000e+00
1.000000000000000000e+00
-1.000000000000000000e+00
-1.000000000000000000e+00
-3.959591755947637903e-01
5.521647528044265618e-02
1.490963799462263206e-01
1.130676486217953997e-01
6.320143027555042980e-01
2.530428396919154888e-01
1.000000000000000000e+00
4.118061557448281507e-01
5.233259548963834495e-01
-9.168904915876936457e-01
1.000000000000000000e+00
5.845917694027311651e-01
-4.775655875407637807e-01
-1.000000000000000000e+00
1.000000000000000000e+00
6.708929070101963266e-01
8.679858582736159622e-01
6.357656681826293621e-01
1.000000000000000000e+00
-1.000000000000000000e+00
3.732975813790019304e-01
-4.914800377563028344e-01
4.128831052934682777e-01
1.000000000000000000e+00
5.611701758167932930e-01
-5.549413165008926230e-01
3.006651304356031673e-01
-1.679825067455136822e-01
-1.000000000000000000e+00
-1.000000000000000000e+00
-1.000000000000000000e+00
1.000000000000000000e+00
-5.534307967410223572e-01
1.000000000000000000e+00
1.000000000000000000e+00
-3.071075767612378993e-01
-1.000000000000000000e+00
-5.189751640618657236e-01
-7.508100517991593836e-01
2.851267017426169503e-01
-1.822250139925059853e-01
-4.433058509373796197e-01
1.000000000000000000e+00
4.921207659577179205e-01
-2.321574774867655316e-02
1.943176169541547919e-03
1.353840871639517274e-01
2.021487877813837875e-03
7.377722507455676537e-02
1.000000000000000000e+00
6.578443261729546299e-01
4.402552746539223905e-01
6.122768978257707717e-01
-1.000000000000000000e+00
-3.710402991592098854e-01
-2.109944337145313875e-01
6.716379457703722800e-01
-2.722984436264971331e-01
-1.000000000000000000e+00
-7.386358939756532127e-01
1.603971083964351174e-01
-6.935846075101156361e-01
-1.000000000000000000e+00
-1.910145910965429794e-01
-1.000000000000000000e+00
-5.920479881822793278e-01
7.388444606681804361e-02
7.928798254113905708e-01
3.896665580282304142e-01
-9.159606804992684870e-01
5.058945709575833893e-01
2.704853630062424852e-01
-2.486543403939828201e-01
1.051307055586397782e-01
-1.000000000000000000e+00
-8.485711407039839838e-01
1.742968324802368629e-01
-1.000000000000000000e+00
1.000000000000000000e+00
-1.000000000000000000e+00
1.000000000000000000e+00
-3.651080186133745520e-01
1.000000000000000000e+00
1.000000000000000000e+00
5.946364981215050971e-01
7.063418985190037525e-01
5.883520897513880854e-01
4.384940776510665161e-02
-7.822112671173059306e-01
-1.444972185195561032e-01
5.291011269449934495e-01
-1.000000000000000000e+00
-1.338682110925676350e-01
4.380600646751713345e-01
-1.000000000000000000e+00
-1.000000000000000000e+00
3.225301109399545951e-01
1.277739786644418452e-01
1.000000000000000000e+00
-5.019743302296126863e-01
-1.000000000000000000e+00
-2.551778773679158618e-01
-4.604060527868984454e-01
-6.175714420833463558e-01
-2.971561666368260912e-01
-5.146521788306175349e-01
1.000000000000000000e+00
1.000000000000000000e+00
-1.000000000000000000e+00
4.082079030483826143e-01
1.587855149753609751e-01
-1.000000000000000000e+00
8.630699508990735680e-02
-1.000000000000000000e+00
-5.604270735388952041e-01
1.000000000000000000e+00
-1.000000000000000000e+00
9.158630943097936239e-01
1.000000000000000000e+00
1.000000000000000000e+00
1.000000000000000000e+00
9.707053903530056260e-01
-9.669384583353893836e-01
1.135484458364992288e-02
-5.000461150772054220e-01
3.946076512585390272e-01
-9.192649857760984977e-01
-5.320253737840130448e-01
1.000000000000000000e+00
-1.017334345387067435e-01
-1.000000000000000000e+00
-6.839441923888578412e-02
7.846228751812295288e-01
-7.035771572160010034e-02
-8.314193561090783557e-01
-1.000000000000000000e+00
1.000000000000000000e+00
-1.701786044524679631e-01
1.000000000000000000e+00
2.648157987771007638e-02
-1.000000000000000000e+00
8.176964662788491767e-01
-1.000000000000000000e+00
8.420462851048646780e-01
-5.600855201824155305e-01
-6.190728422604936387e-01
1.000000000000000000e+00
-2.042389732146973058e-01
2.392241701884788574e-01
-7.015480886102600788e-01
6.461300257640677225e-02
-1.000000000000000000e+00
6.557820129224669614e-01
1.000000000000000000e+00
3.578430997874632036e-01
-5.310069119153530970e-01
-9.897046018484237928e-01
1.000000000000000000e+00
-2.202073716447591756e-02
1.000000000000000000e+00
-7.621413478990414214e-01
1.000000000000000000e+00
9.191860619155085566e-01
-1.000000000000000000e+00
1.000000000000000000e+00
-9.306742940488323956e-01
1.000000000000000000e+00
2.225003668440733440e-01
-2.887866405527265146e-01
-9.355336321740068684e-01
-5.504647676913895782e-02
7.023788629651461779e-01
-6.719618980579995793e-02
-9.894206127544362683e-01
1.000000000000000000e+00
5.179790400619370683e-01
-9.175325258228349545e-01
-1.000000000000000000e+00
5.887334365203469311e-01
-2.927218395198466494e-01
1.000000000000000000e+00
4.857939633370127464e-01
-8.089387896853742488e-01
7.295004875892751040e-01
8.115770889479700934e-01
1.000000000000000000e+00
1.000000000000000000e+00
-3.064870080658795293e-01
-5.157619711143158758e-01
2.231126841273234074e-01
-1.000000000000000000e+00
-1.000000000000000000e+00
1.000000000000000000e+00
-4.646082749371022169e-01
1.389095969650907224e-02
2.061293076023572035e-01
5.669656210627783688e-01
-6.213238356389626516e-01
4.970262383368926340e-01
-9.861635798986480017e-01
1.000000000000000000e+00
1.000000000000000000e+00
9.931357314466227049e-02
-2.063488551199220145e-01
-1.000000000000000000e+00
-3.373666074331647113e-01
-4.718490226858450542e-01
-1.000000000000000000e+00
6.069307728745064745e-01
-9.224953288806154728e-01
-3.293478264816920298e-01
8.227401360681451115e-01
-3.375246686749817093e-01
1.000000000000000000e+00
-1.000000000000000000e+00
-2.974606503112627309e-01
-4.126489180930791312e-01
-7.764402730546202669e-01
6.407518397559393009e-01
-1.000000000000000000e+00
1.000000000000000000e+00
1.000000000000000000e+00
-8.570932918409477352e-01
1.000000000000000000e+00
-1.000000000000000000e+00
9.670811034175618159e-01
1.000000000000000000e+00
9.810094559357164234e-01
-5.371106365239386449e-01
1.000000000000000000e+00
-1.000000000000000000e+00
-4.861924360455558425e-01
-8.691205366215098982e-02
-6.345517392909330034e-01
1.000000000000000000e+00
4.526423486577775546e-02
1.759654637108713227e-01
-7.080528486850732328e-01
-7.743333934191795609e-02
-1.000000000000000000e+00
-3.296890414606079567e-01
1.000000000000000000e+00
-1.000000000000000000e+00
-1.000000000000000000e+00
-1.000000000000000000e+00
1.000000000000000000e+00
5.161123037060351137e-01
-7.310578308162136718e-01
1.000000000000000000e+00
-7.472673359474309995e-01
-1.000000000000000000e+00
8.973224912139847742e-01
1.000000000000000000e+00
-2.509691585619663878e-01
-9.797261213398544832e-01
4.605454755556398494e-01
-2.434558981875780126e-01
1.000000000000000000e+00
1.000000000000000000e+00
-7.812475279484819568e-01
-5.519146164847019698e-01
2.732698907342830386e-01
-4.599547087344139085e-01
-1.621448902256852898e-01
-6.970664852129431210e-01
-1.000000000000000000e+00
-3.419683759696168779e-01
2.517835451152358739e-01
-8.753430484515841714e-01
1.000000000000000000e+00
3.049768162091742729e-01
-9.121910200504133037e-01
-8.415217319811594265e-01
3.307553896711382113e-01
2.028012447667225104e-01
-4.796010089817610011e-01
-8.558176016621757420e-02
-1.000000000000000000e+00
5.492965767898055907e-01
-1.000000000000000000e+00
-1.732856394388159749e-01
9.503377290004900724e-01
-2.388790527537544561e-01
-1.000000000000000000e+00
8.875145652818575703e-01
1.005190262264657880e-01
1.000000000000000000e+00
1.000000000000000000e+00
-4.712015064429396216e-01
-1.000000000000000000e+00
1.000000000000000000e+00
6.894329075616980607e-01
-1.000000000000000000e+00
-5.708740862127316129e-01
1.000000000000000000e+00
-7.377225321063747565e-02
-6.791532584800830108e-01
4.529470923025130658e-01
-1.231356293754374831e-01
1.000000000000000000e+00
1.000000000000000000e+00
-4.909169395290210458e-01
-2.489525578436485032e-01
1.000000000000000000e+00
-1.000000000000000000e+00
3.080824330897373176e-01
-6.644742750172013546e-01
9.918108666623113301e-01
-1.000000000000000000e+00
3.746858518386770309e-01
-1.000000000000000000e+00
1.000000000000000000e+00
8.617169989439912303e-01
8.047913138610403028e-01
-6.823299140270873142e-01
-1.000000000000000000e+00
-7.913536831827074070e-02
2.651997472929806809e-01
8.093542840136737082e-01
-4.201200555198554287e-01
8.151801281737318661e-01
7.541285237119076390e-01
4.042931656752623004e-01
1.000000000000000000e+00
-1.432653544601990570e-01
1.000000000000000000e+00
-7.175190016334811460e-01
1.000000000000000000e+00
1.601285877850516792e-02
-1.558053706780528347e-01
1.000000000000000000e+00
-1.000000000000000000e+00
1.000000000000000000e+00
7.305210959660369818e-01
6.965224791560327144e-01
1.000000000000000000e+00
1.000000000000000000e+00
7.167529724459503759e-02
-6.953415584665033622e-01
-5.973444295950073313e-01
1.000000000000000000e+00
-5.016291193667790083e-01
-1.000000000000000000e+00
-1.000000000000000000e+00
1.000000000000000000e+00
4.051573094747183412e-01
1.000000000000000000e+00
-1.000000000000000000e+00
-1.000000000000000000e+00
-7.730377703784993004e-01
-9.754997053099784265e-02
1.000000000000000000e+00
-5.543184965224114968e-01
7.432996048021838220e-01
-1.000000000000000000e+00
-1.000000000000000000e+00
-1.000000000000000000e+00
1.000000000000000000e+00
1.000000000000000000e+00
8.217463162423815914e-01
1.000000000000000000e+00
5.835802556145763820e-01
-1.000000000000000000e+00
-2.976783870965512557e-01
-9.016544525071560345e-01
6.888609130327683072e-02
-1.000000000000000000e+00
1.000000000000000000e+00
-3.750422813880046058e-01
8.276617011608172758e-03
-9.073238026238930609e-02
-1.000000000000000000e+00
9.842108645170225545e-01
-5.796453404862758063e-01
-7.389819314865576638e-01
1.000000000000000000e+00
8.954492182543506429e-01
-6.263116376309950661e-01
2.395482396167996075e-01
2.881027367605724643e-01
-4.677083284209376801e-01
-8.306249634949544047e-01
5.384045973998391466e-02
-1.516900788048925267e-02
2.283599999230656596e-02
-1.000000000000000000e+00
5.492423754156429139e-01
-8.104434428869140561e-01
4.393116794608334374e-01
1.245625364949931868e-01
-3.262967257451245828e-01
-1.000000000000000000e+00
1.000000000000000000e+00
-1.000000000000000000e+00
-1.000000000000000000e+00
-9.422736553639745605e-01
1.000000000000000000e+00
-7.454001033077054528e-01
-6.085370303472963371e-01
-4.162986448366548520e-01
-1.000000000000000000e+00
-6.889231471797273576e-01
-8.964511090517221503e-02
5.904078665145771065e-01
7.533732038755376337e-01
-3.157368471759635087e-01
7.567905099164731197e-01
-4.678033602515592193e-01
-3.478814361156361556e-01
1.000000000000000000e+00
8.253863576753545095e-01
-3.265320579272741885e-01
-1.000000000000000000e+00
6.225505538448068421e-01
-1.000000000000000000e+00
-7.149573755807975273e-02
1.408569552018918147e-01
5.921786536160641434e-01
-1.157684580204906416e-01
1.000000000000000000e+00
-1.000000000000000000e+00
-4.647424739352594703e-01
-1.000000000000000000e+00
1.000000000000000000e+00
-1.000000000000000000e+00
-3.682627929236446662e-01
1.000000000000000000e+00
-6.141892301788637321e-01
-9.439964361930170966e-01
2.400460902877216141e-01
-5.611889748522391752e-01
-9.655789640944856256e-02
5.231960720481112492e-01
1.000000000000000000e+00
-3.666298298922624488e-01
-2.056521473432022518e-01
1.648717058333232233e-01
9.237693957450422710e-03
-9.718841117735133039e-01
-5.959860266317277278e-01
-7.933490155300251256e-01
3.527771573335683475e-01
-6.076511389092920101e-01
8.671097091957709058e-01
5.533319077648591877e-01
-1.000000000000000000e+00
3.599802518784211286e-02
-1.624013098737681626e-01
2.977745142813312262e-01
5.621682617538235061e-01
-8.370878940894048714e-01
-1.000000000000000000e+00
7.775900424457157234e-01
-1.000000000000000000e+00
5.298130569873048534e-01
6.693405145186227534e-01
8.932197668307522154e-01
-1.000000000000000000e+00
-1.000000000000000000e+00
-8.017182600171974816e-01
1.000000000000000000e+00
8.704493949030748245e-01
-1.000000000000000000e+00
-7.757564381209534066e-01
-7.611026091272172778e-01
1.000000000000000000e+00
-4.810001504280049245e-01
1.000000000000000000e+00
-5.541756357369007624e-01
-1.000000000000000000e+00
-8.537480466603762919e-01
-6.465680763846051171e-01
-1.000000000000000000e+00
-2.690583651308861568e-01
-5.162499564506525251e-01
-9.589260873439271471e-01
-7.660576494158289895e-01
-9.618222412399294319e-01
2.619868027676127697e-01
-9.795877668828659735e-01
4.587291225018867991e-01
7.585665995421130292e-01
-2.454211501943229234e-01
1.000000000000000000e+00
-2.145843284068170431e-01
-4.509839186957292911e-01
6.655257565187109314e-01
8.709939970634891226e-01
1.000000000000000000e+00
-4.027919030323878768e-01
-1.000000000000000000e+00
1.000000000000000000e+00
-1.000000000000000000e+00
5.548319104176990813e-01
1.000000000000000000e+00
9.568874226449813891e-01
-1.309694217865731702e-01
2.536021681302267350e-01
1.088433152410426263e-01
-4.242987007198193439e-01
3.085759845790105871e-01
-1.000000000000000000e+00
-1.000000000000000000e+00
-4.463964913312004068e-01
-8.643836215167691184e-03
3.473469885979277860e-01
3.886872702148633230e-01
2.257584992308301064e-01
1.000000000000000000e+00
-1.000000000000000000e+00
-5.169106288357475654e-01
3.428516675695407190e-01
-5.486916431549797579e-01
9.712084650011597597e-01
-4.001196585456817112e-01
3.872487235695740160e-01
1.000000000000000000e+00
-2.200974556091396528e-01
5.665715038156051708e-01
3.256189840927906642e-01
3.348173508138493903e-02
-8.543221731914476536e-01
-4.437118716846686906e-01
1.000000000000000000e+00
1.348173512917183459e-02
6.661714823012425402e-02
-1.000000000000000000e+00
-9.221559593467929528e-01
5.732104529713044627e-01
-1.000000000000000000e+00
6.638965987232614552e-01
9.994928717165656451e-01
2.349462436431060119e-02
1.000000000000000000e+00
6.204112275342030247e-02
-3.680696911533943849e-01
7.499217483279128071e-01
1.000000000000000000e+00
1.000000000000000000e+00
5.139086852004394190e-01
1.000000000000000000e+00
1.000000000000000000e+00
8.356054824756321553e-01
1.669725113875014655e-01
6.540369173904211353e-01
2.662254228044387550e-02
7.199899279629229376e-01
-8.541058760626385471e-03
1.946654967845496409e-01
3.590976951775862874e-02
6.143778155810366570e-01
-1.941963500326744918e-01
-1.698889653336915773e-01
1.000000000000000000e+00
7.766935840135344438e-02
-1.000000000000000000e+00
-4.869082745108613969e-02
3.675038928539206551e-01
1.000000000000000000e+00
-1.000000000000000000e+00
1.127338476347843343e-01
-1.000000000000000000e+00
9.710992575864388909e-01
1.000000000000000000e+00
-6.248733063109188635e-01
-9.232254124123416839e-01
2.381421115511866970e-01
-4.863283831718118178e-02
1.000000000000000000e+00
1.830534499899582057e-01
1.000000000000000000e+00
8.496612049730283278e-01
-2.497930182977801672e-01
8.605914779359415956e-01
3.029019358030790032e-01
-9.158117176864630782e-01
4.132185496866442875e-01
-4.314128997567006074e-01
9.526987241614104374e-01
4.824250347490277591e-02
-1.000000000000000000e+00
6.113786889807817371e-01
9.860407357926993521e-01
-4.877045143530556737e-01
-1.000000000000000000e+00
-1.000000000000000000e+00
1.000000000000000000e+00
-3.278624288183445423e-01
4.772360355160221168e-02
2.248806883719868810e-01
3.764198685448675308e-01
8.170223858583010035e-01
-6.218016358080757922e-01
1.000000000000000000e+00
1.000000000000000000e+00
5.699550245808792104e-01
7.457244808895890920e-01
-1.000000000000000000e+00
1.000000000000000000e+00
-1.000000000000000000e+00
-8.472308297016164502e-01
-1.000000000000000000e+00
-5.998419380143223956e-01
-4.113522100989715213e-02
1.000000000000000000e+00
-1.000000000000000000e+00
-9.526667158630302001e-01
3.674626836065279512e-01
-1.304137073313343109e-01
2.642932825366872129e-01
2.949528329710661700e-01
8.156562297591939403e-01
-3.447891824388632509e-01
-8.927535030916949887e-01
-1.000000000000000000e+00
6.132063052670324588e-01
-8.792398503853880998e-01
8.937181287563401577e-01
-9.275227676504580465e-01
1.804012484377120196e-01
-1.000000000000000000e+00
-5.651446154410294520e-02
1.000000000000000000e+00
5.879298168950828352e-01
-1.000000000000000000e+00
-1.101592467238773354e-01
4.583499327793988387e-02
-7.394446621841266332e-01
1.000000000000000000e+00
9.910360710803933770e-01
2.687650673825272007e-01
1.000000000000000000e+00
-1.000000000000000000e+00
-4.125020145794466297e-01
7.471782958736697955e-01
1.000000000000000000e+00
7.805385009594392187e-01
3.028664516498801307e-01
-1.000000000000000000e+00
1.000000000000000000e+00
9.862965855537180193e-01
1.000000000000000000e+00
7.824495671430790056e-01
-1.000000000000000000e+00
-6.574591341732101135e-01
8.180850089619079446e-01
1.000000000000000000e+00
6.968034864676102558e-01
-3.437123330800673227e-01
1.000000000000000000e+00
1.000000000000000000e+00
1.000000000000000000e+00
-3.133636051003593215e-01
1.000000000000000000e+00
4.710825215590945803e-01
-1.000000000000000000e+00
4.050296862445250667e-01
1.404622741653039908e-01
-2.872512959685747380e-01
3.376087433706734808e-01
3.294630484646259294e-01
1.000000000000000000e+00
7.040813459903440263e-02
-5.015528756010426692e-01
2.994245749916136790e-01
-6.980493242035540336e-01
1.000000000000000000e+00
2.275037928783471830e-01
-6.767494873011179468e-01
5.802882562690656609e-01
-1.000000000000000000e+00
-4.439151389778631662e-01
1.000000000000000000e+00
8.314930576699171016e-01
1.184206904382697212e-01
-1.000000000000000000e+00
6.201114595678582919e-01
3.677950790937294934e-01
-1.844188028247356614e-01
2.863626144458156775e-01
-2.503778640296919211e-01
-6.839991315906811531e-01
1.976062036526340659e-01
-3.343090668886273820e-01
-7.570531217311818883e-01
-2.876599236380852909e-01
2.058017944557176682e-01
-9.327874052215701095e-02
-1.000000000000000000e+00
1.000000000000000000e+00
5.706405876116732445e-01
-1.000000000000000000e+00
-1.000000000000000000e+00
7.218030518346011393e-01
-3.630063015055301490e-01
4.410074594495979605e-01
-7.373408621148319630e-01
1.302041053459335740e-01
1.000000000000000000e+00
-2.514529873717643027e-01
-1.000000000000000000e+00
-1.977505716906727828e-01
1.000000000000000000e+00
-2.893767658476485982e-01
-7.569726972628553208e-01
1.000000000000000000e+00
2.993644581522473258e-01
1.000000000000000000e+00
-2.011897898858303058e-02
-2.742396037743153880e-01
6.352298918197640809e-01
1.651700464968567372e-01
1.462236119530627154e-01
-8.835289345717450837e-02
1.000000000000000000e+00
-1.000000000000000000e+00
1.370703921937103942e-01
-1.000000000000000000e+00
2.162450724148186620e-01
6.526676405636511191e-01
-6.138094826386568392e-02
1.000000000000000000e+00
-1.000000000000000000e+00
1.000000000000000000e+00
-7.730063458317716352e-01
-8.564098755528393170e-01
-1.000000000000000000e+00
-1.000000000000000000e+00
5.774119825197643330e-01
-1.000000000000000000e+00
-1.694121311355189508e-01
-6.451610681181239038e-01
-4.280505313331389727e-01
-1.000000000000000000e+00
-6.836634609604244073e-01
1.407755450085775295e-01
-5.570757942274625618e-01
1.297723517024407802e-01
6.121332030859436557e-01
5.372176842100460092e-01
-1.000000000000000000e+00
-1.000000000000000000e+00
-5.276786144360352537e-01
3.565859963154987544e-01
-6.360959015249429971e-01
-1.000000000000000000e+00
5.096159084938105960e-02
-3.263048076571612999e-01
8.595183694262098495e-02
8.493560735717159416e-02
1.000000000000000000e+00
1.430783810256707478e-01
2.771990401250520319e-01
1.000000000000000000e+00
-3.310271715727163278e-01
4.336517740839621604e-01
6.523380551231153790e-01
1.000000000000000000e+00
8.832073453152389231e-01
1.000000000000000000e+00
1.272353021637070425e-01
4.672845191932244457e-01
1.281267749141254131e-01
2.812627508786316177e-01
-1.585623028243079990e-01
2.949051623824787693e-01
-7.629456999610817469e-01
4.319053780452328239e-01
1.000000000000000000e+00
-4.703337453234485155e-01
-3.862826500166201549e-01
1.000000000000000000e+00
-1.000000000000000000e+00
-2.356831585388400319e-01
6.134834657161104543e-01
-2.970653297387166325e-01
2.993510857101526756e-01
9.964728441466230713e-01
-1.000000000000000000e+00
1.000000000000000000e+00
-9.738041389159597383e-01
-6.707538861189123180e-02
-6.176896223295039179e-02
4.765565230109141681e-01
4.226300541705845792e-01
3.416437268361909307e-01
1.000000000000000000e+00
1.000000000000000000e+00
-1.000000000000000000e+00
-4.040755731853913624e-02
9.960534720343501291e-01
4.225460856538479915e-01
-2.802180950073586141e-01
-1.000000000000000000e+00
-1.000000000000000000e+00
-1.000000000000000000e+00
-9.833013277722241208e-02
-1.043904699367174393e-01
-7.876431199685378637e-01
8.788096507963729653e-01
-1.000000000000000000e+00
9.138637852809252671e-01
-4.367798020380526669e-01
3.703186616340784498e-01
-1.890816845813138025e-01
4.030347474302058974e-01
-5.755339553192434510e-01
1.000000000000000000e+00
-5.570016755435591715e-01
2.662297291910224739e-02
-1.000000000000000000e+00
-4.300104018466806011e-01
-5.868097693684521943e-01
4.499317804494431389e-02
1.041496573095117978e-01
-5.595432171588070602e-01
-2.554360506706311873e-01
-4.920267013971267867e-01
-1.282619674513734154e-01
-1.823023271044255655e-01
-8.337977989356326614e-01
-1.000000000000000000e+00
1.000000000000000000e+00
-1.000000000000000000e+00
7.139746663571570062e-01
-4.182956075549423836e-02
1.000000000000000000e+00
-6.306175995335516760e-01
-4.756630441697048961e-01
5.649288745967573355e-01
9.882848043446537112e-01
-3.402312053736018110e-02
-1.534385474636031921e-01
7.752551140942457453e-01
1.000000000000000000e+00
8.499466180630421697e-01
-1.756042582496790683e-01
-9.351775883807338374e-01
9.639659937940652235e-01
-1.000000000000000000e+00
6.357261403844860492e-01
-2.319015775036691318e-01
5.003080012224694340e-01
-1.000000000000000000e+00
2.734514765344397413e-01
2.299264752751239982e-01
-1.000000000000000000e+00
-1.000000000000000000e+00
1.219133322211668480e-01
9.633965487104690917e-01
1.000000000000000000e+00
-4.153676070525349484e-01
9.246339187507435220e-01
-1.000000000000000000e+00
-3.243481658675957946e-01
-2.713544508658994880e-01
1.000000000000000000e+00
-7.782222176379117728e-01
-1.000000000000000000e+00
-1.615517694209830379e-01
3.843518183965190516e-01
5.524108235409959100e-01
-1.000000000000000000e+00
8.568400373394389202e-01
-1.000000000000000000e+00
-4.089234870858552418e-01
9.954285291943539837e-01
-4.899790230053295281e-01
4.858865934796856023e-01
-1.000000000000000000e+00
7.435084442011394290e-02
-7.171531756421634096e-01
6.750896931958845215e-01
5.832646141965106695e-02
5.894444751253790082e-01
-3.880631262748484578e-01
-1.000000000000000000e+00
1.000000000000000000e+00
-1.000000000000000000e+00
-5.576690501955211543e-01
-4.908733139790936173e-01
-1.000000000000000000e+00
-9.338144766218277049e-01
-1.000000000000000000e+00
1.000000000000000000e+00
-6.813469047534478351e-01
1.000000000000000000e+00
1.000000000000000000e+00
1.675401465941167567e-02
6.719134521979217567e-01
-1.000000000000000000e+00
-7.330552447371497804e-01
-3.020071549059308302e-01
-3.347785358039616632e-01
5.025561319546926198e-01
3.162936566075838507e-01
9.247199400436647565e-01
7.257981057697602267e-01
-4.032900315088092658e-01
6.011262236474380627e-01
3.247946022556957857e-01
-1.000000000000000000e+00
-1.000000000000000000e+00
2.806152887022312914e-01
9.766417661604028799e-01
-1.000000000000000000e+00
1.000000000000000000e+00
-6.819547453398971948e-01
-1.000000000000000000e+00
2.472295202619592680e-01
2.624754843246626668e-01
-9.352270677233036622e-01
1.175884523459359843e-02
-7.172918444808802363e-01
7.525639460489152999e-01
-7.906913188138595672e-01
8.712442778576473534e-01
-7.354602560565194347e-01
6.464951821425902745e-01
-1.000000000000000000e+00
5.894221296959061274e-01
-9.806692910754671866e-01
1.783448512011835130e-01
-1.000000000000000000e+00
-1.000000000000000000e+00
9.538762665302409349e-01
-1.000000000000000000e+00
8.138857386897189183e-01
2.614830865365876944e-01
-2.310654832016997562e-01
-8.100254863252401849e-01
1.401257860921500953e-01
7.932655109662598569e-01
-1.000000000000000000e+00
8.972215695123527679e-01
1.000000000000000000e+00
-1.000000000000000000e+00
-3.038276293516175008e-01
1.000000000000000000e+00
1.000000000000000000e+00
7.539343496486603513e-01
-9.150872651872956620e-01
-1.000000000000000000e+00
1.000000000000000000e+00
9.178114823009120293e-01
1.777858765925503515e-01
-1.000000000000000000e+00
-1.000000000000000000e+00
1.000000000000000000e+00
9.840024834973511159e-02
-5.801373093519817115e-01
-1.991139546238673286e-01
4.866563224154005773e-01
1.000000000000000000e+00
-1.000000000000000000e+00
-8.848980085295959919e-01
-1.000000000000000000e+00
1.191509651791794466e-03
1.000000000000000000e+00
-1.000000000000000000e+00
9.553575023703496649e-01
2.551464691312689825e-01
1.000000000000000000e+00
5.522283083769550238e-01
-8.077751516727862402e-01
1.000000000000000000e+00
6.104135011205533701e-01
1.005977440390356803e-01
7.238322003632097212e-01
4.885465642554209786e-01
3.046228570178549644e-01
-5.509322086981229827e-01
1.000000000000000000e+00
-2.183171278740845545e-01
-1.131509550458656421e-02
5.161345363799151043e-02
8.207975155786724208e-01
1.000000000000000000e+00
-1.000000000000000000e+00
-4.550223455771942871e-01
1.000000000000000000e+00
3.942484582534804272e-01
5.829963927472303631e-01
2.769379453579408068e-01
-5.278976696208170782e-01
-1.626960642528114120e-01
-1.000000000000000000e+00
7.779991897746720841e-01
1.000000000000000000e+00
1.000000000000000000e+00
-6.237260815138367942e-01
-8.542914028802108817e-01
-1.000000000000000000e+00
1.000000000000000000e+00
1.000000000000000000e+00
9.283968751750963921e-01
-1.925054151780120071e-01
4.019148444459036407e-02
-6.238526002243092172e-01
-6.409794076715029376e-02
-1.000000000000000000e+00
9.373870875161862681e-01
2.932334548769660598e-01
-8.066404832375910772e-01
3.030112808506890132e-01
-1.000000000000000000e+00
7.236068119462547577e-01
4.761752132261484194e-01
-7.266316766280382922e-01
6.408493186063544123e-01
-6.532213305613884247e-01
-2.532089385766551626e-01
6.374921570353786482e-02
1.359210182462713412e-01
3.825403007341421913e-01
-8.978170685032688114e-01
-1.000000000000000000e+00
1.000000000000000000e+00
-1.000000000000000000e+00
4.637697678197462425e-02
-1.000000000000000000e+00
-3.796381866741096456e-01
4.302762633844894880e-01
1.850115612944799870e-02
-8.028329348063432125e-01
3.130222578783589116e-01
-1.000000000000000000e+00
6.831016193591461505e-01
2.866968771292351947e-01
5.169771580060555927e-01
-5.856456943764795642e-02
-9.718277481712358501e-01
8.124962986284476330e-01
-1.000000000000000000e+00
-8.344303741329249791e-01
-5.774574541665783434e-01
1.849757402388067795e-03
-2.276981794065432163e-01
9.296486268893461302e-01
-4.704787108339436585e-01
1.000000000000000000e+00
1.000000000000000000e+00
7.363550193144945410e-01
-6.766196596795533980e-01
8.052327224754388668e-01
1.000000000000000000e+00
-1.000000000000000000e+00
1.270121616401038989e-01
-1.880683657257567198e-01
4.802134720240217036e-01
2.784336916048053001e-01
1.000000000000000000e+00
-8.275396756776201013e-01
-1.000000000000000000e+00
8.676393585265581576e-01
-7.824372679803057729e-01
-1.000000000000000000e+00
1.428326884303058597e-01
-2.997099428454491066e-01
1.000000000000000000e+00
3.576731049025423381e-01
5.999490888887213380e-01
-1.000000000000000000e+00
1.541930894778256178e-01
-2.691779292278525526e-01
5.443158481306753504e-01
-9.892163569816028179e-01
5.621041526715767622e-01
1.000000000000000000e+00
6.669895340991751631e-01
2.915390661376431325e-01
-1.136636865307566191e-01
-4.805622746919890886e-01
-1.000000000000000000e+00
-3.240161598488984773e-01
-4.660898292475939009e-01
-1.000000000000000000e+00
-1.000000000000000000e+00
4.502083154010889654e-01
1.000000000000000000e+00
-1.053726568239827799e-01
1.104858590829710385e-02
-3.501080398947216121e-01
-5.936110960627812017e-02
3.730980741348329799e-01
4.861419162840413533e-01
-1.000000000000000000e+00
-1.000000000000000000e+00
-1.931701297466369427e-01
-1.000000000000000000e+00
1.097736925752401116e-01
-2.217686715081919613e-01
5.208494071308624740e-01
-8.935905680545794816e-01
9.556226222556067906e-01
1.000000000000000000e+00
-6.789001286012790182e-01
9.144875503144962448e-01
1.000000000000000000e+00
7.312649687772860840e-01
-1.000000000000000000e+00
1.576774235121467527e-01
7.619381342361174481e-01
1.435085261366150222e-01
-1.000000000000000000e+00
-1.000000000000000000e+00
-7.351800471713069995e-02
1.000000000000000000e+00
-6.751624204357120629e-01
-2.272371976541098237e-01
1.000000000000000000e+00
-2.324607666398885442e-01
-1.000000000000000000e+00
1.233670536558978958e-01
-8.427083226668184990e-01
-1.739346851921839687e-01
-1.000000000000000000e+00
8.780262218174955668e-01
-1.000000000000000000e+00
7.850657148444991629e-01
6.287972447351144467e-01
-1.000000000000000000e+00
1.000000000000000000e+00
1.000000000000000000e+00
6.674182474035650348e-01
-3.240376920117893911e-01
1.000000000000000000e+00
4.789873569144283416e-01
-9.533947920377370266e-01
2.187482432149370770e-01
1.614226977193423673e-01
-1.000000000000000000e+00
1.000000000000000000e+00
-8.720351135597964598e-01
-3.344210621823235918e-01
-6.517402284337892038e-02
1.000000000000000000e+00
-2.393705967897581943e-01
-1.000000000000000000e+00
1.000000000000000000e+00
7.345463689230971038e-01
-1.000000000000000000e+00
7.765689130627052572e-01
5.036741520587368903e-01
-1.716720071200992792e-01
5.566300135424137596e-02
-1.000000000000000000e+00
-1.620054536491996877e-01
-3.012192876609101067e-01
-1.000000000000000000e+00
2.159293003726024673e-02
1.000000000000000000e+00
1.000000000000000000e+00
8.311315774190808359e-03
4.497632766506436397e-01
7.103120842460691753e-02
-3.366978396285316144e-01
1.000000000000000000e+00
-7.564203439658939709e-01
-3.016648652635765537e-01
1.000000000000000000e+00
-4.871539158941883274e-01
8.806085283908265948e-01
-1.648276632124412167e-01
-6.254094094692337347e-01
1.000000000000000000e+00
1.000000000000000000e+00
4.729614017326971287e-01
-1.000000000000000000e+00
-6.783904587831666166e-01
8.946503756599644142e-01
1.000000000000000000e+00
-6.563443347473841838e-01
5.810531285127912282e-01
-1.778188750441646593e-01
-9.008635455534038661e-01
4.657415670067307500e-01
-9.006420166423987350e-01
8.154047491528556568e-01
-2.452670522355176741e-01
-9.660836634578084947e-01
1.000000000000000000e+00
6.371429289213048630e-01
5.281254371750038201e-01
1.000000000000000000e+00
8.592424474983568761e-01
-9.234769692301472155e-01
-1.000000000000000000e+00
-1.000000000000000000e+00
1.000000000000000000e+00
4.963851135644237189e-01
4.315180251836261971e-01
1.123131649222831596e-01
9.022933623993089070e-01
1.000000000000000000e+00
9.274601488723679399e-01
1.000000000000000000e+00
-1.000000000000000000e+00
8.182073535892460114e-01
-6.661759736197082615e-01
3.152880741476499216e-01
-8.553578683848520048e-02
6.942802760688302488e-01
-2.285966537433192780e-01
1.793347548540660530e-01
-6.373643576215053397e-01
1.145253540801782488e-01
6.038336102062511479e-01
-5.185761308450813623e-01
-6.396191589965901647e-01
-8.092079591440688446e-01
-1.000000000000000000e+00
1.000000000000000000e+00
-3.292767834164431195e-01
-1.678835342077225345e-01
-9.307155135495834841e-01
-2.605229793177337716e-01
-5.596803122030380440e-02
8.872510002898189585e-01
-2.972911645207858555e-01
-1.000000000000000000e+00
-1.233974674960864326e-01
-2.278511574619354607e-01
1.000000000000000000e+00
5.172823667510710877e-01
-1.000000000000000000e+00
-4.181565560302019646e-01
-1.000000000000000000e+00
-7.330956740412210015e-01
-2.812970389727127429e-01
-4.569310116225804852e-01
-1.981634511712349889e-01
9.990165280089622346e-01
-1.000000000000000000e+00
-4.086190675399151706e-01
-1.000000000000000000e+00
7.411743735977681657e-01
-1.000000000000000000e+00
-7.284871915138718679e-01
5.721415722692813066e-01
7.637834334977035011e-01
-2.384105368606814490e-01
1.000000000000000000e+00
3.317423640023275944e-02
8.780502712816239397e-01
6.181055676003699428e-01
2.880100628723131773e-01
1.000000000000000000e+00
6.989216985207021837e-01
-1.000000000000000000e+00
1.000000000000000000e+00
-3.006203153491054936e-01
1.000000000000000000e+00
-7.001696860581529958e-01
-2.510386374072026139e-01
-1.000000000000000000e+00
-1.000000000000000000e+00
-3.751778415177441373e-01
8.497254513418310840e-01
-3.849406217242795636e-01
-5.682823095127231133e-02
3.719900271408005388e-03
-5.396248506254455179e-01
7.390497657575842982e-01
-9.746650933168359288e-01
4.474694915156093855e-01
-1.425597492405776823e-01
6.040909341538136523e-01
7.502173121975271863e-01
1.000000000000000000e+00
6.651726852108866828e-01
1.000000000000000000e+00
-7.290061877395948020e-01
6.819705027319360457e-01
-1.250606063352369679e-01
1.000000000000000000e+00
1.000000000000000000e+00
1.000000000000000000e+00
2.596206458322448118e-01
6.371340399846847635e-02
5.826667010054742413e-02
-1.000000000000000000e+00
1.000000000000000000e+00
-5.808925276625379608e-01
8.204428061214181778e-01
-2.080515091457571797e-01
-8.595171963000095561e-01
7.677102590951190297e-02
1.000000000000000000e+00
8.595936188554047508e-01
8.681425608012972583e-01
-1.000000000000000000e+00
-7.421033028774701723e-01
4.487534354189667285e-01
7.975475719583623446e-01
4.844962035758400010e-01
1.000000000000000000e+00
1.000000000000000000e+00
3.650937036884301934e-01
-1.000000000000000000e+00
1.025577878359775902e-01
-7.998275765798308345e-01
3.780852218861561753e-01
6.036518325703974508e-01
1.000000000000000000e+00
-1.000000000000000000e+00
-1.000000000000000000e+00
1.915683903759170525e-01
-8.136547018486478544e-02
-1.000000000000000000e+00
-5.361640832379640370e-02
5.042009656256191130e-02
-3.296191441146721912e-01
-3.285680155680934522e-01
-3.057268192930238104e-01
-1.000000000000000000e+00
-2.762706517404972528e-01
-1.000000000000000000e+00
9.967541476552213009e-01
9.202305373326860050e-01
3.969948253551637274e-01
1.728515385553178463e-01
-7.325516500173414602e-01
-1.000000000000000000e+00
8.118350748051375021e-01
6.703469003357022116e-01
-1.984858089254861180e-01
-4.631575771208036318e-01
-1.000000000000000000e+00
3.907845713759078299e-01
-9.769879169581299205e-01
-8.677702799746898066e-01
-8.571075097238629592e-01
-1.869332673016248225e-02
4.150352553538758649e-01
-7.824049840355213892e-01
-2.024078099772943506e-01
6.390041784776812062e-02
-8.794830258716538340e-01
1.000000000000000000e+00
3.019119034928290923e-01
4.195962455182830064e-01
-7.146668899742754100e-01
1.000000000000000000e+00
-6.076443868458479836e-01
-1.636008427259136311e-01
8.159518645851167040e-01
-8.518517072424713898e-01
4.624886075575092015e-01
-6.936524129045331666e-01
-1.000000000000000000e+00
-6.696605874030286953e-02
-4.897008871756025616e-01
-5.145261537231584636e-01
8.485521974206311491e-01
5.106520820696255347e-01
4.117957926256257117e-01
3.183440156142362809e-02
-1.000000000000000000e+00
-1.000000000000000000e+00
-1.000000000000000000e+00
1.000000000000000000e+00
-1.000000000000000000e+00
4.211348170777061695e-01
2.435653476070547274e-01
-1.771067483203891679e-01
-1.296779009305023822e-01
-1.000000000000000000e+00
-7.713033034503540275e-01
4.451599707617073798e-01
6.916107774815487552e-01
2.855608347432732619e-01
4.973292938169847632e-01
-4.442782839202333856e-01
9.807170841372867542e-01
1.000000000000000000e+00
6.204558930631254299e-01
-8.692415831809663374e-01
-1.193398636346998387e-02
1.000000000000000000e+00
-1.637720405299153692e-01
3.357199906386582056e-01
-1.000000000000000000e+00
-1.000000000000000000e+00
-1.257762638474671235e-01
5.409952026551021476e-01
-3.025102367180173002e-01
-4.566840693979734023e-01
7.473557463342890284e-01
1.000000000000000000e+00
-7.412304422309146101e-01
9.247636423404357320e-01
-1.000000000000000000e+00
1.000000000000000000e+00
2.395908898194105685e-01
1.000000000000000000e+00
6.699286871115378572e-01
-6.718021967118203985e-02
1.000000000000000000e+00
1.618593431221592160e-01
-6.203599796191503479e-01
1.000000000000000000e+00
1.260765983049944305e-01
-9.938125051447803393e-02
1.412915261402483413e-01
-1.000000000000000000e+00
5.156788925646618171e-01
-4.959994857419027237e-01
1.000000000000000000e+00
1.853834049236885162e-01
4.348931598635124574e-01
1.730902851566691325e-01
1.000000000000000000e+00
-3.418418823645708038e-01
-1.000000000000000000e+00
-5.406624993352810993e-01
-1.000000000000000000e+00
5.903860011540981723e-02
1.000000000000000000e+00
1.000000000000000000e+00
2.335840901101441658e-01
1.000000000000000000e+00
2.131877770202603162e-01
5.397741299915781443e-01
8.945083797946953297e-01
-1.739488426160922807e-01
-4.687243719222202731e-01
-3.583823363521329575e-01
-7.267278651885972218e-01
8.997880333983180323e-01
-1.000000000000000000e+00
-7.475501725483488791e-01
-1.000000000000000000e+00
-5.004670757232200229e-01
-3.657278312737293202e-01
1.000000000000000000e+00
1.000000000000000000e+00
6.292476789048954133e-01
5.916876342322987398e-02
-5.601301077639003756e-01
1.313037411070055727e-01
-9.720782552309485958e-01
3.228951713220964415e-01
-4.254235599604899720e-02
6.801586218870896150e-02
2.035106128772362077e-01
3.018625281898283386e-01
4.773951122251055557e-01
-4.655067740063672521e-01
-1.000000000000000000e+00
6.035347239523580765e-01
-7.688666912093060635e-01
-1.000000000000000000e+00
1.000000000000000000e+00
-7.550147698266386209e-01
-6.007821169299480957e-01
2.182127962222763229e-01
8.015995540984511836e-01
-1.515515848620081485e-01
8.968355899494769856e-01
7.656840585365064233e-02
4.657079206458104581e-01
-8.585375369829432168e-01
1.000000000000000000e+00
1.000000000000000000e+00
-3.498889431790231930e-01
-1.000000000000000000e+00
2.804280094480263164e-01
-2.029190172971017114e-01
8.623032680933651051e-01
-1.257779105602802039e-02
2.516427629177002134e-01
-3.697183124526711717e-01
-1.000000000000000000e+00
5.204316237229462683e-01
7.193597461981796060e-03
4.915285131852267786e-02
-9.703154742359756391e-01
1.000000000000000000e+00
8.699854675794878034e-01
1.000000000000000000e+00
4.205638169187140840e-01
1.000000000000000000e+00
-2.030746430773344158e-01
-3.532633754624490696e-01
1.727152992529262798e-02
-4.002195561191385087e-02
-1.000000000000000000e+00
-4.896271207749497978e-01
-7.263662554673638860e-01
-7.963662492819164607e-01
9.640561477931779422e-01
-1.000000000000000000e+00
-2.162166358370132269e-04
-1.000000000000000000e+00
4.587535268056546767e-01
5.153569556368862159e-01
-6.736282310286836328e-01
8.412561120920473146e-01
5.211920904210811667e-01
1.000000000000000000e+00
1.000000000000000000e+00
2.202793755226856720e-01
1.000000000000000000e+00
3.488351057014816431e-02
-2.345994793723964744e-01
1.000000000000000000e+00
5.279441407313562040e-01
3.273047250023412569e-01
-1.622810309091947123e-01
1.000000000000000000e+00
-9.226329148202504493e-01
-1.000000000000000000e+00
1.000000000000000000e+00
-1.886872415195311736e-01
-3.216571315497817052e-01
3.277107704214969885e-01
1.359354235916641618e-01
1.423304929007786490e-01
-1.000000000000000000e+00
-4.637439122297312144e-01
1.000000000000000000e+00
-8.067614758316803414e-01
1.000000000000000000e+00
-1.000000000000000000e+00
1.000000000000000000e+00
-6.941551267425288829e-01
1.000000000000000000e+00
-5.481060544516469513e-01
1.000000000000000000e+00
3.753289784661492101e-01
-1.000000000000000000e+00
4.670370854408446570e-01
8.951539097101520737e-01
5.231146199513806438e-01
-1.000000000000000000e+00
-3.541340450632500803e-01
1.290968380589940789e-02
1.000000000000000000e+00
7.226324687444379835e-01
4.828869524776983058e-01
6.714423750629348042e-01
-2.974628562929998998e-01
-6.497713423246922471e-01
-7.647315587678635840e-01
-7.088673708742554425e-01
2.933248462113556831e-01
6.309775185624250105e-01
6.368514156449308627e-01
-1.000000000000000000e+00
5.898394326154668965e-01
1.000000000000000000e+00
9.477201277567406379e-01
-1.000000000000000000e+00
2.082612232437002775e-01
5.625548461459469740e-01
1.000000000000000000e+00
-1.517438145699158136e-01
1.000000000000000000e+00
5.414837277663880899e-01
-1.000000000000000000e+00
3.520607446206120983e-01
-7.595226371477418192e-01
-1.000000000000000000e+00
-2.651061695581757860e-01
1.000000000000000000e+00
1.000000000000000000e+00
-7.943404159273298459e-01
1.000000000000000000e+00
-1.000000000000000000e+00
1.000000000000000000e+00
-1.000000000000000000e+00
1.000000000000000000e+00
3.551286242678061700e-01
-1.000000000000000000e+00
1.000000000000000000e+00
-5.237519858928081362e-01
-2.892180326466597950e-03
3.103875581377194548e-01
-1.443990714620899118e-01
4.278092182590317871e-02
5.450680391188136298e-01
6.477334265390880530e-01
1.000000000000000000e+00
7.727950443190030327e-01
1.000000000000000000e+00
5.370237993499364926e-01
2.724663798300995809e-01
-4.208129913320624027e-01
-2.737327827444875350e-01
6.095882705830075743e-01
-1.000000000000000000e+00
-3.322592489992678977e-01
1.000000000000000000e+00
8.264084586969547841e-01
-2.570045595137735450e-01
3.191324632521787552e-01
-1.641863489340282811e-01
1.000000000000000000e+00
5.156220777549812562e-01
-1.000000000000000000e+00
-4.835454919323944889e-02
-1.000000000000000000e+00
1.000000000000000000e+00
1.402001434130696611e-01
4.912803063820101457e-01
-9.428494542506042908e-01
1.000000000000000000e+00
-1.000000000000000000e+00
-2.380903026616959517e-02
-5.095917024253626693e-02
1.000000000000000000e+00
9.167672955882673058e-01
-2.096297290407781178e-01
-1.000000000000000000e+00
9.082219322521747351e-01
-1.000000000000000000e+00
-1.594878197889333660e-01
-1.000000000000000000e+00
1.244448959575747415e-03
-1.000000000000000000e+00
-1.000000000000000000e+00
6.927811100774780573e-02
4.079975162223783980e-01
-2.275164828588935872e-01
-4.438020086177089096e-01
-4.713793705456230110e-01
4.374925159865030722e-01
4.884380994016205291e-01
4.648261012881059195e-01
2.209328236738253293e-01
6.080353096848194472e-01
1.000000000000000000e+00
-5.064005137568672321e-01
-7.849204495576003193e-01
8.522878287466313374e-01
9.522151146051747173e-01
-1.000000000000000000e+00
-9.825614951258260232e-02
-4.135054987697676099e-01
2.367355602075772447e-01
1.000000000000000000e+00
1.000000000000000000e+00
1.000000000000000000e+00
1.000000000000000000e+00
2.360650129034391198e-01
-7.545478265541905039e-01
-3.626817311737851601e-01
1.000000000000000000e+00
6.153115641938242120e-02
4.192752446894022489e-01
6.115287531411706112e-01
-1.000000000000000000e+00
5.003737422450990069e-01
-1.000000000000000000e+00
8.987214690854358201e-01
1.000000000000000000e+00
-3.335064051436438248e-01
-1.000000000000000000e+00
1.000000000000000000e+00
-9.831629078548848044e-01
7.796190428215790114e-01
-8.558908138655090259e-01
8.112263835413360269e-01
5.611431609324457614e-01
-3.444416950137015876e-01
1.000000000000000000e+00
7.780334127502003261e-01
-1.000000000000000000e+00
-2.425340413010529939e-01
-1.000000000000000000e+00
-2.214172053613862046e-01
-3.810052300666432190e-01
-1.000000000000000000e+00
-7.427644927993458657e-01
-6.738572288957973555e-01
6.707710819175329853e-01
-1.000000000000000000e+00
1.000000000000000000e+00
4.562833360210691303e-01
-3.375573076284295038e-01
-1.000000000000000000e+00
7.775333211520685239e-01
-6.003969006620950288e-02
4.900744808409365216e-01
-8.906131867185229645e-01
-1.000000000000000000e+00
-7.961200586297525472e-01
7.830301778544916935e-01
2.560472301053782762e-01
-9.762383208121390155e-01
-7.322372235457711431e-01
1.000000000000000000e+00
-4.041630152077053673e-01
1.192493106563248251e-01
-4.648247816769975893e-01
-9.258965076962259733e-02
-1.000000000000000000e+00
1.000000000000000000e+00
1.000000000000000000e+00
7.250322479967015177e-01
2.882494961911358233e-01
-3.988126165061166573e-01
-8.088428590322883638e-01
-1.000000000000000000e+00
-4.951008786797739258e-01
-1.000000000000000000e+00
-9.303585161629889244e-01
-8.787541338791335921e-01
-1.520583026111198000e-01
9.871893759569089211e-01
6.289029285099180244e-01
-1.000000000000000000e+00
-1.009148496520640009e-01
1.000000000000000000e+00
-1.000000000000000000e+00
-8.207876966045698497e-01
-1.000000000000000000e+00
1.731539501725052055e-01
-1.936030683671369212e-01
-1.000000000000000000e+00
-1.000000000000000000e+00
-3.014488877817347312e-01
9.412632281776023291e-01
-3.710719316506335685e-01
1.000000000000000000e+00
1.000000000000000000e+00
-1.000000000000000000e+00
8.196627644160643378e-01
5.950572634523564330e-01
4.954560692013200152e-01
-1.298378075813545196e-01
-2.162512915517575962e-01
-1.000000000000000000e+00
2.909192018971541449e-01
1.000000000000000000e+00
1.000000000000000000e+00
4.636002444906292541e-01
-4.969006018397680302e-01
1.000000000000000000e+00
-3.308308855536171711e-01
-1.000000000000000000e+00
1.000000000000000000e+00
7.000397933546724794e-01
6.401198774606201569e-01
-6.300989920526054444e-01
-7.254131310117903908e-01
-1.000000000000000000e+00
7.688873720998627981e-01
1.000000000000000000e+00
1.000000000000000000e+00
-4.406138678554431115e-02
-1.000000000000000000e+00
2.284043802438229243e-01
-6.891506353729641710e-01
-5.885777505657929787e-01
4.740061941095422005e-01
-8.155860589768302304e-01
-1.000000000000000000e+00
7.760475603309294756e-01
-6.976287518727731785e-01
6.515618987379795390e-01
1.000000000000000000e+00
1.000000000000000000e+00
8.006845559397554046e-01
-7.087840285569159127e-01
-1.000000000000000000e+00
8.048297402303035142e-01
1.000000000000000000e+00
-1.000000000000000000e+00
1.000000000000000000e+00
-1.000000000000000000e+00
-1.000000000000000000e+00
3.786016788705438008e-01
9.888962738315765222e-02
-1.000000000000000000e+00
-1.765676535235372047e-02
-1.000000000000000000e+00
-7.182861111141354282e-01
-1.438435548231170591e-02
-1.537845800964858511e-02
-1.000000000000000000e+00
-2.505603225023604330e-01
-1.000000000000000000e+00
-1.000000000000000000e+00
2.223535841989033313e-01
-3.395049135859355416e-01
-5.608511823779643857e-01
4.526134673411046916e-01
5.620820286086396500e-01
-1.000000000000000000e+00
-1.000000000000000000e+00
-2.862361579262723832e-01
-1.135882748742087361e-01
9.302851701057289757e-01
-2.690403666086820245e-01
1.000000000000000000e+00
-6.624159827989114513e-01
8.460448391740907903e-01
1.000000000000000000e+00
7.901021951446027813e-01
-9.056861717212241203e-01
1.000000000000000000e+00
-1.000000000000000000e+00
-1.000000000000000000e+00
-3.742110673024867662e-01
-2.239068977503593516e-01
6.499530928798943341e-01
-1.000000000000000000e+00
-1.000000000000000000e+00
-8.711587085424756793e-01
-4.304966426762248943e-01
-1.000000000000000000e+00
1.607882564134807124e-01
5.052482849837915957e-01
5.753726037448669839e-01
1.000000000000000000e+00
3.791418478988355378e-01
1.000000000000000000e+00
2.871260134368425754e-01
4.050872527332630146e-01
-6.813092790050219172e-01
-9.506870037801481432e-01
-3.123773518454643350e-01
4.861869852081902588e-01
4.678085663931617622e-01
-1.000000000000000000e+00
-6.641077064377187700e-01
4.304203131640622071e-01
4.864110582159292262e-02
7.695547296295511819e-01
-6.347723296744705035e-01
-1.889102137461365627e-01
-2.004737030060523006e-01
4.026953147728986604e-01
1.000000000000000000e+00
1.000000000000000000e+00
5.905708684490404425e-02
1.329741345714439277e-02
1.000000000000000000e+00
7.022952889645017738e-01
-5.677805339136492435e-01
-1.000000000000000000e+00
-7.329328532953784947e-01
-1.000000000000000000e+00
-6.287078287543067523e-01
-1.000000000000000000e+00
7.053700422276509840e-02
9.806001465310756338e-01
1.000000000000000000e+00
1.000000000000000000e+00
1.000000000000000000e+00
-3.601296213452366279e-01
-6.172031203990687720e-01
-4.579396112332153046e-01
1.000000000000000000e+00
1.000000000000000000e+00
-7.689057592487544834e-01
1.000000000000000000e+00
-9.432295479101608926e-01
6.195201336827704797e-01
-3.657743443310148418e-02
8.235451209770175973e-01
1.000000000000000000e+00
-1.000000000000000000e+00
9.937680813831661908e-01
-2.996202027916132771e-01
1.562358705948592719e-01
-7.752349974548856659e-01
7.629812310834804823e-01
-6.629973720369723988e-01
-1.000000000000000000e+00
1.000000000000000000e+00
-7.302685784884289655e-01
5.859402280706915711e-01
1.000000000000000000e+00
-1.000000000000000000e+00
-9.701227267811046717e-01
-4.649389608696994913e-01
3.931494226897090938e-01
3.055628369202884054e-01
-7.746904938088770010e-01
1.000000000000000000e+00
1.000000000000000000e+00
8.922045643866768350e-01
1.000000000000000000e+00
-4.673167902053845801e-01
-1.000000000000000000e+00
9.025200219816476022e-01
1.000000000000000000e+00
3.818798445602289426e-04
1.000000000000000000e+00
6.160776519635622339e-01
1.000000000000000000e+00
-2.196868199910561592e-01
1.000000000000000000e+00
6.699091370604280948e-01
1.754693212902215804e-01
1.000000000000000000e+00
5.363469488185970135e-01
7.578298612457505801e-01
-6.894626510826484811e-01
1.289693655189067811e-01
5.065527459988422576e-01
2.853035172678860532e-01
1.000000000000000000e+00
3.506891405663607464e-01
-1.000000000000000000e+00
-3.405018981039864001e-01
3.536175513866366416e-01
7.512124093931402680e-01
-1.529642680957373768e-01
-1.000000000000000000e+00
-6.614134680827906676e-01
-2.736005373611349878e-01
-4.924054703199897132e-01
-2.605966614995917086e-01
8.482232534140512481e-01
2.541106715418267603e-01
-7.237767676655897375e-01
-2.316710553593132327e-01
-1.000000000000000000e+00
1.000000000000000000e+00
-6.392176733301275782e-01
7.241343236625475965e-01
-3.741478869620591674e-02
1.483739667253675676e-01
9.347302118396830783e-01
8.170841893098423903e-01
1.432052692883759304e-01
-2.188089378991581457e-01
-9.305182430618716971e-01
5.143624954405338068e-01
-1.000000000000000000e+00
-1.000000000000000000e+00
-2.675836175584801468e-01
2.403011117679650088e-01
-4.245322322135585136e-01
5.403693513309320018e-01
5.289999537471012925e-02
7.697319825238992941e-01
1.837583938398214545e-01
-4.632890102556518896e-01
-4.324008945018610883e-01
1.000000000000000000e+00
-1.000000000000000000e+00
-9.081392152285798769e-01
1.949654592142382459e-01
-1.534563307751425909e-01
5.649213339529929323e-01
-1.074026787421023948e-01
3.139784430098063184e-01
3.858608743890023507e-01
7.038778628079377375e-01
-2.568544555907456006e-01
-1.535793442214105631e-01
4.475380032847696699e-01
-6.127599059023315364e-01
-2.833571403859205806e-02
7.311854422682210197e-01
-2.142376126363759736e-01
1.278716730959428283e-01
8.249220091080611272e-01
-8.345744236795730187e-01
8.800459858418012704e-01
3.980186422796960777e-03
5.127764858560389660e-01
7.664909590384897387e-01
-1.000000000000000000e+00
-7.999950576855661133e-01
-1.000000000000000000e+00
6.242519381294425740e-01
1.000000000000000000e+00
6.777280005446160160e-01
-1.000000000000000000e+00
6.378936079315244978e-01
-3.971704525545007858e-01
-6.678367630106990527e-01
-2.595799182520042714e-01
1.000000000000000000e+00
1.000000000000000000e+00
4.152226686996908778e-01
1.000000000000000000e+00
4.065049027418263794e-01
-8.198307817271920372e-01
1.000000000000000000e+00
6.669061887456903537e-02
-1.000000000000000000e+00
-3.850868058467424859e-01
-5.947716179577209328e-01
-2.369858672574436942e-01
1.000000000000000000e+00
-9.022712281861418049e-01
1.000000000000000000e+00
-3.184762215734945889e-01
-1.218145606866048170e-01
-1.488095597881403387e-01
8.787956789957560577e-01
1.000000000000000000e+00
-1.000000000000000000e+00
-1.000000000000000000e+00
-5.978523377878982581e-01
-2.457245087007142725e-02
7.938762499288369856e-01
1.000000000000000000e+00
1.589593094857676414e-01
1.071563110477772585e-01
3.160410143864159083e-02
-1.000000000000000000e+00
-1.000000000000000000e+00
1.000000000000000000e+00
-1.000000000000000000e+00
1.000000000000000000e+00
2.441775872663239921e-01
6.422516525354204919e-02
-9.660781914944268634e-01
4.795588117645702142e-01
-1.239001842752758542e-01
1.000000000000000000e+00
1.000000000000000000e+00
-2.720463533216366248e-02
3.771357192663163937e-01
-1.000000000000000000e+00
8.831822655027085078e-01
7.993938533938421687e-01
-9.964369270625867969e-01
-4.335747971116628574e-01
1.000000000000000000e+00
-4.692689832527049409e-01
7.501728148996216206e-01
-1.799250480182600920e-01
5.068342113070289923e-02
3.364220485056913512e-01
1.000000000000000000e+00
-1.000000000000000000e+00
-1.000000000000000000e+00
-8.198019053477859641e-01
1.000000000000000000e+00
1.555447714707595963e-01
1.000000000000000000e+00
-7.372163701259248914e-01
1.925818825340083751e-02
-3.010939256271991105e-01
3.841463675321277749e-01
5.868961620556080172e-01
-1.136926586657423521e-01
-8.967618049721765017e-01
5.959326928418400282e-01
1.000000000000000000e+00
5.340739682488466755e-01
7.953796273349569290e-01
-2.343295793653923376e-01
-3.027268838646801630e-01
-1.213734830189130420e-01
1.000000000000000000e+00
6.786176631411815485e-01
-8.073546510351502503e-01
-1.000000000000000000e+00
-1.000000000000000000e+00
-1.000000000000000000e+00
-2.238440311073408573e-02
1.000000000000000000e+00
-2.635994763925844642e-01
1.202734038435706448e-01
-2.212899659130640462e-02
8.854418248152725601e-01
-1.000000000000000000e+00
-1.000000000000000000e+00
-5.622573572936591102e-01
2.686273215659171765e-01
6.805819228546478028e-02
-7.754761717757570061e-01
-1.539759140884392752e-01
-2.312667356946370156e-01
1.000000000000000000e+00
1.000000000000000000e+00
2.382084454639498694e-01
1.872535219521103689e-01
8.345257145914093400e-01
1.000000000000000000e+00
-4.591218166135099810e-03
-1.000000000000000000e+00
2.853446414568255873e-01
4.249943058163692111e-01
1.000000000000000000e+00
3.352173061604193371e-01
1.000000000000000000e+00
-1.000000000000000000e+00
-1.000000000000000000e+00
6.099671009543695954e-02
-4.514695958361534256e-01
1.000000000000000000e+00
9.841836183018686235e-01
-2.585378503041173004e-01
1.000000000000000000e+00
-8.726633582556763136e-01
1.000000000000000000e+00
-4.195219752191445273e-01
1.000000000000000000e+00
-1.000000000000000000e+00
7.675391982366583377e-02
1.000000000000000000e+00
-5.332661235859676996e-01
-3.742972795324236990e-01
1.000000000000000000e+00
-6.393501778583654538e-01
-2.296803536335468854e-01
-1.000000000000000000e+00
-2.200569397797758064e-02
2.350247948491133720e-01
7.945435459510274967e-02
-1.000000000000000000e+00
6.772353579836043469e-01
1.000000000000000000e+00
-4.462115390860844633e-01
-9.337020079539712913e-01
1.000000000000000000e+00
-2.102819148231184765e-01
1.000000000000000000e+00
-5.907221530083405225e-01
-9.000461212522267163e-01
-1.044812739165478788e-01
6.813937392309867835e-01
1.193251397093254285e-01
-1.767291887687322538e-01
9.273932042945887133e-01
1.806820255098126049e-01
1.000000000000000000e+00
-1.000000000000000000e+00
8.247097456585816833e-01
2.882192418149390756e-01
9.162733086645513669e-01
1.000000000000000000e+00
-6.753840063197082966e-01
5.924313620607699615e-01
3.235199183352022861e-02
3.952689864901463013e-01
1.000000000000000000e+00
-6.298252393610260791e-01
1.000000000000000000e+00
3.315127551717460541e-01
2.720147664066466797e-01
8.890120196881313719e-01
8.834847096175286740e-01
1.000000000000000000e+00
-1.879659780922607881e-01
7.732853393740792003e-02
-2.424866817437188737e-01
-1.000000000000000000e+00
-1.907992869069450315e-01
-6.935107789801581157e-01
-4.056606031571100557e-01
9.086326502365060787e-01
1.000000000000000000e+00
1.960151991102815627e-01
-2.875138893122568540e-01
1.000000000000000000e+00
4.323594473998528809e-01
-6.518022373640702805e-02
-2.850406229588435258e-01
-1.000000000000000000e+00
-6.921834936761944723e-01
6.801864660370599003e-02
-1.000000000000000000e+00
4.677923374394303835e-01
3.995441165298850850e-01
1.958661384653361814e-01
-8.796117761196754481e-01
-6.152099369792886074e-01
-3.641121329577701182e-01
9.504984059901244731e-01
2.978001029727662674e-01
7.117460116155972516e-01
1.702042295674256467e-01
6.121038507233071968e-01
-3.179252169468814726e-01
8.009773673018338869e-01
1.000000000000000000e+00
-4.054624752524233489e-01
-7.689677838137163324e-01
-6.410419391365508313e-01
1.000000000000000000e+00
1.884455654467447894e-01
-8.820722494918985523e-01
-1.000000000000000000e+00
-2.432486188696667273e-01
1.000000000000000000e+00
-9.848628551270525167e-01
-8.945104222886480771e-01
-8.124500595482059273e-03
1.000000000000000000e+00
9.234748499879799621e-02
1.000000000000000000e+00
1.000000000000000000e+00
4.421940470175905746e-01
6.397959871547358457e-01
1.000000000000000000e+00
1.000000000000000000e+00
-9.414159035583485879e-03
5.154207721804102693e-01
-6.477666926608145470e-01
6.673050842035360697e-02
-1.000000000000000000e+00
8.285094151787745220e-01
1.913568074213869430e-01
-4.495814299739731013e-01
-1.000000000000000000e+00
1.000000000000000000e+00
-4.574013221753842617e-01
5.775051884759747622e-01
7.801295011951737690e-01
-4.590166584293339236e-01
3.334530700318419361e-01
-9.426332255881816335e-01
1.000000000000000000e+00
5.102142657430589479e-01
5.775188116569864860e-01
6.154658465963451786e-01
7.864927684682598841e-02
1.124092529038485111e-01
5.244392401729648379e-01
-6.531864560913043238e-01
1.000000000000000000e+00
2.318518076538015060e-01
1.866662562718168772e-01
1.000000000000000000e+00
-1.000000000000000000e+00
-1.000000000000000000e+00
1.000000000000000000e+00
1.000000000000000000e+00
2.295801391388783974e-02
3.654212953342104164e-01
1.000000000000000000e+00
-2.261801264375760678e-01
-4.771078331145662821e-01
6.685614080866482123e-01
-7.705435088723853188e-01
1.000000000000000000e+00
5.655836069806424726e-01
4.550317670925984048e-01
-5.105601113452209461e-01
6.720617098421985958e-01
-9.140752766414100838e-02
1.000000000000000000e+00
2.270093606043379619e-01
-9.552231410272415957e-02
-1.000000000000000000e+00
9.324759634166029931e-02
1.008672722573933783e-01
-1.000000000000000000e+00
-1.000000000000000000e+00
2.677204642943735446e-03
-4.893188145227936880e-01
3.693575574628328306e-01
5.434840098302191613e-01
-7.615923468077659964e-01
4.137437381203201703e-03
-4.331481657229888094e-01
-3.856082528043782709e-01
-5.075721641494527203e-01
1.000000000000000000e+00
9.652725153037576555e-02
-2.952585503291821345e-01
1.000000000000000000e+00
1.000000000000000000e+00
1.638883410506579430e-01
3.417344978729177085e-01
1.000000000000000000e+00
1.000000000000000000e+00
5.727951515239567692e-01
-7.951068715752241944e-01
-1.000000000000000000e+00
5.542161619870236144e-01
-1.884356406440899911e-01
6.372074738691757556e-01
-1.000000000000000000e+00
1.000000000000000000e+00
-9.920308392981938006e-01
6.040403363366556588e-01
1.000000000000000000e+00
-2.066966857425379667e-01
1.000000000000000000e+00
9.263647323044800208e-01
-1.000000000000000000e+00
1.000000000000000000e+00
-1.000000000000000000e+00
-1.000000000000000000e+00
-8.342598345569267604e-01
-5.110995597694868442e-01
8.334079775846209293e-01
-1.000000000000000000e+00
-1.590028089915603293e-01
-5.409326451740718023e-01
1.000000000000000000e+00
-1.000000000000000000e+00
1.000000000000000000e+00
-9.995852633319840530e-01
-3.191005092278316191e-01
1.993959386974701875e-01
-1.000000000000000000e+00
1.000000000000000000e+00
