3.073065825213422975e-01
-9.866987389882087012e-02
3.271295782044421618e-01
1.256769743126977534e-01
-3.310703290713113423e-01
-3.836818886841771303e-01
2.694425223260547009e-01
1.899428428490003706e-01
-8.375910442180660442e-02
-1.567328607213667180e-01
7.928923914328603328e-02
-3.184605065943522662e-01
1.696205964724280812e-01
-1.217397293241520712e-01
4.742258823184221650e-01
1.545146970573812728e-01
-1.039374320036263594e-01
4.619071960966130708e-01
-1.189406603736963414e-01
1.299992182988103928e-01
2.220553937248848919e-01
-1.170738688110350145e-01
-1.529802018659278395e-01
1.813037745177882298e-01
1.284205251471474962e-01
-1.286875599697902550e-01
1.830170534454613751e-01
-2.032259530314295959e-01
-1.990578246471768620e-01
-2.296261751940140150e-01
3.089848038543928366e-02
2.648375747333966967e-01
-1.283943362589979875e-01
-1.858940619391251658e-01
-2.155576453148449478e-01
-6.677412727505727119e-02
-3.079043311766500521e-02
8.351263299325806244e-02
-2.201598732229010646e-01
-1.567469402599834249e-01
2.256607025287413748e-01
3.285071960893153325e-03
-2.899980352067685341e-02
1.583023626862091471e-01
1.431640136917891049e-01
1.681638403469548904e-01
-3.697779365400761381e-02
-2.084798729317397237e-01
1.331496552712050363e-01
-7.387131044442921124e-02
-2.769429765593784953e-01
3.621653902300310257e-01
-2.539216502638273476e-01
-3.316240012657193925e-01
-1.784505985043058907e-01
2.771013120939095908e-01
8.570418054314965506e-02
6.645640910680673807e-02
-1.743140448678289489e-01
1.857636260108995185e-01
-3.451062075901318305e-01
1.432596974251539867e-01
-4.092355682736423250e-02
-2.172789145249525156e-01
2.651431667559650540e-01
4.253939153793035582e-02
5.002789908991097517e-02
-2.047296533177738187e-01
2.936236620061117852e-01
-1.631896308259003434e-02
-7.954033286181610984e-02
-2.888819324957244694e-01
-6.350772670123006058e-02
-7.720233216597665107e-03
-9.721076518655922399e-03
-1.629147324783620024e-02
1.591222374400147466e-01
-9.390184814504721686e-05
1.407423323121659020e-01
8.530525008237548057e-02
-4.561281996985754039e-02
-4.212065144603293620e-01
-1.770136191350726307e-01
3.447476413746345530e-02
3.430476993668787888e-01
1.771272379803356667e-01
1.332913885826952083e-01
1.846460549906172102e-02
-1.688660790351318927e-02
-2.101761278684886602e-01
-2.207395223538803630e-01
1.632487805767370570e-01
-2.517460637736463891e-01
-1.932621287690002299e-01
-2.907772251522880436e-02
-1.047051835413198295e-01
3.089700715553094779e-01
-2.676808774848022689e-03
2.320900953097574659e-01
1.777856157351161148e-01
2.632688573722779535e-01
9.375059578287242568e-02
8.330263209002193581e-02
2.017353665379936489e-01
4.839874978312992682e-02
2.755013652268800683e-02
7.125506874355252984e-02
-1.712637485921558456e-01
5.267664859753230511e-01
2.085733882811276543e-02
2.145588445547114143e-01
-1.569047665888901599e-01
7.108342195871295011e-02
6.611366988387139265e-02
6.652050396300175639e-02
-9.549227344213921664e-02
-3.070711353933111912e-02
2.111489107777706487e-01
1.709547470164492766e-01
-2.099108160062176376e-01
-6.315931666729410199e-02
-1.149475339713263156e-01
-1.766142956011263199e-01
6.644967754599674647e-02
1.734586681237892392e-01
-2.126223458679765699e-02
-5.786366197503006736e-02
1.184707253528145682e-01
-2.849368631780173633e-01
-2.493730235263801401e-02
-7.235713820380783312e-02
3.778173247215516062e-02
1.337252215271932665e-01
-5.594601542216787182e-02
-6.940104522377213425e-02
-3.190189926554901634e-01
-6.156982273467882794e-02
-2.281938852457654487e-01
1.067149556205518462e-01
-9.071406711135941714e-02
3.986563661831905858e-02
1.315148236865219464e-02
1.057543117442605179e-01
7.301677956316050822e-02
-4.817401782216557127e-02
4.164078158091839565e-01
-4.029199205726655686e-01
7.656049637760002635e-02
4.759996884550137669e-02
-8.864978322587638293e-02
1.765282563168393271e-01
-4.673128605270884806e-02
3.909459867436571034e-01
2.817501898358272805e-01
-5.293864883497400448e-02
-3.259706660421087671e-02
-3.486125186860858371e-01
2.880473889634105333e-01
-2.567389686667959081e-01
8.054217989612371884e-03
-1.769371104268629702e-01
-4.343047462416798066e-01
7.658108560267443132e-02
-6.532367554056696390e-02
2.552347561371290374e-02
3.999729965507559104e-01
9.781411553067714815e-02
1.548843272851270769e-01
9.641509741665374444e-02
-1.150106421661681033e-01
-1.051007399424169347e-01
-8.806814293409752359e-02
-1.593162754775155066e-01
-1.361341421980306887e-01
-1.737538440224369873e-01
-3.674009658755964525e-01
-6.005216034259637514e-02
-2.919172255234697005e-02
-8.624626442359280276e-02
-1.692645135790125932e-02
5.450289654046884813e-01
-1.458279105393477104e-02
2.950540116678882496e-01
3.686214757815884369e-01
-4.116290000603209931e-01
2.741725039004985209e-01
-1.621904903357591632e-01
-4.777679000224846484e-01
-9.229280844237483517e-02
1.677579879987212974e-01
9.204829905068996621e-02
-3.022844567398724758e-01
-6.979816816470942042e-02
-6.008414061877948020e-02
-9.010815451671920495e-02
1.766430503673774022e-01
-8.804881354581445274e-02
-3.544240932885405759e-01
1.518099998284012930e-02
-1.036073473810156659e-01
-2.149756717112497051e-01
1.895536970129842527e-02
-4.392697570368360449e-02
7.887126058487996250e-02
-4.237162871753004101e-01
-4.440422640418072997e-01
-2.723895935989665285e-01
1.313320977904346987e-01
1.112764304351106376e-01
3.625173145067640823e-02
-4.722136621936624812e-02
1.503794543088170788e-01
5.455156106252808529e-02
8.784922744385882665e-02
8.628108017257898887e-02
-6.861245384105071898e-02
5.134973577259110966e-01
2.419965109307786050e-02
2.092392973037295878e-01
4.010186657854427073e-01
-6.467325154670981735e-02
-4.739288319288729318e-02
-1.467882041213270650e-01
1.686636068351324291e-01
1.673316944607279033e-01
5.018704305868009613e-02
-2.398876490067340314e-02
2.057211813249497645e-01
-5.632378975027289014e-01
1.368411638949777465e-01
-3.108422928896636961e-01
1.299724581189010963e-01
-5.962048745663579147e-02
6.778174052584019782e-02
-5.785679426607465148e-02
-4.320624397233571723e-02
3.662968895543242676e-01
-1.275281148756207961e-01
1.256501959750708775e-01
2.548282952869804774e-01
2.551182919932076451e-02
-9.961570318100752830e-02
2.885583680490663161e-01
3.056068022112929383e-01
1.348695124760013533e-02
8.708888696064227830e-02
-2.078786360763309748e-01
-2.377549731205735317e-01
1.658301562249873129e-01
1.698064186514387786e-01
-2.288796221647344253e-01
1.062217380330226085e-01
-9.173165038713475272e-02
-1.375821267827897210e-01
-8.040973249949288915e-02
2.246386552390906288e-01
-7.240211307694099929e-02
1.237808677246166889e-01
1.489699814511298848e-01
1.502656152740637074e-01
-1.631973475295589449e-01
3.722050069686220208e-01
3.376638210570103715e-01
-3.917910192170805384e-01
-3.680237907964229449e-01
-9.683428484848943113e-03
9.173808662726212759e-02
-2.091808084865337536e-01
-4.128041159987226871e-01
-1.055357600498343755e-02
1.166642261205024927e-01
3.799883922997496222e-01
9.568749626440849199e-02
-2.243791532634215879e-01
-5.646579032426762845e-01
1.082687164376431865e-01
2.334045088228891840e-01
5.367431295667996621e-02
-1.085908618299925021e-01
2.664230046139518526e-01
-5.605980477301936854e-02
1.562663487734768930e-01
-1.145143259202247576e-01
-2.245304046311015489e-02
-5.077232430976218458e-01
-1.616100511508398174e-01
2.650295959892001729e-01
-4.249006398224234454e-02
-4.345497374477892971e-01
7.185623700266124958e-02
-1.778111809662985543e-02
5.166472762767379545e-02
2.107383671629269040e-01
-3.673591880638972795e-01
9.403937209330685831e-02
5.699731911279829616e-02
-1.226945359113707466e-02
-5.602646711408310054e-02
-1.052599209917895462e-01
-1.494397097970363020e-01
1.276282153496839100e-01
-8.173834228229844012e-02
-1.448060072498363327e-01
2.505248413666899543e-01
-1.273730910931017701e-01
-8.288510247612365656e-02
2.913303221874199989e-01
1.687214858855227151e-01
9.463566022315650361e-02
-3.205278318982848762e-02
-5.283502245568167527e-02
-6.366759107920674787e-02
-1.573408632427151788e-01
2.365088404849643444e-01
3.744159648670794972e-03
-2.848650453461918849e-02
2.202284152117702232e-01
1.987220635456637963e-01
5.520773164521334403e-02
-2.008215662156820069e-01
3.176033374461776360e-01
6.335687532017377638e-03
-3.569232701517707773e-02
1.001376015439016526e-01
1.737459272462843762e-01
-3.120843916934557538e-01
3.307115671325674966e-01
-2.737552499886639068e-01
4.749236327309668826e-01
8.508057479467183437e-02
-2.770297971271760140e-01
-7.086800764812724307e-02
-6.679020455068017392e-02
2.915062326559614281e-01
3.870808469491311965e-01
-3.350538801751278828e-01
9.470324172691978182e-02
-1.319867425199313105e-01
-2.694456042703778920e-01
-1.674361288627889133e-01
3.447706929540058640e-01
1.505523160338742006e-01
-1.857658368701696205e-01
-2.690693332137580329e-01
-1.006108792261228846e-01
2.095069893577032327e-01
1.089564635015587424e-01
4.060629485426430763e-01
1.915358781591454118e-01
3.355277293597928173e-02
-1.467128217654587174e-01
-2.065921582393782374e-01
1.168616219752745683e-01
-4.076214234218382693e-01
-2.131715625569901296e-01
-2.293755726789548643e-01
-7.600597408700318636e-02
-3.065442794512178437e-02
-3.428010743881623190e-01
1.067566202876941706e-01
1.341984435441020756e-03
1.318987290475525931e-01
-6.836992516212431203e-02
1.880484555484791473e-02
7.363461664217274549e-02
1.743240670758462174e-01
-2.070092809978743564e-01
-6.931337532156593706e-02
-3.968832823195635184e-03
2.438406743885751168e-02
-1.819888472218938458e-01
-1.273422464660542153e-01
-8.650519972765285948e-02
7.262440510157868179e-01
2.833357568095188836e-02
3.589309879901030897e-01
-3.981831128695685340e-01
-1.941935997078403087e-01
-1.065552487931147596e-01
-2.731932462928876593e-01
-3.655235311205939919e-01
1.323972716975892749e-01
-1.697961863287072715e-01
4.261961647913646220e-03
-3.693710230292271413e-01
-2.558431806239623296e-01
4.083789832388496910e-01
-1.506854304052977767e-01
2.164771919345326034e-01
-2.338536388723690129e-01
-1.470210277093816353e-01
-1.711491550556281660e-01
7.053331298381819436e-02
-1.750690950554580419e-02
-2.532773484401017461e-01
-6.967493277168838178e-03
1.258602073233348606e-01
-1.233574184345972574e-01
-2.742066089039927324e-01
1.715331100222122485e-01
-2.327048746944574698e-01
-2.015226991186596928e-01
1.483779496866168557e-01
-1.254806763744977793e-01
1.943622521736023401e-01
-2.500129264324051914e-01
3.380985190638055582e-01
5.303300871468107081e-02
4.153239969132208054e-01
-1.710811759355727324e-01
-7.099719465265423579e-02
7.569757958169014145e-02
-3.224880873699723094e-01
1.027859767221217663e-01
1.528224750808576948e-01
4.427030364684392816e-01
3.928113518464320109e-01
3.661092363324106036e-01
-3.661058054143432883e-01
1.355114409910896343e-02
1.498279638802560432e-01
-2.836008533439032253e-01
-6.443407211077648022e-02
9.958953223867983429e-02
-4.977609933605706694e-01
-1.970249603453312626e-01
-2.753405326696984901e-01
-4.963357945792700177e-01
-1.102278334067125221e-01
-4.524286743321316306e-01
-3.817690131501371709e-01
-3.836469513824287969e-02
1.033244732415499328e-01
5.996388394243090669e-02
2.017720490008329814e-01
1.193841114107484919e-01
-7.746398786643721168e-02
1.857581734634035364e-02
-1.447527913317278314e-01
8.753047136397613948e-02
2.284541142483302034e-01
-2.308879868810518876e-01
-1.617838443204352439e-01
2.450929252446901185e-01
5.044704565082592795e-01
6.367490054822709522e-02
-1.995147808056748073e-01
-1.287385324707809586e-01
-3.463905102310751993e-02
4.992531169245358752e-02
-6.383458752131782044e-02
7.374032151383191902e-02
-2.135688760277063836e-01
-2.504672015144014385e-01
-8.141665219331882530e-02
5.275957758758296201e-01
3.949287921913684496e-01
-1.450914742848521122e-01
-5.871501206454392274e-02
2.029582157431776279e-01
-3.008762638579325910e-01
-1.836894408194913175e-01
2.398081831724652169e-01
1.649272756395434025e-01
-1.180702785933905076e-02
-1.347384481655612420e-01
-4.655543031714965557e-02
-4.984409621823604301e-03
2.659037879220463307e-01
-6.177021054705493508e-02
9.203976372155510399e-03
1.324971169017243322e-01
-2.602377449453150970e-01
-1.035085098789757518e-01
-1.974515552872960489e-01
-4.520975614917114860e-01
-1.457551513855818159e-01
-2.332846593676119185e-01
6.444115359753454716e-03
-5.894736455698262878e-01
-1.456847550709842454e-01
3.962935739775737543e-01
2.461628132406057379e-01
1.626135015128975514e-01
-4.031468509928093358e-02
2.755132294313359376e-01
-3.350682383054368052e-02
1.978338810618165966e-01
2.025187437549622604e-01
2.320451580292106075e-01
-2.284291805155163821e-03
-1.991740286645355962e-01
6.167506762306011747e-02
3.363982356830562126e-01
3.650422705848218041e-01
-2.763466967291152154e-01
1.360136933595100794e-01
-1.500816633381854004e-01
-1.026174474490319788e-01
4.029907709221609569e-01
1.960569640271551117e-01
-2.177155530822924567e-01
9.099885160313107846e-02
-1.611519929060804823e-01
3.252508478941797398e-01
-3.543069135661229829e-01
3.779770971945650010e-02
4.402669855417151723e-02
1.344151885785903888e-01
-2.023213470208023446e-01
-2.677042791959006740e-01
3.340490523084833907e-02
-2.003299933322506571e-03
1.667124543286930549e-01
2.436496433228134972e-01
-4.232759161614239179e-02
2.958594122404729909e-02
1.541854340959961656e-01
5.324111897049886855e-01
-7.384843239137602044e-02
-5.002973771078763308e-03
1.246656210622678757e-01
1.574552804274655660e-01
-3.007944771321317545e-01
3.164571377511220529e-01
1.510770090802165122e-01
-2.271180000967366053e-01
-9.183843729075599760e-02
-9.431344006176434203e-02
-1.093369593232867698e-01
-3.572073855498443529e-02
1.561508965281148131e-01
3.527685477114868035e-03
2.611254932192321188e-01
-1.425851284015253358e-02
-1.876355023865950156e-01
2.066658911221481293e-02
-2.574784848686397787e-01
4.432067331011348976e-01
-5.031231309136864616e-02
-2.028499545256625125e-01
-3.361150961523536318e-01
1.009802893074243646e-01
-1.822742428718186203e-01
-1.150300303544739555e-01
3.251771988107497457e-01
4.752415187949672881e-01
3.788252032535092129e-01
-7.500210478581281759e-02
2.358194118207221357e-01
-1.019529980752264392e-02
1.227872110082547097e-01
2.654751539037870089e-01
-7.993140490623799888e-02
1.901701177946465704e-01
1.461973228668001640e-02
2.955605236935963248e-02
-1.063825139168897010e-01
7.356163433111947980e-02
1.272569778008084684e-01
-1.381989855572683112e-01
2.940714224769350876e-02
-5.765947893131610075e-02
-1.875381158751591726e-01
-5.861461470209262253e-03
-1.179630947384096712e-01
1.412798138521542402e-01
5.157813760160621097e-01
-1.017997261109083451e-01
-4.233701573604519873e-04
1.390137818938710357e-01
4.427434850820240880e-02
5.014456565552934814e-02
2.430278206197916957e-01
-1.810156996419446107e-01
2.651459538129148988e-02
2.470466793343406575e-01
2.424371111146567948e-01
-2.696692068659652386e-01
-4.269148288749708559e-02
3.472849767000794063e-01
-2.171125672945666343e-02
-1.291543242728903917e-01
2.865917694239500033e-02
-1.054708906057923038e-03
1.018578943975118473e-01
-3.517310118558212434e-02
1.766093054478420302e-03
3.199399190780508606e-01
-1.735888250893188600e-01
-1.638056341159326856e-01
9.312898037058141287e-02
1.306020130428171278e-01
6.311118339308878500e-02
3.325644805695622541e-02
5.179126730847963267e-02
-6.163207768470727738e-02
-1.979065093261893060e-01
-1.101946452700094253e-01
-2.186388863924421111e-01
4.077691714220531005e-01
-1.364460658331661524e-01
1.530983429661234296e-01
1.321577702973404378e-01
-2.795586358021381890e-01
-2.091366979434766404e-01
-4.982967983882531926e-01
-7.144222569057900873e-02
1.626056687655027255e-01
2.283362496578783540e-02
-6.874222625818429688e-02
-5.835073967283053303e-02
-2.719536793806204278e-01
1.820795210155639887e-01
2.039188629162282385e-01
-1.274283286803039039e-01
-3.291013006376973804e-01
5.762053134225520942e-03
1.501751015303757764e-01
3.977137758835135317e-01
-9.999686884022174205e-02
3.722992935695043082e-01
4.498840622874419326e-01
-3.269422630994946455e-01
1.551883631412843967e-01
4.866259188267407082e-02
3.422348192201601358e-01
-2.860506497739272874e-02
-1.210753772388595828e-01
-2.012986541971487353e-01
2.805707002084443236e-01
1.770814974541452813e-01
-1.000106843542388213e-01
1.594530303007870298e-01
-1.692114363043005221e-01
-1.261371998474152545e-01
-1.874090213627837842e-01
1.256430138950408344e-02
1.804226911176533554e-01
-2.661882272162017782e-01
2.777765231387441247e-01
-2.962091990509461148e-01
-1.874930025654750476e-01
-1.466545075601687342e-01
2.214255393755048817e-01
-7.190613714747186302e-02
-6.844564833220762035e-02
-3.351882730253232245e-01
-1.575007737809528130e-01
2.575150840228083160e-01
1.403935667634931272e-01
-4.000331358280020261e-02
3.524271216613924368e-02
-1.772798623812404939e-01
-2.158359053909856551e-01
-1.890566701924054072e-01
1.714886538568270724e-01
-2.135296823322665738e-01
-1.044086446244624211e-01
-1.620452711209004748e-01
-5.841736776355659772e-02
-1.418417349709160113e-01
-1.864765270821868159e-01
2.628186701061054342e-01
-3.064726713720666296e-01
2.811126560828897669e-01
2.196364523273612868e-01
-1.102391995460094837e-01
3.438094088549342175e-01
1.361567615524628128e-01
1.281708603324380191e-01
-5.104242235184831139e-02
1.834944255795378232e-01
2.340454565356758776e-01
3.801530994475731395e-01
-3.180964148049530982e-02
1.394629298435251241e-01
1.354618120520946489e-01
-6.162351529129258404e-02
-2.999272710318013346e-01
2.295792049127830595e-02
1.261495332232585309e-01
-2.224084074201096717e-01
6.806393328901687301e-02
8.714881757093466408e-02
-2.967465245850230415e-01
1.381079672811702519e-01
3.207422009328337320e-01
-1.797751436009180082e-01
-1.728348434668884048e-01
4.495832348634395265e-02
-3.057575949033208840e-01
-4.655792277069306095e-01
9.796872649620554097e-02
5.604583989742244199e-02
-5.011648773029502707e-02
-2.572521609936422385e-02
-6.090545998385538812e-02
1.009054163730903203e-01
1.224327231351786949e-01
3.121204766921421569e-01
1.346848379215649094e-01
1.422902541431909362e-01
3.581486210163887240e-01
-3.240973640697568103e-01
-3.821588760433699550e-01
-7.862911559259416761e-02
-3.498145313832597969e-01
9.781456894510510980e-02
8.179679936740115453e-02
9.438108353678328899e-02
1.392935627373700080e-01
4.322659304088549009e-02
2.588789895464845281e-01
-2.314358269869283002e-01
1.472511307596315877e-01
-2.540744751599631757e-01
-4.634845866079409515e-01
-5.521111948326703489e-01
-1.989787330472555030e-02
7.663101960729271078e-02
2.154049935261398707e-01
1.178183780383221385e-01
-1.859507556670007278e-01
-1.163963460215150097e-01
-2.503943051752850410e-02
-4.297942221008168029e-01
-7.399260958998778170e-02
1.704041248688756283e-02
-4.094941484331527382e-01
-3.343095329289128004e-02
1.873684192720890818e-01
2.158240195564350705e-01
-1.992825683687296789e-01
-1.862055532130110214e-01
8.802093159269892830e-02
-2.046570214961810144e-02
1.393704514173736975e-01
1.913318907193133356e-01
2.113066848168062839e-01
-7.827429286065637482e-02
-1.170200443043154827e-03
-3.303710729915079053e-02
-4.954338438618971496e-02
-2.757882009271406254e-01
-1.125220937972902235e-01
-3.092881613741065294e-01
-1.818714093532718956e-01
-1.442794673054002309e-02
-1.155794176490149150e-01
-4.567474516722906386e-01
3.401437859207651626e-01
-6.234975669318286451e-02
-9.493753923472692804e-04
7.501406015272010785e-02
-3.335456944304076021e-01
-2.031657289112545964e-02
-1.402374314019509682e-01
2.052707146562574858e-01
-3.148973025635307815e-02
1.063327526245367999e-01
3.487580667907587695e-01
1.235943672198046989e-03
3.010506177182423748e-01
1.495144132903076725e-02
2.536362418099377125e-01
6.234363996443596789e-02
-5.848918054533359945e-02
3.957609269427145304e-02
-1.022130542866953318e-01
1.248935988102187339e-01
-1.407869181958389393e-01
-1.245904835703490893e-01
3.314044713971508321e-02
4.737079751967784857e-01
3.304339635862215130e-01
-2.510658608364798802e-02
4.542686015923168286e-02
-1.538283248744134191e-01
1.736567059148049486e-01
-1.710115224759421390e-02
-1.450174102194518311e-01
-2.270761445999839312e-01
-1.402728475762877736e-01
2.301728021177384953e-01
-1.765736682695361881e-01
2.505072238798021766e-01
5.003145152271921692e-01
2.711296768039255789e-01
1.230148692617927531e-01
-2.349214716894835464e-01
1.896994658649321652e-01
-2.435126743854081066e-01
1.047352939965418561e-01
1.799362728823961921e-01
4.986591275632554915e-02
7.382042880464284584e-02
-5.736295111151893528e-02
8.351091731344836844e-02
-4.721944525962841477e-02
2.052749643922585632e-01
-1.673144620151580664e-01
2.296361311435742014e-01
-2.515371525242992568e-01
1.798874235312744319e-01
3.529219795719730768e-01
1.934549145528940139e-01
2.879979952210779404e-01
-4.191117537796703041e-01
-4.788166024406223520e-01
3.268875618367843294e-02
1.005563699016479434e-01
1.355958040287195687e-01
1.253845745234345374e-02
5.446946535763967645e-02
-5.091381469848570152e-02
-1.109940348428031104e-01
-4.435655288502926563e-01
1.684377197586376107e-01
2.525677422912384618e-01
9.096747707070750033e-02
2.487713244289508352e-01
-3.443938335252962057e-02
-3.367598191798608642e-01
-6.834748070598725689e-02
-1.118481778241497554e-01
-1.858588915522124407e-01
1.832906033910359500e-01
2.230211832335063094e-01
-2.231267720739268379e-01
-2.737963627459132354e-01
2.908966503343377377e-02
-2.207330100744329671e-01
-2.904163277924158848e-01
-1.291683029538926442e-01
2.853519795380951019e-01
5.654594928036954515e-02
-3.106622000348378543e-01
-2.420263117369537628e-02
2.753769190208618101e-01
-3.886531397922022429e-02
1.430155613204174558e-01
-3.526244811524092415e-01
1.818000041440366032e-01
-8.936581259318318593e-02
-1.996591769734362976e-01
2.261882403731441393e-01
-1.515686966163838911e-01
2.901816151053512316e-01
-1.749435826952295547e-01
1.885218169975662050e-01
-2.263448681014667077e-02
2.776537013343399196e-01
3.328027521706560798e-01
1.106847344588682237e-03
3.812223155717818779e-01
-1.836752516518725120e-01
-1.434295623332715042e-01
-1.914486028299592496e-02
-4.676656980936972491e-02
-1.171329924620203855e-01
-2.167851724657486948e-03
1.223210321739442441e-01
4.315879688774937328e-02
7.402573704005444011e-02
-9.671885451608046302e-02
3.007052101032869559e-02
1.322208794654385934e-02
-1.551488893890605181e-01
2.054563686041665713e-02
2.118719363187564209e-01
-1.875486145533050986e-01
-2.195921995413058214e-01
3.274869838658788779e-01
3.342007645607244365e-02
1.891511438052019545e-01
-9.413136386235962383e-02
-4.406200144542976038e-01
3.243959880525349448e-01
2.095002837129424922e-01
2.125244585811876252e-01
-2.611330626181101455e-01
-5.057283064061621897e-02
-6.846488250312190646e-03
-3.427123075064895507e-03
-1.565251293422306456e-01
-2.702144030100318006e-01
1.351496481439825592e-01
3.057028065652092064e-01
-3.848999690143354441e-02
6.656856006537861803e-02
-3.830854462292053175e-01
1.821594766806385601e-01
3.073712505398148997e-01
8.175285782456906403e-02
-1.690021246200892058e-01
-9.849327350421131777e-02
-3.508247123851924165e-01
3.239616547530187879e-02
-6.309763640616988800e-02
-2.617819915751503079e-01
-1.115287600609963098e-01
7.552804179210995117e-02
1.733293384220221389e-01
-2.141511893426373547e-01
-6.963135539874266457e-03
4.254734030257924932e-02
-2.954865049393212706e-01
-1.740214532398802194e-01
1.084185452555368606e-01
-8.761706276554748207e-02
4.864651453871247921e-02
-3.401223638009516770e-01
-4.009972442829579098e-02
1.887155231981236525e-01
-1.371647361668708320e-01
3.302965041606595320e-01
-2.311973990889906183e-01
-3.904092900531860311e-01
-2.865050773222108660e-01
-1.112809076632421956e-01
2.990554315036139110e-01
6.886024322339091841e-02
1.401684398952210142e-01
-1.505107713725926388e-01
3.114631897323141829e-01
-2.395191161867229329e-02
8.391388820508503821e-02
-1.913872370939126433e-02
3.383603009788753446e-02
-9.134542127591224747e-02
-6.806446548057976109e-02
4.158413213530637864e-01
3.475773130786300458e-01
2.866417065187389923e-01
2.860938983126631308e-01
-2.236965852767931473e-01
1.520573534841522800e-01
2.145424995761014142e-01
2.200783333486985294e-01
2.210976641822535727e-01
2.627932314038745054e-01
5.404530023511793235e-01
-1.668113862783459356e-01
-6.338050666720028425e-02
-4.877310537611278390e-02
-2.513149708628129586e-01
1.322139536079215971e-01
-4.706164936445531716e-02
2.656552472140423782e-01
-4.129883775803404600e-01
1.801879446024136910e-01
2.892284973395704561e-01
1.318362248171979501e-01
5.391994725819128087e-01
-2.272769928323898139e-02
-3.226649819063567848e-01
-4.632048876597812809e-02
2.581312322919314672e-01
1.374338083617820602e-02
1.739718766375019099e-01
9.595101550732602902e-02
2.315364792914673953e-01
-4.114264523898242959e-02
-1.858102574087543493e-02
-3.443139958962099234e-01
8.987848663497725182e-03
3.106322576456935214e-01
-2.356547510385049171e-01
-1.842184581321428677e-02
1.316014816752212324e-01
2.363754760002747257e-01
-2.393562707500322129e-01
-1.184900824958652447e-02
1.473342820011219745e-01
-6.068015494963381433e-03
1.960051030081756129e-01
-4.093184599825289843e-02
1.594187300085664616e-01
8.261725799273963999e-02
-2.233407224408463232e-01
8.117023698124638253e-02
2.330407563712759682e-03
-1.828848249780749002e-01
1.461629343237116907e-01
-2.162951745716925334e-01
1.529437446367475084e-01
-5.376520141614779535e-02
7.411841042942605984e-02
2.572811016084948776e-01
-7.100425303362756235e-02
-6.910239057112134431e-02
7.933627231982379180e-02
1.842571130230135149e-02
1.119384066141962258e-01
5.337312520973038626e-02
-1.514221112608245268e-01
9.956932762962705796e-02
9.827213960006037086e-02
4.374972288199047155e-02
-1.693968859968313923e-01
1.163453005527895767e-01
-2.538284422923185457e-01
-6.371801022624144772e-02
2.378662039927650906e-01
-3.270049174829804672e-02
1.712315246591019080e-01
-2.811378837870587843e-01
2.179020257582062192e-01
-8.994835519176205829e-02
7.198067151934899044e-02
1.489779057847805677e-01
2.005860233067631448e-01
-1.746957610959027629e-01
1.677016275087006014e-01
1.991312299008921871e-01
-2.610697564842868190e-01
7.593904744832555287e-02
-9.461981615959025316e-02
-4.545348134587388206e-02
-4.335299010417181242e-01
-2.431039446603701637e-01
-2.541159235865145748e-04
7.184572277671984197e-02
3.664355005534063459e-01
6.217866622226731615e-02
-3.368821873462167771e-01
-4.428415398077176213e-02
4.152066887172848469e-02
3.497257160574147178e-02
-1.628160212417461561e-01
-2.086426808627970808e-01
-1.924381562923684896e-01
1.724036762906849818e-02
-1.439500682260182463e-01
-5.881193078749766268e-02
3.524227199250461878e-02
8.739806008641770596e-02
5.170377297169018171e-02
1.325397751705806593e-01
4.344907485821200566e-02
1.086613057625627349e-01
-3.499017847920902202e-01
-1.558954218623023746e-01
1.446522235958961622e-01
-1.215262541501840599e-01
2.253743840914822216e-01
-2.721365009267267543e-01
-1.068492980628471672e-01
-7.862904193587198776e-02
-8.579725239519031543e-02
-6.317351769018905716e-02
1.968249793993012420e-01
1.320782449607686426e-01
-4.032599837423836431e-01
-5.443775435654490263e-02
2.357188176610311992e-01
3.731515006944294277e-02
2.055550078342318898e-01
2.624627777978995047e-01
-3.228759004269659560e-01
8.469919407242562648e-02
2.504330990480191921e-01
-2.244154082173099585e-01
-1.500262274911006999e-01
-1.580259988749956601e-01
-1.947147629143212988e-01
5.880211606251291301e-02
-1.510530094270913851e-02
-3.993556347081989033e-01
2.127542360357007889e-01
5.746862488032689759e-02
-1.165903140147245831e-01
1.277100847609942968e-01
-2.055371479155286563e-02
-2.958151424891554068e-02
-8.547270169871509782e-02
1.123481824764423903e-01
-4.933608250161978376e-02
1.653768209016963017e-02
-1.925437445985258011e-01
3.195687608660211648e-02
-3.239018289390029337e-01
-4.641735105305091341e-02
-5.865068487546141324e-02
1.309701854624103698e-02
5.227574566338238915e-01
-1.106766559066673858e-02
-4.756364018513635494e-02
3.391569836577674329e-02
1.684864947952659231e-01
-6.923024043492490009e-02
1.016801782958511036e-01
3.535802233276485462e-01
1.768015700098110043e-01
-2.032872821720452250e-01
-8.575309223097901667e-02
-3.506336035292714759e-01
7.632232782827091944e-02
1.293813408419630662e-01
-5.437140808682391219e-02
-3.966671263499038300e-03
5.298562393874171883e-02
-1.795706377434151124e-01
9.538362812600838236e-02
4.171395238944448636e-01
-2.284672580095798711e-01
6.907452092064687854e-02
8.615702865288225876e-02
-1.330355769101227159e-01
-1.806941964242503029e-01
3.087487085844229928e-01
4.506210980529287702e-01
4.311333207904485126e-02
-1.687945436626104578e-01
1.173588479072628921e-01
-2.861646294845839322e-01
2.072060474302848954e-01
-9.332017171957805723e-02
-1.710060496979383116e-01
1.121770647396390652e-01
6.672924061404033116e-03
-1.397922526751433914e-01
3.747130168335712774e-01
1.010762064316082509e-01
2.009366483514456181e-01
-2.129504372772315635e-01
-8.083052325668421689e-02
2.132918721715800769e-01
4.608885986598518225e-01
2.732009338009017685e-01
1.890923349592245062e-01
-1.705831743663054623e-01
1.799519978032425582e-01
-2.687179076981353054e-01
-1.219076416510614658e-01
-1.911488527329071874e-01
1.866007919673510485e-01
-1.192814542281395024e-01
-4.673643938771000067e-02
2.224192146228391176e-01
-1.926024975844329301e-01
2.411622772789783764e-01
9.244163294475890580e-02
9.883994108033759829e-02
7.758339024625024449e-02
-3.988268499809143330e-01
-1.231005100710937245e-01
-6.020692160143918670e-02
-2.163033712159324051e-01
-5.249942052868878523e-02
5.909400410245773533e-02
-3.285038847785952398e-02
3.019583453110281229e-03
-1.850056376422696824e-01
-2.105219650453321600e-01
9.478868814788654618e-02
-8.852120682442446084e-03
-1.276318419306158580e-01
1.938256111868386922e-01
-2.230434551960197853e-01
1.094170319360913274e-01
2.365444321530887073e-01
1.356422496605487749e-01
-4.150906454014852143e-01
-6.941268199967096098e-02
5.526283883964376586e-02
2.765094858692358493e-01
1.022733896689003719e-01
-8.359970460298508932e-02
-3.093255871069193474e-02
5.441471762827546771e-02
-3.777880522503126448e-01
-7.199738976013297931e-02
-8.622299189577531386e-02
-1.563412348481250103e-01
2.478577075391074636e-01
-2.329754119982584692e-01
1.070114215860991924e-01
3.444204344903397663e-01
-3.300998636475591663e-01
1.636365929523749818e-01
-1.194328178182829797e-01
-1.170807139733315155e-01
1.246932231583094686e-01
-2.790124522678558150e-01
-1.570961959124617946e-01
-3.120247743940609553e-01
-4.948813518907983072e-02
5.642735609090597515e-02
-3.436046204642101420e-02
-1.031099705751619688e-01
-2.416940147757034446e-02
-1.017728520251164337e-01
1.424072583293874705e-01
1.926138477989170761e-01
-2.668599118995156338e-01
-1.361729249580821977e-01
2.780399848419720654e-01
7.746798478577382420e-04
-1.485107118572165374e-01
1.580338419934678162e-01
-1.492123161106280183e-01
-2.378642518840773379e-01
-3.451800732346937961e-01
1.506785302620059219e-01
-1.548835874282953051e-01
4.533592656902772355e-01
3.626105193564071461e-01
9.399416123082497687e-02
3.162645046284008332e-01
-1.732276413247127445e-01
-2.127300770889369204e-03
-2.524059197941574267e-02
-3.265451539692570404e-01
7.422819400995768480e-03
1.657364613223739624e-01
1.888997508273377590e-01
-3.381359257404380897e-02
7.684792054917752302e-02
1.077681639523202922e-01
-9.334699683500097267e-02
2.756562667135895595e-01
1.885622097619774340e-01
-2.206870341360045729e-01
-1.813988402659950927e-01
-3.578017569303016954e-01
-2.625343063623870044e-01
-9.705199020695789991e-03
7.453260371616245161e-02
-6.346751292967119096e-02
2.413931248559266496e-01
-8.833801304019060774e-02
3.152046504072607558e-01
1.069423887377399796e-01
-9.731397430921005787e-02
-1.584103013329671572e-01
4.743263078707514457e-02
-1.693998688495439719e-01
-4.771736747340308074e-03
8.559129156073309874e-02
-2.150388705278663271e-01
-4.999974872081386357e-02
2.186725562903967524e-01
1.620512247148459539e-01
4.700422487407465155e-01
-7.287431916628947515e-02
1.457837555178563838e-01
-1.820914756196038986e-02
-1.174335600865040463e-01
-1.076401037245418441e-01
4.802771256987330845e-02
-2.230544570642769286e-01
7.214512384775804976e-02
6.742304400835714973e-02
1.339637172023378127e-02
-6.057271372670849918e-02
-5.099757544191902969e-01
-6.798449010861984387e-02
-1.004057598077615493e-01
4.959872228618936868e-02
-1.476411228638097595e-01
-1.387007812092913295e-01
-3.278644121755339147e-01
-5.753158579640147430e-01
1.699620508679317854e-01
-4.108778153466837585e-02
2.615905545451257530e-01
1.803763861158732551e-01
-2.360876482774677820e-01
-8.991740722177729572e-02
-3.171741262393070748e-01
-7.414667426603561290e-03
1.449504935078785861e-01
-2.045120315871504224e-01
1.649550672655022421e-01
-2.476724408401781777e-02
1.774393686114658086e-01
-1.300155746954242408e-01
-1.566117147404476051e-01
-1.255806737551173891e-01
4.052070419068379975e-02
-1.142701592276938599e-01
3.940863905962437852e-01
1.266967347854004722e-01
3.223792185564077761e-01
4.910434397654541219e-03
-1.416946190064487798e-01
3.709835416857514001e-02
7.927077673709368930e-03
1.390807469211716163e-01
-2.142363454525516298e-01
4.090246971051398894e-01
1.569531884878190009e-01
-2.284148786314479651e-01
5.176298569851238429e-03
-8.165040868833176035e-02
-1.703240656060047431e-01
2.020310490301599760e-01
5.413179238986117608e-02
1.360987638571743152e-01
1.243212185725093288e-01
-3.430772157359554542e-02
-1.725686976874237638e-02
1.325224785421109421e-02
-2.942356227777102595e-01
-5.013951918149154446e-02
-4.382215995269926612e-02
-2.357705120157139733e-01
-1.571175354333911311e-01
-1.650256706727938061e-01
-5.688144365014837639e-02
-3.906395269904122669e-01
-3.439740232764044170e-01
1.295288381452922542e-02
1.125351065446913712e-01
3.081431228079677398e-01
2.184931807907573575e-01
-8.445726898694722040e-02
2.608547356617310076e-01
3.052486819213361818e-02
-3.151160700923343327e-01
5.195173411825033255e-02
3.816701571473580246e-01
-5.195607986535302064e-02
-1.410131597184830221e-01
-3.987677054700280999e-02
-2.831009160238356567e-02
-1.212232346794778065e-01
1.317994669920696249e-01
7.562088200886546430e-02
-8.296157229661656196e-02
-1.284971910605071099e-01
3.163187031587420539e-01
-2.492484873082507213e-01
-5.710165640065209547e-02
-5.106870317361059119e-02
-2.151576074500537727e-01
-1.354062104176260439e-01
-1.703080144219308312e-01
-4.322584690046977762e-01
1.978267634638890826e-01
1.038035412925087941e-01
3.146964104883143709e-01
4.215457119397557351e-02
1.942766264235948059e-01
3.363470135703890834e-02
-1.982656187301420209e-02
-2.498086800370646898e-01
-9.179879640378714456e-02
3.579220748964682258e-02
-3.459371676388893757e-01
3.016568477250840610e-02
-3.294589912747640792e-01
-2.242942092548110833e-01
8.321175989424668684e-02
4.279515049186913278e-02
-5.539685073677734495e-02
5.830768949115212874e-02
2.930822423156369538e-01
3.491796830272860808e-01
-2.428655698769287552e-01
-2.195740691813359569e-01
1.399522552939891362e-01
7.172317882451799409e-02
3.497482286346998565e-02
-1.984507044488743599e-01
3.186666788138100559e-01
8.242794136415333706e-02
1.074543440168334446e-01
-1.152197670806631991e-01
1.466132087400348338e-01
3.706032114415848122e-01
-8.642160343946844736e-02
2.626555855956239638e-01
1.846544723461000514e-01
-3.478799348393237234e-01
1.922599594315169439e-03
-1.824076033086385051e-01
-1.568538302632199455e-01
-4.472835873027106168e-01
-1.230868753282860356e-01
-2.713334982271419782e-01
-1.273589979512249892e-01
-6.991349942218076652e-02
9.821476897071827750e-02
-1.063934465522413247e-01
3.174234502524023172e-01
4.138076249017706709e-02
-2.414766649103271268e-01
-3.316481452099397376e-01
3.439143467406175492e-01
-2.870712571647354369e-02
2.261736122805095839e-01
3.086445505770126774e-01
2.371807106567470347e-01
-1.801057898033115445e-01
-2.402839618728697113e-01
-1.374532866537179487e-01
-3.227153001796024823e-01
1.248206093505943165e-01
1.290588641446288320e-01
-8.476934299698375697e-02
-7.638401677589073957e-02
-1.486744757313071263e-01
-1.464082146299935383e-01
-2.536944350807036064e-01
2.280020018059599959e-02
-1.121884783356216636e-01
9.855195876658215393e-02
5.183567009707477219e-02
-2.780462941216330086e-01
-6.262828881738634335e-02
1.568887703827052116e-01
3.648396421271909995e-01
-1.677720411872317408e-01
-1.014608341784434820e-01
5.180493701172829424e-02
-4.489421848222066753e-03
-2.438888700816782273e-01
-1.651165786337102093e-01
-9.397769086077523842e-03
-2.790029339702154720e-01
2.346340103979103198e-01
-2.508522874699251615e-01
1.575569366083114445e-02
-2.187673038978869000e-01
5.344926946924273281e-01
-3.655432959340986637e-02
-2.330152810404355901e-01
-1.822375158215846225e-01
-1.347322921784621479e-02
-8.262498624977851480e-02
5.965471936866683506e-02
-2.235191864912106918e-01
1.317146763381916164e-01
1.612772373623746203e-01
1.497347393699592459e-02
-2.177259530091569528e-01
-7.883489915390359815e-02
-2.050832091688819525e-01
2.024104114920388664e-01
-1.264970492642557010e-01
-2.132503920286267507e-01
-2.610056746079179035e-01
-1.843996033139798070e-03
-1.562996939026568000e-01
-3.521821053509645305e-02
7.341853841866462227e-02
-7.855479902153987559e-02
-3.391249162513269161e-02
1.348715842106154306e-01
-4.574697230939613751e-02
1.543103051901804738e-02
2.149670957770457302e-01
-2.212387911394735618e-01
-4.045955816208345046e-02
-3.307207826049144567e-02
-3.333498514521597289e-01
1.251295051900240540e-01
-3.614314591777876284e-01
5.560660385863538252e-02
-3.621032493002619979e-01
-1.606441603071121216e-01
-1.555316276928074004e-01
-6.405221097197418001e-02
3.348359842976427608e-02
1.980242055308096549e-01
-1.377410134855199531e-01
6.189860984513040343e-02
1.692189976173267552e-01
-2.251793024363484552e-01
1.462014644340894620e-01
1.973672064391549519e-01
-3.024289422092673041e-01
9.712516338932269955e-02
3.505877756776920769e-03
9.840798133407185899e-02
6.132925625313535856e-02
2.042910356747765499e-01
1.932269249452862048e-01
-8.350495634993335137e-02
4.422292635447030301e-02
4.239905636983143378e-01
1.651978813657494771e-01
9.975228792922490040e-02
-1.495989332243405912e-01
1.286603649376955039e-01
3.717079718366501223e-02
1.644149128385919423e-01
-1.675608326657492819e-01
-9.822369927479590590e-02
3.622176383741716466e-01
4.351988900777942898e-03
1.410068209113804760e-01
-1.024034203947298410e-01
-6.346575305255000576e-02
6.159319184949683251e-02
-3.337048399035050794e-01
5.322625896759862474e-02
-8.090702164582474348e-03
5.199363990959268156e-01
2.779291104003291449e-02
-3.030812809276098307e-01
2.404730950234813258e-01
-1.828690266224081429e-01
2.696846693015627072e-01
1.204528809890033358e-01
-3.283873938024278183e-01
-1.054388130136166696e-01
1.008768027700820136e-01
2.355201708003019402e-03
-3.400065975217496650e-01
-3.690181051588835581e-01
2.115913184380705664e-02
-1.425490659944902150e-01
-1.849158486092072201e-02
7.522638281928249737e-02
1.869143961341664800e-02
1.459065930355606389e-01
-4.289592223152714490e-01
-1.534027658117968207e-01
1.689783477976676274e-01
-3.975425505898153578e-01
-3.391788353001153056e-02
-1.282956332440895741e-01
-3.305977546263635936e-01
3.527813226789103807e-01
4.353099753515028703e-02
2.209224820355583374e-01
1.062511389705549508e-01
1.747344717396475677e-01
-8.805409418720278047e-02
2.456623271258492613e-01
-2.884629262692266494e-01
-5.515152300021971404e-02
-8.805142762264803191e-02
1.304110722980318660e-01
-1.003420271476117009e-01
-4.058137116219869001e-02
1.473845730533994425e-01
-1.895015973444047208e-01
-1.163172246279585292e-01
-7.588652859879259360e-02
1.258887312294532934e-01
3.937437451251920018e-01
1.170807484808351756e-01
-1.230064637673575628e-01
2.721757186360285741e-01
3.501416664326440498e-01
5.402850112078589305e-03
-3.068454159834916317e-01
-5.502488002381902138e-02
1.951438171379650810e-01
2.468073269097750128e-02
8.158050361603660927e-02
-1.428187605830254225e-01
6.612422422332131511e-02
6.979638355758234491e-02
-1.178411178691100153e-01
2.220686434246091079e-01
-1.244528412152066110e-01
-9.668167397062350787e-02
-8.267062539554696776e-02
-5.962986202291125238e-04
-2.217621652507850982e-01
-1.309778958069527377e-01
5.080820964834674436e-02
4.469069929645965583e-02
-1.034139399968060646e-02
-1.509078700602624890e-01
-2.281238240283368912e-02
-8.240878502217531543e-02
7.918697338871540092e-02
-5.014883590690131371e-02
1.096013875679743010e-01
-1.659545181578603312e-02
-2.058877789571345596e-01
-1.164447723790289387e-02
-1.814026576860701678e-01
1.339314658437386063e-01
5.662507985494629609e-02
-3.035668454508394509e-01
1.382016128107641240e-01
-1.517520212273041347e-01
2.041721070856536702e-01
-1.533177971002878393e-01
2.751704962058285076e-01
-1.111275129281882879e-01
-2.475951347420529414e-01
-1.023707215903496733e-02
8.815543479178683528e-02
-7.238665850391237666e-02
-2.168824006766172097e-02
2.414790289933385625e-01
-1.674705720904275386e-01
-1.647994031197103637e-01
4.996827212843404226e-02
-1.386017359509086611e-01
1.220176601101601727e-01
-3.669163683708968060e-01
4.864954732831026085e-01
1.421391915311969734e-01
-5.183801972051292617e-02
1.913012295754537850e-01
-7.760103218345433540e-02
-2.116462161623949845e-01
-3.105099603121764806e-01
-2.569579008888424609e-01
-1.448771708178552275e-01
6.910705917414684540e-01
-1.093861283740883428e-01
1.661364742878721767e-01
-7.738707707365723165e-02
-1.735157001101435836e-01
-1.003558019238466326e-01
-5.257743094023731995e-03
-9.245082787908841249e-02
-3.495394028303731027e-01
-2.285184945352998834e-02
3.863235566692034273e-01
4.208974525685735962e-02
-1.401946629776001929e-01
3.225985259630930746e-01
2.834876355343164400e-01
-2.029939021599041771e-01
-5.908399920406526284e-02
1.459115506967740561e-01
-3.431578797080871851e-02
2.254324570490009727e-01
-6.083420714118445427e-02
-3.508929461348255230e-01
-2.215845367954610845e-01
2.868099024239453843e-01
3.376085671413814326e-01
-1.305121045135924640e-01
-2.564202602838654976e-01
3.376280177801871396e-02
5.536961071370032073e-02
4.984463538031624341e-01
-9.482367509482303447e-02
-1.647256231884233757e-01
1.454138889465354800e-01
-5.429517276925036745e-02
-2.446301338714497453e-01
1.710858402344080653e-01
-3.695663054529323144e-02
-3.609195837300696597e-01
-9.834674770226187190e-02
-3.114210422857016658e-01
-9.868916515796490041e-02
-2.345969870246112088e-01
-1.732000878627812726e-02
-2.481159597724692523e-01
1.582846461163914947e-02
-1.246094043420795383e-01
-2.285569603855711757e-02
-4.013473657891551000e-02
-1.953140070456558797e-01
-1.208199589716372618e-01
-1.043198580437048884e-01
-1.519305265528753390e-01
-8.898966560239866819e-02
1.486147272437132565e-02
3.375450812751919494e-01
1.003612380366945001e-01
-4.372011500909686044e-01
-2.657776516936725120e-01
-1.689476175006479064e-01
2.227359512719787327e-01
6.476714294240956682e-02
6.223172231294302886e-02
-2.724114962654465288e-01
3.420774809237494551e-01
1.392544054863854852e-01
3.262951735370727552e-02
1.377045883103329427e-01
5.111904921708165794e-01
-3.227130279137556679e-01
-1.147788532834439490e-01
-1.934461969273828241e-01
3.877048025474540138e-02
1.518123255969002772e-01
-1.184152960244996972e-01
-3.932888379138893553e-01
-4.411213261448932582e-02
-1.028507390091647766e-01
-8.982179646837826215e-02
-6.147015234209246559e-02
-1.540050452632917288e-01
-2.889570066477923360e-01
-1.169042766660210834e-02
-1.909230158985722736e-01
9.026055933140085530e-02
-6.101490261732558928e-02
1.485869414302259939e-01
4.097067114909421631e-03
2.355522077874647735e-01
1.659341116960908746e-01
8.460530000438745701e-02
-3.342292539031187504e-01
-3.265161707923582290e-01
1.241765902252777581e-01
1.620861392446864280e-01
-2.445958880459909168e-01
2.238754906603925357e-02
1.960178773095724858e-01
-5.027249341004062788e-02
-2.105467003215936439e-01
-2.725427038056558171e-01
-1.917287123070776367e-01
1.408030623274199589e-01
7.831730318786105094e-02
2.129330718544679424e-01
-3.919598580265938326e-01
-3.493095408042229955e-01
-1.390063245886817567e-01
3.072584313617304167e-03
1.885100470457429581e-02
1.349479673829388771e-01
-1.908985559061626980e-01
-1.148036867020427870e-01
-1.804357409240886778e-01
1.035246756556265774e-01
-2.383875998444554001e-01
-4.927908799438541765e-01
-1.077137762396986886e-01
1.827621218569261963e-01
1.694169815904061072e-01
-9.078129994301407935e-02
1.879813910870865579e-01
2.343334517431128472e-01
2.080317673745288032e-01
9.122068066761314376e-02
3.548523962241196400e-02
-4.333430560627658523e-01
3.225588477260813436e-01
-1.522266043429407190e-02
1.056752821861084712e-01
1.608031952706951428e-01
9.382734982031476489e-02
-8.189748843181056392e-02
-1.351314589376878365e-02
4.875628619906657163e-02
-2.582659658842761941e-01
1.461876213989033238e-02
2.883800394911801290e-01
-1.183532169425106362e-01
-2.297571684939448133e-01
-1.716867216587756595e-01
-3.527171962874979527e-02
-2.164249511440182461e-01
-2.965261078994238519e-02
-4.210591145789831236e-02
4.818363344128988313e-02
8.876624591153940702e-02
1.734825311983234988e-02
-3.265809929512754062e-01
2.047464463909858812e-01
2.165938600288699611e-01
1.433989265056187512e-01
1.762161962894296108e-01
2.095829112738044064e-01
-1.032986799554463653e-01
-4.823441232525344652e-02
7.583597341605143038e-02
4.779070066007116702e-01
1.010970703682328442e-01
-2.403290880430083432e-01
3.257234427691468870e-02
-8.525729396145892425e-02
3.864326065031489787e-02
1.729038559406603781e-01
-7.386858416595372401e-02
9.416884439663054593e-03
-3.609327052183484708e-01
-1.432651625701317766e-01
-8.913708478097268073e-02
2.665959943204506133e-01
2.664412133087454629e-02
-1.043393059131650924e-01
3.581348464713121071e-01
-1.804106746656337357e-01
6.943027325017404883e-02
-2.904167238283331121e-01
2.154700686521994757e-01
6.681321298202354264e-02
-1.233343187474112007e-01
1.090417284127086078e-01
-1.929971615221522108e-01
3.360198497967535891e-01
8.001885175026504649e-02
3.188681949363917495e-02
2.787894342503883238e-01
-8.617831144053853323e-03
3.439269130559673149e-02
-8.908984211493771455e-02
-1.711290164484111087e-01
2.057369346737607241e-02
-3.105063633280015778e-01
5.942435593027638879e-02
-1.196316855697501236e-01
3.554614954805413451e-01
-2.103367124061204796e-01
-3.457075357757744549e-01
-8.293268381824567270e-02
5.598251214450405272e-02
-3.264992171867893145e-01
1.176164529056808600e-01
2.989001603337196680e-02
4.475942433847610730e-02
5.227668444060268316e-02
2.771139860526272147e-01
-2.720976188875605661e-01
2.082933752830114574e-02
3.996846446351337567e-02
-2.423737865477868514e-01
3.223456686756474149e-02
2.390982802183623523e-01
1.207884482708145857e-01
-7.260330260634284549e-01
1.869824221117479535e-01
1.969015719580894386e-01
3.358551675589391272e-02
-3.984088941270547135e-02
2.904775364908802893e-02
-9.127323964546565915e-02
1.428106693692344220e-01
-9.857699583190419890e-02
-1.415596971960101369e-01
-1.592700855466617355e-02
-1.402398452243256988e-01
7.555930764184777548e-02
-2.217638738766349871e-01
-2.048163786569791311e-01
-1.848019087202294464e-01
1.040722355553866524e-01
2.334498513013991416e-01
1.333937489699076606e-01
-3.498642053593686296e-01
-1.125798318047658841e-01
3.101617595716948395e-01
1.379912093923564009e-01
-2.856011331897678057e-02
1.053597093640185195e-01
1.717778233033030039e-02
1.125632123550144442e-01
-2.206931224802825831e-01
-6.780268208252115958e-02
-2.417459758253995006e-01
1.187680362760798643e-02
-2.832790751528608264e-01
1.648703792928654654e-02
2.297272601837931083e-01
-7.340141163995404783e-02
-5.493483847620658778e-02
1.994077581610090855e-01
-2.990177600427025850e-01
2.317860110238098015e-01
-8.354080136655330988e-03
-1.329253669845089358e-01
-2.825709823593484105e-01
3.406162082550262538e-01
-2.319908796353449890e-02
-1.755382177712110359e-01
-2.683645884962412853e-01
-1.351388317392260285e-01
1.536282420023537265e-01
8.487451016373762092e-02
-1.144506659670647269e-01
-2.247923841114909602e-02
-4.698736718479677443e-01
-3.387936980852986890e-01
1.196047951343861548e-01
-1.434800894647595970e-01
-3.454708371298994551e-01
1.578970362760110518e-02
1.841948210011746523e-01
4.231534383882240014e-01
-2.622226681478491139e-01
1.123713386758414673e-01
-1.636592711662372412e-01
-3.455953491379192832e-01
1.740504260672775805e-01
2.132399552083623362e-01
2.250097791909133615e-01
7.559162834034501011e-02
4.354965541252438926e-02
-9.483588790491297160e-02
1.499028700843133277e-01
-5.183633428382130454e-02
4.180477833201549226e-02
-9.631056439974351735e-02
-1.638179896182190287e-01
-2.349745439244196876e-01
6.402669475030819957e-02
-3.189415519130520682e-01
-7.849597334327219900e-02
1.620096840044548125e-01
-7.610910138718640638e-02
-3.732754774900426398e-01
1.026046843780879653e-01
8.811945231697655700e-02
-1.113056922182131120e-02
-2.122472991138757425e-01
3.467879254181942955e-02
6.987220302950239437e-02
1.327139973097165027e-01
-1.304826140365577258e-01
-2.523505279685714919e-01
-1.500299406085097709e-01
6.771888319777146226e-01
2.610735449845113521e-01
2.558891462281442930e-01
-1.143203017881606748e-01
-2.981285656750743418e-01
-1.591591067617876831e-01
-1.472847855559432650e-01
-2.921585036061877250e-02
1.908757030549990408e-01
1.739263833316251340e-01
3.583038579062591822e-02
-1.989792460385697015e-01
-4.147628401921480551e-02
2.165102723517726979e-01
-1.760008719587790038e-01
3.465945126581470026e-01
-2.991450186322363453e-02
6.025473626630420410e-02
-3.296414355229100313e-01
-1.286735889702251001e-01
-1.493535690191693799e-01
2.259838750162265208e-01
-1.636576539991300983e-01
-3.741370073343291275e-02
3.466534609280131907e-01
-1.411680661387960389e-01
-7.131752925254915276e-02
-2.434224790472344635e-01
2.912459819257186000e-01
4.093584014326219767e-01
3.363231119451753903e-02
1.363723197742764681e-01
4.621904122742875320e-01
-3.629781518953736213e-02
-3.453358165118614043e-01
2.320089728049871403e-01
-2.008203997785281553e-03
1.139431647848072049e-01
1.770457017743183870e-01
-9.465238841592661656e-02
5.331864138913284396e-02
-2.160241363651886903e-01
-2.418100537813749618e-01
1.192903071956056930e-02
-7.527652660467527845e-02
-2.940232549630288350e-01
1.012321333258690975e-01
-2.179860745550866452e-01
-6.695057994832953607e-02
9.107513416190848865e-02
-1.617977562398669189e-01
1.607410742367333389e-01
1.902105328814894872e-02
-5.731181027668113583e-03
1.649157693148640969e-01
-1.431384674325373307e-01
-1.885022218246171777e-01
1.620849330745296191e-01
1.890379421066289423e-01
1.184160160895155744e-01
1.757423862310446006e-01
-1.875991436930826428e-01
-3.194006446963253976e-01
-2.249946688939597206e-01
1.022762291608313168e-01
-2.118761175620027248e-01
1.997416839202195982e-01
-1.079752529479920814e-01
-1.108432187319636775e-01
-1.842968413725511456e-01
2.040684649838948317e-01
2.338606723166242463e-01
-2.480637170208732367e-01
-1.451111301512110485e-01
-2.123031973860285138e-01
4.222201595379809769e-01
6.071452520422099264e-02
-2.897702134173933339e-02
-1.863790311725513626e-01
-1.029785471023927368e-01
-2.229501365824894110e-01
1.981304965977363775e-02
-3.901884730622319220e-01
2.646498189141671120e-01
1.073655191344212861e-01
2.326496860458293625e-02
-2.845567529986501309e-01
-4.687287975526246431e-01
2.086035821037496851e-01
4.348240021206360439e-01
1.423482359993032131e-01
-4.237628284270636425e-01
5.776974982822858512e-02
-1.682304969157772181e-02
-6.861158362776418329e-01
1.245262626445417520e-01
2.765094756547097354e-01
4.489904879609881577e-02
5.514970246892546279e-02
1.817324925744426833e-01
1.692142176277468268e-01
7.218406011504496789e-02
-7.366511759776524313e-04
-1.997914341168872676e-01
2.037002988185086516e-01
-4.499737064649734358e-02
-8.224716515719766863e-02
9.057100883325182317e-02
-1.000050459495033101e-01
2.185555448570199732e-01
-3.922455838178335874e-01
-1.225198319206762948e-01
-4.153663255215974681e-01
1.319794896909163850e-01
1.615301073710259938e-01
-2.331778399217304398e-01
-1.607549118877840688e-01
-5.560969146362945703e-02
-3.520036522661392220e-01
1.781456136016190128e-01
4.079161825784083373e-02
-8.062804017854437177e-02
-1.881173382491299062e-01
1.288991794916370670e-01
7.510900560483696475e-02
1.581287139057582503e-01
-1.732606533590121400e-01
-2.962210177296358826e-01
-3.349315734565470604e-01
-5.157612941597402439e-02
7.445806766416129818e-02
2.566536763483779349e-01
-2.027606590648323714e-01
-1.413502895762275106e-02
2.385440542901165473e-01
2.741570461704907480e-01
2.148594328680639709e-01
-8.628768381084986686e-03
-3.170637366160928283e-01
-2.631123996392207842e-01
3.642511957969576247e-02
1.405594583811136944e-01
-4.360406671935698752e-01
-2.714029101106393491e-02
2.527789484450537749e-01
-4.694276830836850017e-02
-3.121039237387905341e-01
-3.124629943309027366e-02
4.866362598782476567e-01
-2.694354360651851979e-02
-6.059329220017637546e-02
1.718001179728308181e-01
7.432063261253132880e-02
5.420822187734920805e-02
-5.384755334616075917e-02
-1.203373438069721274e-01
1.805693330277605979e-01
-7.359038554494114204e-02
6.657677722344157445e-02
3.444574353956440516e-01
-1.516540987220689127e-02
-2.330590441327108353e-01
-4.139444583433928293e-01
3.607851013129768081e-01
-1.082655855563453492e-03
1.061546260430156069e-01
-3.295026390800339100e-01
1.889899285365267134e-01
4.661320835136737450e-01
-9.382995744006640548e-02
2.269954654419713003e-01
2.177844414242942339e-01
1.189049066501222385e-01
1.809245958372028562e-01
-2.931761880742812520e-01
-1.003130306962467522e-01
4.528026358335753010e-02
1.006202200995842538e-01
1.653796970118990017e-01
2.288108637879069374e-01
-9.937526490023669556e-02
1.600218026843446689e-02
1.999539362439513579e-01
-9.067199058153227464e-02
1.507259240027573055e-01
-1.074985967493615885e-01
-1.128393496149790454e-01
-2.103076532842302060e-01
1.698304313393716458e-01
2.843107947871258978e-01
6.657620005145137299e-02
-5.460775116418337821e-02
-3.821106838511681425e-01
-8.433226393058437798e-02
-5.211652213042724385e-02
-2.626651156821668137e-02
1.755518466643287562e-02
-1.681259740403595604e-01
-6.256254823601469228e-01
1.986416824194921771e-01
-4.114535979081352934e-01
-1.334215057939182048e-01
-1.037090459987266011e-01
-1.203433357919887620e-01
8.313385572014245217e-02
5.391889402673892551e-02
-6.183393130317928893e-02
2.659830009195764400e-01
1.235166024611104446e-01
-1.859054500101562923e-01
6.612711819274223746e-02
-1.312107375920297525e-01
2.556086916298587197e-01
1.935099662105798368e-01
-1.160333669705488624e-01
-2.037953863142198119e-01
1.103654764292956447e-02
3.973696796160083172e-02
4.423583035999714697e-01
-4.833196188259174936e-02
8.636222270783315558e-02
1.561580900670450633e-01
-1.679284765704621707e-01
-1.948262196530970991e-01
2.210031805752239731e-01
-1.039076646380037994e-01
9.605181364914842923e-02
6.856259418260125804e-02
-6.141078369027683920e-02
-5.290796727321358476e-04
-1.566664434185666144e-01
-3.653247494229293624e-01
1.278308578064170919e-01
1.001869684334526500e-01
-1.408265171572871122e-01
-5.285668682294889648e-02
-3.773291703544603970e-01
2.314748460004406594e-01
2.309357876681990551e-01
-2.164672761593820216e-01
-1.516050510015296282e-01
-2.324839983381004893e-01
4.181484041288955483e-02
2.458409601950495987e-02
-7.201160782827896456e-02
-2.958225351539238157e-01
-1.960213840953532460e-01
-5.345428541600980715e-02
-2.592226611596769592e-01
-4.017299443649055557e-02
-2.896624036062722327e-02
-8.084203653851805560e-02
2.843648028891827828e-02
3.583750343623514495e-02
-4.120883487664048772e-01
-8.689138948071837079e-03
2.737041766980379265e-01
5.435096057824222171e-02
-1.799757742581398479e-01
2.065657112488509251e-01
-2.364430425811492875e-01
3.167618257870835619e-01
1.697346496173322283e-01
-6.934634025450261974e-02
4.682502251978780394e-02
3.231144899195152465e-01
1.191405810559686418e-01
3.203792355539477471e-02
-1.390015538876491763e-01
4.444883520290849321e-01
1.684188402792557160e-01
-3.219405949143697709e-01
-2.217489353214709968e-01
1.172296916296309971e-01
7.523226575113985126e-02
2.839750677258409128e-01
1.011375747193077046e-01
-3.634116014504292780e-01
-1.012606792293063995e-01
1.127050980692502202e-01
6.997263236217753091e-02
-2.710173124835633662e-01
-2.277675305558636287e-01
-1.225372253889048385e-01
-1.759857563976134631e-01
1.137322150934390041e-01
-8.346331919659449872e-02
-6.225396043544564190e-02
-1.275167974823881722e-01
1.468974161300409254e-01
-2.657216063983665333e-02
2.616123236802029087e-02
7.690253786248572865e-02
-3.202856245734432838e-01
-4.682874560608991585e-03
1.479207579323032207e-01
6.836006267616574761e-02
1.818544052992580040e-01
-1.976191116894339961e-01
8.213501097611045076e-02
-9.938029251178581713e-02
1.904993636290039094e-01
5.977259427301356148e-02
-1.622397103885358516e-01
1.657679699856696165e-01
-1.894008924777097480e-01
5.500716950847430592e-02
8.145057154839802083e-02
2.092113298661214538e-01
-3.464389054130331824e-01
-7.942353902374642283e-02
6.502071838826421757e-02
5.310224986669609404e-01
1.353516955874331344e-02
3.544215810399690136e-01
6.341779216593734780e-02
2.046239232469103386e-01
8.175166303869180195e-02
7.677712389189890463e-02
1.763486467720182804e-01
-2.636375220516811169e-01
1.434328297518938367e-01
-1.925892596322764660e-01
4.752196322125532002e-02
-3.104443124488951988e-01
1.210934557840049747e-01
-4.925899641567287879e-01
3.315001962309094274e-01
4.158571916033387827e-02
2.124318498746862183e-01
-2.445582147013345420e-01
3.215906736989699310e-01
-9.764332073342560370e-02
1.924644209532018480e-01
-1.106515329997085212e-01
3.067659670600663691e-01
3.898007666901718293e-01
-1.553200344509639286e-01
-2.231122239114607109e-01
2.488618290180406589e-01
-3.101458997100525403e-02
3.410083708820036419e-01
-5.628096163711073657e-02
1.428576635573440834e-01
3.971210404147441399e-03
3.949345417638271960e-01
4.920082645838880220e-02
4.058995672873633165e-01
-1.521288431929068430e-01
1.966593441110459084e-01
-7.035836434047862409e-02
3.715490644442106388e-02
-7.912236004876808948e-02
-1.176450839714170415e-01
-2.015725430726747203e-01
4.515811770334522690e-02
-3.791003780981918037e-01
-2.243850447658393976e-01
-1.258783953759438565e-02
-2.806515991475233562e-01
-3.281419884088235955e-02
-1.254343451672661550e-02
1.952542023891090939e-01
-2.333110372794787446e-02
7.645697021368172419e-02
2.906055576236055843e-02
-2.236588535853744897e-01
-1.314687916228092501e-02
9.327347927174442846e-03
-2.185774691390522384e-01
1.682054243763380363e-01
7.290710754434609475e-02
2.050872188585640965e-01
2.035412971838359286e-01
1.025815018856866268e-01
8.689425943468692681e-02
2.157677395424085764e-01
-3.752854490474490795e-02
-1.593623724528205055e-01
-3.645403618450823169e-01
3.864475380271978344e-01
1.746977168172488826e-01
8.758687817076322990e-02
-3.017556553621314475e-01
1.964605779699711563e-01
-1.219322189276840357e-01
-2.264416996091432044e-01
-2.676301525281544191e-01
-3.108389244077813252e-01
5.266708744575140932e-02
-1.549276062630512985e-01
1.699776727944755927e-01
2.587392702087352725e-01
1.258100264838949156e-01
6.111270764334349181e-02
1.944395371192739475e-01
2.146414690331419073e-01
-2.366136745874279357e-01
7.021619122375130639e-02
-1.413502840412227124e-01
-1.779443343341625128e-01
-3.387243789347754719e-01
2.171298319229549301e-01
-3.778574368139344108e-01
-1.054678370743263038e-02
3.412153081991975978e-01
-6.514368077939368396e-02
-3.222808312300050604e-01
-8.782349503512540748e-03
1.631818117626011588e-01
-1.804680924662415975e-01
-4.197967267260465513e-02
-9.402098691194857305e-02
-3.251032028275434027e-01
-1.351786321389549517e-01
1.252317602175915534e-01
-3.078525760823979107e-01
2.729990629156254234e-01
-1.812525446280846553e-01
2.479902047014193034e-01
1.287542911716923200e-01
9.536423905296360914e-02
7.217168027687517751e-02
-3.925405277417921002e-01
-1.394293622429803869e-01
-6.389111045853075599e-02
-5.815751130501983779e-02
-7.591056297044729284e-02
-4.093246348480834851e-02
2.006449051122585481e-01
2.007808829062177058e-01
1.900266628564713789e-01
-2.306211021526603511e-01
-1.308901831100323654e-01
-1.780435413843842185e-01
1.804321956017841955e-01
3.304326453439079131e-02
-6.621341486662468689e-01
2.038723899467857759e-01
2.576814354565588015e-03
-6.926555997593662750e-02
6.084317803509153855e-02
4.693107401210039886e-01
3.182640434499389714e-01
-1.597156957986836101e-01
-4.270687684856829258e-01
-7.284815470408034788e-02
-2.031226613734344877e-01
1.680045279275991232e-01
-3.114710507673784101e-01
1.249113778263588742e-01
-1.558850897321968632e-02
-3.693136201907326610e-02
-2.322146585525609874e-01
2.488675137194390832e-02
-1.511189900127671293e-01
-3.862457300757852208e-01
-1.703240994997497482e-01
1.238214674293245943e-01
-1.201430981183403829e-01
-1.933681564275396558e-01
-3.376183928391054412e-01
-7.669649954388758906e-02
1.010834557752353542e-02
-2.121351341379946742e-01
8.103991364833464106e-02
4.065767616781598010e-02
1.242663946769801547e-01
-5.618243390010979436e-03
1.588323333211610899e-01
1.801516691044735205e-02
-7.698044040668652888e-02
1.761764253748466791e-01
-1.550020077080647984e-02
4.588901762654749861e-02
-7.371705887440975491e-02
2.357070255647965851e-01
3.698871011248233004e-02
-1.380451574445308027e-01
-6.247175693936968255e-01
-8.992737055549880620e-02
-5.027273805625911279e-02
-8.396908113840360899e-02
-2.324942202022701500e-03
2.054962268664872749e-01
2.257647366271947967e-02
-2.018087972222450954e-01
8.436668223290212654e-02
-9.582952598537622380e-02
-4.543462901729996943e-03
2.133270431817708979e-01
2.700596587668933068e-01
-3.769290536527473146e-01
-1.279330953363302546e-03
-3.429608867118009302e-02
5.162956764237883189e-02
2.650039093121498435e-01
-5.800975874290445478e-02
-8.630333172942057651e-02
-1.725857411530281327e-01
-2.111258033002327006e-01
-1.220890430879269517e-01
3.991479163702150723e-01
1.851716480773736018e-01
1.016334312470501024e-02
8.994615099403947605e-04
1.194332643025087515e-01
3.297632242528553657e-03
-1.122330473834367084e-02
-2.900735830511828039e-01
1.046792587670842128e-01
1.228520494424112097e-01
-1.996592193751874078e-01
-4.150008974541542078e-02
1.921236534246895111e-01
1.943393908020692173e-01
-2.271984997441480469e-01
3.444880554557164937e-02
-2.041077714131840637e-02
-3.377532433709402593e-01
-3.311483552163002053e-01
-2.105655944313264763e-02
1.187372639820663683e-01
9.237294817750026088e-02
8.344119934410834660e-02
-1.726184514930166614e-01
-4.729665747969045708e-01
-1.367540635672636895e-01
-5.017650250603734180e-02
5.090687108621569923e-01
3.007126508971433299e-01
-1.918633778282030355e-01
5.997604363361814378e-02
7.959512361262076341e-02
-2.171666525195117270e-01
5.501322275983559773e-02
-2.747271428561035966e-03
-1.823048720750604021e-02
-5.514174211444854146e-02
6.239585774407995639e-02
-2.797466708509885880e-01
2.088704215031917943e-01
5.795247719790433405e-02
-2.269125988167285113e-01
-1.806171996696728510e-01
-1.182041632272498727e-01
-3.743810750717721514e-01
9.914823205795650352e-02
-2.312177405987539403e-02
-3.046779711976699834e-01
1.995698166652470906e-01
2.116515037395312951e-02
3.657914812665976068e-01
2.400724396827358040e-02
2.964629561744998587e-01
-2.229185390186319837e-01
-1.136168900236670110e-01
-3.687988294605418771e-01
-7.243615006958728508e-02
1.295245881998781934e-01
-2.971961437785023974e-01
-1.067482544850582166e-01
1.710681027254896611e-02
-1.968623014357583356e-01
-5.323925761423907721e-01
-2.302145188396766962e-01
3.634302314561541625e-01
3.460701871816679320e-01
-6.226908903953359137e-02
-7.076947080273748858e-02
-2.846825583896362213e-02
2.250324241446000628e-01
1.079942937330522455e-02
-1.683689567414825006e-01
-3.399714816393528682e-01
1.043608051273042653e-01
8.467423333941910546e-03
-4.651786972849260571e-01
-3.844125352719320876e-01
7.315052342279333708e-02
-1.038302977927806764e-01
9.597522215758408359e-02
2.023523485484459705e-01
-8.583995057672388906e-02
-1.467535465431760444e-01
-1.965418813118390562e-01
-3.100406894851698639e-02
-3.057325234566679595e-01
1.022176732624868328e-01
-2.596246740441945366e-01
1.977495477025423970e-02
1.546292002166548551e-01
-3.638476446115062601e-01
1.584281862633132032e-01
2.523251681225142096e-01
5.025504273964967981e-03
-1.369131740431613897e-01
1.911967308549098257e-02
2.454151829355727676e-01
-1.245675126708208902e-01
-1.748722613034511819e-01
-1.684541991959182528e-01
-1.829644893345406531e-01
2.115096723360835596e-01
-3.055952829122093317e-01
-4.679504000643684991e-01
3.416259395557669221e-01
4.376173226542703909e-01
-4.103527555738638033e-01
2.095780367418471901e-01
-8.534226054200921840e-02
5.775797297398887337e-02
4.382410964522247959e-02
3.028482467009461776e-01
2.121723473136523652e-01
6.814579210540640773e-04
4.935432241991776214e-01
1.096543150233425939e-01
-4.920575459552496006e-02
-2.935542620963321192e-01
1.598737993708561067e-01
-4.288986042576996005e-01
1.751869253901901236e-01
-1.326503232092777484e-01
2.758562501954531232e-01
-1.727443610920110229e-01
-2.374030872696236971e-01
-1.326013759089804678e-01
-2.844706270571349671e-02
-1.384774920198439951e-01
3.510617964608891972e-01
-5.677764343638667249e-02
1.222431424975140429e-01
-1.064251358675998016e-02
-2.814217062838255679e-01
3.497866580635883293e-01
-4.760231668962802698e-01
-3.879606227240275373e-01
5.950847858518924088e-02
2.421879032679746802e-01
3.244416674940392431e-01
-5.932961417128868042e-01
4.734913241253287941e-01
-3.130977197428486125e-01
1.045681148125573862e-01
1.501938882618812643e-01
-1.388987807069306524e-01
3.474839949646258974e-01
-2.033679149969702324e-02
2.750536190488373487e-04
-4.033925577059181700e-02
9.217020016918378578e-02
4.633248806001655923e-02
-2.341693001437170629e-01
4.903091659642369593e-02
-1.656159637094649084e-01
-6.732544833685037700e-02
1.560527697984917528e-01
7.647769544395192909e-02
-2.344980423082715926e-01
2.959889817567495363e-01
-1.512514838640680731e-02
1.123850925913540966e-01
1.363042539576305445e-01
2.955028287879322701e-01
-2.432611359820733288e-01
2.883507900206393471e-01
-2.804023029104712669e-02
-8.758382859136185083e-02
-3.744708078737258861e-01
-1.897009987563475220e-01
3.346890274785188635e-02
3.980128487190476849e-01
4.219867592875357898e-02
2.102017238474283289e-01
5.732288766568190835e-02
-6.211789053824738616e-02
1.833733699057243580e-02
1.808604519770261321e-01
2.860896516158730751e-01
-2.428066282732948278e-01
8.284046449547700919e-02
1.317154359175714828e-01
2.851997168801392174e-02
6.146697508213736644e-02
-2.568844754274225033e-04
-1.524368278772937069e-01
1.813580638194716710e-01
-5.221358102394000472e-02
-1.855203316365658384e-01
-3.917359614109118537e-02
1.087057033757283242e-01
3.151915672980536154e-02
1.587418064413609053e-01
-1.671422441548592874e-01
2.025060576203076002e-01
2.834091642290499924e-01
1.330192651774742274e-01
1.220332571259014204e-01
7.929138126586518509e-02
2.795465773596173542e-01
-1.064830456123319335e-01
2.059047345188451672e-01
-2.117078544625894121e-01
-1.998059160961393466e-01
1.895268813104309669e-01
-3.762448758033238444e-02
-7.901435041956921257e-01
7.287462359176383186e-02
-7.079016892018338836e-02
3.173800640572049803e-01
-9.333101430219434280e-02
2.781107236357662216e-01
-2.077455088484173873e-01
-3.443025791453571127e-01
-1.334525420433172460e-01
-1.810406471932103981e-02
-2.888641500900912540e-01
1.305906183255902131e-01
-8.293417160299269841e-02
1.592265453604615744e-01
1.783337386680009240e-01
-6.791331879133667704e-02
-3.045322993705827930e-01
1.391019648239239792e-01
-6.764685935552162965e-02
8.351742749759344386e-02
2.359472193793692718e-01
1.160552532958602778e-01
-3.259325074343193823e-02
3.662878649160343780e-01
2.813244571819696893e-01
7.913709875797499127e-02
1.285862263568649522e-01
-1.376899700882664446e-01
3.951021349237835434e-01
1.742338845311949269e-01
9.669102050891863198e-02
-7.881422417497521704e-02
6.654716433593996783e-01
2.076408823982859100e-02
-6.712164589280329718e-02
-3.512307939422515402e-01
3.461553930742952145e-01
2.117183152220084297e-01
-1.118378378058745987e-01
-2.248122594990127343e-01
-4.968619551207161811e-01
1.293978492152995097e-01
9.244768154520466297e-02
3.013541642646536123e-01
3.777983591009097947e-02
1.592683688621253368e-01
-3.625259334796671618e-01
-2.157409996334993807e-01
6.068167093023257852e-02
4.342268826611925259e-02
-3.845202217831131253e-02
3.691409613349046909e-02
1.768099261651079890e-01
-2.840768181621254329e-01
2.153804348635778854e-01
-1.231929609331024467e-01
2.442312611532021505e-01
-3.110170134859684965e-01
1.588114706453989944e-01
-4.310092912657269570e-01
-1.319269084599216102e-01
-1.122247814164211571e-01
2.905350226386197582e-02
-1.053754336220809884e-01
8.705432593230451321e-02
2.012822932570193790e-01
6.020347912408154784e-03
-6.056241480371303901e-03
8.517363844174272169e-03
-3.228407084090600260e-02
-4.198405035903125110e-02
2.898502686767288061e-01
-2.894476476068906234e-01
8.325684290636103935e-02
3.008030627094612428e-02
-1.327014376286219099e-01
1.309971811951534948e-01
-1.900192002148680392e-01
2.545310059378685930e-01
-4.775967539289530800e-02
-3.342279659408809445e-01
2.244448157681099010e-01
-1.779820087377581850e-01
-5.944592404910443301e-02
-4.959440244956328514e-01
-2.456830099834804992e-01
-3.827011724695212336e-01
-9.699129562923587689e-02
-2.498051220598859756e-01
1.205738095140914956e-01
-5.050020477224324011e-01
2.090874337945359540e-01
-2.022915342674413974e-01
1.860517812918386846e-02
-1.897958235931672399e-01
1.617085467523342590e-01
8.545835873399916516e-02
-1.894882488707655688e-01
-3.374971732776557709e-01
-3.091459808976048662e-01
2.800320141588115153e-01
-1.631820824190676755e-01
1.796485213775572132e-01
1.838225132117529415e-01
2.981624410000869863e-01
7.251247046892549120e-02
4.379245730783142831e-01
-1.529321710572205742e-02
5.551305396299517636e-02
-1.401853654787955650e-01
9.426087741500731310e-02
1.733083301523967792e-02
-3.279460093507199220e-02
-3.135937051995870140e-01
1.495036977593275085e-01
-4.765410168035108529e-02
-2.358236037265105944e-01
1.810240851776166171e-01
2.548455881230211606e-01
-3.481668761226704434e-01
-1.611165341784656091e-01
-3.824862535247822160e-02
1.183221346431247573e-01
-2.095607213654142598e-01
2.968900158929733690e-01
-4.856848765429275933e-02
-1.489059686299520346e-01
1.158813846402182712e-01
2.390101216524358474e-01
-2.715627136277304083e-03
-2.622528894913024322e-01
1.067910391348705912e-01
1.734306371184215004e-02
3.002498834870750422e-01
2.353554417254370423e-01
2.650433294064414858e-01
3.256767448071578794e-03
1.229204110517826964e-01
-8.872434121096940685e-02
-4.001316421702761500e-02
-8.670590985505438608e-02
1.795712469164190694e-01
-5.950841958934413589e-02
-9.537824115836453578e-03
2.256493960167395840e-01
-2.483762804544105141e-01
6.197814479655862352e-02
2.801792433722600784e-01
-1.668678549180641763e-02
1.488403935895706576e-01
-1.583196013145473369e-01
1.616073816917030503e-01
-1.505099483744866684e-01
-4.994127511938041830e-01
-2.433809024660158957e-02
7.219566659455389779e-02
-5.789859949401297140e-02
3.357380846582910805e-02
2.050448880521115735e-01
-1.703354077381431519e-01
-3.051905932060176019e-01
2.068615252743319644e-01
-5.287364211383064477e-02
-2.307225714164171798e-03
-2.088796904533262930e-02
1.560716875249987257e-01
9.903950235450872941e-02
-4.348902292402634373e-02
-1.932008799520724407e-01
2.007939363276869948e-01
9.057136703735249594e-02
9.822514395098928819e-02
1.908594350580022046e-03
-2.069399799552808783e-01
1.839502966344541413e-01
4.738936504192349519e-02
3.269510181351029665e-01
2.893382380315610014e-01
4.264273739255654283e-02
1.424869181099605309e-01
-3.523262875003029329e-03
-2.509510333684049008e-02
-1.430544481401872792e-01
-1.606317323775394434e-01
-2.237433134010000102e-01
-1.893186014612686929e-01
-1.218211255129227205e-01
-3.462409865892755040e-02
1.565638672731535230e-01
3.594242835154804611e-02
-2.393390218228687305e-02
1.320615381292107593e-01
-8.549352032529654311e-02
3.212284072691187209e-01
1.723718588902776738e-01
1.719484495905371502e-01
3.394627565634718985e-02
-3.350108315419119132e-01
3.062506805069252769e-01
-4.513345519906378778e-01
4.062446744134291798e-02
-6.261285788073556180e-02
2.251900135453426821e-01
-1.265203903471830427e-01
-2.436641109414159484e-02
2.929384059219609648e-01
-3.066059183581760772e-01
8.952738829698601852e-02
1.355713093948877623e-01
-1.315376222183625883e-02
-6.427753201755029289e-02
-1.016898683266868747e-01
2.935933872994990913e-03
5.904662004551568255e-02
1.032756555218277139e-01
-1.457842032723833114e-01
-4.961617823814631900e-02
4.796059492412539649e-02
-1.756745257199845145e-01
3.461384953963978495e-01
-1.223214373131207150e-01
-6.378818338936211030e-02
-4.052496472865058791e-02
1.577547816025821059e-01
-3.099940291883178101e-01
-5.308059576295329762e-01
-7.973639417036532118e-02
2.761836445421177524e-02
-1.587725569289955563e-01
-3.885700985051234735e-01
-2.929427669848896909e-01
-1.996671977634645045e-01
-4.302167541293329678e-01
-3.154152859704422579e-02
-2.763535792476359276e-01
3.109316741230008785e-01
-2.293017243010518902e-01
1.683658186466068310e-02
4.998472941506318934e-01
-2.418553705304642143e-01
1.246620429246802497e-01
-2.580796725761870247e-01
2.508358939112087516e-01
-2.680225788821616328e-01
-5.136247133238257545e-01
-2.036276381716543016e-01
-4.137227615414915821e-02
-1.185876689862527811e-02
3.600996652510679574e-02
2.317430668820044393e-01
1.054805786056778050e-01
1.486896036439030490e-02
3.248755076279910559e-01
2.301778350404972556e-02
6.451808707217070171e-02
1.185980922593547066e-01
1.482191384466302608e-02
2.603178690827065989e-01
2.608458961363558926e-01
-1.360011056345439805e-02
5.333950814096535264e-01
6.729961264396913667e-02
-4.543575029110608066e-01
8.353702089176369416e-02
8.928879476836565354e-02
3.214847390746453093e-01
-1.435482879250166710e-01
4.189524050387329057e-02
2.204811152156248288e-02
-2.668315865906368753e-02
1.816138348307030359e-01
-2.451289293774395472e-01
-6.991463764463928636e-03
8.092812345093627902e-02
-1.121283866521667755e-01
-2.513430366614757133e-02
-3.724258715526963526e-01
-9.980050319398296732e-02
1.950620906150803691e-01
-9.153358986550874654e-02
-4.497310935840295731e-01
2.819499120378043955e-01
-1.856002048227936296e-01
1.323289695135822508e-01
9.724355226799791252e-02
-4.098749702547897500e-01
-3.062957753406917449e-01
4.463650155605606296e-01
-6.015744176088441697e-02
-5.175284550475819367e-01
-1.227771443891335634e-01
-2.755376608995455112e-01
-7.467831193467542629e-03
1.531534096621891272e-01
-2.188963195645663162e-01
1.197225138747142203e-01
-1.562392983130276303e-01
-2.177233474662870205e-01
-1.996141288395169855e-01
1.101834879600144257e-01
3.456150840404000057e-02
-3.774780855766773913e-01
-2.259768447177291917e-01
-1.384244343036604256e-02
2.226316823309011372e-01
-5.829868057228253519e-01
1.261953156729664349e-01
-1.596058013601484304e-01
2.002946173371576988e-01
5.668006943862174962e-01
2.054308408508725980e-01
2.182566390431661951e-01
2.258237943339615195e-01
-2.109465688251665749e-01
3.475363628013897893e-02
-3.807249883899503917e-01
1.763123311111700342e-01
2.588589562141099254e-01
7.323488770523923705e-03
2.389258263364161805e-01
3.020020299494438065e-01
-8.142504484813647969e-02
8.996920658794788084e-02
2.725096296941682816e-03
2.623737678769216732e-03
2.900362832465714358e-01
2.517219807039967061e-01
-2.466977480767081898e-01
-1.250379715805321479e-01
-1.292550485553687345e-01
5.544315132942326946e-02
-2.363304520193320601e-01
-9.433346490668842454e-02
9.874965576406358192e-02
-2.559855772054480116e-01
2.286008737007551028e-01
2.191282251501617817e-01
1.311733366440297477e-01
-4.455761983884960475e-01
9.853709452001237212e-02
4.492453643167668709e-01
-2.355641402657363270e-01
-4.586298547633947398e-01
2.379440482987115746e-01
4.613945466906485549e-01
6.970316157720270189e-02
-3.058207164936372485e-02
5.439595861113143138e-02
3.805712273192604633e-01
6.498550808743090365e-03
-2.930649860822950523e-02
9.319153640429077984e-03
-1.936366219107904518e-01
-7.332978998404887649e-02
-3.471148049100054034e-01
3.668584810536863750e-02
-2.813725661913799025e-01
8.747762437875296337e-02
5.632369778935394367e-01
1.633061559401193441e-03
5.079133692744232098e-01
2.008002015205667401e-01
-2.382991602522767649e-01
7.455093979389358638e-02
-2.476510701826634409e-01
-1.452873206193003586e-01
-1.873193513989240139e-02
1.334560486198776465e-02
2.358897686511421954e-01
1.343365343988154326e-01
2.557331671977684448e-02
6.124248280795152599e-02
2.378416403678830504e-01
-1.382048500443882055e-01
-1.002027819229621697e-01
-1.893748139981143441e-01
-3.233368026658927086e-01
-1.145064439548505036e-01
-2.823345438595606938e-01
-1.094350404766774448e-01
-1.280765834843205497e-01
-1.132344172629188572e-01
-1.371274462024296981e-01
-7.679478218276841739e-02
3.353500414926251505e-01
9.000718699121263919e-03
-1.486695639150427961e-01
-4.984533917636858047e-01
2.464380229013916346e-01
-9.543854126052706000e-02
2.028629104510217274e-01
-2.492385277020190137e-01
3.165384289996868161e-01
-1.385437287746638102e-01
-6.578194804747067304e-02
-8.602912184643400281e-03
-4.747746608743154129e-01
2.501265978741871177e-01
-2.429999625207556468e-01
2.672775646218249548e-02
1.622428892187040839e-01
2.299085687949804502e-01
3.400133673978760623e-02
-7.898893972739512437e-02
3.006635329987660810e-01
-7.439582993698830304e-02
-2.988298215232070287e-01
8.142884060914816133e-03
5.374238649069955354e-02
-1.749557403284847101e-01
8.760351958297463160e-02
-2.076159945304255350e-01
1.620122152728807885e-01
-2.109292331608807747e-01
-2.770154154573431678e-03
1.089272571999973585e-02
-1.578897775897225020e-01
-2.493668001742580242e-01
-1.420835897859823449e-02
-3.245553005199568186e-02
-1.951595850340616944e-01
5.091597767128643037e-02
-8.566487358890331749e-02
1.095732363285479016e-01
1.456849036100150430e-01
3.788093031958441603e-01
-3.005251672075053837e-01
9.071359944869337999e-02
2.450827411359907115e-01
-8.255218265526655108e-02
2.632297413500332417e-01
-1.861020246990433558e-01
2.448792216336005412e-01
4.837526286314870472e-01
4.206460639134460555e-01
-1.701856773057983385e-01
1.637397059846796288e-01
3.668806969010965369e-01
-1.210642232618494574e-02
3.030915439036632394e-02
-5.542748361523983612e-03
9.905887055352705084e-02
-3.427946453162462048e-01
4.897458135358375708e-01
7.887772248185015433e-02
1.969499405352306554e-01
2.868293754432408860e-01
7.464571068761356731e-02
-8.481378586144354415e-02
4.725795501203315652e-02
-3.377618465194085484e-01
2.757020500548202357e-01
1.655364645271738266e-01
2.355675409586716895e-01
9.516415743430657603e-02
2.064114386080394548e-01
1.860941320124560525e-02
-1.185455979759361955e-01
1.895847524798183470e-01
1.128974629297468252e-01
1.464579857161729948e-01
2.750367533402835463e-01
1.799791296224420856e-01
-6.215446428968155607e-02
-3.755681489993362709e-01
1.433589629857698333e-01
-7.544600855010505369e-02
-3.973980820136933656e-01
-2.239621227993942032e-01
8.131814132099126138e-03
2.837679757067027020e-01
2.936149994704912933e-02
-3.961043898929582086e-01
-2.103478573493109682e-01
4.671289800280979398e-01
1.978464189613319824e-01
8.424764700966669295e-02
-2.961561465526348427e-02
-4.555411495456276327e-01
-2.979042203511038725e-02
2.175160308144122312e-01
-3.177774768889810031e-01
1.120744638017679429e-01
2.183200278011620532e-01
-7.443607162197286853e-02
-3.892142753532052551e-02
3.554714480171115021e-01
7.625586299886663588e-02
-5.745444369646301314e-02
-1.320333403652879378e-01
-4.371294978389811958e-01
2.721351236708755561e-01
8.962461913874888997e-02
-7.589766038707262963e-02
4.557454578966377984e-02
1.999963642908631715e-03
5.016500748234361401e-02
-3.164893472674696340e-01
-2.440609608074209291e-01
-3.900308795025848596e-01
1.697363089866531921e-02
-7.158891320913347844e-02
-8.110001792444905544e-02
2.068892836691094694e-01
1.753501431712071457e-01
-2.041320602394030015e-01
1.654947165911029028e-02
1.017252629272697578e-01
-2.924204151990870137e-01
-1.803584210922627995e-01
-2.178062420964069767e-01
-7.149965106563230255e-02
-1.067431092379223651e-01
-3.584893254756002512e-01
-4.135111637566453724e-01
9.699449862936102007e-02
-5.028877223914868244e-01
2.838081733702458864e-01
-1.584787386780778240e-01
1.954139382140771264e-01
-2.833523675521113505e-01
-6.245668428366465789e-03
1.086321152880239949e-01
1.884657843905691021e-01
9.155936894889542266e-02
-1.611237356192083692e-01
-3.895409021156436696e-02
1.748331520645324544e-01
-2.583307157622967698e-01
2.274750745354513493e-01
-9.975058741900530435e-02
-1.722618252177017528e-01
-8.408554458519369723e-02
-4.144614300499290666e-02
1.283143116935626382e-01
-8.982663857496768489e-02
1.349374062564412044e-02
2.322534477553672982e-01
1.799823789603595958e-01
-9.871803668773158902e-02
2.072836218779786355e-01
-1.247669445511311453e-01
2.269917397953143123e-01
1.883259317153918588e-01
1.536474445716259074e-01
-3.040659547118805817e-01
-3.362089622414289880e-01
3.396716431326000651e-01
8.150018883391801916e-02
-2.231471496387947007e-01
-3.630196061075339209e-01
1.020668029280505235e-01
1.152814478459857211e-01
5.918586096446777634e-03
7.188618585316386422e-02
3.399193218686168139e-02
1.262516778796119593e-02
2.935320805064484673e-01
3.441140948910136332e-01
-3.208667155367755236e-02
-2.302724141924422652e-01
-1.302416291288122363e-01
1.723441213511453241e-01
1.254487165466476317e-01
-1.193177552685064924e-01
2.164649031427889544e-02
-1.329786463348885950e-01
-2.906378146192702475e-02
-1.932095126838319910e-01
3.134214321392569946e-01
-4.455748723708828352e-01
2.523111109650458261e-01
1.183385735679213513e-01
9.583924586895453679e-02
-8.668330600541315767e-02
1.699999225025229377e-01
1.645538122666888661e-02
2.238567420910521355e-01
1.285286938594221440e-01
-1.973974799392657076e-01
-4.534519261931466150e-01
1.652738169696846282e-01
-5.610629486179390807e-02
3.513940296919533246e-01
-3.202343251843912109e-01
-5.617025138555665348e-02
2.435087378837803851e-01
2.029933579771910634e-01
1.958777139833999675e-02
9.289515103731076084e-02
-2.448850991328759344e-02
2.252307578128099064e-01
-1.280433936776332327e-01
2.066766837750475261e-01
-1.892236065549244249e-03
-2.324238039086390095e-01
-2.521469526728487565e-01
-1.653374590015228851e-01
2.040831386093024113e-01
-2.907215564572435684e-01
-3.288949085843145825e-01
3.881316572053836733e-01
-9.221616419290637467e-02
1.305353708449440431e-01
-1.982773233454785192e-02
1.826495490707631952e-01
-3.816634036214037184e-01
9.561860304324296123e-02
-1.307104172065091385e-01
-1.355332382335399655e-01
-1.273470240046860880e-01
6.986553616511637088e-02
-3.596331486142040346e-01
1.344423237374088587e-01
1.747790833045450090e-02
-1.034191371284348820e-01
-4.763161130552404782e-02
-4.406541307553418774e-01
4.032207862265874479e-03
9.475973996231439045e-02
-1.619304944857188067e-01
-6.990859089047192498e-02
2.025530450802472404e-01
-4.308387558632390674e-02
-2.315038151456615401e-01
-1.248428717792371828e-01
-3.442528057534302230e-03
2.040421706317424311e-01
-2.519977695384683081e-01
7.697533428734452954e-02
1.084077032128204637e-01
-3.067812200547804791e-01
-4.266705831768100587e-01
-4.011154379828309191e-02
-9.479005053913652779e-02
-2.950882730789539457e-02
1.169722222764408709e-01
1.285153086696196878e-01
-2.051286808961077721e-02
5.320078644910994185e-03
3.983433598217191868e-02
3.720371800463638245e-01
-3.308389481506627261e-01
6.124181599906506485e-02
2.551400475538235790e-01
1.999374404393919891e-01
1.012720216530484940e-01
2.079876288984617572e-01
8.453265637589459092e-02
1.383345212974480265e-01
3.243130271432729250e-01
-3.064662932937422535e-01
6.129775607562183704e-02
-2.691174384221331484e-01
-2.279585100654860363e-01
1.009174318575948165e-01
-1.555584730316576236e-01
-6.879113784176475732e-02
-2.041096179853503778e-01
5.059971042450109868e-01
4.773352749187433075e-02
2.852794440680605711e-02
2.001661224346155954e-01
-1.967075294976136646e-01
3.688623058942095551e-02
-1.900524925607830207e-01
-2.404118314045545698e-02
2.577746036169075161e-01
2.130501608830289162e-01
4.490597333216537201e-01
-7.736319502114362423e-02
1.616976014738962519e-01
2.909262236487364928e-01
1.491624744737014563e-01
2.337245218890479648e-01
-1.530301824855412607e-01
1.863205427768845623e-01
-7.798566602791251468e-02
-6.817717854761536078e-02
1.070176751062699022e-01
-2.595313893041028552e-01
9.511185068344628693e-03
1.314021715372550581e-01
-1.074408999926317193e-01
5.988868470350718065e-02
-1.473974556171428196e-01
-3.942594273038768082e-01
4.234361897145165476e-02
5.076767187376020063e-01
1.567765285614078907e-01
-1.424700265350543060e-01
3.246869587155239850e-02
5.178045150311180178e-01
1.660270783575385212e-01
1.247718284681265943e-01
3.645928363400005069e-03
-4.944578142355805089e-02
6.448014671779686569e-02
-1.500193234495899031e-01
-1.864639759101875405e-01
-1.922497956562685059e-02
-3.314952675389957193e-01
3.253756386365772579e-01
3.554867553709781247e-01
-4.184143133237470079e-03
2.331757998822444056e-01
4.337251012720270277e-02
1.371076574526313430e-01
7.384161368730789154e-02
-2.370148535471210960e-01
2.104761798040370030e-02
-1.920037932778523304e-01
-3.435061558209503985e-01
1.472782086888386466e-01
5.188765638653431919e-03
