7.340873854731980175e-02
-2.872880747889192676e-01
3.217800069813750996e-01
3.169562597228854361e-01
-8.662488397780283567e-01
-4.786903416400556388e-01
9.293990579141437891e-01
7.560501141054765117e-01
-9.763861052926742223e-01
1.000000000000000000e+00
4.871103001393283227e-01
-1.000000000000000000e+00
-1.000000000000000000e+00
4.062212657496009904e-01
-5.264295292302056950e-01
8.578547413400101629e-01
1.000000000000000000e+00
-5.234311081264138021e-01
7.177162139490123050e-01
1.000000000000000000e+00
6.955519651167125783e-01
-5.442927183976306038e-01
4.492277480637620890e-01
1.000000000000000000e+00
1.000000000000000000e+00
-1.000000000000000000e+00
-7.567883351173807505e-01
-1.000000000000000000e+00
9.883423601109930789e-01
-3.987981477137186315e-01
-2.047130426540464954e-01
-8.581014509950297686e-01
9.493721097215601645e-02
-9.409503089738264769e-01
8.298971968561176249e-01
4.080452406955898947e-01
-1.000000000000000000e+00
-8.387456543410150012e-01
9.480746852052547302e-01
-1.931468537126981300e-01
1.000000000000000000e+00
-9.305911108942277465e-01
8.235876742100614045e-01
-1.000000000000000000e+00
3.315497328354725104e-01
1.000000000000000000e+00
-1.000000000000000000e+00
7.029706850291217446e-02
8.896807955816617985e-01
1.000000000000000000e+00
-1.000000000000000000e+00
-1.000000000000000000e+00
-7.248004469989159926e-01
9.603079553133717639e-01
1.000000000000000000e+00
1.000000000000000000e+00
5.452818571326635277e-01
1.000000000000000000e+00
-1.000000000000000000e+00
-7.176717633739451152e-01
5.422349957586283242e-01
-1.000000000000000000e+00
-3.298320418472880933e-01
1.000000000000000000e+00
-1.000000000000000000e+00
-1.000000000000000000e+00
-1.000000000000000000e+00
-6.899407450833838773e-01
5.817211463975063834e-01
5.897588427587553417e-01
-6.332562063049127499e-01
-2.518103349762394472e-01
6.496755085978489497e-02
1.000000000000000000e+00
3.967193232418861348e-02
-3.606414464052254409e-01
5.692210179307992668e-01
1.572177317259815243e-02
1.000000000000000000e+00
-7.157058180508157896e-01
-2.703087110653813463e-01
-1.372396972587456299e-01
-1.000000000000000000e+00
-9.021846807877456076e-01
1.000000000000000000e+00
1.743168181730918309e-01
5.344180173346878560e-01
-8.267688256739409436e-01
-1.000000000000000000e+00
-1.000000000000000000e+00
6.076799372616072947e-01
-8.715257894403405370e-02
7.306102201990685163e-01
-1.000000000000000000e+00
6.696849504656288143e-01
1.000000000000000000e+00
-3.920239787703431178e-01
-8.760718989638150989e-01
-2.488290356863282482e-01
1.000000000000000000e+00
1.058728051175808205e-01
1.000000000000000000e+00
8.112059664211503929e-01
-2.759084395360373865e-01
-9.463361046320666325e-01
-8.612953506584110075e-01
3.585253885020528442e-01
-1.000000000000000000e+00
1.555563200119293998e-01
-4.875096436144376044e-01
-7.048347690058565096e-01
-1.000000000000000000e+00
1.000000000000000000e+00
1.000000000000000000e+00
-8.604874203800317867e-01
4.939080457748262765e-01
-4.350605849699374916e-01
6.334911524751386525e-01
2.804263301988251661e-02
-1.000000000000000000e+00
-7.501969565914116123e-01
-1.000000000000000000e+00
1.000000000000000000e+00
-4.716171119725323102e-01
-6.451427899519046605e-01
1.369333438910138590e-01
-7.440490048306629411e-01
-3.468374431430860105e-01
-2.686823536597299777e-01
-9.655998749350132027e-01
-1.000000000000000000e+00
-3.806233989282828967e-01
1.000000000000000000e+00
2.347471205757530877e-01
1.000000000000000000e+00
-9.597523068324567141e-01
1.000000000000000000e+00
-7.748834589338179368e-01
-1.000000000000000000e+00
9.192970116176009121e-01
-9.063819189062770620e-01
3.756574103919767538e-01
-6.456000750887327388e-01
7.389788156870948921e-01
2.342068371634044022e-01
7.924296454585999516e-02
-1.000000000000000000e+00
1.000000000000000000e+00
4.183860786037926216e-01
-9.504823269251392315e-01
-1.231082713198204115e-01
7.688229594882576290e-01
-3.516530523966739930e-01
-4.148380258559768441e-01
-5.419523129684324925e-01
-1.937241750512788685e-01
4.243783267685904415e-01
-2.483858001824101880e-02
3.910012330979293349e-01
-7.867871874767363716e-01
5.456830063366940875e-01
1.000000000000000000e+00
-1.000000000000000000e+00
-7.167135189016905494e-01
9.448556951614531796e-01
-1.000000000000000000e+00
-1.124093842324881964e-01
-7.094151920876443640e-01
-4.038992267640951761e-01
4.967490846508525459e-01
1.000000000000000000e+00
-1.000000000000000000e+00
-6.186719458617047085e-01
1.000000000000000000e+00
1.318891895530347469e-01
2.249621336342270683e-01
3.839768164786399041e-01
-1.000000000000000000e+00
-1.000000000000000000e+00
1.467550375788859718e-01
1.297991708473853478e-01
9.178103377187214473e-01
-8.776454492925541695e-01
1.000000000000000000e+00
-1.000000000000000000e+00
-7.061242953473330086e-01
-4.494082770332791799e-01
1.000000000000000000e+00
2.721093544599436087e-01
3.175430208589490877e-01
-5.611242808682112004e-01
1.000000000000000000e+00
4.598814219880674736e-01
-1.000000000000000000e+00
-5.427084048855858045e-01
-1.132761023953879342e-01
-3.292651777395356749e-01
1.462897990598739095e-01
1.077490922295960551e-01
1.000000000000000000e+00
1.000000000000000000e+00
1.000000000000000000e+00
-1.000000000000000000e+00
1.000000000000000000e+00
5.968705479787768109e-01
1.000000000000000000e+00
7.014114881892836717e-01
3.929557057274573051e-01
1.000000000000000000e+00
1.927292797433182991e-01
-2.321927436507030817e-01
-1.000000000000000000e+00
1.000000000000000000e+00
6.001999211166331172e-01
5.300253065763742555e-01
-1.000000000000000000e+00
3.235617965473718272e-01
1.000000000000000000e+00
9.534591593817957067e-01
4.083277440172436434e-01
2.849252144677884013e-01
-1.000000000000000000e+00
6.775511294879924540e-01
-6.078717691826222014e-01
-1.000000000000000000e+00
2.331977248753083765e-01
1.000000000000000000e+00
1.000000000000000000e+00
-1.436952307973529686e-01
8.301561281146262183e-02
1.000000000000000000e+00
-1.000000000000000000e+00
2.232774117105625067e-01
1.000000000000000000e+00
-9.140248363456536518e-02
-1.000000000000000000e+00
1.000000000000000000e+00
-3.566943036000594924e-01
1.000000000000000000e+00
-3.665291423932831583e-01
1.000000000000000000e+00
-4.319456160083613439e-01
-3.935360668346010726e-01
-3.228667863588162712e-01
8.489443091202628633e-01
-4.686932404421035314e-01
-5.576587162480062254e-02
-4.168526422732725112e-01
1.000000000000000000e+00
7.810779258918857382e-01
-1.000000000000000000e+00
1.000000000000000000e+00
-7.263208846002084940e-01
7.188558988080187007e-01
1.000000000000000000e+00
8.612079402694921004e-01
-1.000000000000000000e+00
-6.490830604005665139e-02
1.000000000000000000e+00
-5.378832382536800072e-01
1.112473764948209709e-01
-1.000000000000000000e+00
-3.730032295730517089e-01
-5.678877469156473623e-01
1.000000000000000000e+00
-2.617280258656565772e-01
-6.812583621141521384e-01
4.570443600255130745e-03
1.789109573893605809e-01
-2.674309895072394250e-01
6.827464442128307054e-01
1.000000000000000000e+00
1.000000000000000000e+00
-2.897045806932835310e-01
1.000000000000000000e+00
-8.701120958498836933e-01
8.748007353994947666e-01
-5.417944377679461132e-01
-1.000000000000000000e+00
-1.000000000000000000e+00
7.429416231815898497e-01
-4.867637988124164927e-01
8.848893350426005611e-02
-1.000000000000000000e+00
-7.340871655898907333e-01
9.877825702296979538e-01
-7.031999169104923009e-02
1.000000000000000000e+00
-1.000000000000000000e+00
-7.967792442735066594e-01
-5.935409240756668314e-01
-5.620708028933438793e-01
-2.020094349690136903e-01
-3.514977736437401856e-01
-1.000000000000000000e+00
3.520904606334396281e-02
4.018159204458770506e-01
-1.000000000000000000e+00
4.667627270942739104e-01
3.442455619960733126e-01
-2.385848723588547271e-01
-3.426286309664720586e-01
-1.000000000000000000e+00
-1.000000000000000000e+00
-2.010986145057976626e-01
-1.000000000000000000e+00
9.285483246775702026e-01
8.653375286166180569e-01
2.457963249192291200e-01
1.000000000000000000e+00
3.552106910008432372e-01
-1.000000000000000000e+00
-1.000000000000000000e+00
-1.000000000000000000e+00
-1.219963421201525344e-01
-7.551800831682020654e-01
7.179276486659627032e-01
4.174754792894886379e-01
1.781323336499372467e-01
2.062727832719530308e-01
1.000000000000000000e+00
-1.000000000000000000e+00
5.154618184056245500e-01
-8.377247957386568800e-01
2.473983432340581823e-02
-1.000000000000000000e+00
3.477682756444283596e-01
1.680880721326903915e-01
-4.109979712210937164e-01
1.000000000000000000e+00
1.000000000000000000e+00
-1.000000000000000000e+00
-7.357717402419515773e-01
1.292107920697993795e-01
-1.000000000000000000e+00
-5.938463777793785425e-01
-1.000000000000000000e+00
2.924321164777454740e-01
9.950991019754409361e-01
-5.876676535289798720e-01
-1.000000000000000000e+00
4.640575793963123141e-01
4.393466349476831123e-01
1.000000000000000000e+00
-3.146915052488009623e-01
9.386156540574625007e-01
8.902911004091857983e-01
-4.671993362416446693e-01
3.810546570171707836e-01
-7.465579276839326983e-01
2.818479858399538518e-01
-3.395163022492784788e-01
-1.000000000000000000e+00
5.054526016983624803e-01
-1.000000000000000000e+00
-1.000000000000000000e+00
-1.000000000000000000e+00
1.562834358171865112e-01
-1.000000000000000000e+00
1.000000000000000000e+00
1.000000000000000000e+00
-1.000000000000000000e+00
2.004878458054674684e-01
-3.697847050986491357e-01
-9.516825211990465050e-01
9.176619873061797605e-02
4.705186544258625481e-01
1.000000000000000000e+00
4.880500599730829281e-01
4.149009565340801009e-01
6.268946662988579277e-01
-1.000000000000000000e+00
-7.168638707753497430e-01
-1.000000000000000000e+00
2.125989904639518646e-01
-1.000000000000000000e+00
-1.000000000000000000e+00
1.039585556103270331e-01
1.000000000000000000e+00
-2.328988622089319116e-01
-6.033248164849456252e-01
2.838686485588654551e-01
1.688769303931452193e-01
1.301202129113565586e-02
1.000000000000000000e+00
7.821505296418630460e-01
-3.627157896298149886e-01
7.385749671497270352e-01
1.000000000000000000e+00
9.302426048273724213e-01
1.000000000000000000e+00
1.024033320709093753e-01
-1.586692782945501312e-01
1.000000000000000000e+00
-1.000000000000000000e+00
-9.967022373005538505e-01
1.000000000000000000e+00
1.000000000000000000e+00
-1.000000000000000000e+00
1.000000000000000000e+00
-1.000000000000000000e+00
1.000000000000000000e+00
1.000000000000000000e+00
1.000000000000000000e+00
1.000000000000000000e+00
-1.000000000000000000e+00
7.928597112896851318e-01
-3.446432694449758083e-01
1.000000000000000000e+00
2.426281005616625075e-01
-1.000000000000000000e+00
-7.333480243976793211e-01
-1.638914222518942365e-01
-1.000000000000000000e+00
-1.000000000000000000e+00
6.568781182497818172e-01
2.074195067712936158e-02
-3.307423396235203428e-01
2.977719084483123058e-01
9.686872120072025361e-01
1.000000000000000000e+00
-4.910844903574472786e-01
8.639517688125845085e-01
6.020506339486150077e-02
-1.000000000000000000e+00
1.000000000000000000e+00
-3.394840050732879089e-01
1.628298842594988749e-01
1.000000000000000000e+00
-1.000000000000000000e+00
1.000000000000000000e+00
-8.588303361442317652e-01
2.282436366553276808e-01
1.000000000000000000e+00
-7.446331227607903003e-01
1.000000000000000000e+00
-1.000000000000000000e+00
-1.000000000000000000e+00
8.851536668845787492e-01
7.515225470284842002e-01
1.000000000000000000e+00
-1.499931420063023157e-01
1.000000000000000000e+00
1.000000000000000000e+00
-7.289709641317723143e-01
-2.706839916412396296e-01
4.799347936614186683e-01
-2.885097190835957115e-02
1.000000000000000000e+00
6.724061854197278532e-01
8.537337725292373225e-01
-1.000000000000000000e+00
-5.626546350559172849e-01
5.675110728041995456e-01
4.634236549491435597e-01
-3.725415997854495398e-01
5.713457471369052243e-01
2.713153328716306767e-01
-1.944937701881235270e-01
5.530698014556905129e-01
-1.000000000000000000e+00
-1.000000000000000000e+00
8.649665022667352154e-01
4.009908832767781206e-01
1.000000000000000000e+00
6.050559608542438461e-01
-1.000000000000000000e+00
1.000000000000000000e+00
9.880377045903804278e-02
8.502269523321560607e-01
-9.970516448649121566e-01
1.784233210486469157e-01
1.000000000000000000e+00
5.942658705921980422e-01
1.000000000000000000e+00
3.463877219259191564e-01
1.000000000000000000e+00
-1.000000000000000000e+00
-9.269719170104021577e-01
-4.948812707625894758e-01
6.865797966952909004e-01
-7.189504553395726916e-01
1.000000000000000000e+00
-1.000000000000000000e+00
-6.493664536692225209e-01
3.736201699059532033e-01
-1.000000000000000000e+00
-4.558277786700265510e-02
1.000000000000000000e+00
-6.315401421378623592e-01
-2.410376546930805830e-01
-3.731560094835869590e-01
-6.112224981638867405e-01
-7.713494902361617278e-04
-1.000000000000000000e+00
-6.432088515045364385e-02
-4.889487377340484553e-02
3.846883440954055877e-01
8.753039563919983168e-01
-1.334747632791157823e-01
8.274366842442681946e-01
-1.000000000000000000e+00
-1.000000000000000000e+00
-6.686431562040290322e-01
8.841309483292161264e-01
1.000000000000000000e+00
1.000000000000000000e+00
-9.808660451774892097e-01
9.500874460536459232e-01
1.000000000000000000e+00
1.617598491208685485e-01
-3.398798336460832070e-01
-6.545011342918858332e-01
9.469222486908372982e-01
-4.777187598142696445e-01
-7.698638705572856678e-01
-3.710708922519516118e-01
-1.000000000000000000e+00
1.000000000000000000e+00
-7.074467109167561496e-01
-1.000000000000000000e+00
-1.590951846850361950e-01
-1.000000000000000000e+00
9.061572835483679977e-01
2.782544072981448791e-01
9.924546287260944677e-01
-1.000000000000000000e+00
5.115769198469259926e-01
-4.659219118154157013e-01
4.742599114971561836e-01
9.361568408303646560e-01
-9.769087944208303398e-01
-1.000000000000000000e+00
-1.175481970786092512e-01
-1.000000000000000000e+00
1.000000000000000000e+00
-1.000000000000000000e+00
1.000000000000000000e+00
-1.000000000000000000e+00
-5.044107044385394145e-01
1.000000000000000000e+00
1.000000000000000000e+00
-6.184480287240385898e-01
1.000000000000000000e+00
1.000000000000000000e+00
-1.186291998640623402e-01
9.871956561527390761e-01
-6.971993102744695747e-01
-1.000000000000000000e+00
1.000000000000000000e+00
4.310557768983035443e-01
-2.291935081443078059e-01
2.663188788028075793e-01
-4.944346661910526408e-01
-8.791702978126341161e-01
-1.000000000000000000e+00
-8.294205570763160118e-01
1.000000000000000000e+00
9.305973591293581482e-01
-3.833352035068459118e-01
-1.000000000000000000e+00
-1.000000000000000000e+00
-9.887317713412191456e-02
5.069916184683198601e-02
-1.000000000000000000e+00
7.069804275300293206e-01
-1.000000000000000000e+00
-1.000000000000000000e+00
7.480224696272086415e-01
-1.000000000000000000e+00
8.658765615205888944e-01
3.235047640810910785e-01
-7.709898169802442691e-01
1.000000000000000000e+00
1.000000000000000000e+00
1.000000000000000000e+00
-4.142335886829213165e-01
-1.000000000000000000e+00
-9.817261006871369489e-02
1.000000000000000000e+00
5.571060885875267488e-01
9.893911884425719006e-01
2.964064691006316199e-01
-7.801692437225615784e-01
-1.000000000000000000e+00
-2.648891535895708804e-01
7.276775511903492699e-01
-9.680917636148812788e-02
-1.000000000000000000e+00
1.000000000000000000e+00
-7.444179766038109269e-01
-1.000000000000000000e+00
5.067721944075662677e-01
1.000000000000000000e+00
-1.000000000000000000e+00
1.000000000000000000e+00
3.046920494655961931e-01
1.000000000000000000e+00
4.424718367010341824e-01
-1.150498557219982732e-01
1.000000000000000000e+00
-1.000000000000000000e+00
8.048755526007047578e-01
4.849140382482394207e-01
4.208544540316160321e-01
9.493767166415616188e-02
-9.271075335494793901e-01
-1.000000000000000000e+00
5.463213881141506523e-01
3.748214548136885593e-01
1.000000000000000000e+00
1.000000000000000000e+00
8.163754752673928472e-01
1.000000000000000000e+00
7.908324346694843854e-01
1.000000000000000000e+00
1.000000000000000000e+00
5.590655567301217044e-02
-4.695225309840196370e-01
1.004632754215483564e-01
-1.000000000000000000e+00
7.665932978698789535e-01
-1.000000000000000000e+00
8.720191739105980222e-01
3.753878844084232447e-01
-9.495178086581798071e-01
1.000000000000000000e+00
-8.375740198733153674e-01
3.054078434320884883e-01
-7.835449675674983627e-01
-8.978890000692663076e-01
9.682933710008367889e-01
-1.000000000000000000e+00
-1.000000000000000000e+00
1.000000000000000000e+00
-1.000000000000000000e+00
-1.616645441418584905e-01
-9.898794909354128313e-01
1.000000000000000000e+00
-1.000000000000000000e+00
-9.983557469357396963e-01
-8.452972259660650467e-01
1.368249558591592419e-01
-3.000595855934359846e-03
-9.963906917596943025e-02
1.840338933489027440e-02
6.175099008528792677e-01
1.025749830428406284e-01
-1.000000000000000000e+00
-1.000000000000000000e+00
-1.000000000000000000e+00
-5.686497653912084838e-01
-1.000000000000000000e+00
-3.411901132236074274e-01
6.295815421101158549e-02
-1.000000000000000000e+00
2.005381428631654028e-01
-1.000000000000000000e+00
5.534858740244025244e-01
1.160307005482085208e-01
-1.000000000000000000e+00
4.694544432907605813e-01
4.288248726898338248e-01
-1.000000000000000000e+00
8.915498703625401866e-01
1.408966382749426982e-02
-6.695220695123895727e-01
1.000000000000000000e+00
-6.934878114482752043e-01
-1.000000000000000000e+00
-1.000000000000000000e+00
2.411291454808707213e-01
4.314930203699763878e-01
1.000000000000000000e+00
-1.000000000000000000e+00
3.604064824467136385e-01
3.615256024097136534e-01
3.566325993204948475e-01
-4.552604041037753291e-01
1.000000000000000000e+00
8.347907602269390992e-01
-1.937081979019145139e-01
9.303778068361792108e-01
7.386698477358732973e-03
-5.642775830486373989e-01
-1.000000000000000000e+00
4.322848195420852524e-01
-1.000000000000000000e+00
-3.801749055913143938e-01
6.097497548083976593e-01
9.314502077682653702e-01
5.499727373107190509e-01
4.508627292638765494e-01
-1.383483913515682895e-01
1.000000000000000000e+00
1.000000000000000000e+00
7.901583654370785137e-01
-5.887914074022626565e-02
-6.224642561641404725e-01
-9.837792228491014646e-01
3.197375318298406599e-01
-1.000000000000000000e+00
9.254234993292835831e-01
4.988206209243353784e-01
1.000000000000000000e+00
-1.898726893194624954e-01
1.000000000000000000e+00
9.472237164761878603e-01
-1.000000000000000000e+00
-6.786431367591199137e-01
-1.000000000000000000e+00
-9.135117219181942971e-01
-3.410684212198722420e-01
1.000000000000000000e+00
1.000000000000000000e+00
7.210260996547701584e-02
6.981488845756483874e-01
-1.000000000000000000e+00
6.969315959107285074e-01
-1.000000000000000000e+00
-1.000000000000000000e+00
1.000000000000000000e+00
-4.378039631373509266e-01
3.265534389327685583e-01
-4.243042106627995524e-01
-1.000000000000000000e+00
1.000000000000000000e+00
3.040735109589376428e-02
-4.455621010362004752e-01
6.774430827969453450e-02
1.000000000000000000e+00
-2.599871475808266386e-01
1.921183060670681453e-01
9.899098993557139403e-01
-1.000000000000000000e+00
-1.000000000000000000e+00
1.000000000000000000e+00
2.967296030840568810e-02
-6.955962158025871256e-01
-6.297565455907877530e-01
-1.000000000000000000e+00
-1.000000000000000000e+00
-6.384711421518776131e-01
-5.193221558913244662e-01
-5.058904861973660960e-01
-5.700913125305594464e-01
-8.993196923778163931e-01
-1.000000000000000000e+00
-1.000000000000000000e+00
-1.903913270307825978e-01
1.000000000000000000e+00
5.885617288771146649e-01
2.607870563605368397e-01
1.009779307811260740e-01
6.353716460656758103e-02
1.000000000000000000e+00
-4.394507632533696251e-01
-8.371725077098338685e-01
-5.739167425690625546e-01
1.000000000000000000e+00
1.000000000000000000e+00
2.804055016416395762e-01
6.242494524434363257e-01
1.000000000000000000e+00
1.000000000000000000e+00
1.000000000000000000e+00
6.591032496900357529e-01
2.909084515848410213e-01
-9.873890372783048486e-01
1.000000000000000000e+00
-6.418462643057396555e-01
-7.051750750343898089e-01
-1.000000000000000000e+00
2.334619662140271501e-01
3.527504026792437353e-01
-2.840166637253681570e-01
1.000000000000000000e+00
-1.000000000000000000e+00
3.044384540121044536e-01
-4.544901367516185342e-01
-7.827186005929988033e-01
1.000000000000000000e+00
9.710458434796123139e-01
-1.000000000000000000e+00
-1.000000000000000000e+00
-7.527886581931042542e-02
1.000000000000000000e+00
-1.000000000000000000e+00
-1.000000000000000000e+00
1.000000000000000000e+00
1.000000000000000000e+00
1.000000000000000000e+00
-1.395491992492340350e-01
-7.143963961247215000e-01
1.000000000000000000e+00
1.000000000000000000e+00
7.560269715572951466e-01
-1.000000000000000000e+00
-8.572757865794908838e-01
2.149404828492300634e-01
1.000000000000000000e+00
-8.982528287357056662e-01
-7.660637669099762403e-02
-5.663310850624300175e-01
-1.000000000000000000e+00
-1.000000000000000000e+00
1.436955942070219372e-01
-1.000000000000000000e+00
-8.528332170765711151e-01
7.504429074181234727e-02
-9.547458325268922685e-01
-3.629032004545989509e-01
-1.000000000000000000e+00
1.000000000000000000e+00
-1.519387470508744009e-01
-1.000000000000000000e+00
1.000000000000000000e+00
1.000000000000000000e+00
8.516603888517557674e-01
1.000000000000000000e+00
1.000000000000000000e+00
1.000000000000000000e+00
-1.000000000000000000e+00
-5.720164952325401675e-02
1.000000000000000000e+00
2.869790037969955909e-01
4.287109495695436978e-01
1.000000000000000000e+00
-1.207639096165125936e-01
1.000000000000000000e+00
1.000000000000000000e+00
3.190256140918605876e-01
-3.960275371150001056e-01
-8.495507783108589006e-01
-1.000000000000000000e+00
-1.000000000000000000e+00
-1.000000000000000000e+00
-7.882906817806343280e-01
-1.000000000000000000e+00
-1.000000000000000000e+00
1.051067395984719710e-01
-9.695489334691410610e-01
1.000000000000000000e+00
8.985015702971718143e-01
-1.000000000000000000e+00
8.939108294978054259e-02
9.030980516405744396e-01
-3.034874178606873918e-01
1.000000000000000000e+00
-1.000000000000000000e+00
1.000000000000000000e+00
8.644776125468698336e-01
9.741090076087964844e-01
-3.645038906721232430e-01
4.527594148877727154e-01
1.370419910257478779e-01
-4.651259395679159178e-03
-1.000000000000000000e+00
6.305485955806405807e-01
-1.000000000000000000e+00
1.513744390070350943e-01
5.019525189438268642e-01
1.000000000000000000e+00
-1.000000000000000000e+00
1.000000000000000000e+00
-7.529090468446093531e-01
1.000000000000000000e+00
-9.064247513142444923e-01
8.995505266245809040e-01
-4.015716219523999819e-01
-6.839371712643940171e-01
1.000000000000000000e+00
-2.571826734271036585e-01
3.988731005515264161e-01
1.267792507758223053e-01
-1.000000000000000000e+00
9.574945825761255191e-01
-1.000000000000000000e+00
-7.420264977084491953e-01
1.670205549603097639e-01
1.000000000000000000e+00
1.000000000000000000e+00
3.990375361843276347e-01
5.938052733036659758e-02
1.000000000000000000e+00
-9.607944284570726357e-01
4.168782147271217209e-01
-1.000000000000000000e+00
1.000000000000000000e+00
-1.000000000000000000e+00
-1.000000000000000000e+00
2.931264000888568200e-01
-9.425064768731385989e-01
1.000000000000000000e+00
1.000000000000000000e+00
-1.000000000000000000e+00
-1.000000000000000000e+00
1.000000000000000000e+00
3.047255376192075094e-01
2.319366664881573337e-01
2.542844223966850836e-01
2.534230863029026670e-01
1.510650213535673636e-01
1.000000000000000000e+00
-3.431795662124358381e-01
1.000000000000000000e+00
-1.000000000000000000e+00
-1.000000000000000000e+00
6.424132791788550456e-02
-6.479772178571482355e-01
4.718073555066146785e-01
-4.041025055621746409e-01
-4.907616295789629102e-01
1.000000000000000000e+00
-9.925457594370598047e-01
6.465193369595153561e-01
-3.348197108048284187e-01
-1.000000000000000000e+00
-1.000000000000000000e+00
1.000000000000000000e+00
-1.000000000000000000e+00
-6.849000654742134486e-01
3.422586918552700253e-01
8.970575809237022469e-01
1.533393793419218776e-01
-4.635692992677988844e-01
2.697385831051418714e-02
-6.610158218369739380e-01
-1.577247912927460388e-02
8.402252496816836613e-03
1.973934559627271712e-01
6.937026295330906978e-01
-7.118755544967538818e-01
3.717481270554212069e-01
5.517199534769927638e-01
-1.000000000000000000e+00
1.000000000000000000e+00
-9.769625100233532145e-01
-8.867299357158202611e-01
-4.182859463251386023e-01
5.683194395495386742e-01
4.685555683296871443e-03
-1.000000000000000000e+00
-1.000000000000000000e+00
-1.000000000000000000e+00
-1.000000000000000000e+00
-9.064628217718606606e-01
1.169669612763419853e-01
-3.618635186699392658e-02
-2.125184276540961203e-01
6.280914490466623645e-01
-1.641366595787205340e-01
1.000000000000000000e+00
4.838025340743323799e-01
7.540078155945647564e-01
-5.273860710596132151e-01
-1.000000000000000000e+00
4.697670531793883830e-01
-2.923671137742069881e-01
6.267441403018517154e-02
-1.000000000000000000e+00
1.000000000000000000e+00
1.000000000000000000e+00
4.221056251091448441e-02
3.377589995246266241e-01
-9.982883110030188467e-02
-9.645103234556359206e-01
-1.000000000000000000e+00
-1.000000000000000000e+00
2.158496309760887799e-01
-3.179480499871044641e-01
-1.000000000000000000e+00
1.000000000000000000e+00
-1.000000000000000000e+00
2.622187624359423874e-01
1.000000000000000000e+00
1.000000000000000000e+00
1.000000000000000000e+00
1.000000000000000000e+00
3.522755883397394316e-01
6.591130441742636403e-01
6.510209921680736311e-01
-6.750784222778938304e-02
-1.000000000000000000e+00
1.000000000000000000e+00
1.000000000000000000e+00
1.860036661649121514e-01
-8.242184477142934229e-01
-1.000000000000000000e+00
-9.289666346657853291e-01
-1.000000000000000000e+00
6.930960416486539044e-01
3.313423724114474278e-01
-1.000000000000000000e+00
1.000000000000000000e+00
7.177658720722438490e-01
4.557525673262010080e-01
8.423258641815484227e-02
1.000000000000000000e+00
-8.196082118662928462e-01
3.139044740094977526e-02
4.373112864874495465e-01
-8.704254613713535704e-02
-9.828268394850445677e-01
1.000000000000000000e+00
-3.163129214250051113e-01
-7.237349629219250180e-02
-3.202900818039586817e-01
-1.000000000000000000e+00
-3.582360237538763093e-01
1.000000000000000000e+00
7.100048133509052617e-01
3.618935948523749335e-02
9.644469026938768952e-01
1.000000000000000000e+00
1.708564091318675038e-01
1.000000000000000000e+00
1.000000000000000000e+00
-1.000000000000000000e+00
1.865095856804104280e-01
7.451830010445734676e-01
-7.595016787076313003e-01
-1.000000000000000000e+00
-2.764095988338748366e-01
-5.857227802108074810e-01
-4.136142306493463261e-01
-1.000000000000000000e+00
-2.176420147592686982e-01
1.000000000000000000e+00
2.770101787924169612e-01
4.982195460190349534e-01
-1.901820930730202530e-01
1.000000000000000000e+00
-1.652668104392311654e-01
5.307777393795678478e-01
-3.362210574732106272e-01
-4.013879226296721003e-02
1.000000000000000000e+00
-1.000000000000000000e+00
-1.000000000000000000e+00
-1.000000000000000000e+00
-1.000000000000000000e+00
2.356961715770771182e-01
-1.000000000000000000e+00
1.000000000000000000e+00
-1.973684377807516377e-02
1.000000000000000000e+00
2.305106863498881942e-01
-9.871622115711010670e-01
1.000000000000000000e+00
-1.000000000000000000e+00
-6.812121440773337699e-01
-1.000000000000000000e+00
4.608922014637755193e-01
5.495363413993914481e-02
-1.223973885705410131e-01
3.396250843602350855e-01
1.000000000000000000e+00
1.000000000000000000e+00
-5.589332718586866866e-01
-3.737676897505102236e-01
9.845112564031788249e-02
1.000000000000000000e+00
-9.992240106895435847e-01
-1.000000000000000000e+00
-9.527139658782208809e-01
1.000000000000000000e+00
1.000000000000000000e+00
1.000000000000000000e+00
1.000000000000000000e+00
-8.182853375714254085e-01
-7.744964678188798191e-01
-6.339103216156750653e-01
-1.000000000000000000e+00
-1.000000000000000000e+00
-2.783373907145295645e-01
-2.222480374071607659e-02
-1.000000000000000000e+00
-1.000000000000000000e+00
3.246642314149161268e-01
1.000000000000000000e+00
6.971182114976054445e-01
-5.628692330776486896e-01
-1.000000000000000000e+00
-1.000000000000000000e+00
-7.738477552747348165e-01
1.000000000000000000e+00
5.479770963784408311e-01
3.959183217489579687e-01
-1.000000000000000000e+00
-1.000000000000000000e+00
-1.000000000000000000e+00
-8.650835770765507027e-01
-1.000000000000000000e+00
-4.608705481596716003e-01
-1.000000000000000000e+00
1.138355890185159813e-01
2.087944414569018470e-01
-4.091825578856714274e-01
-3.208578595347909568e-01
-1.000000000000000000e+00
-1.000000000000000000e+00
-3.975300433905799014e-01
1.978064295582399046e-01
-7.891826061935116599e-01
2.492640760393175503e-01
-1.000000000000000000e+00
-1.000000000000000000e+00
8.476397537574095198e-01
-4.159866541595711453e-01
1.000000000000000000e+00
1.513383016558043082e-01
2.512170027878696255e-01
-1.000000000000000000e+00
-1.000000000000000000e+00
-1.285456977650931976e-01
-1.000000000000000000e+00
-1.000000000000000000e+00
1.000000000000000000e+00
-3.860316645429506810e-01
7.125019038918659064e-02
-1.000000000000000000e+00
1.000000000000000000e+00
-7.131929781095421861e-01
1.000000000000000000e+00
6.741875843944722391e-01
-6.034583795976790344e-02
1.000000000000000000e+00
-1.386913046477500355e-01
-7.796209944236179856e-01
1.197098424165531638e-01
-2.995705692081729321e-01
-6.511652713533337966e-01
-5.857786364572442617e-02
3.420412190779861250e-01
9.549351214141066357e-01
-7.267501443491224400e-01
-1.000000000000000000e+00
8.632984162567363118e-01
-1.187350349353072376e-01
-1.000000000000000000e+00
2.435040316060826660e-01
-3.845875130405843612e-01
1.000000000000000000e+00
-1.000000000000000000e+00
2.406565178516683057e-01
2.372664023272774703e-02
-5.291287587096499268e-01
1.887783082948717439e-01
-1.000000000000000000e+00
1.000000000000000000e+00
-9.510200341865990836e-01
-1.000000000000000000e+00
-6.399973717123833561e-01
6.769854051175876464e-01
3.517987713933183880e-01
7.031167854771224190e-01
-4.802264112898382287e-01
3.483655650687551009e-01
1.000000000000000000e+00
5.395591811642619362e-03
-1.000000000000000000e+00
1.000000000000000000e+00
1.000000000000000000e+00
9.550602423377427819e-01
-1.000000000000000000e+00
1.000000000000000000e+00
-6.694730436918543415e-01
1.000000000000000000e+00
8.437938955030617194e-01
-4.704177110433802045e-01
4.199786981967026378e-01
-1.000000000000000000e+00
-3.758686459778450284e-01
1.942546884653693073e-01
8.095894594622083940e-01
-3.105333995938930336e-03
1.000000000000000000e+00
-5.379257003181163732e-01
1.000000000000000000e+00
-7.116997676354330782e-01
1.000000000000000000e+00
6.772393319626979213e-01
9.596250274746737086e-01
-7.292185138782804055e-01
-1.000000000000000000e+00
1.000000000000000000e+00
1.000000000000000000e+00
1.000000000000000000e+00
-2.378780603495066204e-01
6.590433495901285577e-01
-1.395301294262099590e-01
3.415914112721025742e-01
1.000000000000000000e+00
-5.515618543061706625e-02
-2.889465134129807211e-01
1.000000000000000000e+00
-1.713034675875310386e-01
1.000000000000000000e+00
3.671173755091508561e-01
-1.000000000000000000e+00
1.000000000000000000e+00
-1.000000000000000000e+00
-1.000000000000000000e+00
1.701636065828175948e-01
-1.744467387725359142e-01
8.196273097707009736e-01
4.627511300144984685e-02
-4.767991474686519848e-02
6.433982802060428385e-01
4.308756467264273637e-01
5.295565701721305363e-02
-2.864139606333614974e-01
1.006014721474268736e-02
-2.262437821880273758e-01
-8.688061765172002682e-01
-2.220960079756414407e-01
-1.000000000000000000e+00
-9.776117796545000793e-01
-1.000000000000000000e+00
-5.535245295138584432e-01
-8.614997827856434309e-01
-6.175589677503079411e-01
-1.000000000000000000e+00
-3.114763157325703413e-01
-1.000000000000000000e+00
1.000000000000000000e+00
-4.770944862509806650e-01
-1.000000000000000000e+00
1.000000000000000000e+00
1.000000000000000000e+00
6.023164948342401015e-01
1.000000000000000000e+00
-5.847179376635374126e-01
-1.000000000000000000e+00
-4.854082464592542889e-01
6.667143771221497595e-01
-8.638584263627033799e-01
-1.000000000000000000e+00
7.717032518887101400e-01
-8.164709310779931783e-01
1.000000000000000000e+00
6.650676893875324680e-01
1.788298631416260775e-01
-4.011097533814117488e-01
1.000000000000000000e+00
-1.000000000000000000e+00
5.411235120051076652e-01
-3.431866534093197529e-02
-1.000000000000000000e+00
1.000000000000000000e+00
-1.000000000000000000e+00
-6.704532493399311122e-01
-1.994904599462921091e-01
-1.000000000000000000e+00
1.000000000000000000e+00
6.898167171645495088e-01
1.000000000000000000e+00
-6.167315045638033233e-02
4.975219267897618147e-01
2.361708886582746802e-01
-1.000000000000000000e+00
2.110730383342080962e-01
-1.000000000000000000e+00
1.000000000000000000e+00
-7.211566450045998611e-01
3.541196304698898123e-01
-1.000000000000000000e+00
4.453867560407238912e-02
-1.000000000000000000e+00
6.922402971281893524e-01
-1.000000000000000000e+00
-5.663784998231258250e-01
4.918150289697642008e-01
1.000000000000000000e+00
-5.671825891131090924e-02
1.000000000000000000e+00
4.625647626668686341e-01
-1.231266348636983476e-02
-1.000000000000000000e+00
5.315777818428983892e-01
-6.831804468888571513e-01
-6.948448960200903635e-01
1.000000000000000000e+00
2.035552414427558299e-01
2.654110746900645856e-01
-1.000000000000000000e+00
-3.997205304343620647e-01
1.311807429178027118e-01
1.370622402731380973e-01
6.279082372508699716e-01
7.434200714519922926e-01
1.000000000000000000e+00
1.000000000000000000e+00
-7.777556005819783458e-01
1.008107110018472974e-01
9.011864962266027401e-01
-5.268198376984544185e-01
9.725927561946923205e-01
-1.000000000000000000e+00
8.501697715852903903e-01
2.430493173654735273e-01
-7.880772141628311633e-01
-4.243278312793364315e-01
-1.797557418607731439e-01
9.105667021997265742e-02
-7.792508716544679359e-01
5.923282710679029783e-01
5.381060825611054810e-01
5.043146874551872605e-01
4.829387410272651948e-01
-1.000000000000000000e+00
-2.723843884670512638e-01
1.000000000000000000e+00
-3.436773120319739916e-01
-1.000000000000000000e+00
-2.162905747440663218e-02
1.000000000000000000e+00
-1.259319040837638959e-01
5.937408563879370549e-01
-1.000000000000000000e+00
2.935987843017415777e-01
6.302143907138326728e-01
1.000000000000000000e+00
-5.918811900934894954e-01
-1.000000000000000000e+00
-9.750630994215919722e-02
-1.000000000000000000e+00
6.185577342112981158e-01
-1.819822651536166513e-01
-6.245052479255104316e-01
1.000000000000000000e+00
-7.808447668301169431e-01
-5.385340310551209875e-01
-1.935338008665496989e-01
-1.000000000000000000e+00
-8.221755097198519824e-01
-6.856248201676200527e-01
1.255600481233731802e-01
1.000000000000000000e+00
1.000000000000000000e+00
-3.439111653302757698e-01
8.783455602245555660e-01
-2.069288275946793987e-01
1.000000000000000000e+00
7.612671920297343908e-02
9.394555953988670272e-01
1.000000000000000000e+00
2.242822719812981314e-02
1.000000000000000000e+00
8.126946514151458523e-01
1.000000000000000000e+00
-4.091303740304968323e-02
3.163155398784124328e-01
-1.000000000000000000e+00
4.775492667298977256e-01
-1.000000000000000000e+00
4.487457393534843852e-02
-1.000000000000000000e+00
1.059606888021369375e-01
-9.049005455516238028e-01
8.498486156062383667e-01
3.667008800569219185e-01
1.000000000000000000e+00
1.000000000000000000e+00
-2.198641523601715386e-01
1.000000000000000000e+00
9.356958614731192281e-01
-3.217472057437205102e-01
-5.068600868162571604e-01
1.943513377208972992e-01
1.000000000000000000e+00
-1.000000000000000000e+00
8.399484312288021393e-01
-1.399804236454882667e-01
-4.336793643238999185e-01
5.200819027311680554e-01
1.000000000000000000e+00
8.631091857552904978e-01
9.849440964421301015e-01
1.000000000000000000e+00
-3.440608812393537441e-01
-6.817419554186501252e-01
4.589427229558371568e-01
-3.024095042879004769e-01
-3.463789187842962747e-01
-5.502346279543486318e-01
-4.352293440280018411e-01
3.043114324580157293e-01
-9.799550690937390840e-01
1.000000000000000000e+00
6.632966782892881774e-01
-1.000000000000000000e+00
9.760377180897028548e-02
-2.888385568217389232e-01
1.000000000000000000e+00
1.000000000000000000e+00
-1.000000000000000000e+00
-2.758238008628206561e-01
5.195761589094161081e-01
1.000000000000000000e+00
-4.502442895156922864e-01
2.349485439611638804e-01
4.075239110063806347e-01
4.660617919091729622e-01
1.000000000000000000e+00
-4.502059597704575200e-01
-4.978769046339961979e-01
8.418876658714568029e-01
9.309317537188641634e-01
3.477015094453639876e-01
-1.000000000000000000e+00
-3.987558685970622463e-01
1.000000000000000000e+00
-1.000000000000000000e+00
-5.412537406417694541e-02
1.673107821780751014e-01
-1.000000000000000000e+00
-7.605813085348761549e-01
6.963788448888075244e-02
-6.843602137411500808e-01
5.213387470458753503e-01
1.000000000000000000e+00
5.734197290950582282e-01
8.107565470325392432e-02
-2.865127990568960281e-01
-5.225738030373380250e-01
-1.000000000000000000e+00
8.259342204979924773e-02
1.000000000000000000e+00
-1.000000000000000000e+00
-2.424749730755226818e-02
1.000000000000000000e+00
-2.837440345692070487e-01
-2.785837115484396387e-02
1.000000000000000000e+00
-1.000000000000000000e+00
-1.000000000000000000e+00
1.000000000000000000e+00
1.000000000000000000e+00
1.791743831303227452e-02
-7.417158568903636784e-01
5.146310639097477768e-01
1.000000000000000000e+00
2.764075132801370183e-01
-7.328796845639911073e-01
-1.000000000000000000e+00
-1.056485902801461013e-01
-7.121989702232186525e-01
7.523020907912090216e-01
-3.903615618037984958e-01
-1.431289272966552173e-01
1.000000000000000000e+00
-1.000000000000000000e+00
-1.001507291532747757e-01
-8.902741865623309270e-02
1.000000000000000000e+00
-9.327083584815203388e-01
-1.000000000000000000e+00
-6.918813075704073334e-01
-3.072985996078156923e-01
8.648846281272266623e-01
3.347886275886604590e-01
-7.992993283373575064e-01
-4.628794754551777690e-01
1.000000000000000000e+00
-1.143119193163789626e-01
-3.487387574244810162e-02
6.761584440189638556e-01
-6.458210241146653541e-01
9.845263884199669802e-01
-5.805455410475587330e-01
1.885330619706193644e-02
-7.768060965900409620e-01
-2.616456949771241991e-01
-1.000000000000000000e+00
1.000000000000000000e+00
-9.081614707425365030e-01
7.533091503618078999e-01
-1.000000000000000000e+00
6.853177842139671627e-01
1.000000000000000000e+00
3.617107108950214922e-01
1.059602113903639342e-01
1.000000000000000000e+00
1.000000000000000000e+00
1.000000000000000000e+00
-3.179717360540347260e-01
1.000000000000000000e+00
2.784729024190594204e-01
5.423706380034198915e-02
7.541330735645870309e-01
1.000000000000000000e+00
8.406882037863703250e-01
-1.000000000000000000e+00
-9.292056834354999184e-01
1.000000000000000000e+00
1.000000000000000000e+00
5.251568239480655098e-01
-1.000000000000000000e+00
-2.836958282734443060e-01
-1.000000000000000000e+00
-1.000000000000000000e+00
-1.000000000000000000e+00
-1.000000000000000000e+00
-1.000000000000000000e+00
1.000000000000000000e+00
1.000000000000000000e+00
-2.673401898850111258e-01
-1.000000000000000000e+00
3.659749984382772992e-01
7.680581700788631228e-01
1.000000000000000000e+00
-1.000000000000000000e+00
-1.000000000000000000e+00
7.163663747010082794e-01
-1.000000000000000000e+00
6.501867233511391397e-01
3.103221225545465534e-01
1.870647238466136286e-01
4.084408914509097266e-01
1.000000000000000000e+00
2.333894175056123732e-01
1.000000000000000000e+00
-2.408570677799870552e-03
1.000000000000000000e+00
-9.896443959371713506e-01
1.000000000000000000e+00
1.914239714571284445e-01
6.095012139690101360e-01
-3.136218331658492398e-01
1.000000000000000000e+00
-9.477731226245805773e-01
2.591144388164037249e-01
3.295248829992161177e-01
1.000000000000000000e+00
-3.909745969317222070e-01
-6.009610764509056013e-02
5.381012934877115184e-01
1.000000000000000000e+00
8.680702303218812421e-01
6.820607212106000183e-02
1.000000000000000000e+00
-1.000000000000000000e+00
9.719034651051364215e-02
1.000000000000000000e+00
-3.374026565575045655e-01
-5.685440884183539101e-01
-1.000000000000000000e+00
4.138405488228906748e-01
5.638112529500461934e-01
3.442193391297180272e-01
4.718844630839602594e-01
-8.440674028695920317e-01
-1.000000000000000000e+00
-1.000000000000000000e+00
-1.000000000000000000e+00
1.000000000000000000e+00
1.000000000000000000e+00
-1.000000000000000000e+00
-6.578389329984136724e-01
1.727140148874926062e-01
-5.857239238135306669e-01
5.783761783075589413e-01
1.000000000000000000e+00
-1.000000000000000000e+00
-3.362345874719963046e-02
-3.370466857748732892e-01
1.000000000000000000e+00
5.672541084598508032e-01
4.404407813181382414e-01
-5.764743031373146254e-01
-1.000000000000000000e+00
-1.000000000000000000e+00
-6.207080468500842940e-01
1.000000000000000000e+00
6.352395274298321404e-01
7.948663631919424821e-01
-7.775466798019776693e-01
1.891791684540383711e-01
1.000000000000000000e+00
2.234219226871614339e-01
1.718533272062713613e-01
-9.066253890425781670e-01
1.983630104028522023e-02
2.883359427010396825e-01
-1.000000000000000000e+00
-2.584074568132435079e-01
1.185208772804171723e-01
-1.000000000000000000e+00
-9.560506851452665877e-01
9.201147859214307001e-01
-9.708446508734606128e-01
-1.170410934538439474e-01
6.477410052550063302e-01
4.819053049834791658e-01
5.441453703414493859e-01
4.500868931070631795e-01
-1.000000000000000000e+00
-5.240079849158637559e-01
4.246190653584917540e-01
-5.287000011115470244e-01
-6.763098370788889202e-01
1.000000000000000000e+00
9.281754997198187196e-01
-1.000000000000000000e+00
4.849331295229649674e-01
4.501221887937190691e-01
-6.973687020522869595e-01
6.654741810719690953e-01
4.668414494160924022e-01
-4.261602025472090993e-01
-3.465862985618742842e-01
-7.285391699529200071e-01
1.000000000000000000e+00
-7.169460250857739858e-01
5.791712209056057992e-01
-6.925707966803049676e-01
-1.000000000000000000e+00
-1.000000000000000000e+00
1.000000000000000000e+00
6.994557905791458641e-01
1.000000000000000000e+00
2.581453851736495997e-01
-2.372530585109434709e-01
-8.364493728548823004e-01
5.162717999745158881e-01
-4.627170667070443777e-01
3.908412746819615036e-01
-7.549838188906684566e-01
6.437361542765528410e-01
-1.000000000000000000e+00
-1.000000000000000000e+00
-1.000000000000000000e+00
-5.700599821114509247e-01
-3.306955718713313619e-01
-2.722493232557628984e-01
-1.000000000000000000e+00
6.627888789843388029e-01
-1.000000000000000000e+00
-9.623075349651323274e-01
-1.000000000000000000e+00
1.000000000000000000e+00
-9.625722529730398325e-01
1.000000000000000000e+00
1.000000000000000000e+00
9.335824778665852142e-02
7.793213970090112630e-01
-1.000000000000000000e+00
-1.574707627820646216e-01
7.010898164215422224e-01
9.890960698597545120e-01
-1.000000000000000000e+00
-3.788955337698572956e-01
9.275642729423262400e-01
6.793583294419129892e-01
-1.000000000000000000e+00
-3.384646591074449429e-01
-7.762051829192345709e-02
-1.000000000000000000e+00
-1.000000000000000000e+00
1.000000000000000000e+00
-1.000000000000000000e+00
-1.000000000000000000e+00
3.725692471887986357e-01
-3.867156485804890687e-01
7.305877257200918962e-01
-1.000000000000000000e+00
2.546702504390260247e-01
-5.047515161317016608e-01
-4.333301753128790401e-01
-1.000000000000000000e+00
1.000000000000000000e+00
-4.380329835246374315e-01
-4.230091736851014916e-01
-1.000000000000000000e+00
1.000000000000000000e+00
8.560070592733859396e-01
3.541031288696926405e-01
1.000000000000000000e+00
-3.760562280475969188e-01
1.683758082886207541e-01
5.338273827632845220e-02
3.179065955926251297e-01
-3.652089421319788531e-01
1.641909054266857959e-01
-1.000000000000000000e+00
-6.930241221014424857e-01
-1.000000000000000000e+00
-1.000000000000000000e+00
-5.933196918307043211e-01
2.751919227785468158e-02
-6.799855362231401745e-01
-7.806064227436041447e-01
1.000000000000000000e+00
1.121910260994721242e-01
6.373268174399037145e-01
4.328316396161412394e-01
-2.903453272762625548e-01
1.484511887608563896e-01
-7.586837389042790925e-01
-9.667404676237091321e-01
-6.131862260346554461e-01
-6.489540475657268326e-02
-8.451790722781460374e-02
-1.000000000000000000e+00
-2.632817210194966506e-01
-1.000000000000000000e+00
6.572803429428120126e-01
-2.870785297929484559e-01
1.000000000000000000e+00
-7.469047314016660222e-01
8.975586469503259446e-01
3.438991835607145831e-01
1.000000000000000000e+00
1.000000000000000000e+00
1.000000000000000000e+00
-7.394521063976493558e-01
-4.546722263431197675e-01
-1.000000000000000000e+00
-1.000000000000000000e+00
-3.711192857764190056e-01
-7.122260868183392102e-01
-7.191220854481877867e-01
6.415385820376869885e-01
-1.000000000000000000e+00
-2.303900330113459738e-01
1.000000000000000000e+00
-3.454211174282920682e-01
7.286638848960592663e-01
-4.725231579197619602e-02
1.000000000000000000e+00
-1.000000000000000000e+00
1.000000000000000000e+00
-1.000000000000000000e+00
9.999011701939819474e-01
1.000000000000000000e+00
-1.479183219246638092e-02
1.000000000000000000e+00
-1.000000000000000000e+00
1.000000000000000000e+00
1.000000000000000000e+00
-2.867285229370133970e-01
-4.316416773436069221e-01
1.000000000000000000e+00
-8.823249224439146943e-01
5.318187972654537798e-01
-6.328222360065010044e-01
-2.198718065717917280e-01
-1.000000000000000000e+00
-9.590581432250959715e-01
2.776837617393556612e-01
1.000000000000000000e+00
-1.000000000000000000e+00
3.888960273956992841e-01
-5.261455798391410088e-01
-3.475214991891231175e-01
1.000000000000000000e+00
-1.000000000000000000e+00
5.518147988586162844e-01
1.000000000000000000e+00
-1.000000000000000000e+00
5.069845809568186423e-01
-4.904105350552546705e-01
-1.000000000000000000e+00
-1.000000000000000000e+00
1.330287034997215956e-01
5.458264978363021047e-01
-1.000000000000000000e+00
3.195920567288049741e-01
-1.000000000000000000e+00
5.704232166868691278e-01
-2.446041870295529441e-01
-1.000000000000000000e+00
4.202401566717762771e-01
1.000000000000000000e+00
-8.337531071607910960e-01
6.595443229297145438e-01
-1.000000000000000000e+00
-7.503300723291930208e-01
7.695615580107247888e-01
3.908071619967979915e-01
-1.000000000000000000e+00
1.000000000000000000e+00
1.000000000000000000e+00
9.307770560340782318e-01
-1.000000000000000000e+00
-1.000000000000000000e+00
-6.981749642186629856e-01
-1.000000000000000000e+00
1.000000000000000000e+00
1.761199624345350656e-01
-1.000000000000000000e+00
-5.052855588035412016e-01
-1.547432269250111903e-01
-1.000000000000000000e+00
-1.000000000000000000e+00
3.631073437209592636e-01
-5.395980592350019256e-01
-2.667013532213778904e-01
-3.466299547493542077e-01
-2.661571889251646006e-03
-5.515493535006491532e-01
-1.000000000000000000e+00
1.449862673495334597e-01
1.906891269362540053e-03
-4.037893362032720646e-01
-9.463711615777964381e-02
1.000000000000000000e+00
3.844931436377836409e-01
-1.000000000000000000e+00
-1.000000000000000000e+00
-1.000000000000000000e+00
1.000000000000000000e+00
2.781458142672996736e-01
-1.000000000000000000e+00
4.015761765749446544e-01
3.563716972028618257e-01
-7.649467942839464074e-01
-4.477739871390035709e-01
1.000000000000000000e+00
-4.666233118952589631e-01
1.000000000000000000e+00
-7.366406280351028846e-01
6.695244328047706972e-01
3.963688081719666245e-01
9.263007325246632728e-01
-4.357995388294017003e-01
-1.000000000000000000e+00
-5.901251204672823825e-01
1.008407040547926181e-01
1.000000000000000000e+00
-7.813877997102751660e-01
-6.755819324582258423e-01
1.000000000000000000e+00
-7.130422234889904898e-01
1.000000000000000000e+00
3.400019892067802640e-01
9.429049269079581297e-01
1.000000000000000000e+00
-1.000000000000000000e+00
5.353069403648386126e-02
-6.507708926468512844e-01
-3.352483493816460491e-01
2.482402780020243060e-02
4.671599034399285255e-01
3.634512683641037967e-01
-6.839285488519410983e-01
1.000000000000000000e+00
7.180329573673270849e-01
1.000000000000000000e+00
6.926737386838908161e-01
4.026927330920221371e-01
2.296040068689649272e-01
-6.339615705871521900e-01
1.496831143352286009e-01
3.207394061174215771e-01
-1.000000000000000000e+00
1.000000000000000000e+00
9.155141116142868629e-01
-9.162861983372672103e-02
-1.000000000000000000e+00
1.000000000000000000e+00
-6.365016714894784766e-02
-8.555653493052761682e-01
-2.481416662745050683e-02
-1.000000000000000000e+00
-5.292288860145819562e-01
-1.000000000000000000e+00
-1.000000000000000000e+00
-1.000000000000000000e+00
-9.199092878508202675e-01
1.088852072282244232e-01
-1.000000000000000000e+00
-1.000000000000000000e+00
8.326360412494967500e-01
-6.485832479381239413e-01
1.000000000000000000e+00
2.545701272671668791e-02
4.048759698492812587e-01
5.516779083924124860e-01
-8.890871122899137724e-01
6.547275319248064829e-01
-1.000000000000000000e+00
-1.000000000000000000e+00
8.156738327044034120e-01
5.060522652753856043e-01
-1.000000000000000000e+00
1.765567892520903959e-01
-1.000000000000000000e+00
8.155028536878208834e-02
1.000000000000000000e+00
1.000000000000000000e+00
-7.899312902461737285e-02
5.758158688232505318e-01
-1.000000000000000000e+00
1.319866542573856771e-01
1.194115805143515785e-01
6.185935877124580928e-01
-7.192491384859904802e-01
-8.542139225616454112e-01
-1.000000000000000000e+00
8.180559399858698677e-02
1.000000000000000000e+00
1.632000212418174279e-01
1.000000000000000000e+00
1.000000000000000000e+00
6.213128571546453482e-01
-2.449109393981688254e-01
1.145532295026671643e-01
-1.000000000000000000e+00
-6.607815419388956002e-01
5.346482478703096231e-01
-5.124261715138407336e-01
-1.000000000000000000e+00
8.519364875818483673e-01
-1.969130006770189734e-01
5.229605403222119531e-01
1.586475381409835350e-02
2.024759209834198770e-01
-1.000000000000000000e+00
-2.312072644704116220e-01
-1.000000000000000000e+00
-1.168341340761884783e-01
-1.000000000000000000e+00
9.958497820053748839e-01
-1.547165918267565110e-01
6.512779977750089433e-01
-1.109280700000705722e-01
-6.078288403289482389e-01
-1.000000000000000000e+00
-3.696617507241730521e-03
-1.344947832812035671e-01
-1.000000000000000000e+00
1.000000000000000000e+00
5.649382956090982510e-01
1.000000000000000000e+00
-1.000000000000000000e+00
1.000000000000000000e+00
1.000000000000000000e+00
1.000000000000000000e+00
4.713777313827643423e-01
-1.000000000000000000e+00
-1.077898160836286978e-01
7.644682350275758820e-01
-6.531369579450967411e-01
-6.706709737965842466e-01
1.683803936215762243e-01
4.851497526357437251e-01
3.144999265730349935e-01
9.731993977647281913e-01
-1.000000000000000000e+00
1.000000000000000000e+00
1.585638999567491325e-01
-5.730526960860280461e-01
-1.009239273219798561e-01
3.679330060909250522e-01
3.519443975566303173e-01
9.596128667846063331e-01
-1.738701969410296755e-01
9.748939455698918399e-01
-7.683901852171908242e-01
1.000000000000000000e+00
-6.453561475288971394e-01
4.870302098523135448e-01
-1.000000000000000000e+00
-1.772323541918185974e-01
1.000000000000000000e+00
1.000000000000000000e+00
2.223274121396043995e-02
5.414231597227062154e-02
4.123213829120147000e-01
4.552865246471172189e-01
-8.162424683143167936e-01
1.000000000000000000e+00
7.605187756487076234e-01
-3.227744275192400147e-01
-1.000000000000000000e+00
-1.000000000000000000e+00
-1.000000000000000000e+00
-1.784707722556656273e-01
2.889299730745900074e-01
6.101562577634451756e-01
-3.978164709182837599e-01
-1.000000000000000000e+00
3.225844515319825634e-01
5.424386923460401411e-01
2.475313353176050168e-01
7.445929126501020789e-01
1.492066861915016807e-01
1.175602013103346222e-01
-8.356164835079050723e-01
-1.000000000000000000e+00
-6.509093407417581023e-01
-2.608951908954992849e-02
-1.000000000000000000e+00
-1.000000000000000000e+00
1.000000000000000000e+00
-1.000000000000000000e+00
-1.000000000000000000e+00
-1.355670351541862217e-01
1.000000000000000000e+00
7.011552062560382215e-01
-9.340681209180958788e-01
-7.312245515473795310e-01
2.783084645403127722e-02
-4.850389352690743783e-01
1.000000000000000000e+00
-1.000000000000000000e+00
7.650131762823850767e-01
1.000000000000000000e+00
4.950699778357079972e-01
-3.001467600611363307e-01
-1.000000000000000000e+00
-3.618887143009745788e-01
7.817093431620061317e-01
-9.018479051192087592e-01
-2.660664298836072916e-01
-1.000000000000000000e+00
1.000000000000000000e+00
-1.000000000000000000e+00
1.000000000000000000e+00
9.807529321826568003e-01
3.561184959159174324e-01
1.315724656648349367e-01
1.000000000000000000e+00
-1.000000000000000000e+00
-1.000000000000000000e+00
-5.764129494446252888e-01
1.000000000000000000e+00
1.040994025581534199e-01
1.000000000000000000e+00
-5.807317832439784500e-02
-1.000000000000000000e+00
-1.000000000000000000e+00
-5.327026298779975466e-01
1.000000000000000000e+00
6.960430597619309268e-01
4.438976391419591216e-01
-1.000000000000000000e+00
-4.963843384589449181e-01
7.117981194182710913e-01
-1.000000000000000000e+00
-1.763908801206370836e-01
-3.641225278962866296e-01
-2.297725448378348245e-01
-1.000000000000000000e+00
-1.000000000000000000e+00
1.000000000000000000e+00
8.487067550301077290e-01
5.647582433233871990e-02
-9.394856085291628522e-01
1.678341139606545351e-01
-7.425745122718810931e-01
-1.000000000000000000e+00
-9.318734273060382822e-01
1.000000000000000000e+00
-6.405687756465914262e-01
-1.000000000000000000e+00
4.572744918743720799e-02
6.285726963282554092e-01
-7.193128547735737621e-01
-1.000000000000000000e+00
-8.915756876778094808e-01
1.023786501438279650e-01
9.334509770729279010e-01
1.000000000000000000e+00
6.582883380976034537e-01
-1.000000000000000000e+00
-4.178818304440317100e-01
-7.100664786400390227e-01
1.000000000000000000e+00
1.000000000000000000e+00
1.000000000000000000e+00
-1.000000000000000000e+00
-7.661687623127320101e-01
5.444512003367816266e-01
1.227086466523097386e-02
-1.000000000000000000e+00
4.694178582473776951e-01
3.350040539260661365e-01
3.363960279752059579e-01
-1.000000000000000000e+00
3.583817707560325583e-01
7.132470634519627595e-02
-9.273443098250344629e-02
-4.391256248112441751e-01
1.000000000000000000e+00
-1.000000000000000000e+00
1.581766990556454644e-01
5.146831528307300729e-01
1.551300345283084248e-01
3.552547647153101451e-01
5.591000364410219081e-01
1.934587394743666200e-01
2.820900555072147209e-01
-1.000000000000000000e+00
-3.113607226326431388e-01
-1.000000000000000000e+00
-4.183925480797105745e-02
-8.697386527556725255e-01
1.000000000000000000e+00
1.000000000000000000e+00
1.000000000000000000e+00
1.290304228601348024e-01
2.004831076480139140e-01
-1.000000000000000000e+00
9.553551432681560707e-01
-4.508321311799283748e-01
-3.581200866043742215e-01
5.572012434744966214e-02
-1.000000000000000000e+00
1.000000000000000000e+00
-5.876971799586332423e-01
-7.435723730721408575e-01
1.000000000000000000e+00
1.000000000000000000e+00
1.000000000000000000e+00
-1.570887438978874062e-02
-5.188281901430478182e-01
-5.924981577853576376e-01
-9.695705171821632495e-01
-1.000000000000000000e+00
-4.515800969476695959e-01
-1.000000000000000000e+00
-1.000000000000000000e+00
1.000000000000000000e+00
-5.265973252180752295e-01
1.000000000000000000e+00
1.000000000000000000e+00
-1.000000000000000000e+00
-2.622957254392032644e-01
-1.000000000000000000e+00
-8.734419107122858017e-02
-1.000000000000000000e+00
1.000000000000000000e+00
-9.473522252418775658e-01
8.213935515205661453e-02
1.000000000000000000e+00
1.000000000000000000e+00
-1.000000000000000000e+00
-6.400400515606681218e-01
-1.000000000000000000e+00
1.000000000000000000e+00
5.412347828628771840e-01
-8.179778300029630356e-02
1.000000000000000000e+00
7.431204288976641648e-01
-1.000000000000000000e+00
-5.142438896458646491e-01
-1.000000000000000000e+00
1.000000000000000000e+00
7.575767597485926208e-01
1.000000000000000000e+00
-1.000000000000000000e+00
-7.871688082488941252e-01
9.197212899904050332e-02
-7.651159542553586101e-01
-1.080476335606719018e-01
1.000000000000000000e+00
-1.000000000000000000e+00
-1.000000000000000000e+00
-1.428499641937850950e-01
7.762318077116258097e-01
1.459291347773301536e-02
1.580365383649576794e-01
-1.000000000000000000e+00
-8.438825526066578986e-01
1.000000000000000000e+00
2.024672160562963619e-01
1.000000000000000000e+00
-1.000000000000000000e+00
-1.701352142313226623e-01
2.926230853580014113e-02
-6.836890569979388044e-01
-5.253644205566823100e-01
1.000000000000000000e+00
-9.300179883430343963e-01
9.949744141458977120e-01
-1.000000000000000000e+00
1.000000000000000000e+00
1.000000000000000000e+00
-3.975754462260374655e-01
2.015502811317498588e-01
-1.000000000000000000e+00
8.825713312711837011e-01
-1.000000000000000000e+00
7.074220310475443085e-01
5.319546004296581421e-01
1.000000000000000000e+00
1.462320820267366817e-01
7.420016393326749338e-01
6.484353065232556501e-01
9.063695225091832341e-01
-1.855049455843197914e-01
-2.934353126115705201e-01
1.000000000000000000e+00
1.000000000000000000e+00
-1.000000000000000000e+00
-5.683484680949140166e-01
-1.000000000000000000e+00
-1.000000000000000000e+00
-1.000000000000000000e+00
-6.395287385058693319e-01
-1.000000000000000000e+00
9.979711896301312057e-01
4.054805300332797735e-01
1.689184093282530275e-01
6.015685001844044422e-01
-8.104187155124457087e-01
-1.000000000000000000e+00
-1.000000000000000000e+00
9.617630888496331298e-01
-3.692110249598311023e-01
-2.105657698679581635e-01
-1.000000000000000000e+00
-2.613391693533599347e-01
-1.000000000000000000e+00
-3.613745222920073386e-01
-1.000000000000000000e+00
3.436073655274344274e-01
1.000000000000000000e+00
-1.838707281817401062e-01
-6.717718033480137851e-01
-1.720992368382442961e-01
1.000000000000000000e+00
-1.000000000000000000e+00
-7.507473630885075355e-02
1.000000000000000000e+00
7.713272385311880086e-01
-1.000000000000000000e+00
-4.719502344684746720e-01
-8.217380700452311393e-01
-1.000000000000000000e+00
9.951196178221519695e-01
-1.000000000000000000e+00
4.343242043500973315e-01
-1.000000000000000000e+00
-3.626013390301585648e-01
-1.000000000000000000e+00
-1.000000000000000000e+00
1.265615830632060845e-03
1.000000000000000000e+00
1.000000000000000000e+00
-2.075015966569548342e-01
1.000000000000000000e+00
1.000000000000000000e+00
1.000000000000000000e+00
-7.622556199115693154e-02
1.000000000000000000e+00
1.000000000000000000e+00
-8.957236735046296694e-01
-2.070391463929127374e-01
2.531938979835224313e-01
8.504508275529816252e-01
5.588675390999442438e-01
1.000000000000000000e+00
-3.659614514691639786e-01
1.968255733627966020e-01
-6.519835735401057208e-01
-2.728507756791042071e-01
-8.142440736883531649e-01
1.000000000000000000e+00
-9.038602564718489774e-02
-1.000000000000000000e+00
-9.136145731813583026e-01
1.000000000000000000e+00
5.737719399357634753e-01
1.000000000000000000e+00
-1.000000000000000000e+00
8.292427635936019392e-01
7.962750320233700219e-01
1.000000000000000000e+00
-4.454966819190930294e-01
-1.000000000000000000e+00
-1.000000000000000000e+00
-4.217925502674910732e-01
4.992761548184315723e-01
2.020694762548000956e-01
-5.251569788196295274e-01
-1.204019880771934337e-01
-1.000000000000000000e+00
3.623127100622365315e-01
-1.911037931859457251e-01
9.570258092095844660e-01
1.870570572550277755e-01
3.172978506515021502e-02
8.290624617618030934e-01
-3.787664783774862820e-01
1.000000000000000000e+00
-1.000000000000000000e+00
5.432371786090639532e-01
1.000000000000000000e+00
-1.000000000000000000e+00
1.000000000000000000e+00
-1.000000000000000000e+00
-1.000000000000000000e+00
-5.233615068715169460e-01
-5.832516890926953135e-01
4.680740193486732093e-01
-1.000000000000000000e+00
-1.921403822615425916e-01
-3.511442439657367909e-01
5.866408919921719534e-01
8.953323470839169573e-01
4.180592791440635447e-01
1.000000000000000000e+00
1.000000000000000000e+00
-2.134091949134875876e-01
-1.986067961863329512e-01
6.472729776005194946e-01
-8.116929107187680348e-01
3.392182173383361810e-01
3.300722857560856593e-01
-7.643688095413921912e-01
3.403370090320783081e-01
8.525427757712197296e-01
9.302387838406598330e-01
-1.000000000000000000e+00
9.539740152837965503e-01
-1.000000000000000000e+00
-6.538058906245354240e-01
3.550156749659304223e-02
-1.763216112305798222e-01
1.246867338840261241e-01
-1.000000000000000000e+00
4.764026151283540234e-01
5.869406490044478675e-01
4.772965665060405760e-01
-1.857662699642495807e-01
1.000000000000000000e+00
-2.432762058848796927e-01
-1.000000000000000000e+00
-1.822108785735834791e-01
3.761034972972584489e-01
-5.114666909879690415e-01
-5.316435056051174168e-01
-1.376552618412945073e-01
3.509861946171026759e-01
-1.000000000000000000e+00
-9.273748626859273925e-01
1.000000000000000000e+00
1.000000000000000000e+00
-1.000000000000000000e+00
2.807070981967492163e-01
-1.000000000000000000e+00
9.613650656903696134e-01
4.460212444232862228e-01
-1.000000000000000000e+00
7.635230686702907388e-01
-1.000000000000000000e+00
-1.000000000000000000e+00
5.835580807016021998e-01
7.004948566614541683e-01
-1.301982400923462624e-01
6.874602020960639548e-01
1.000000000000000000e+00
1.000000000000000000e+00
1.000000000000000000e+00
-1.000000000000000000e+00
6.709586409936878493e-01
1.103104617223534534e-01
-4.694290701063292826e-01
-1.000000000000000000e+00
3.788298170333281867e-01
1.187520893294957830e-01
6.090028528877853287e-01
-4.839267883418105765e-01
1.000000000000000000e+00
6.736301347673162576e-02
-7.830046885880752594e-01
9.428480318823587725e-01
3.439099389994919598e-01
1.000000000000000000e+00
-5.874793820087669260e-01
1.000000000000000000e+00
-6.036203476596222472e-01
4.867298367179764274e-01
-1.000000000000000000e+00
-5.885563798794817281e-01
-9.052516809723520907e-02
1.000000000000000000e+00
9.473060680196667693e-01
-1.000000000000000000e+00
-5.916295160846180012e-01
-1.000000000000000000e+00
-9.626344654842460269e-01
4.801109413618823152e-01
-1.414861340349434782e-01
-1.000000000000000000e+00
1.246521163461550841e-01
-6.454340572333976400e-01
1.353733439178957665e-01
2.743080075808609908e-01
-1.000000000000000000e+00
9.870016948666657242e-02
3.033718176656016174e-01
1.000000000000000000e+00
1.000000000000000000e+00
-7.496875308845574182e-01
2.262225130499284642e-01
-6.672938102165889562e-01
2.828425330972096363e-01
7.157596077062431394e-01
-3.644560629162812981e-01
2.543909299220752374e-01
-2.001722709479665241e-01
-1.000000000000000000e+00
3.981099690733578278e-01
1.000000000000000000e+00
-5.377788998059518377e-01
-1.362643994791711277e-01
-7.326329854851809653e-02
2.202038062602012236e-01
1.456044830766966558e-01
1.000000000000000000e+00
-1.000000000000000000e+00
-9.199250064174798736e-01
-3.290975711215191057e-01
-1.000000000000000000e+00
-1.000000000000000000e+00
1.000000000000000000e+00
-2.178500184119774863e-01
-6.844422735703641347e-01
-1.000000000000000000e+00
5.857050988445062778e-01
-1.000000000000000000e+00
-8.086448307275708736e-01
-3.130082987348030699e-01
-2.943556064440867592e-01
-1.000000000000000000e+00
-1.000000000000000000e+00
-3.689236979077193945e-01
-8.126585421514171959e-01
7.297554351705460851e-01
-1.000000000000000000e+00
-6.388903080676013868e-01
-2.889837628875387976e-01
1.000000000000000000e+00
1.541009305660430151e-01
-1.000000000000000000e+00
1.000000000000000000e+00
8.307460821631345027e-01
-4.916374071387383249e-01
1.000000000000000000e+00
-7.691928616585842482e-01
-1.954682107659777568e-02
-1.229955257992643158e-02
1.000000000000000000e+00
-1.000000000000000000e+00
-1.000000000000000000e+00
1.000000000000000000e+00
1.429407799119719047e-01
1.000000000000000000e+00
-5.500480135825782657e-01
7.839485061985332903e-01
1.000000000000000000e+00
-5.208910352519846576e-02
2.214364805258266511e-01
1.000000000000000000e+00
-5.383097794176626705e-01
-1.000000000000000000e+00
4.143915529150721255e-01
-1.000000000000000000e+00
4.945588161318392739e-01
-3.933876124752670456e-01
-1.000000000000000000e+00
6.230721171771719247e-01
-1.430632948604948496e-02
-6.766423456436743145e-03
-3.521257266545275710e-01
-8.265894011296892607e-02
-1.343269830198917103e-01
-5.018300181920617442e-01
1.000000000000000000e+00
6.334944126231215611e-01
1.597896444942722982e-02
-1.000000000000000000e+00
3.344180098178360927e-01
9.403080916628974162e-01
3.549965730247108819e-01
7.886620379086101140e-02
-3.964177470330740305e-01
1.000000000000000000e+00
-9.141085681518831274e-01
1.000000000000000000e+00
1.000000000000000000e+00
-2.152105359046654343e-01
1.522593222618042752e-01
-1.923334763922927015e-01
-4.013553826922925394e-01
8.316117242348275429e-01
-1.000000000000000000e+00
1.000000000000000000e+00
2.212864572106190697e-01
-1.000000000000000000e+00
-1.000000000000000000e+00
-4.201878108982637361e-02
7.975424961813872837e-01
-6.368008525659114571e-01
-1.000000000000000000e+00
1.851135141534981376e-01
-7.642549584395699203e-01
2.179274132787696328e-01
1.000000000000000000e+00
-1.000000000000000000e+00
1.000000000000000000e+00
-5.181374241361653699e-01
3.959613204580632040e-01
9.835413620383071098e-01
3.377695983966240156e-01
4.913946264561051547e-01
-4.286237538047764639e-01
-1.000000000000000000e+00
-6.294690543175813779e-01
7.726362107662361201e-01
-5.401744756271856795e-01
-3.181792119154473464e-01
1.099257847414067957e-01
-6.988336245545091474e-01
-1.000000000000000000e+00
-5.340748548238786197e-01
4.951617398993360952e-01
-8.210564259401927911e-01
-4.911370533032520247e-01
4.532771635914389363e-01
4.924161008871189016e-01
-1.000000000000000000e+00
-1.000000000000000000e+00
7.724238807071482915e-01
-1.000000000000000000e+00
4.067056701477654301e-01
1.641776420509346024e-01
-1.000000000000000000e+00
-8.632642486026318451e-01
1.000000000000000000e+00
-7.096303488257161840e-01
-7.329217254424341688e-01
2.206498209257319321e-01
-1.196130775191450862e-01
-5.997001293250693310e-01
-1.635787091672298854e-01
1.000000000000000000e+00
1.008332130486624262e-01
8.138732813920843689e-01
1.000000000000000000e+00
1.000000000000000000e+00
8.425080310433885611e-01
9.939506047767237007e-01
1.572597772379751291e-01
1.000000000000000000e+00
-9.427320947468098566e-01
-7.371246010239441704e-01
-6.141466993306765598e-01
-1.000000000000000000e+00
-6.119271985721458362e-02
-1.000000000000000000e+00
-1.000000000000000000e+00
7.677772592798953744e-01
9.675618707702603460e-01
-1.000000000000000000e+00
8.106997946853076176e-01
1.000000000000000000e+00
-3.743494362984600698e-01
2.485208533256086927e-01
-5.782460405230669398e-01
2.268415757930130339e-01
4.378511496862191876e-03
8.942305821474162419e-01
1.000000000000000000e+00
-4.024135543530825698e-01
2.064066098925403381e-01
1.000000000000000000e+00
-1.000000000000000000e+00
-1.000000000000000000e+00
-4.154063278685353189e-01
-2.468602289244223869e-01
1.381068798074021331e-01
-3.389834133593658816e-01
5.787904712151836772e-01
1.000000000000000000e+00
2.780983279962198074e-01
3.387405023567225948e-01
-1.000000000000000000e+00
-1.330938805309939688e-01
6.916318649087869197e-01
1.000000000000000000e+00
1.560534557029330527e-01
-1.000000000000000000e+00
-1.000000000000000000e+00
-1.000000000000000000e+00
-5.845750202260602268e-01
7.237381579455046676e-01
1.999240013662713089e-01
1.000000000000000000e+00
7.695648652040965043e-01
1.000000000000000000e+00
-1.000000000000000000e+00
-9.130383162982298462e-01
1.000000000000000000e+00
-6.320410986415501142e-01
-8.638189407927633345e-01
5.548798470222719992e-01
-4.928932436015971696e-02
7.426064529206352072e-01
-2.304222180341762849e-01
-4.652554030657201634e-01
-2.656152837473038097e-01
-1.000000000000000000e+00
7.862416509116315622e-01
-1.000000000000000000e+00
8.661018688061175030e-01
-1.000000000000000000e+00
2.591094591137488301e-02
1.000000000000000000e+00
1.465516511402628619e-01
-3.732940795150714308e-01
-3.277290816279363472e-01
-1.000000000000000000e+00
4.676925784574015310e-03
-1.000000000000000000e+00
1.000000000000000000e+00
3.564324600442200230e-01
5.618707845161320380e-01
-4.460711859417965108e-02
9.315663718247604308e-01
-9.629238067959248193e-01
4.837952623442919875e-01
-5.890870123041134221e-01
1.000000000000000000e+00
1.000000000000000000e+00
8.002674460503873544e-01
1.000000000000000000e+00
1.000000000000000000e+00
-2.307815644354696272e-01
5.283352590078644884e-01
-3.653047157221807339e-02
9.639577672385633011e-01
4.899427403475618836e-02
-2.928006744662171035e-01
1.000000000000000000e+00
8.654580249235758194e-01
-2.712295907521643512e-01
3.466226162301558889e-01
1.000000000000000000e+00
-9.031119702513392689e-01
1.000000000000000000e+00
-6.427480857178793361e-01
4.380951019865242380e-02
3.237152786472905497e-01
-8.938007390326941914e-01
-1.000000000000000000e+00
-1.000000000000000000e+00
-4.566031269902857126e-01
7.165669428149754605e-01
-3.986687603265346436e-01
1.130211360803684562e-01
-7.888537639496731035e-01
-1.000000000000000000e+00
1.000000000000000000e+00
-7.152060238306415796e-01
-1.000000000000000000e+00
9.275254339934228820e-02
8.491327481981068015e-01
2.686607370916802573e-01
5.504663180379772980e-01
-1.000000000000000000e+00
-1.000000000000000000e+00
4.330836865806100278e-01
-5.356826808411740970e-02
-3.790645717272042026e-01
-2.676198256288819799e-01
7.434275163419026278e-01
1.000000000000000000e+00
1.596869247464453578e-01
-4.868101088646631380e-01
-4.309800620634129942e-01
-4.412786654120094409e-01
-2.118944366977157934e-01
1.000000000000000000e+00
-1.000000000000000000e+00
5.500620247451634137e-01
-4.514795628417061502e-01
-2.504091014294812512e-01
1.000000000000000000e+00
-1.000000000000000000e+00
2.328160630353771909e-01
3.822152434717929759e-01
-5.686648116704096090e-02
5.216582650849070912e-01
-3.022867911024312848e-01
1.000000000000000000e+00
1.399566068284653908e-01
1.000000000000000000e+00
-1.000000000000000000e+00
1.000000000000000000e+00
1.533650708585598821e-01
9.941254917004624936e-01
5.873330255992671445e-01
4.085300280722358179e-01
-5.493318888483339490e-01
-5.563686969034786767e-01
-8.479344383498996773e-01
-1.000000000000000000e+00
3.366948382568402121e-01
9.712516924636016569e-02
1.000000000000000000e+00
7.912801899137242856e-01
4.963241920729346557e-01
6.222493412497491772e-01
3.883095731499106584e-01
-1.000000000000000000e+00
-1.000000000000000000e+00
-6.053368919452530861e-01
9.797495254806073972e-02
-1.000000000000000000e+00
1.000000000000000000e+00
1.000000000000000000e+00
1.375848807578928523e-01
9.870022611620145048e-01
-3.755618654574891524e-01
-1.217178593067137493e-01
-1.677772484166602934e-02
-1.000000000000000000e+00
-1.000000000000000000e+00
9.796816981048985795e-01
-1.000000000000000000e+00
2.140615841595097102e-01
-1.346371490116401448e-01
-2.789934727328473585e-01
7.175956023348240009e-01
-1.000000000000000000e+00
8.038499644043318737e-01
5.715942119676188371e-01
1.000000000000000000e+00
1.454004172318034138e-01
9.170173922993198889e-01
3.589483050216266125e-01
-3.579961392909192242e-02
-1.325926908994832509e-01
3.292781567160862899e-02
-1.000000000000000000e+00
-1.000000000000000000e+00
1.000000000000000000e+00
-1.000000000000000000e+00
1.023592838437350355e-01
-2.212196938955515724e-01
1.000000000000000000e+00
-1.000000000000000000e+00
-5.771062376953572937e-01
1.000000000000000000e+00
7.526852756871698080e-01
1.000000000000000000e+00
-1.000000000000000000e+00
-4.710989660133779733e-01
-1.000000000000000000e+00
-7.947090712455064931e-01
5.038827745269457425e-01
-8.797720600317042727e-01
2.963360976084946086e-01
-1.000000000000000000e+00
-5.151987433774127823e-01
-5.506234394203430860e-01
-1.000000000000000000e+00
-9.741572498965912486e-01
-1.000000000000000000e+00
-1.000000000000000000e+00
-5.380533374447928896e-01
-1.929626474519202661e-01
1.000000000000000000e+00
1.000000000000000000e+00
-8.116600416598097611e-01
1.000000000000000000e+00
-6.348758782837589099e-01
-1.000000000000000000e+00
6.402846007141907991e-01
-4.125329447426184792e-02
-3.067563908117337812e-01
-1.000000000000000000e+00
1.000000000000000000e+00
7.927989010639452383e-02
1.000000000000000000e+00
2.150296128552527941e-01
9.192618398784418998e-01
3.624695464961743552e-01
-1.000000000000000000e+00
-8.514103597973858573e-02
-5.716596177422468283e-01
-1.000000000000000000e+00
1.000000000000000000e+00
7.096277935836947659e-01
1.000000000000000000e+00
7.456138346695317942e-01
8.380688912802930490e-01
-5.310148571286974484e-01
1.832622734266170506e-02
-1.000000000000000000e+00
5.824931498236485261e-01
-2.255085551661610843e-01
-5.808984390237057482e-01
2.153658281946191355e-02
1.000000000000000000e+00
-3.468520673751162020e-01
-2.444402340740592372e-01
8.278351491494756464e-02
-3.274113437407450977e-01
1.000000000000000000e+00
3.160937570292493559e-02
6.822536255570490482e-01
1.486465223213569997e-01
6.818443667297440225e-01
8.283010702688879956e-01
-1.000000000000000000e+00
8.784854657773750741e-01
9.988018856388709565e-01
-1.000000000000000000e+00
1.085788625641328498e-01
5.059050627451049387e-01
-1.000000000000000000e+00
-6.582561872777276113e-01
1.000000000000000000e+00
4.675594621870132195e-01
1.000000000000000000e+00
-3.194718587639826524e-01
-8.314319042880335964e-01
-1.000000000000000000e+00
-2.711325660397009840e-02
-2.911784982273564748e-01
6.449623795350707400e-01
-1.000000000000000000e+00
6.465402631706246295e-01
5.953112339975081824e-01
1.000000000000000000e+00
5.146155040228416189e-01
-9.808228173894117941e-01
3.247520401554589431e-01
1.567468415672403081e-01
1.148174924872390895e-01
-1.000000000000000000e+00
-1.000000000000000000e+00
-1.000000000000000000e+00
1.000000000000000000e+00
-1.000000000000000000e+00
-5.257759640233659187e-02
-3.669486745231982372e-01
1.000000000000000000e+00
-1.000000000000000000e+00
-1.000000000000000000e+00
9.047921125545698162e-01
7.936547842977432765e-01
1.000000000000000000e+00
4.523534251724794508e-01
6.584310742702464969e-02
-1.000000000000000000e+00
-9.541638573392188238e-01
-9.262225054850519168e-01
-1.008209037426354704e-01
1.000000000000000000e+00
-1.000000000000000000e+00
3.932109305264976928e-01
2.380165424073250324e-01
-6.479897472906568368e-01
-1.717222635253676244e-02
-1.000000000000000000e+00
-4.393836717293348459e-01
-1.000000000000000000e+00
-3.758121413870394445e-01
1.000000000000000000e+00
-1.443426031566252266e-01
7.789526843441934023e-01
3.432584705929325741e-01
-1.000000000000000000e+00
-1.000000000000000000e+00
1.260402000414148072e-01
7.079871376872054478e-01
-2.438872536776354460e-01
-3.645089132149550437e-01
7.059591034956289590e-01
-1.000000000000000000e+00
-1.000000000000000000e+00
-1.000000000000000000e+00
-1.000000000000000000e+00
-1.000000000000000000e+00
-6.588565882881040059e-01
3.242518946164874016e-01
-1.515700530503853449e-01
6.260206822270454330e-01
-5.395502327993907388e-01
1.000000000000000000e+00
1.023625513866306541e-01
8.429761093424843477e-01
-9.656205234463807185e-01
-1.000000000000000000e+00
3.866486481975488498e-01
-1.000000000000000000e+00
-1.000000000000000000e+00
7.432805503493915555e-01
-1.000000000000000000e+00
1.000000000000000000e+00
-1.000000000000000000e+00
-1.538446901584717974e-01
1.654011039575867537e-01
-1.000000000000000000e+00
1.000000000000000000e+00
-1.000000000000000000e+00
-9.800469898352115461e-01
8.440680995345336557e-01
8.853837315970738420e-01
1.000000000000000000e+00
4.544432964716043077e-01
-4.187859616062888923e-01
1.000000000000000000e+00
1.856447732659746164e-01
6.214235379236714429e-01
1.000000000000000000e+00
-7.429634558582087767e-02
-3.635775969914873951e-01
1.000000000000000000e+00
-1.000000000000000000e+00
3.060255245482585984e-01
9.317730470088162464e-01
1.000000000000000000e+00
-1.000000000000000000e+00
-6.474098276683811770e-01
-1.000000000000000000e+00
1.000000000000000000e+00
-1.000000000000000000e+00
-3.486213326307321392e-01
1.000000000000000000e+00
2.294070512849319399e-01
4.511877190176527552e-01
-1.000000000000000000e+00
-1.000000000000000000e+00
1.000000000000000000e+00
1.535945574372626909e-02
-1.622703251043184081e-01
3.581501405841467922e-01
-3.008748743109193602e-01
-1.000000000000000000e+00
-1.000000000000000000e+00
5.799788492835158404e-01
4.552898232305226389e-01
4.483283028622248034e-01
-1.000000000000000000e+00
-7.947778147138371274e-01
4.510156662223790969e-02
1.769024067581707604e-01
3.248378138442180596e-01
2.990871462164452765e-01
-2.175054128749325244e-01
3.746207514365471614e-01
-1.501051983980074278e-01
1.000000000000000000e+00
-3.505991084734862984e-01
-1.000000000000000000e+00
1.858388012081422791e-01
-1.000000000000000000e+00
1.000000000000000000e+00
1.000000000000000000e+00
8.748204809693778117e-01
-1.000000000000000000e+00
1.706105417518387346e-01
-4.597090868517975104e-01
-1.000000000000000000e+00
1.000000000000000000e+00
4.894685735360102541e-01
6.763461657669084248e-01
9.520921307763898778e-01
3.486001388100440357e-01
-9.842955897380001318e-01
-1.000000000000000000e+00
1.000000000000000000e+00
1.000000000000000000e+00
-4.541644426734823270e-01
-1.000000000000000000e+00
2.840494345073973914e-01
1.000000000000000000e+00
-3.703121630358829214e-02
-6.637089378571618958e-01
-1.000000000000000000e+00
2.132190649520171455e-01
2.168566747620469248e-01
9.649400731324575542e-01
-1.000000000000000000e+00
4.971727113329831305e-01
4.245222239153614852e-02
-5.411271318939813169e-01
-1.490056509610516722e-01
7.603361768274552457e-01
9.264873220547512056e-02
2.662542673903348089e-01
1.870704725137411761e-01
4.000451344703749301e-01
7.272831099585281844e-01
9.355530161866913996e-01
9.240452421436948782e-01
-3.823079503428923331e-01
-4.778518893857295335e-01
-1.223873206917135970e-01
7.600944781037042297e-01
-3.536297584113985426e-01
1.000000000000000000e+00
3.291346552400631897e-01
1.000000000000000000e+00
1.918867704702861832e-01
1.000000000000000000e+00
-1.500525572460054136e-03
-1.000000000000000000e+00
4.088338446321369557e-01
-7.078677819695451401e-01
9.283164692170478571e-02
6.679514044371290815e-01
-1.000000000000000000e+00
-1.000000000000000000e+00
4.561973682957253806e-01
3.196056006810432670e-01
1.787716856706589308e-03
1.000000000000000000e+00
-3.793277367833510216e-01
8.933070887500633717e-01
-4.936160303103267477e-01
-1.000000000000000000e+00
1.000000000000000000e+00
9.057054425465240755e-01
-1.000000000000000000e+00
-1.703055711548788487e-01
-1.891830881379261697e-01
-2.709546578591912613e-01
-6.781678899945748906e-01
2.666639374619834135e-01
1.000000000000000000e+00
9.365045245761188797e-01
8.777332974292224588e-01
1.000000000000000000e+00
1.000000000000000000e+00
2.583833851017501848e-01
1.192908182676281070e-01
-1.000000000000000000e+00
-1.000000000000000000e+00
-9.554693498377948568e-01
1.000000000000000000e+00
1.000000000000000000e+00
-9.594519935390808385e-01
-5.688313194206697787e-01
-1.541861653620028583e-01
-4.878249438478288735e-01
-1.000000000000000000e+00
3.329739177959185614e-01
-3.459184184066707024e-01
-8.886346483223170889e-01
6.152694974198262834e-01
9.893683642680921597e-01
-2.065098979411736091e-01
-1.000000000000000000e+00
6.235337917714147693e-01
1.000000000000000000e+00
-8.127774999226122787e-01
1.000000000000000000e+00
-5.017004091994330395e-01
-2.762368130906131536e-02
1.000000000000000000e+00
-1.000000000000000000e+00
1.000000000000000000e+00
-7.177451188894810041e-01
8.399145060783022032e-01
-5.592835908897915154e-01
1.000000000000000000e+00
-6.795963622208102128e-01
9.121347161714443708e-01
-1.000000000000000000e+00
4.809050597510073910e-01
1.000000000000000000e+00
1.000000000000000000e+00
-3.010399926680810689e-01
-1.000000000000000000e+00
-1.603155723514543274e-01
1.000000000000000000e+00
1.000000000000000000e+00
-7.014416512150667415e-01
-3.047899276381196287e-01
-8.551435792812500658e-01
1.000000000000000000e+00
-1.685142453927404860e-01
5.908701790327026693e-01
7.157576833344060363e-01
1.000000000000000000e+00
1.000000000000000000e+00
-9.820270497551313316e-01
6.231901108179270787e-01
3.655233318572012613e-02
1.000000000000000000e+00
-9.786360933200567436e-01
1.000000000000000000e+00
2.074171626088236187e-01
-4.956183300657079349e-01
-7.443223933817503246e-01
1.000000000000000000e+00
-7.693810882176475019e-01
-1.000000000000000000e+00
-3.320242653055911486e-01
2.627091519882822357e-02
8.949862084591519995e-01
-8.730701367559767778e-01
3.009253208420886727e-01
-5.227515581148348689e-01
1.000000000000000000e+00
-1.000000000000000000e+00
1.280931678579953770e-01
4.077859872569215838e-02
-1.000000000000000000e+00
-7.316113604932839021e-02
-1.000000000000000000e+00
-1.000000000000000000e+00
-3.704845507824666706e-01
-1.000000000000000000e+00
-1.925251140423460683e-01
-6.348086867243150078e-01
2.258270152218352089e-01
3.233387665400369593e-01
6.563347654573337131e-01
-5.028875267327453935e-01
-5.434292932528904663e-01
-8.599693593345834053e-01
1.000000000000000000e+00
2.964804014091466655e-01
1.000000000000000000e+00
-5.280160764887493752e-01
-2.206603962719946299e-01
-4.356888953879246018e-01
8.622312529123560276e-01
-1.000000000000000000e+00
-2.642980840715488111e-01
-1.000000000000000000e+00
-1.000000000000000000e+00
1.000000000000000000e+00
1.000000000000000000e+00
5.714212497000396018e-01
4.123110384156865038e-01
1.091469088969138079e-01
1.000000000000000000e+00
1.000000000000000000e+00
1.000000000000000000e+00
5.042663408018457361e-01
-3.589579976132123429e-01
-1.000000000000000000e+00
1.000000000000000000e+00
-1.000000000000000000e+00
-1.826367606076390870e-01
-1.000000000000000000e+00
5.506101261512952316e-01
3.471746932106095640e-01
-1.000000000000000000e+00
-1.316957602081686995e-01
3.536853174671020783e-01
-1.000000000000000000e+00
8.443722107698808932e-01
7.250744207467849645e-01
-1.000000000000000000e+00
1.000000000000000000e+00
-1.000000000000000000e+00
3.497719666501996061e-01
1.712384804806929006e-01
-2.189910791713572946e-01
-1.000000000000000000e+00
1.000000000000000000e+00
-1.000000000000000000e+00
-6.130923423079076562e-01
-2.854792586240001429e-01
-1.280714639097291219e-02
3.477663233003108756e-01
-1.000000000000000000e+00
7.014324964171790855e-01
1.000000000000000000e+00
-1.125265892882147678e-01
-1.000000000000000000e+00
-5.574411830270816770e-01
-1.000000000000000000e+00
-9.289343652342524349e-01
8.072435886159672336e-01
2.881818942062235323e-01
-1.000000000000000000e+00
-1.000000000000000000e+00
-1.925782605272599035e-01
-1.000000000000000000e+00
-7.113444684767030735e-01
1.000000000000000000e+00
-1.178351170489887190e-01
-9.761796510763043333e-02
-3.215483400070846542e-01
-7.737553975415885077e-01
1.000000000000000000e+00
-2.028428068547993846e-02
-1.000000000000000000e+00
-3.127659992201959338e-01
-6.437326528910718437e-01
-1.000000000000000000e+00
-1.000000000000000000e+00
-1.000000000000000000e+00
1.219859206652774974e-02
1.000000000000000000e+00
1.000000000000000000e+00
-8.201442941653034335e-01
-2.979730473053743278e-01
-9.429858643057020817e-01
2.196445632302677919e-01
5.179266512551936597e-01
-5.219731552915525263e-01
-2.267289429600768402e-01
-1.000000000000000000e+00
-4.095814036101861344e-01
-2.157090312644515118e-01
2.361173050582650035e-01
1.976336961058923203e-01
-7.019862200538643515e-01
-1.000000000000000000e+00
-6.794639893337760528e-01
-1.000000000000000000e+00
-3.986014588479230847e-01
-1.000000000000000000e+00
-1.000000000000000000e+00
-1.000000000000000000e+00
-7.471329460107331011e-01
-4.044765209797911432e-01
3.667382711647509397e-01
1.000000000000000000e+00
3.418127497488181454e-01
5.733731204221916705e-02
1.000000000000000000e+00
-4.057206551562100305e-01
1.000000000000000000e+00
1.512535044992022182e-01
5.793805196303161154e-01
-1.000000000000000000e+00
-3.553562211218040390e-01
-1.000000000000000000e+00
3.226016998135362579e-01
1.000000000000000000e+00
7.130813773482274076e-01
-8.043978344902885658e-02
-6.851995225255413935e-01
1.000000000000000000e+00
1.000000000000000000e+00
-8.575906113284530452e-01
-8.181687451290016178e-01
-9.234616258019913149e-01
-2.218097939425758003e-01
4.522149052636749156e-01
1.000000000000000000e+00
-4.286110709010270692e-01
1.000000000000000000e+00
4.821157429864973004e-02
1.000000000000000000e+00
-6.815316057050724297e-02
1.000000000000000000e+00
-3.054482405719958771e-01
-1.000000000000000000e+00
1.000000000000000000e+00
-7.375800787159785266e-01
2.009956478817638281e-01
-1.000000000000000000e+00
1.000000000000000000e+00
-3.498353402643280541e-01
-7.948923254333398747e-01
-3.525280527859903090e-01
-9.923364566404113685e-01
-8.304060654306747447e-01
-1.000000000000000000e+00
1.000000000000000000e+00
-7.532361939166165588e-01
-7.162201449705660750e-01
-9.157571802790949178e-01
2.586284777477221297e-01
1.000000000000000000e+00
1.000000000000000000e+00
1.000000000000000000e+00
1.000000000000000000e+00
6.955464884254645153e-01
4.056888410759107444e-02
7.759633329759686449e-01
1.000000000000000000e+00
1.000000000000000000e+00
6.477083167546069387e-01
3.538468485343331249e-01
-5.066799137091188010e-02
-9.952443629082312337e-02
1.000000000000000000e+00
-1.000000000000000000e+00
2.755511749398810162e-01
-1.000000000000000000e+00
-1.000000000000000000e+00
-1.000000000000000000e+00
1.000000000000000000e+00
1.000000000000000000e+00
-6.220090712080623696e-01
-9.515506118270690150e-01
4.954936946752450666e-01
1.000000000000000000e+00
1.000000000000000000e+00
1.000000000000000000e+00
-4.000392926593324683e-01
-7.827410707334097051e-01
-1.926375619767516645e-01
-1.000000000000000000e+00
-1.000000000000000000e+00
-1.000000000000000000e+00
5.147774516656713484e-01
1.000000000000000000e+00
-1.000000000000000000e+00
8.990835986212224462e-01
-1.000000000000000000e+00
-1.427304713312068374e-01
1.183545571456435797e-01
-6.490305830468194870e-01
1.000000000000000000e+00
-1.000000000000000000e+00
1.000000000000000000e+00
-3.507665865716814713e-01
6.096958485194341471e-01
1.000000000000000000e+00
-1.000000000000000000e+00
6.469635489389509164e-01
-4.711190628408479797e-01
1.000000000000000000e+00
-6.239232819032531907e-01
-9.743678539912313530e-02
9.114444842441020711e-01
4.642278409068581468e-01
-1.000000000000000000e+00
1.000000000000000000e+00
5.733545931913753835e-01
1.000000000000000000e+00
-2.440301519060600888e-01
1.601675843902290175e-01
