9.315736472417401881e-01
-1.000000000000000000e+00
-6.716663832810225720e-01
1.000000000000000000e+00
4.711220695950274484e-01
-1.000000000000000000e+00
-1.000000000000000000e+00
6.825932246210071330e-01
-9.738401295813721159e-01
-6.641991459141404208e-01
7.377159481404625962e-01
-9.916370041975740568e-01
1.829337388782437679e-01
8.426515686527533688e-01
4.890060277075609640e-01
1.836739572926523734e-01
2.017761659628410364e-01
-3.330249168892603917e-01
7.757233540067860478e-01
-1.000000000000000000e+00
-1.000000000000000000e+00
-2.718416534961782260e-01
1.000000000000000000e+00
9.263639337886162561e-01
-7.666046713678559277e-01
5.423571232991523106e-01
-9.997312271502693803e-02
-3.280431239862301451e-01
-1.000000000000000000e+00
-5.249104399899967577e-01
7.411356373396803532e-01
1.464785728884816507e-01
-6.226526876441650371e-01
3.414674008678889594e-01
-1.000000000000000000e+00
1.000000000000000000e+00
1.000000000000000000e+00
-3.979991756696070748e-01
8.338283684535752194e-02
2.136272915159733582e-02
1.000000000000000000e+00
-1.195785882519823096e-02
-9.216405710034746290e-01
-1.000000000000000000e+00
-1.000000000000000000e+00
8.753967521232030036e-01
-9.747794825558669940e-01
1.000000000000000000e+00
-4.117685178648018418e-01
2.949187613899374449e-01
-6.680805536821095014e-01
1.000000000000000000e+00
1.994092527406860216e-01
-7.474098750596187557e-01
-1.100689392384509580e-01
-2.535025264259209155e-01
-2.753710538413054465e-01
9.118863123125409142e-01
-2.993316097634867168e-01
-1.000000000000000000e+00
7.850626175761618586e-02
8.392595653004404355e-01
-6.400979780087394655e-01
1.000000000000000000e+00
9.619636724302348396e-01
-1.812753114993916753e-02
1.000000000000000000e+00
-3.353281677006327843e-01
6.167350648435749871e-01
4.205840254491066132e-01
-6.598081381108934496e-01
-1.000000000000000000e+00
6.176127325177594996e-01
-1.573362773354970712e-01
-1.000000000000000000e+00
-5.938972435274713080e-01
1.000000000000000000e+00
3.961452686708535342e-01
-1.000000000000000000e+00
2.282169086669574021e-01
-7.935719085197545652e-01
-1.066147980153699937e-01
-1.000000000000000000e+00
9.936168192259677012e-02
-1.000000000000000000e+00
-1.000000000000000000e+00
-1.000000000000000000e+00
-7.943191037728052351e-01
-2.875330924801909327e-01
9.066708017708113854e-01
-8.661960951273436349e-01
-2.378717089955804387e-01
1.000000000000000000e+00
-2.337239261960497860e-01
1.000000000000000000e+00
3.792086428434843226e-02
3.493500620971756176e-01
-1.803396453315473658e-01
1.000000000000000000e+00
-1.000000000000000000e+00
-5.796451589838946816e-01
-8.766669655347248957e-01
-3.286003501039806984e-01
-2.948467465633552997e-02
1.000000000000000000e+00
-1.000000000000000000e+00
-1.000000000000000000e+00
1.000000000000000000e+00
2.805277237950508651e-01
6.418672966612374298e-01
-1.000000000000000000e+00
1.104388361400957530e-01
-2.788662957719564295e-01
8.515101596997221023e-01
3.517001199965677505e-01
1.000000000000000000e+00
1.000000000000000000e+00
1.000000000000000000e+00
-1.467441093959050424e-01
-2.002887399265528001e-02
5.002730648645635769e-01
1.000000000000000000e+00
4.147635832572993397e-01
4.899014730776481974e-01
-4.324422700220591498e-01
7.255567942112498558e-01
-1.786397619179562468e-01
3.528428948897188722e-01
7.049279390727875017e-01
-1.410034372119098323e-01
5.234230285485763634e-01
1.000000000000000000e+00
1.000000000000000000e+00
1.000000000000000000e+00
1.053018486212293769e-01
1.000000000000000000e+00
3.159826220211550130e-01
-8.018085627239366353e-01
8.575642025288182646e-02
1.334210492379407642e-01
-2.809737000011207630e-01
-1.685041634730002347e-01
6.308826203313571135e-01
2.085513053897596336e-01
1.000000000000000000e+00
-1.000000000000000000e+00
-3.516310624224066594e-01
-1.000000000000000000e+00
1.752732816116070180e-01
-1.000000000000000000e+00
1.000000000000000000e+00
-4.668311835407719101e-01
-6.722106235733621427e-01
-6.485400715356380852e-01
1.000000000000000000e+00
-1.000000000000000000e+00
-3.808749190450871347e-01
4.295145564856142073e-01
7.989320242266356731e-01
-1.000000000000000000e+00
-1.000000000000000000e+00
8.035464831452459045e-01
-1.135010387268177851e-01
1.000000000000000000e+00
2.807967096039087895e-01
-1.000000000000000000e+00
-9.366000654472134146e-02
1.000000000000000000e+00
-8.402835369889055661e-01
-9.045462914176088942e-01
3.169843929852170783e-01
1.000000000000000000e+00
-2.385280021521853366e-01
6.505781068798746070e-01
3.561586692216873185e-01
-2.009219620465682865e-01
-3.285292795687403955e-01
2.722058054034695584e-01
-5.400865438366013738e-01
-1.872172537917133894e-01
-1.261310579444377411e-01
1.000000000000000000e+00
7.189139931372655612e-01
6.287003320564801823e-02
1.000000000000000000e+00
2.570025683727920063e-01
5.490177884024926014e-01
-3.711362730845388924e-01
-1.000000000000000000e+00
2.448012261806549184e-01
-1.000000000000000000e+00
8.361371433850121049e-01
-9.221561724251012282e-02
-1.000000000000000000e+00
-1.000000000000000000e+00
1.000000000000000000e+00
-6.026360260958270043e-01
-3.760285189660979022e-01
-1.000000000000000000e+00
5.971022878357480357e-01
-2.371414077537996046e-01
-5.975787647255952351e-01
2.850178802694308677e-01
2.906060572880241888e-01
-3.453340320117183615e-01
8.983476740193013788e-01
7.629324444478904343e-01
1.000000000000000000e+00
-6.933218416223960734e-01
2.786245283699677611e-01
2.785952281180996692e-01
-2.078278502601199340e-01
-1.000000000000000000e+00
-4.931881155366391045e-01
-1.000000000000000000e+00
-6.634994523371173791e-01
-8.963989845008232260e-01
1.000000000000000000e+00
7.569099302144151331e-02
1.354490687822548778e-01
-6.199100720467356496e-01
-2.547983038306869674e-01
-1.000000000000000000e+00
7.704300293000339028e-01
-6.596698747009865915e-01
-5.852115901838390866e-02
-1.820445345164255213e-01
-6.024985033858296646e-01
1.000000000000000000e+00
6.461547420661731822e-01
-7.227928434413398717e-01
-1.256974694721860741e-01
1.000000000000000000e+00
-5.552853405601634318e-01
2.976751857968826798e-01
-1.000000000000000000e+00
-6.210716222202175008e-01
-5.116784114288773777e-01
1.000000000000000000e+00
1.000000000000000000e+00
-5.734856772196187391e-01
1.000000000000000000e+00
-1.330924501917855607e-01
1.000000000000000000e+00
-5.423882929790097007e-01
-4.698138541249017308e-01
-3.691704978006499216e-01
-1.000000000000000000e+00
-1.000000000000000000e+00
8.106213102280279692e-02
1.000000000000000000e+00
-1.000000000000000000e+00
5.810937761576868699e-01
-2.869189861597568059e-01
9.563179685012219711e-01
1.053102609127456180e-01
2.102802763585933932e-01
-1.000000000000000000e+00
7.708500078246419696e-01
5.536608157873643687e-01
-1.000000000000000000e+00
9.417289511515271050e-01
-7.915992074412787627e-01
1.000000000000000000e+00
-1.000000000000000000e+00
-5.956436687962627374e-01
-1.000000000000000000e+00
-8.677854672917345580e-01
9.954791335971086008e-02
7.759421088184474957e-01
-1.000000000000000000e+00
-8.415333841340417731e-01
1.000000000000000000e+00
8.755211107293504602e-01
-1.886574214674769379e-01
-1.000000000000000000e+00
1.000000000000000000e+00
-3.861173862239065113e-01
-5.519472736591009288e-02
-1.000000000000000000e+00
-1.157372019089158294e-01
-2.509500647340477397e-01
1.000000000000000000e+00
-5.540033746295807138e-01
4.861075016319196251e-01
3.149413320561539331e-02
-1.000000000000000000e+00
5.118592981652889673e-01
2.751412681015285022e-01
7.053878631674608268e-01
1.000000000000000000e+00
2.693958061217048283e-01
-2.242530243773871446e-02
1.982808556673312239e-01
-7.989850660407143979e-02
7.170218204229652503e-01
-1.000000000000000000e+00
1.637997917458069719e-01
-2.290290612975378615e-01
3.709070718652469068e-01
1.315578626435250920e-01
1.000000000000000000e+00
2.736231184605538713e-01
9.063543629171947336e-01
6.202708476757732292e-01
-1.000000000000000000e+00
-1.000000000000000000e+00
-1.000000000000000000e+00
1.000000000000000000e+00
-9.410875472134526687e-01
7.910433758119276293e-01
-2.737720930602705605e-01
-9.636532693200710042e-01
8.889790383613038749e-01
3.221415527963287784e-01
4.477774045563480687e-01
-9.377008378937279343e-01
1.000000000000000000e+00
-7.886630893234933826e-01
-1.000000000000000000e+00
1.000000000000000000e+00
9.148279757585990879e-01
-1.000000000000000000e+00
-9.660198608057035674e-01
7.812250690758058003e-01
7.382477184207436594e-01
-1.000000000000000000e+00
-1.000000000000000000e+00
-5.843650288979982399e-01
-3.787283382285710487e-01
9.280707496206169749e-01
1.000000000000000000e+00
1.000000000000000000e+00
1.000000000000000000e+00
4.238549948755954144e-02
1.000000000000000000e+00
1.799933210032653719e-01
-8.677619207089801723e-01
1.878136128433212093e-01
1.000000000000000000e+00
1.000000000000000000e+00
-1.485116577539115079e-01
5.401564514017429541e-01
8.976252291217338142e-01
-1.479671389508300516e-01
-3.544142646459871315e-01
1.000000000000000000e+00
5.782562151499973657e-01
1.000000000000000000e+00
-7.599467732782663187e-01
-4.697111060078746347e-01
5.607968448926694549e-01
3.087808467085192410e-01
4.839971169305032905e-01
-7.031010018159623565e-01
5.461498903679234962e-02
-1.000000000000000000e+00
1.000000000000000000e+00
1.072334690761747589e-01
1.000000000000000000e+00
-1.000000000000000000e+00
1.000000000000000000e+00
-3.845052054547667963e-02
-9.693225404020555658e-01
1.000000000000000000e+00
1.000000000000000000e+00
-8.010610607293174867e-01
-1.000000000000000000e+00
1.000000000000000000e+00
-4.489354017287197074e-01
9.402774544443537330e-01
-6.361757431011463293e-01
6.334273807893325836e-01
8.095207158661950064e-01
9.881197287715004496e-01
6.896450438328399768e-02
1.000000000000000000e+00
1.000000000000000000e+00
-1.000000000000000000e+00
-1.372986687044159271e-01
5.516800965635675347e-01
-8.457148181863805014e-02
2.369722529340684281e-01
3.566258781381964615e-02
1.431614218840853159e-01
-9.300302112547159661e-01
1.774063627636510709e-01
-4.476221278048447272e-01
-6.832367816330172650e-01
-6.480372388971786801e-01
1.773860958913925923e-01
-8.668712499623592027e-01
4.365460967226273414e-01
-7.340296636912149175e-01
1.000000000000000000e+00
1.000000000000000000e+00
1.697834448346032254e-01
-9.564208220422987239e-01
4.792742428522101528e-01
1.000000000000000000e+00
-2.115798620145480369e-01
4.198480990930554269e-01
1.198483233495191980e-01
-1.000000000000000000e+00
-8.067356824800043791e-01
-3.880530732059709331e-01
-1.000000000000000000e+00
-1.000000000000000000e+00
1.000000000000000000e+00
-4.271556635176254613e-01
-9.382934426291040797e-01
-3.554393589067513792e-01
-1.000000000000000000e+00
-6.145514397163891473e-01
-1.000000000000000000e+00
1.000000000000000000e+00
-5.046285517690148881e-01
-4.464001690640194697e-01
-2.973684582105527441e-01
1.000000000000000000e+00
1.000000000000000000e+00
1.000000000000000000e+00
1.000000000000000000e+00
1.000000000000000000e+00
-1.338434113348678511e-02
-1.000000000000000000e+00
7.460245582616945592e-01
1.000000000000000000e+00
1.535303341985674308e-01
1.000000000000000000e+00
6.760541073139860746e-01
-5.220483324220418497e-01
-2.660016304161070266e-01
5.489206624604057172e-01
1.126969238516732918e-01
-1.000000000000000000e+00
-1.000000000000000000e+00
-3.644381166438198649e-02
-7.361680854667530527e-01
1.000000000000000000e+00
-6.500603702508477300e-01
1.758735798410747120e-01
6.763184568377905714e-02
-7.994637159820682237e-01
-1.000000000000000000e+00
-7.579035680325474367e-01
4.512552557102043060e-01
-1.472857960022723733e-01
-1.468196588830246452e-01
-6.562155152151976090e-01
1.000000000000000000e+00
-3.017531970599710012e-01
1.000000000000000000e+00
-7.252425145951321150e-01
7.054195817123856127e-01
-1.000000000000000000e+00
1.000000000000000000e+00
1.000000000000000000e+00
-6.191467388961015006e-01
8.149725208038507418e-01
4.715450827792795341e-01
9.494427954782806989e-01
4.880177749182669777e-01
3.792620853199457631e-02
8.578501790566711582e-02
4.060035676244013736e-01
2.696466365001722321e-01
-4.197766225252973493e-01
-1.756344994631912348e-01
-2.522997247236941076e-01
-7.948207580622400625e-01
-7.560737371159225173e-01
3.238995147451433354e-01
-2.000843538542549649e-01
1.000000000000000000e+00
-7.268115161868419216e-01
4.931913577066746601e-01
2.537707355565470002e-01
-1.791692402919782823e-01
-1.000000000000000000e+00
7.913751770660559792e-01
1.000000000000000000e+00
-7.219634621829343901e-01
-1.000000000000000000e+00
-5.674980007982137753e-01
-4.173088703924403009e-01
1.000000000000000000e+00
1.000000000000000000e+00
1.000000000000000000e+00
-9.002791589851788512e-03
3.218434950081962287e-02
-2.782620750512030394e-01
4.398634212989959158e-01
5.700700242043372779e-01
-2.473153818532776715e-01
-1.000000000000000000e+00
1.000000000000000000e+00
4.306702577205315796e-01
-7.450708460414063872e-01
1.000000000000000000e+00
4.550611484168588516e-01
3.208910048839602736e-01
1.000000000000000000e+00
-8.690348687473388178e-01
-7.311236292506242962e-02
-2.388092052654317565e-01
6.489816103364108857e-01
-3.697728385403604157e-01
-3.284392063215714197e-01
-1.000000000000000000e+00
1.000000000000000000e+00
1.853280470600670582e-01
-4.741366184917165105e-01
-1.000000000000000000e+00
-1.000000000000000000e+00
-2.666350264590962582e-01
1.000000000000000000e+00
-4.545501521978084769e-01
1.381216326189297072e-01
1.000000000000000000e+00
5.479822809355712199e-01
1.000000000000000000e+00
8.889651521790373767e-01
1.000000000000000000e+00
-1.000000000000000000e+00
1.000000000000000000e+00
-1.000000000000000000e+00
-9.684830976143559145e-01
3.794393234551458605e-01
-1.000000000000000000e+00
1.000000000000000000e+00
-4.032006856146284068e-01
-1.000000000000000000e+00
-7.631570883926933058e-02
-7.888775913372291226e-01
1.283711478898788005e-01
8.458624195134921697e-01
1.718808010599773839e-01
-1.000000000000000000e+00
-1.000000000000000000e+00
4.632870183254885199e-01
-1.735901612397827976e-01
-8.882948669165444122e-02
-1.000000000000000000e+00
7.361405029603025341e-01
1.000000000000000000e+00
-1.548860367223062751e-01
-4.020745599243331636e-01
-1.000000000000000000e+00
1.000000000000000000e+00
9.302607619519045468e-01
7.222622248668785216e-01
1.000000000000000000e+00
-8.384173675861840147e-01
-5.021505017101287605e-01
3.444987559363096308e-01
-4.539009874534147837e-01
4.952166776796819714e-01
1.000000000000000000e+00
-1.000000000000000000e+00
3.766507582797273823e-01
-7.809089658820271840e-01
1.171609761885992751e-01
-3.363612601667274882e-02
-3.752288367717824258e-01
1.000000000000000000e+00
1.965631972187597554e-01
-1.000000000000000000e+00
1.000000000000000000e+00
-1.000000000000000000e+00
1.000000000000000000e+00
-1.000000000000000000e+00
8.961801309970053309e-01
7.879763660173054740e-01
-7.996860032541860397e-01
-8.533667799426774003e-01
2.820792262423099106e-01
1.000000000000000000e+00
-1.000000000000000000e+00
-1.000000000000000000e+00
1.871159590452475541e-01
-2.633300152087657553e-01
1.000000000000000000e+00
-2.973176729178560462e-01
-1.000000000000000000e+00
1.000000000000000000e+00
1.000000000000000000e+00
5.803870877780550330e-01
4.641724950323194987e-02
-7.167435057698295919e-01
-2.206575746944716976e-01
6.798224798404060021e-01
1.000000000000000000e+00
-6.109573357135371641e-01
-6.507462351949806489e-01
-9.056065586787583888e-01
-1.000000000000000000e+00
-4.073413739705413761e-01
-1.000000000000000000e+00
1.000000000000000000e+00
4.723726163853700921e-01
-1.000000000000000000e+00
-1.000000000000000000e+00
5.361909961866333507e-01
-3.786735036249603281e-01
-1.000000000000000000e+00
7.780549577958056906e-01
-5.100785143543721256e-01
-1.000000000000000000e+00
-1.000000000000000000e+00
-8.926431201037241525e-01
1.000000000000000000e+00
-9.710991140073154115e-01
3.748584190581302211e-01
1.000000000000000000e+00
5.281893642574363446e-01
-4.396571383697885915e-01
1.000000000000000000e+00
-3.343882621240522324e-02
-4.577344174737942306e-01
4.218029786488770583e-01
1.310673701733439667e-01
-3.251217810729023494e-02
-8.034877785031158126e-01
1.000000000000000000e+00
-1.000000000000000000e+00
4.116307567794872391e-01
-1.000000000000000000e+00
8.406692838002639556e-01
-1.000000000000000000e+00
1.000000000000000000e+00
-1.916554911175242792e-01
-1.000000000000000000e+00
1.298199847959337072e-01
-1.000000000000000000e+00
2.950418949175735994e-01
-3.434792982915024218e-01
-1.000000000000000000e+00
-3.402453962952297628e-01
-2.788306683022626631e-01
-7.827491986119630152e-01
8.684336064690159063e-01
-1.831007586692874889e-01
-3.152804776734102199e-01
4.312410399732315991e-01
5.755933627044879097e-01
-7.036673377669829671e-03
-1.000000000000000000e+00
1.000000000000000000e+00
-4.635475552576823199e-01
-1.000000000000000000e+00
5.233710416345690453e-01
-1.685747365589655711e-01
1.125721805129970970e-01
9.324449304924318227e-01
-1.000000000000000000e+00
-1.000000000000000000e+00
1.000000000000000000e+00
-2.919386774078321922e-01
-6.209801082082850865e-01
-1.000000000000000000e+00
-1.000000000000000000e+00
1.000000000000000000e+00
-1.000000000000000000e+00
-5.048672855687735828e-01
1.422004400865780616e-01
-2.765936422288635121e-01
-1.000000000000000000e+00
1.000000000000000000e+00
-1.000000000000000000e+00
-4.671688012273109702e-01
7.682708326405611743e-01
1.000000000000000000e+00
1.000000000000000000e+00
-3.215695464584831242e-01
6.054987412886969622e-01
-8.632608184915532279e-01
5.832724234135008845e-02
-1.000000000000000000e+00
1.000000000000000000e+00
-9.680352169839814280e-01
-2.772254234877424839e-02
-8.101444762800298349e-01
-3.950104714367944636e-01
5.693563055668412476e-01
1.000000000000000000e+00
1.669897740940808339e-01
6.628172053160521493e-01
-1.000000000000000000e+00
4.035129564232209365e-01
1.000000000000000000e+00
1.000000000000000000e+00
2.609908358568981401e-01
6.907315612400553861e-02
6.971945756653341597e-01
1.000000000000000000e+00
-3.834231510549734878e-01
5.066449288973403631e-01
3.872075749860952321e-02
8.175144593958985073e-01
7.071724904266873946e-01
-8.651546457752736785e-01
8.132224083181147645e-01
5.912596726929515434e-01
-1.759161573820298696e-01
-1.000000000000000000e+00
5.510845335102071418e-01
-3.275657601169414401e-01
-9.105293163852594684e-01
3.079230436525212666e-01
-5.222577816957005847e-01
-9.679567248198082119e-01
1.000000000000000000e+00
1.000000000000000000e+00
1.000000000000000000e+00
-5.013658302824879343e-01
6.844570648660938117e-01
-1.201250435795712945e-02
3.454942409062861652e-01
3.241281187463520008e-01
1.000000000000000000e+00
1.000000000000000000e+00
7.752287282876748620e-01
7.187420734580496351e-01
-9.154440802509784536e-01
-1.000000000000000000e+00
4.651461950309786486e-01
3.566814881633594836e-01
9.770977065863888367e-01
-1.000000000000000000e+00
-5.379341643493799063e-01
-1.000000000000000000e+00
-4.054710235841714749e-01
-1.000000000000000000e+00
-6.162210773370908612e-01
-5.438018952515618620e-01
-1.000000000000000000e+00
1.000000000000000000e+00
1.000000000000000000e+00
7.144718453717898710e-01
6.883535779606912985e-01
-3.506244834191379889e-01
-1.000000000000000000e+00
3.719905521637724144e-01
-5.029313498979923747e-01
1.000000000000000000e+00
8.968296965391477915e-01
1.000000000000000000e+00
6.047215449491746275e-01
1.000000000000000000e+00
8.882910487441728620e-01
2.635926319258712347e-01
-6.001667654878188873e-01
-7.946664155389215889e-01
2.156086866504283162e-01
1.000000000000000000e+00
-7.356753358328433912e-01
1.000000000000000000e+00
-1.000000000000000000e+00
-1.000000000000000000e+00
-1.669332880788668705e-01
2.964034689166261116e-01
-7.162659905061626031e-02
-1.000000000000000000e+00
1.000000000000000000e+00
-8.232438053219157670e-01
-1.000000000000000000e+00
-1.000000000000000000e+00
-1.000000000000000000e+00
-1.000000000000000000e+00
-1.270721975749260213e-01
-4.232612819703655549e-01
2.529521358539507103e-01
-5.646836411495457231e-01
-1.000000000000000000e+00
2.312022278281169463e-01
6.018939499560476136e-01
-7.375990564398133831e-01
4.910684473111499027e-01
9.400858076401794605e-01
4.339996165530082828e-01
-1.000000000000000000e+00
-1.000000000000000000e+00
1.000000000000000000e+00
1.680341797836866213e-01
9.106694250156312231e-02
-4.204137392806339135e-01
-7.110946278184648861e-01
1.000000000000000000e+00
-1.000000000000000000e+00
-9.672449874250410584e-02
1.000000000000000000e+00
7.729201504640598186e-01
-2.472869650151266474e-01
-1.000000000000000000e+00
-1.000000000000000000e+00
-1.000000000000000000e+00
6.786926666169657008e-01
-5.427451665361348043e-01
-1.000000000000000000e+00
-2.819815571505435159e-02
-9.486073613715750863e-01
-2.531072396246347722e-01
-1.000000000000000000e+00
-1.000000000000000000e+00
-7.091637368778180850e-01
4.739199783470204319e-01
-1.000000000000000000e+00
3.064139082298154015e-01
6.272767839507584764e-01
7.074250279481707482e-01
4.967687888351703385e-01
-1.000000000000000000e+00
4.432292779073607747e-01
2.683125001134573639e-01
-1.000000000000000000e+00
1.000000000000000000e+00
-4.477759679857576391e-01
-1.000000000000000000e+00
-3.742941509760100427e-01
1.000000000000000000e+00
7.603608573281011029e-01
-2.371888638037563946e-01
1.000000000000000000e+00
-8.204021867779487387e-01
9.244795118528049693e-01
-1.000000000000000000e+00
-5.629981356116726676e-01
-6.746157933140735086e-01
7.270737739416074930e-02
8.971248514506210969e-02
-5.704542411603398255e-01
-7.179025001759609115e-02
-7.758690039708900921e-01
1.654825956773472717e-01
9.714590931044922995e-01
-8.196648106494424102e-01
1.000000000000000000e+00
9.641125037972494427e-01
-6.805855446820920085e-02
5.131868790144877845e-01
1.000000000000000000e+00
1.000000000000000000e+00
5.480245496663047611e-01
-1.000000000000000000e+00
1.000000000000000000e+00
6.425667095727423117e-01
-8.598039308218056176e-01
1.000000000000000000e+00
-5.692798052712558787e-01
2.052315808065762262e-02
1.000000000000000000e+00
-4.030071157031700491e-01
-5.190099854624301984e-02
-1.000000000000000000e+00
-4.639444929818593022e-01
-1.000000000000000000e+00
-7.043161887317508363e-01
5.970475376542307977e-01
2.184523544538627682e-01
-1.000000000000000000e+00
-3.374260991287963973e-01
-9.413138843839117254e-01
-5.706876740627060407e-01
1.000000000000000000e+00
-7.209994142217054369e-01
-1.074951936108277661e-01
-1.000000000000000000e+00
3.196515924568917866e-01
1.000000000000000000e+00
-4.515324501996864637e-02
6.518089139199514381e-01
3.698480753495700935e-01
-1.000000000000000000e+00
1.000000000000000000e+00
-7.443938276889153771e-01
-1.000000000000000000e+00
-1.000000000000000000e+00
-1.733295448448597398e-01
-2.222660781627139315e-01
5.653870185752086774e-01
-3.459077697392299311e-01
4.938002982822259357e-01
1.874794763922046220e-02
-4.398056862272151646e-01
1.000000000000000000e+00
1.000000000000000000e+00
1.000000000000000000e+00
-1.000000000000000000e+00
-1.000000000000000000e+00
-8.531095853670617180e-01
7.203802675863483218e-01
1.889066201561650504e-01
-6.552598549694863550e-01
-9.229752810303074595e-01
-1.000000000000000000e+00
-1.000000000000000000e+00
3.680253270850942782e-01
8.002697830283780345e-01
1.872169542471701364e-01
-2.490730686177183018e-01
-6.696416895530708790e-02
-1.675195948792859435e-01
1.601034988151104621e-01
-4.019580709322631562e-02
-1.936238281728006605e-01
-5.878680977389516560e-01
4.501900570737364937e-01
5.687344241590573946e-01
-7.681593812651562603e-01
1.000000000000000000e+00
-1.558090213127291956e-01
1.945743459407430209e-01
6.048021766478345329e-01
-3.995857126404591675e-01
-8.290854391048503302e-01
9.713576325750143681e-02
-3.850937733006227215e-01
-1.000000000000000000e+00
6.140414364950989023e-01
-1.031716730034290264e-01
1.000000000000000000e+00
-3.924039068825806442e-01
1.000000000000000000e+00
-2.786859389650386820e-01
3.683775987587969425e-01
2.239322026521888553e-01
-7.923559083160135463e-01
-1.000000000000000000e+00
9.126255182166067570e-01
-5.660160765829842511e-01
9.537616781430523494e-01
4.095779642782795826e-01
6.360079877857650610e-01
1.000000000000000000e+00
9.897687208058714159e-01
8.407123799678732912e-01
-1.000000000000000000e+00
4.956001418188045460e-02
9.247327201504966787e-01
6.750428884527881479e-01
-4.376849844696107938e-01
-6.404857768694766085e-01
-4.256588443536596378e-01
-1.951912610594336295e-02
-2.351107926422254524e-01
-1.000000000000000000e+00
7.009824531138945103e-01
1.547415042178804101e-01
-1.000000000000000000e+00
1.700547803866919172e-01
1.000000000000000000e+00
6.002966991621744297e-01
6.755630133446043351e-01
1.000000000000000000e+00
-8.335105755404675909e-01
-9.640587927028823056e-01
-7.803738593886211383e-01
2.993422548894907886e-01
-2.101630149781364698e-01
-1.000000000000000000e+00
5.778883213806194075e-01
5.494415495599389576e-01
-1.000000000000000000e+00
-4.951745556184671271e-01
6.914548702520325607e-01
-9.604875572931386163e-01
6.069161951276018652e-01
3.309677553554432050e-01
1.000000000000000000e+00
-1.000000000000000000e+00
5.917770661724378600e-01
-1.000000000000000000e+00
3.417277231096843004e-01
1.227621339088401375e-01
-4.260653493964717264e-01
-3.809162462090837087e-01
1.000000000000000000e+00
-1.971657061155989155e-01
-2.141649802379770318e-01
-2.843461721478378612e-01
1.116552872615631520e-01
-9.127421650274742948e-01
1.000000000000000000e+00
-1.807007341782358445e-01
1.000000000000000000e+00
1.000000000000000000e+00
-7.869601861147066391e-01
4.357592235065016473e-03
1.340876516047136424e-01
-1.000000000000000000e+00
-4.066718145105819304e-01
-9.648758957121774671e-01
4.082816363003419213e-02
4.266391084885455820e-01
-4.047564437517334746e-01
-4.334581610089455750e-01
-6.945727017576641682e-01
-1.000000000000000000e+00
-1.000000000000000000e+00
-5.344204223425657041e-01
-8.805517864703718556e-02
1.000000000000000000e+00
-1.000000000000000000e+00
1.128954943401509897e-01
1.000000000000000000e+00
1.000000000000000000e+00
-5.623452512796114355e-01
1.000000000000000000e+00
-3.067050651907321512e-02
-6.423977134057304861e-01
4.226701197564034507e-01
6.016276031626641707e-01
3.154019086522416582e-01
2.003783545567974222e-01
-1.000000000000000000e+00
-7.264260344987918394e-01
1.389825280189199708e-01
4.694277420769953357e-01
-7.597364001378340559e-01
9.535055693449749625e-03
-5.299406539663564786e-01
1.141495873679587714e-01
1.000000000000000000e+00
5.889846605762253384e-01
-1.839645240257974101e-01
-4.615141728512741071e-01
-5.754270623508328519e-01
2.057417881621824152e-01
8.350467997892077054e-01
5.388894612995387412e-02
1.000000000000000000e+00
7.005234123777208666e-01
1.000000000000000000e+00
8.970616608544239590e-01
7.230623155775179889e-01
2.638465040817566942e-02
-2.064919607746878993e-02
1.000000000000000000e+00
3.774803944326904359e-02
-3.508908338695668205e-02
-1.000000000000000000e+00
-7.187312717390731409e-01
2.197687346947218567e-01
-2.429137305638954802e-01
5.678012704234311481e-02
1.000000000000000000e+00
5.185302431903604514e-01
4.916783529871429637e-02
5.669968462001381271e-01
5.551008860612405282e-01
-1.288436235285679854e-01
8.998160042130151082e-01
-6.482417156941217007e-01
1.000000000000000000e+00
-8.440375283367895776e-01
-1.000000000000000000e+00
-7.201579972971324795e-01
1.000000000000000000e+00
1.000000000000000000e+00
1.000000000000000000e+00
-1.000000000000000000e+00
6.119229908295840126e-01
7.805653440003562649e-02
3.409179576126925015e-01
-1.000000000000000000e+00
-8.912308535096282736e-01
1.000000000000000000e+00
-1.000000000000000000e+00
-6.628692048283026939e-01
-1.282196919819220682e-01
4.517018376301834559e-01
5.017972048882820557e-01
7.473300128997827363e-01
1.000000000000000000e+00
-1.000000000000000000e+00
3.983363950702800693e-01
-4.952118072414076755e-01
-9.150831227021138936e-01
4.486861764435947642e-01
-9.183881703420122555e-01
-1.000000000000000000e+00
-2.690888391770701604e-01
1.000000000000000000e+00
6.000227228639861687e-01
1.402774103313066123e-01
-1.000000000000000000e+00
1.734997026985834467e-01
-1.000000000000000000e+00
-4.572452155457820133e-01
5.910214837719562908e-01
7.920290938965008909e-01
-7.070527582577347259e-01
4.476060010629637764e-01
-1.000000000000000000e+00
-4.969916468446907154e-01
-2.483427851369421346e-02
-6.272333982215727577e-01
1.000000000000000000e+00
-7.055646770113144228e-01
-7.235906647743848286e-01
6.540339711873865980e-01
-1.811695926562733594e-01
7.933181276285216077e-01
-3.675819522522313365e-01
1.000000000000000000e+00
-5.641094438854258319e-01
-5.486133646987925161e-01
-1.000000000000000000e+00
-7.724138694227176138e-01
-2.209905929710315187e-01
-1.000000000000000000e+00
1.000000000000000000e+00
-1.354755740656166663e-01
8.334232648406620925e-01
1.000000000000000000e+00
9.515276489823046857e-01
-1.000000000000000000e+00
1.000000000000000000e+00
-3.024456407363852462e-01
8.485364516095427190e-01
-7.777440632644483376e-01
-6.243009773390100214e-01
1.000000000000000000e+00
-4.600761428897725547e-01
3.805366132222835485e-01
-1.000000000000000000e+00
-8.781429994557470309e-01
-1.000000000000000000e+00
1.000000000000000000e+00
1.000000000000000000e+00
1.000000000000000000e+00
1.000000000000000000e+00
-1.000000000000000000e+00
5.378282539146366226e-01
-1.000000000000000000e+00
-4.175061286349224798e-01
-4.853369960909978409e-01
-5.434459779613234343e-01
-1.000000000000000000e+00
3.610883865769526913e-01
1.000000000000000000e+00
-7.328824639919986339e-01
1.000000000000000000e+00
-1.462484979930326057e-01
1.717846548381226635e-01
-3.895076704030683845e-01
-1.000000000000000000e+00
-7.724103040748259152e-02
-1.541589013103936145e-02
4.960541599958450676e-01
4.086475763292472529e-01
4.901596423639731914e-01
-8.043843680881579417e-02
-1.000000000000000000e+00
-1.000000000000000000e+00
1.844257887295284171e-01
4.937631590456025843e-01
1.000000000000000000e+00
-1.000000000000000000e+00
1.000000000000000000e+00
-5.687402034700471676e-01
-1.000000000000000000e+00
-5.575898565993930855e-02
-1.048222024801107599e-01
7.635263821090357284e-02
7.398744863077360012e-01
-3.099809870256229338e-01
-4.737440307393545602e-01
4.795295249065325560e-01
6.433399002031081615e-01
-9.662570942774382221e-01
6.989113669291766584e-01
1.000000000000000000e+00
5.660964998061984721e-02
-1.000000000000000000e+00
-1.000000000000000000e+00
-1.000000000000000000e+00
-1.000000000000000000e+00
1.323741902705773965e-01
6.296888239943633225e-01
-1.000000000000000000e+00
-3.735607039714189392e-02
-1.000000000000000000e+00
-2.519107644030688098e-01
8.182307294690500665e-01
1.000000000000000000e+00
-7.381362661425937555e-01
-1.000000000000000000e+00
1.000000000000000000e+00
-6.164100627402100407e-01
-1.457528336040062045e-01
5.300728675102265308e-01
6.892882152347418190e-01
-6.364994188331460911e-01
-2.897398230461603608e-01
-1.000000000000000000e+00
-1.000000000000000000e+00
9.736389513628709302e-01
7.622185813791746423e-01
7.574055734087991043e-01
1.000000000000000000e+00
-4.697173544217048691e-01
7.883128657385931604e-01
1.000000000000000000e+00
-2.275731974384445078e-01
-6.795529999445452107e-01
6.894544078989037761e-01
-9.979080129001012267e-01
-6.011389117490696377e-01
1.000000000000000000e+00
-1.822794284969417589e-01
-8.804114272913074468e-02
-1.000000000000000000e+00
1.746621286998153444e-01
-3.949865453785166847e-01
1.617898799636847129e-01
3.360385641026403247e-01
4.554681100080573142e-01
1.000000000000000000e+00
-3.579783184920642958e-01
-6.146365031298129944e-01
1.000000000000000000e+00
-1.000000000000000000e+00
2.301687858273523957e-01
1.000000000000000000e+00
8.107126841313735399e-01
-2.334211047400113204e-01
2.823800428212738800e-02
-5.007781171132712483e-01
8.769868589051201813e-01
1.000000000000000000e+00
1.000000000000000000e+00
-1.825377360468150578e-01
3.012166250475801776e-01
-1.000000000000000000e+00
4.402252059228221603e-01
-1.000000000000000000e+00
-9.874831440342404232e-01
-1.000000000000000000e+00
-1.000000000000000000e+00
1.000000000000000000e+00
-5.259194620065611447e-01
1.000000000000000000e+00
-1.000000000000000000e+00
2.624608401279565628e-01
8.332864825201430348e-03
-1.000000000000000000e+00
-7.775417285383883215e-01
-1.330440274651547017e-01
3.419381496514667385e-02
4.797626312591324327e-01
6.392588704497000895e-01
3.746007577876804828e-01
3.922822119760853155e-01
1.000000000000000000e+00
-1.000000000000000000e+00
-1.000000000000000000e+00
1.821285365094988951e-01
4.232644329428943974e-01
-5.577541510112762335e-01
3.373520647221160962e-01
3.042957839112792606e-01
-1.000000000000000000e+00
-8.144349361921880970e-01
2.198281862714131507e-01
7.922474745777134675e-02
8.205777972825568645e-01
-8.782107492276604310e-02
-1.000000000000000000e+00
-1.000000000000000000e+00
5.671707584987277784e-01
8.573639017779274285e-01
1.000000000000000000e+00
1.247338536850085972e-01
-7.641175720263626570e-01
-2.599422511258338009e-01
-9.895030296087757860e-01
1.000000000000000000e+00
2.369501716110947731e-01
-1.118553304287166344e-01
8.366168009827041896e-01
-1.000000000000000000e+00
9.003918633774929958e-01
-1.000000000000000000e+00
-5.769194194849559532e-01
-2.797321434735745849e-02
3.540545945104731085e-01
-1.000000000000000000e+00
-6.236878894951836116e-01
9.522031922979129481e-01
9.078870638125895454e-01
1.000000000000000000e+00
-6.606693592487826727e-01
5.900056034344705047e-01
1.000000000000000000e+00
-5.118240549349561963e-01
-3.783523931319695000e-01
2.707648453977676839e-01
-1.000000000000000000e+00
1.000000000000000000e+00
3.248270819900259676e-01
1.000000000000000000e+00
1.000000000000000000e+00
-6.523322377886346946e-01
-1.000000000000000000e+00
-1.000000000000000000e+00
-8.156025374086988133e-01
1.345515041879521978e-01
3.558367152606282668e-01
6.263261806807823850e-01
1.000000000000000000e+00
-1.000000000000000000e+00
-7.252906817366960857e-02
9.338766254107735421e-01
-4.908108845613379234e-01
-1.000000000000000000e+00
-5.149592171809811436e-01
-4.850201582737452277e-01
-4.688151993116866367e-01
2.435217547818321338e-01
-1.000000000000000000e+00
-2.688060267583194246e-03
5.318591770385521222e-01
-2.013643897763921775e-01
-2.341496887788626080e-01
-1.423783923918178762e-01
-8.416468270701733534e-01
-5.239807824288272853e-01
2.070439325158233146e-01
-7.584081977557274312e-01
-8.009061467879741159e-01
-1.000000000000000000e+00
3.027905734917794023e-01
-2.651777037572314866e-01
3.305094211304458462e-01
5.925369411215229698e-02
-1.000000000000000000e+00
-8.125628290525072073e-02
9.714201390916263890e-01
3.752751284693443545e-01
4.066147157270705303e-02
-3.856272184805700776e-02
1.734588850915688707e-01
-1.000000000000000000e+00
-3.096660293177114776e-01
4.572148044586378246e-01
5.530377266295167793e-01
4.485821104111160640e-01
-1.000000000000000000e+00
8.881640605408884781e-01
1.000000000000000000e+00
-3.323070195391307213e-01
-1.000000000000000000e+00
-3.608541949482437783e-01
-3.259556044824554188e-01
1.000000000000000000e+00
4.388375062725833886e-01
5.790413407707271087e-01
5.127628747205645876e-01
-2.206860797126065643e-01
-8.711261978111145554e-01
-8.454300872495497110e-01
-1.000000000000000000e+00
-1.000000000000000000e+00
-6.961678909062415377e-01
3.484402386972330068e-01
4.512053386962928681e-01
6.691326071674121023e-02
2.468249800528310167e-01
8.836172573572600442e-01
-2.876736139508394574e-01
-5.465750824778751182e-01
4.548934051689981772e-02
-1.235318211304359676e-01
1.000000000000000000e+00
3.603201078904828547e-01
6.044323411844139127e-01
2.232073971536810142e-01
-2.591986185568678075e-02
3.406759776561211761e-01
8.140779467925280954e-01
-1.790392010005617818e-01
-2.174357285697478548e-01
7.848898831159129008e-01
-9.974796115763406856e-01
1.000000000000000000e+00
2.321564738475821732e-01
1.000000000000000000e+00
-6.072915133910649077e-01
-1.000000000000000000e+00
1.694883882225481364e-02
1.000000000000000000e+00
1.000000000000000000e+00
5.967239072934661381e-01
-6.194014022995655289e-01
1.000000000000000000e+00
5.107635398699176266e-01
1.000000000000000000e+00
9.015872301333982541e-01
6.505388199736725774e-01
4.089876783910623703e-01
1.000000000000000000e+00
4.237270871651124260e-01
-1.000000000000000000e+00
-1.000000000000000000e+00
-1.000000000000000000e+00
-1.000000000000000000e+00
-1.000000000000000000e+00
1.000000000000000000e+00
3.379837189340999526e-01
-1.000000000000000000e+00
5.165592609449880523e-01
-8.964197846254948754e-01
2.303114908295350594e-02
1.000000000000000000e+00
-2.126745430667766890e-01
-1.000000000000000000e+00
-6.716845618144452468e-01
1.000000000000000000e+00
4.561205464500703854e-01
-1.000000000000000000e+00
9.421336225819640364e-02
1.000000000000000000e+00
-7.822231157517994804e-01
-1.000000000000000000e+00
1.000000000000000000e+00
-1.188571230528193134e-01
-1.000000000000000000e+00
-1.000000000000000000e+00
-1.037298774752948016e-01
9.393028950728671278e-01
-5.171769699917768692e-01
6.792651220822281122e-01
-2.136191839086640787e-01
1.000000000000000000e+00
9.684536332414414028e-01
1.000000000000000000e+00
1.710202411107988874e-03
-2.608212325056776804e-01
1.000000000000000000e+00
-1.000000000000000000e+00
1.000000000000000000e+00
-3.832931916699827690e-01
-1.002797821658624605e-01
-1.000000000000000000e+00
1.000000000000000000e+00
7.163618159299254273e-01
-1.000000000000000000e+00
-1.542571050584097270e-01
-1.000000000000000000e+00
-2.017739851755989688e-01
-9.623739612417688827e-01
1.000000000000000000e+00
4.402755750117370859e-01
-5.861900174008227715e-01
7.331505685345507395e-01
-1.600185311866153259e-01
-8.177116355182717511e-02
-1.000000000000000000e+00
5.376336614896370936e-01
-7.578247763997497666e-01
1.860133420068035837e-01
-1.266933498823662185e-01
-1.743484247994223912e-01
-2.929754717456801161e-01
-5.531009464717129287e-01
-1.000000000000000000e+00
3.503710493881445620e-02
6.916364981263490863e-01
1.000000000000000000e+00
-1.000000000000000000e+00
-9.680444499081986010e-01
5.281847000043450313e-01
-3.579740999654079658e-02
-7.676681562329992770e-02
-1.000000000000000000e+00
3.492776143581531878e-01
-3.063315611179686648e-01
1.525672480552384136e-02
-4.766194007248509834e-01
5.862596597143984178e-01
8.348980969456802903e-01
-1.242552838417645134e-01
1.000000000000000000e+00
-2.841813132954124077e-02
-5.831899786607293024e-01
3.074219474107232064e-01
7.698240686940762689e-01
-8.373401724288060954e-01
-2.404091556339026658e-01
5.251399872565243321e-01
1.237442015570499598e-01
6.976391245337717484e-01
2.610315159135903618e-01
1.000000000000000000e+00
-1.000000000000000000e+00
5.157702154802261685e-01
5.069986590740394039e-01
2.645216334759318277e-01
-1.000000000000000000e+00
5.509001671545077361e-01
-1.000000000000000000e+00
-9.259014644491705415e-01
9.077958563832410066e-01
-1.000000000000000000e+00
-1.000000000000000000e+00
3.859308331693978023e-01
8.679377983813508779e-01
2.530236192938109530e-01
6.279814831594643376e-01
6.427115002509816710e-01
-1.000000000000000000e+00
-4.342057888592480430e-01
1.000000000000000000e+00
1.000000000000000000e+00
-7.207795726036667627e-01
-3.423765449836705943e-01
-5.008494657801406680e-01
-6.175336975645011606e-01
4.857489560302707954e-02
-8.471635925568586911e-01
5.883610902546344557e-01
5.350016264469428240e-01
2.842201951801030524e-01
-3.289914313982474914e-01
7.690545821709647845e-01
2.359666950812521202e-01
-6.169846460492816043e-01
1.000000000000000000e+00
-1.139000028158604350e-01
6.797810741390893918e-01
-1.000000000000000000e+00
1.827747894491364988e-01
-1.611736788489109840e-01
-1.000000000000000000e+00
4.343577520754003385e-01
1.571487693158738486e-01
-1.000000000000000000e+00
7.130852403676439799e-01
-5.903689475699713807e-02
-2.305375025694895164e-01
-1.000000000000000000e+00
1.000000000000000000e+00
-5.825739569992492983e-01
-9.414638830424011395e-01
-5.694134895649554107e-01
9.838547847602336915e-01
-4.821818731675752701e-01
-6.214881589552703200e-01
1.000000000000000000e+00
1.000000000000000000e+00
-1.208116324544417086e-02
-2.428374675818676942e-01
6.697447754323210267e-02
6.578861771523940583e-01
2.282685414021476955e-01
-3.054861738240266522e-03
-1.000000000000000000e+00
-5.437774278231979341e-01
-1.000000000000000000e+00
-5.227228548781599482e-01
8.636339428104002902e-01
-9.091891600442802979e-01
1.000000000000000000e+00
3.741176363063465349e-01
3.742545520321594599e-01
1.000000000000000000e+00
-1.000000000000000000e+00
5.681343145547177453e-01
-1.000000000000000000e+00
-1.462127165187571132e-02
-6.888663204416343167e-01
1.000000000000000000e+00
1.000000000000000000e+00
1.082989565506135426e-01
1.000000000000000000e+00
-4.477138591451986782e-01
4.211771468926820416e-01
5.592468115110413862e-01
1.161157177674698865e-01
-7.254634586766114390e-01
-1.000000000000000000e+00
1.000000000000000000e+00
1.000000000000000000e+00
-4.241962195350011400e-01
-7.311064220984908602e-02
4.657275281393373767e-01
3.434960506976408867e-01
-7.343034490589038510e-02
-1.000000000000000000e+00
-5.131293726353128859e-01
1.000000000000000000e+00
4.005932927635990071e-01
8.482139944776285745e-01
-6.889241010913678132e-01
1.000000000000000000e+00
5.348272503021090918e-01
6.674244211612115341e-02
4.901299095628587343e-01
-8.926365365399451246e-01
-5.107013790503789341e-01
-1.000000000000000000e+00
1.000000000000000000e+00
-7.203762679457021978e-01
-1.000000000000000000e+00
-1.000000000000000000e+00
-7.163363063609965442e-01
-1.000000000000000000e+00
-9.894480468903784631e-01
1.000000000000000000e+00
-1.000000000000000000e+00
-6.396580094793062887e-01
1.000000000000000000e+00
2.722269268404953202e-01
-9.142608251929438268e-01
5.676081277182690732e-01
-3.299408491302838753e-01
1.372591027178513834e-01
-1.000000000000000000e+00
-1.000000000000000000e+00
-4.105707984574468172e-01
-8.359026576940898901e-01
-1.000000000000000000e+00
2.482730295148181110e-01
3.447769149732463623e-01
-1.000000000000000000e+00
-1.000000000000000000e+00
5.679263214121736958e-01
1.743790366193674890e-01
-3.567642532499671892e-01
7.929580785023767620e-01
-7.266681104146166525e-01
-1.000000000000000000e+00
-3.331959922578634492e-01
7.631750203595670801e-01
-1.803304381112997845e-01
-4.633590537514169494e-01
6.989968940523396679e-01
2.332581143371070254e-01
7.026368293947206078e-01
3.890688201253823530e-01
-1.505281083530446429e-02
-2.970904576156910837e-01
5.755815471946743034e-02
-6.004032966943543270e-01
1.000000000000000000e+00
-1.000000000000000000e+00
1.000000000000000000e+00
5.073014418247527857e-01
-5.307090663539940634e-01
5.164563068807787038e-01
6.546839095689142018e-01
3.853849510857487171e-01
1.394264406828971681e-01
-8.059129031089506956e-01
1.000000000000000000e+00
-7.533640538602992542e-01
-6.689477023235417263e-01
-1.887892375118247756e-01
-3.599955695700849390e-01
1.000000000000000000e+00
-1.000000000000000000e+00
-9.914760958670931768e-01
1.000000000000000000e+00
1.000000000000000000e+00
-1.000000000000000000e+00
1.000000000000000000e+00
6.592573782818721140e-02
-4.042296881900221961e-01
-4.930121255389029455e-01
9.411715938678588689e-01
-9.892842424675289958e-01
-6.559282725510208190e-01
4.948050323297919495e-01
-1.000000000000000000e+00
8.107520689531118041e-01
-6.165611409229632134e-01
-3.682966891304735313e-01
-1.961378797854717859e-01
-1.000000000000000000e+00
1.577184614552490927e-01
1.247004351966467944e-02
-2.691276875047959316e-01
-5.723818793864393628e-02
-1.000000000000000000e+00
6.289728041195209451e-01
1.184896406907810507e-01
-7.383342816505971129e-01
-9.003867312579535431e-01
1.361554946510816766e-01
-1.000000000000000000e+00
-1.181678349476830703e-01
7.925410969267588923e-01
-8.626306989786695911e-02
-1.000000000000000000e+00
-6.989850141542058859e-02
1.272165647204764050e-01
-8.274985643297414484e-01
-1.110359817107940128e-01
-1.000000000000000000e+00
1.000000000000000000e+00
7.801624402134867964e-01
1.000000000000000000e+00
5.404311538736403797e-01
-5.571893352618015327e-02
5.936608838367186669e-01
-6.847441226107645607e-01
-1.757872735600103653e-01
-1.000000000000000000e+00
3.253872449204691097e-01
3.258021809270081337e-01
-4.822254672438383016e-01
1.000000000000000000e+00
5.861377788769831648e-02
-4.986616369649320424e-01
-1.427052895622567437e-02
-1.000000000000000000e+00
-1.796165976897436956e-01
-2.370351572254410510e-01
-5.765512867557762711e-01
-6.793001266451360598e-01
-1.000000000000000000e+00
-3.531987281609270113e-01
-5.562041023219560509e-01
-1.000000000000000000e+00
-1.722144139996353851e-01
9.135273831959598301e-01
-1.000000000000000000e+00
-1.000000000000000000e+00
4.949475140191532674e-01
-1.000000000000000000e+00
-1.000000000000000000e+00
-1.890213079954992659e-01
5.515322587503731500e-01
1.000000000000000000e+00
-5.763842024442861200e-01
-8.514807253266074571e-01
-1.000000000000000000e+00
3.533998842984784061e-01
-5.873140136545557111e-01
1.000000000000000000e+00
-1.000000000000000000e+00
-2.742524577533538843e-01
2.196695451163151180e-01
2.622627884117197938e-01
-4.084653352238761803e-01
7.945421363705493789e-01
-6.784788661343108540e-01
-1.018082513882281048e-01
5.919578038108456175e-01
7.902602651591291716e-01
1.000000000000000000e+00
4.015003746810330010e-01
-1.000000000000000000e+00
2.922589548174563956e-01
1.000000000000000000e+00
1.000000000000000000e+00
-1.895142896684149370e-01
-4.859114980750454671e-01
-1.000000000000000000e+00
-1.000000000000000000e+00
5.302180117305939078e-01
1.461208253367910215e-01
4.752681390329424604e-01
-1.000000000000000000e+00
1.000000000000000000e+00
-4.065561223673758162e-01
1.000000000000000000e+00
1.000000000000000000e+00
1.000000000000000000e+00
-1.000000000000000000e+00
-1.000000000000000000e+00
-1.000000000000000000e+00
6.169810763542080689e-01
1.000000000000000000e+00
1.000000000000000000e+00
-1.000000000000000000e+00
1.816247191067835720e-01
2.148331680207976047e-01
-1.713409961413503990e-01
1.654452200558307329e-01
1.000000000000000000e+00
-8.578179114866774091e-03
-1.000000000000000000e+00
3.202691895432150382e-01
-5.828732504469328335e-01
-4.909355349149630565e-01
3.297548615389640503e-01
-2.045360141502666207e-01
-8.367147028886445792e-01
-8.129487156192809483e-01
-5.395311584781459224e-02
5.183035601069491127e-01
-1.000000000000000000e+00
-3.383616487981667142e-01
-1.000000000000000000e+00
6.549612547683629771e-01
-6.258894966143722094e-01
5.507089495444372762e-01
6.056032036678192787e-01
1.000000000000000000e+00
-5.860028987523104721e-02
4.215125201550454781e-01
-4.987630321432749980e-01
5.470928210760807042e-01
-1.378147601548617707e-01
3.023418544293500765e-01
5.242075692201545456e-01
-3.371790999255181998e-01
-9.583744495672322783e-01
4.760358129878020650e-01
-8.934789327880149346e-01
-1.000000000000000000e+00
-1.000000000000000000e+00
6.030167003242095092e-01
1.000000000000000000e+00
-6.566317082904252755e-01
-4.335216930300154203e-01
6.661603898084419439e-01
-4.266202534945326419e-01
1.000000000000000000e+00
9.370575380484065242e-01
2.031933600445898214e-02
-4.155066650525060523e-02
-1.000000000000000000e+00
1.000000000000000000e+00
1.000000000000000000e+00
8.383826713129056696e-01
2.899099332870885282e-01
-1.403688334435196361e-01
1.000000000000000000e+00
5.858150363377712111e-02
-8.836323687869060972e-01
-1.615692447794935538e-01
5.227981770344978241e-01
3.261039700692176524e-01
8.989032620819819019e-01
1.000000000000000000e+00
-1.575632313566628917e-01
7.338106295552786484e-01
1.000000000000000000e+00
-9.533415322365890177e-01
-1.566656284963659773e-01
1.000000000000000000e+00
8.918982500076069186e-01
-4.893361094040639125e-01
8.070922238430869866e-01
-3.547099371717712391e-01
-1.000000000000000000e+00
-5.441099518989001016e-02
9.870355455973031100e-01
-9.011454566009884370e-01
-8.751259229401040507e-01
-1.000000000000000000e+00
-1.000000000000000000e+00
1.000000000000000000e+00
5.616785514444100347e-02
2.183146514042257624e-01
1.000000000000000000e+00
-4.187863206899942736e-01
8.013352673142268845e-01
9.645902645946584364e-02
4.273918648159342748e-01
1.000000000000000000e+00
5.029655023493591059e-01
-1.000000000000000000e+00
3.735420876000100088e-01
-1.000000000000000000e+00
-1.000000000000000000e+00
3.672197934597662972e-01
-1.834143049962147221e-01
-1.000000000000000000e+00
-9.360867152276924896e-01
-2.131738212061048132e-01
4.327758933037278988e-01
8.631486037199969097e-01
1.000000000000000000e+00
-1.000000000000000000e+00
1.000000000000000000e+00
6.666943204534417355e-02
1.000000000000000000e+00
-2.916980905941937707e-01
-1.000000000000000000e+00
-5.860465022087046894e-01
8.192383064599655373e-01
-7.988436827081215608e-01
-2.956819007346780936e-01
1.000000000000000000e+00
-1.000000000000000000e+00
-7.279176986711038966e-01
-7.268391762253041399e-01
-6.104205761980890932e-01
1.000000000000000000e+00
-9.072685044992113701e-01
-7.250608737991398600e-01
1.867248086720787181e-01
-1.000000000000000000e+00
7.999201030786579070e-02
6.858090291969828334e-01
-8.139314532136955327e-01
1.000000000000000000e+00
4.049305301208160901e-01
-9.550241065470255197e-01
1.000000000000000000e+00
1.556239860363489991e-01
-7.565788418256468029e-03
-5.226983374433707974e-02
1.000000000000000000e+00
-1.000000000000000000e+00
-3.904135032362675561e-01
1.000000000000000000e+00
1.000000000000000000e+00
4.948094477208548891e-01
-1.000000000000000000e+00
-8.720908396660068673e-01
-1.000000000000000000e+00
3.673464822981616085e-02
-1.000000000000000000e+00
2.652448072320326977e-01
1.000000000000000000e+00
8.659473631610525857e-01
-5.242396962575505137e-01
5.090505384640480191e-01
1.000000000000000000e+00
-1.807127070523559254e-02
-1.000000000000000000e+00
-9.439987396330030700e-01
-2.323732726621633438e-01
-2.771256428928953186e-01
-3.823088296863900171e-01
4.317782757273708194e-02
5.889361440494689237e-02
5.096953905550490049e-02
1.000000000000000000e+00
1.000000000000000000e+00
-3.041533605021728426e-01
-3.035607544664006840e-01
-3.193709889462801876e-01
-6.596485047232891752e-01
1.000000000000000000e+00
2.693343677028385841e-01
5.678784986425908787e-01
-9.578816018939961818e-01
9.214231122630525128e-01
-7.218116650997068451e-01
8.965681386382010620e-01
1.000000000000000000e+00
-7.586706743553033316e-01
-1.000000000000000000e+00
-2.222562744157522141e-01
-4.058942307055408150e-01
-8.832024659595418825e-01
6.702152373435960042e-01
-2.871652674902984703e-01
-3.756985277190725836e-01
1.000000000000000000e+00
-1.000000000000000000e+00
-1.000000000000000000e+00
-5.999468968114600731e-01
-1.000000000000000000e+00
4.939019746859930615e-01
-5.760510950216513049e-01
-6.800787690369469729e-02
-4.477981870926353580e-01
1.000000000000000000e+00
-2.920249370190214355e-02
1.000000000000000000e+00
1.000000000000000000e+00
-5.228277279385687981e-01
8.689453039237228227e-01
5.068562224694502794e-01
-1.000000000000000000e+00
1.000000000000000000e+00
-5.958160141039112734e-01
-9.003155162032748793e-01
6.685044866880555103e-01
7.882532169603720384e-02
3.582723457107536702e-01
-9.033388472884754661e-01
-9.020286329016835580e-01
-2.392974313983215473e-01
-1.536949351653910667e-01
-1.679665377541587068e-01
-5.100716718739214395e-01
1.154076982287991632e-01
1.000000000000000000e+00
1.000000000000000000e+00
-1.287375562058839518e-01
-2.215773240910498265e-01
-1.000000000000000000e+00
4.603423059765363035e-01
-6.668783375149570647e-01
1.000000000000000000e+00
3.205579193027535689e-02
-3.090086517140248068e-01
-1.000000000000000000e+00
2.312622971840264663e-01
-2.859419267592210323e-01
-1.000000000000000000e+00
1.000000000000000000e+00
7.822860817923599219e-01
-7.692884284711372089e-01
6.174046072022177922e-01
-1.000000000000000000e+00
4.388718266248675670e-01
-9.136375396957709949e-01
-2.909384415061562201e-01
1.386164743702848201e-01
2.133622166415931332e-02
-7.623982368809606447e-01
-3.736461702011298347e-01
-5.028125358309867288e-01
9.870397692465290307e-01
9.625018582576254644e-01
1.000000000000000000e+00
5.457987315185488519e-01
-1.000000000000000000e+00
-8.471988199440302347e-01
4.835081825504024960e-02
2.531973636963066321e-01
6.580295183705253681e-01
-4.311988761498195544e-01
8.105644459263304791e-01
-2.179037715420088783e-01
-1.620078819099812495e-01
4.291209192280746043e-01
-4.867917352918483265e-01
1.360909608347108946e-01
-5.956384055914497599e-01
5.600465732541384245e-01
4.386488632540473942e-01
-1.000000000000000000e+00
1.823790210542419188e-01
4.089634236083071750e-01
-3.027393340181933068e-01
7.954084358264856824e-02
1.000000000000000000e+00
1.000000000000000000e+00
6.060906415838676065e-01
2.044089447988314545e-01
1.000000000000000000e+00
1.000000000000000000e+00
-1.000000000000000000e+00
-4.131029028877919451e-01
7.961614994308137128e-01
-4.318515466307615847e-01
1.000000000000000000e+00
1.135779636537977838e-01
-1.000000000000000000e+00
-4.911746770051065303e-01
-3.123274649321523544e-01
-6.106947837431773163e-01
-1.000000000000000000e+00
-8.434785475820850698e-01
1.000000000000000000e+00
-4.235577662033623847e-02
-6.766200345574304720e-01
1.000000000000000000e+00
9.432789976701755341e-01
2.460131895102015132e-01
-5.192331033551903507e-01
-7.035236987155518706e-01
-5.978345949810559556e-03
-3.310261266765708310e-01
-7.374500012344457067e-01
-5.383492485150162543e-02
-6.998627516503190815e-01
-1.000000000000000000e+00
-3.902581177954626557e-01
-6.147239167962847972e-02
-2.129395608978369991e-01
-6.601506710472447859e-01
-1.000000000000000000e+00
1.000000000000000000e+00
9.547637950537692930e-01
4.478857694941754675e-01
4.959621559980320615e-01
-4.110209155984220208e-01
4.823721650392724936e-01
7.696588326359947718e-01
-9.998722146413826506e-01
4.886836996239266595e-01
2.718371608145809248e-01
9.531868738964398569e-01
4.192314594319436205e-01
7.177558771275160954e-01
-6.440001706203066778e-01
-1.000000000000000000e+00
-2.671408748228352170e-01
-5.648815639153956791e-01
3.825760751102521562e-01
1.000000000000000000e+00
-4.089221300429551897e-01
-6.318125518963519927e-01
-8.809176565278473703e-01
2.440776942682264528e-01
7.532527203399785876e-01
-1.000000000000000000e+00
6.264868764074061902e-01
-2.150396381829279557e-01
-4.975570534299648684e-01
-1.461769492805144455e-01
-1.000000000000000000e+00
-3.712211196846045835e-01
-7.619593738592560506e-01
4.669438082715364757e-01
3.797692463818133080e-01
4.325064717008081372e-01
4.394675680768197479e-01
7.511563203892247798e-02
1.765746005371207072e-01
-1.203941589153658676e-01
2.142632492594478688e-01
1.000000000000000000e+00
-1.000000000000000000e+00
-5.628677090851440523e-01
-2.906315911741268881e-03
-1.000000000000000000e+00
-9.881259183765480625e-01
1.000000000000000000e+00
7.868375574829378216e-01
-8.406000101997659346e-01
7.879521845248158574e-01
-7.133819965336744007e-01
-1.000000000000000000e+00
-1.000000000000000000e+00
-1.000000000000000000e+00
2.529840209250550642e-01
-1.045448198870690126e-01
1.000000000000000000e+00
1.040292263606482359e-01
-6.994893099537486947e-01
1.000000000000000000e+00
-1.000000000000000000e+00
-1.000000000000000000e+00
1.000000000000000000e+00
-6.313081693764711622e-01
-9.207318079937988342e-01
-1.576577218329900942e-01
-6.015730782517136888e-01
-1.000000000000000000e+00
1.628443367016851329e-01
-1.809096716216573031e-01
-1.000000000000000000e+00
1.000000000000000000e+00
-2.041775154732185793e-01
1.912860982544090926e-01
-1.000000000000000000e+00
1.000000000000000000e+00
1.000000000000000000e+00
-7.215929567261264443e-01
-1.000000000000000000e+00
-5.418987154989439725e-01
4.206810247501229227e-01
1.000000000000000000e+00
1.549559886190741143e-01
-3.778250026348092816e-02
-9.362481964811407709e-01
1.000000000000000000e+00
2.932320339100616957e-01
6.305471752778208927e-01
1.000000000000000000e+00
1.000000000000000000e+00
5.585912230810263779e-01
-1.000000000000000000e+00
4.412745754294880585e-02
-4.304030898381820680e-02
-1.000000000000000000e+00
-3.187369042720908929e-01
-5.159171413915734083e-01
1.000000000000000000e+00
-1.000000000000000000e+00
4.133290965388488614e-01
-1.000000000000000000e+00
-2.955949714983459597e-01
-8.620293636856654063e-01
2.254724380109955906e-01
-7.593284406908676898e-01
-3.286398349935447660e-01
7.069991906557411276e-01
-1.891982014957055702e-01
-1.000000000000000000e+00
1.000000000000000000e+00
8.161117899174963330e-01
-1.000000000000000000e+00
8.992208813484163787e-01
5.121579946941194894e-01
-1.000000000000000000e+00
-1.000000000000000000e+00
-1.000000000000000000e+00
-6.409129814936829206e-01
-8.963943196997654628e-01
6.702766335671885845e-01
-6.190087331167837270e-01
1.295736023867122277e-03
1.000000000000000000e+00
9.543913909815771035e-01
6.542109562458253702e-01
1.000000000000000000e+00
-1.000000000000000000e+00
4.014637676339568584e-01
7.051183507448627319e-01
9.540174397789455973e-01
-9.859551442543805777e-01
9.705408757601803327e-01
-1.000000000000000000e+00
2.089766561503513809e-01
9.773155109865657719e-01
-2.437640458499673868e-01
-7.399615043695172423e-01
7.395765191239710434e-01
-9.029673272543392581e-03
7.575102158815315567e-01
7.531689093979246907e-01
-1.946748678923915232e-03
-6.462515240995589938e-01
8.969342339047702284e-01
1.000000000000000000e+00
-1.000000000000000000e+00
8.554400712421252051e-02
-1.000000000000000000e+00
-6.102875497396805793e-01
-2.074535302284574445e-01
-2.562485044456651595e-01
-9.633452239441099296e-01
-1.000000000000000000e+00
-1.000000000000000000e+00
-1.000000000000000000e+00
1.000000000000000000e+00
-9.546491766393477851e-01
-1.087887761800519493e-01
1.000000000000000000e+00
1.000000000000000000e+00
5.048614902536137095e-01
1.000000000000000000e+00
-5.346856928222860628e-01
-3.107950441424306987e-01
1.000000000000000000e+00
-9.012511111660685970e-01
-1.000000000000000000e+00
8.044338022811328148e-01
4.787707107543035523e-01
-1.000000000000000000e+00
1.000000000000000000e+00
-1.000000000000000000e+00
6.392957914505196237e-01
1.594063868426345010e-01
4.522872497143000103e-01
8.126933935002632614e-01
-1.000000000000000000e+00
-1.000000000000000000e+00
1.000000000000000000e+00
8.267166766885951645e-01
-1.000000000000000000e+00
1.000000000000000000e+00
-5.879099891087288254e-01
-2.002087602858190762e-01
5.596941585449624057e-01
8.553547035075589333e-01
7.100410091252076228e-01
6.973523793573482843e-01
1.000000000000000000e+00
1.000000000000000000e+00
3.990273954521385558e-01
6.277676029919232459e-01
-1.000000000000000000e+00
-2.140213395715356293e-01
-1.000000000000000000e+00
-8.736184147390476662e-01
4.195592239570671844e-01
1.000000000000000000e+00
-3.103623308283046112e-01
-3.193191026142719324e-01
4.162072531488957838e-01
-6.144637786147433278e-03
4.917158173065903637e-01
1.000000000000000000e+00
-1.499722426514756013e-01
-1.000000000000000000e+00
1.000000000000000000e+00
1.000000000000000000e+00
-4.077742495494192099e-01
1.000000000000000000e+00
-1.000000000000000000e+00
3.536955891591646028e-01
-6.142632330729047574e-02
1.000000000000000000e+00
7.227328011495621762e-01
-4.822450619272641292e-01
-4.859470877811513656e-01
-8.296617144394248244e-01
1.000000000000000000e+00
-9.486726772630491578e-01
-7.715992256657193682e-01
1.000000000000000000e+00
-5.895259713760362397e-01
1.000000000000000000e+00
-2.365647754622204335e-01
3.340933033994616386e-01
1.000000000000000000e+00
4.368700296964336816e-01
3.745356163623324575e-01
4.779820375809185617e-01
-5.881054288643368100e-01
-7.010799154010181056e-01
-6.000804547741210859e-01
1.000000000000000000e+00
1.141631850607995741e-01
1.000000000000000000e+00
-1.000000000000000000e+00
8.438853782957221605e-02
1.000000000000000000e+00
-1.000000000000000000e+00
-1.000000000000000000e+00
2.377736032407064548e-01
4.885398963024792929e-01
1.000000000000000000e+00
7.439460169414803536e-02
-1.000000000000000000e+00
9.501533539033896192e-02
5.842606368652183413e-01
-9.254928732515628198e-01
-1.000000000000000000e+00
7.001288028960548360e-01
5.915054664287058284e-01
-8.058498898512982400e-01
5.474950922806426368e-01
-1.567573711257186364e-02
-2.650548683397556116e-01
2.511674698291870844e-01
4.888566600725366418e-01
-1.000000000000000000e+00
-1.612662989806520897e-01
1.000000000000000000e+00
1.000000000000000000e+00
-1.000000000000000000e+00
1.000000000000000000e+00
5.757627372395713872e-01
4.441160537029836819e-01
-3.070811452773294370e-01
2.834481257979240554e-01
1.000000000000000000e+00
1.000000000000000000e+00
-2.314822300255251486e-01
5.839305253810880281e-01
-5.918096565423212052e-01
1.000000000000000000e+00
-6.613798098761223265e-01
-9.141112197047520649e-01
-1.678864144155831351e-01
-3.991525873635144439e-01
-1.000000000000000000e+00
9.873500586522304667e-02
-3.242057789026760450e-01
1.000000000000000000e+00
-1.000000000000000000e+00
4.233644978157019567e-01
-1.449769701901149066e-01
-1.000000000000000000e+00
1.000000000000000000e+00
-3.784898315628364984e-01
-1.518957896904027383e-01
-5.364792023289234324e-01
-7.449049830298530850e-01
-1.000000000000000000e+00
8.222497977464253704e-01
3.891685080043127964e-01
9.540240441229962121e-02
-8.300463975647708326e-01
-1.000000000000000000e+00
1.000000000000000000e+00
1.000000000000000000e+00
1.725176212433776890e-01
1.000000000000000000e+00
1.000000000000000000e+00
1.000000000000000000e+00
-7.878475708102523900e-02
8.351545829927673470e-01
-1.000000000000000000e+00
-4.405159000681853065e-01
-7.072226280832219492e-03
-1.000000000000000000e+00
9.697303377944197500e-01
6.961085574872407644e-01
-8.421212732373442034e-01
8.135355988259873605e-03
1.000000000000000000e+00
9.996754176221491761e-01
1.000000000000000000e+00
-6.950522564279203452e-01
-1.000000000000000000e+00
1.000000000000000000e+00
-4.075128434089471119e-01
6.739864556067736157e-01
-9.801382331413167615e-01
5.342628249296701437e-01
1.000000000000000000e+00
1.000000000000000000e+00
3.482378952545815420e-01
-2.503930491527027735e-01
6.610185420612901819e-01
-1.887195951736808097e-01
-1.000000000000000000e+00
-6.309015015440063712e-01
-9.444248076515353585e-01
1.000000000000000000e+00
1.340696659908370281e-01
-2.446456689579717680e-01
-3.349529907862191513e-01
-3.220966164878510396e-01
-1.000000000000000000e+00
-1.000000000000000000e+00
9.740860098864917438e-01
-1.000000000000000000e+00
-1.000000000000000000e+00
-3.249960368114246378e-01
-3.068553273432779172e-01
-1.000000000000000000e+00
-1.000000000000000000e+00
-5.025749031596561389e-01
-3.929541312018066113e-01
-2.570405302475655684e-01
-6.903402571779428953e-01
-7.556242457555564229e-01
3.658154699139418708e-01
1.000000000000000000e+00
3.902222219249053270e-02
-2.958256527945074543e-02
3.611670542680820439e-01
8.452189995999264127e-01
1.000000000000000000e+00
-9.114685075062145536e-01
1.233300672618582727e-01
1.652277341128405852e-01
1.000000000000000000e+00
-1.172146320237182904e-03
-1.000000000000000000e+00
-6.656090474138680602e-01
-2.205581172934168999e-01
-2.498937239263002708e-01
5.026263880720751587e-01
5.522405545182023090e-01
-8.383699216664508569e-01
-1.478512013533785363e-01
-1.000000000000000000e+00
1.000000000000000000e+00
-4.260178237976166571e-01
6.867197302131520242e-01
2.647765635321107369e-02
-1.360576445882794028e-01
-3.940301268954687908e-01
1.000000000000000000e+00
-5.159105960187821971e-01
2.670514945856058420e-01
-1.000000000000000000e+00
5.495635606514559512e-03
-5.203100010412783361e-01
-6.841032988355383315e-01
-4.903364987005051079e-01
1.000000000000000000e+00
4.837244486222185280e-01
-9.608607795221429937e-01
6.787907286327821144e-01
-9.824956185004475318e-01
9.203446948724332000e-01
-2.477751801239057583e-01
-1.541160367995194902e-01
-4.440943927454311657e-01
1.000000000000000000e+00
3.804233073196955361e-01
-7.390583917417040127e-02
1.000000000000000000e+00
-1.820737544056078017e-01
3.600747213060722651e-01
8.152258042719310316e-01
9.355812439208763265e-02
6.909332056184296356e-01
-1.787826289497698729e-01
-9.242131446909291892e-01
3.445510116532958800e-01
1.000000000000000000e+00
1.125860127453258419e-01
-1.000000000000000000e+00
-6.851055816023554623e-01
1.000000000000000000e+00
-3.830037761474012759e-01
8.070202951229771271e-01
-3.456114921082918956e-01
1.000000000000000000e+00
-9.694000324566659499e-01
-1.000000000000000000e+00
-2.551994313556626981e-02
1.316012055402556169e-01
3.428228985294161646e-01
-1.000000000000000000e+00
-2.500335353264824811e-01
1.000000000000000000e+00
-1.000000000000000000e+00
-1.000000000000000000e+00
-1.000000000000000000e+00
1.615260965987944108e-01
-1.000000000000000000e+00
1.000000000000000000e+00
-9.841388005009237272e-01
3.357278305323185830e-02
3.072110439733952147e-01
-1.000000000000000000e+00
-3.276551893748679278e-01
1.000000000000000000e+00
-4.777099606490781691e-01
2.404128123242313397e-01
1.000000000000000000e+00
-8.122262736450325260e-02
4.491022577277609118e-01
1.000000000000000000e+00
1.815392718081010603e-01
-7.785558998096777650e-01
-3.134470084578331317e-01
-1.000000000000000000e+00
1.000000000000000000e+00
-1.000000000000000000e+00
1.000000000000000000e+00
-4.159121104231771060e-01
2.996183452735503572e-01
-1.000000000000000000e+00
-1.000000000000000000e+00
1.000000000000000000e+00
1.000000000000000000e+00
9.212167244090460061e-01
-5.596604470863633107e-01
1.257927220189120898e-01
1.000000000000000000e+00
1.000000000000000000e+00
-1.216441039177199590e-01
7.746621130280929579e-01
-1.000000000000000000e+00
3.173005057091920489e-01
-2.884733107995577917e-01
-2.768376946961784157e-01
7.331202676235334392e-01
-1.000000000000000000e+00
-2.372289800721727182e-01
-1.000000000000000000e+00
-8.713799810219333697e-01
-9.447137424498266989e-02
-8.910722822982367619e-01
1.000000000000000000e+00
1.000000000000000000e+00
8.292574052248825600e-01
3.051379248310888137e-01
1.000000000000000000e+00
1.000000000000000000e+00
-1.000000000000000000e+00
2.650020917306883383e-02
1.000000000000000000e+00
1.000000000000000000e+00
1.000000000000000000e+00
-9.902730330243734169e-01
1.000000000000000000e+00
7.521844071835382950e-01
3.451479386085226642e-02
1.000000000000000000e+00
-1.531132202055429381e-01
-2.907721736883025487e-01
-1.000000000000000000e+00
7.412224513307321683e-01
-1.161827841922741800e-01
-5.771884919673117009e-01
9.553831975662138154e-01
-6.954084244376503854e-01
1.998469724093762945e-01
-2.134214654505531272e-02
1.000000000000000000e+00
1.000000000000000000e+00
1.000000000000000000e+00
-1.000000000000000000e+00
5.681652265593402085e-01
-9.503867283812102995e-01
-8.774619108585883787e-01
-1.000000000000000000e+00
-1.000000000000000000e+00
-1.000000000000000000e+00
-1.000000000000000000e+00
-4.333534026965842334e-01
-2.948787465954353371e-01
5.338621379243926879e-02
1.000000000000000000e+00
-3.340712811855833242e-01
-8.553728797156180397e-01
-1.000000000000000000e+00
2.033388578876342556e-01
-2.837205634745865734e-01
-4.748808579719356882e-01
-6.024312051476182761e-01
-1.000000000000000000e+00
1.000000000000000000e+00
2.578047391020751866e-02
2.026135142159779523e-02
9.183640608675631700e-01
-1.814881490853376134e-03
-1.000000000000000000e+00
3.848719865633974946e-01
-1.000000000000000000e+00
-1.798874738683702568e-01
1.000000000000000000e+00
6.705133533296403492e-01
-1.000000000000000000e+00
-2.703942923354811234e-01
-6.070996377703534730e-01
1.000000000000000000e+00
3.899327229738011602e-01
-7.773601063974785452e-01
-6.179427580270646647e-01
1.927624645358556044e-01
1.000000000000000000e+00
5.321615923892192290e-01
-1.000000000000000000e+00
1.000000000000000000e+00
1.000000000000000000e+00
1.000000000000000000e+00
1.000000000000000000e+00
-3.932783788607903119e-01
1.000000000000000000e+00
-4.316287745724186053e-01
-8.026779833776562789e-01
4.715552559263741506e-01
-1.000000000000000000e+00
5.929787545012562555e-01
-1.000000000000000000e+00
1.000000000000000000e+00
3.662788057366729300e-01
-1.409694995316279342e-01
-1.085315407254251463e-01
-2.427253927059247474e-01
1.717311331302403543e-01
1.000000000000000000e+00
2.968092392933627255e-01
8.491476289372574815e-01
4.088227268505507661e-01
-2.717748903569976449e-01
-4.927621286179829641e-01
-8.478103018964703308e-01
2.858077580158845388e-01
-1.000000000000000000e+00
-2.894463946253952868e-01
-1.000000000000000000e+00
1.000000000000000000e+00
3.195447445718412327e-01
-3.144503756000471828e-01
-6.222238923071645722e-01
-1.000000000000000000e+00
-9.774891468596434985e-01
-1.501636835667188030e-01
-2.887585795107953102e-01
3.580710868775216493e-01
1.000000000000000000e+00
3.294927692996245105e-01
3.386450079070013608e-01
7.831285815436388464e-01
-1.000000000000000000e+00
1.679512470563826465e-01
-6.943104045640734467e-01
-1.000000000000000000e+00
5.250460170882140787e-01
9.749586167166809370e-01
1.000000000000000000e+00
-3.768111811283957335e-01
2.596290341664813650e-01
5.553114632356312419e-02
-5.799517711316849455e-01
-1.000000000000000000e+00
9.048981849128743260e-01
-1.443085219168791788e-01
6.270131888150126676e-01
8.772835596462041918e-01
-3.692061384439216387e-01
-3.676866903022718569e-02
1.000000000000000000e+00
8.466260801993170659e-01
-1.283450213469121137e-01
1.000000000000000000e+00
1.000000000000000000e+00
-1.000000000000000000e+00
1.000000000000000000e+00
-7.301103825091607158e-01
-4.240928646744826502e-01
-3.549677395924140111e-01
-1.000000000000000000e+00
1.000000000000000000e+00
4.444877966787015855e-01
1.903471364488407702e-01
-9.863819319000255437e-01
1.712267543791278629e-02
-1.000000000000000000e+00
5.442233978178020459e-01
-1.000000000000000000e+00
2.074796261006303100e-01
2.532609852498356184e-02
-3.733583268376859388e-01
-5.620388628183587976e-01
-9.777273723735792066e-01
-1.205602487107182430e-01
9.853580797410999015e-01
-7.786818472034815475e-01
-5.429617310944814257e-01
1.744868940167334792e-01
1.000000000000000000e+00
-1.901536042566342177e-01
-1.000000000000000000e+00
3.267597481172384577e-01
3.519767704356041582e-01
-3.792809911493315589e-01
1.000000000000000000e+00
-3.059864819747835918e-02
1.000000000000000000e+00
4.795349769136311169e-01
1.000000000000000000e+00
-1.000000000000000000e+00
2.857457282958332789e-01
-1.000000000000000000e+00
-1.000000000000000000e+00
-8.688282034539933640e-01
2.343790750396860800e-01
1.000000000000000000e+00
-3.572387131013857742e-01
1.000000000000000000e+00
1.000000000000000000e+00
3.548391225399836202e-01
1.000000000000000000e+00
-1.000000000000000000e+00
1.761424655671749162e-02
-1.000000000000000000e+00
5.142044657673594532e-04
-1.000000000000000000e+00
-4.402861932181242333e-01
4.705241338013682051e-01
-1.000000000000000000e+00
6.940187536117647937e-01
1.000000000000000000e+00
-4.727564306368728930e-01
-1.820623924461689525e-02
-8.042109870056355359e-01
-4.253569638776831807e-01
1.000000000000000000e+00
-2.343454135488646228e-01
-9.452055824994025357e-02
-4.730429495548908736e-02
-8.909043860381522795e-02
1.000000000000000000e+00
2.245780623334578396e-01
5.463058844127004487e-01
-9.790260375546540050e-01
-9.347539353033462728e-01
6.100746426308569781e-01
-2.929899248105853338e-01
2.394384362106330710e-01
-1.000000000000000000e+00
4.718613414768234038e-01
-1.000000000000000000e+00
8.279681992374298138e-01
8.527796086551436838e-01
-6.507552759044631374e-01
1.000000000000000000e+00
1.000000000000000000e+00
-6.837785295461500379e-01
-5.357840374575636444e-01
9.083703318455803588e-01
-1.000000000000000000e+00
-1.000000000000000000e+00
-1.506518299865709509e-01
1.421405440905267326e-01
-2.996748593806878858e-01
-9.917489030301028796e-01
2.996237906270964313e-01
2.501447046358156734e-01
1.453999963140696627e-01
-1.000000000000000000e+00
2.299123402795637539e-01
1.000000000000000000e+00
4.868996566266395321e-01
-6.249345535891599468e-01
1.000000000000000000e+00
-1.000000000000000000e+00
-6.043309233680662640e-01
-8.928445493596943727e-01
8.277241977385954019e-01
7.260746109589908404e-01
1.000000000000000000e+00
-5.359126685625130726e-01
-3.771346557086488471e-01
-3.513872282203637787e-01
-5.269618558414346232e-01
-8.027016933903216023e-01
6.664541330101207695e-02
-5.262767083868811202e-01
-7.324631025241088444e-01
-8.735999475347109300e-01
4.284665548332476925e-01
-1.000000000000000000e+00
-1.000000000000000000e+00
1.000000000000000000e+00
7.294790954105800918e-01
-1.018444213122675357e-02
6.098964117490004444e-01
-1.000000000000000000e+00
1.000000000000000000e+00
-1.001806077664827849e-01
-1.000000000000000000e+00
2.255632319835852995e-01
7.153446689662550373e-01
-8.189587898004012656e-01
-7.453311407654870102e-01
-1.000000000000000000e+00
7.159146819530776140e-01
-1.000000000000000000e+00
1.000000000000000000e+00
-4.507761365763199857e-01
3.459484236049880090e-01
1.097768472458909850e-01
3.744271750815170163e-01
1.853684122051434402e-01
-1.000000000000000000e+00
1.000000000000000000e+00
1.000000000000000000e+00
-5.316313742947539334e-01
-9.513879516458616514e-01
2.238842587675401452e-01
4.259390257206271402e-01
-1.141253830356359633e-01
6.505866470528156587e-01
8.047585100579301987e-02
-3.615994794827221970e-01
-5.933423477516386324e-01
5.740633297021052739e-02
-1.000000000000000000e+00
7.981941436385986410e-02
-8.853053058497810657e-01
-6.175784604100550412e-01
7.014475150037220441e-01
7.917896210328494444e-01
6.848812420203592710e-01
9.799641744316137104e-02
-1.000000000000000000e+00
-3.779658230135388708e-01
8.761506939160071950e-01
1.630518832483318636e-01
-2.601070214447482321e-01
-7.163797970639336488e-02
-3.802565505887157138e-01
1.626594129134420197e-01
2.362543632351385980e-01
-4.407796895851364138e-01
9.436969361458598105e-01
-3.142600601075138389e-01
9.542505774058298584e-01
-1.000000000000000000e+00
-6.500584491072223248e-01
-9.064960754919997310e-01
-5.319219532281610485e-02
-4.617082711534958861e-01
-1.000000000000000000e+00
-8.352718917672157239e-01
2.823814585481841388e-01
-6.225263209863107772e-02
8.130703088333963990e-02
-1.000000000000000000e+00
3.179822534845453963e-01
5.270367199479586429e-01
1.000000000000000000e+00
3.940303060594754769e-02
7.966269539674498690e-01
4.811349507696301986e-01
-1.956145120747552757e-01
1.000000000000000000e+00
8.097423916897867890e-01
1.000000000000000000e+00
6.080963090000168769e-01
2.933030616081605535e-01
-9.480420221087257349e-02
-8.792567773438466627e-01
-1.000000000000000000e+00
-1.719087223056791902e-01
1.000000000000000000e+00
9.502378456228409709e-01
3.226063755485897855e-01
-9.616951032326734872e-01
9.457819336511781305e-01
2.571797470137345276e-01
7.835380478140774319e-01
1.000000000000000000e+00
-1.114610772376294773e-01
-1.406797602070233855e-01
1.000000000000000000e+00
-3.233874349480595489e-01
4.332840369695445948e-01
1.000000000000000000e+00
-1.000000000000000000e+00
-8.090618459778171623e-01
1.000000000000000000e+00
5.707395262620490461e-01
-8.899988654234525232e-01
3.950164602126460256e-02
1.000000000000000000e+00
1.000000000000000000e+00
-1.000000000000000000e+00
1.000000000000000000e+00
-1.000000000000000000e+00
9.292053888703560860e-01
5.596480079123132834e-01
-1.893205562491132865e-01
-2.673959284555083027e-01
-7.728654302938484655e-01
5.828811375248045268e-01
-1.000000000000000000e+00
-1.000000000000000000e+00
1.000000000000000000e+00
1.000000000000000000e+00
-9.280929619452304991e-01
-1.000000000000000000e+00
-1.000000000000000000e+00
-1.391491552410528687e-02
-2.123637121966406305e-01
1.000000000000000000e+00
1.000000000000000000e+00
1.000000000000000000e+00
-1.299107217591866092e-01
-5.085217921817029030e-01
5.753249317139915719e-01
-1.762757281394671249e-01
1.000000000000000000e+00
-6.502167350782541710e-01
-7.911382773216707465e-02
-9.937427055640593032e-01
-3.705326285167186984e-01
-1.000000000000000000e+00
1.717998162885265301e-01
-2.915729189730106863e-02
8.440295233734836922e-01
8.638764948972434965e-01
5.188405186714752926e-01
8.908000824819044539e-01
1.000000000000000000e+00
-1.377814032061386862e-01
-1.000000000000000000e+00
-1.183900428613418737e-01
8.483472009076464815e-01
-1.000000000000000000e+00
-6.422198660021610772e-02
1.000000000000000000e+00
7.947121635877962831e-01
-3.730113793063557504e-01
-1.960217018364351083e-01
-4.633192156603682110e-01
-1.000000000000000000e+00
1.000000000000000000e+00
-8.756891724537360089e-01
-5.665029544902773218e-01
-5.009678012112703804e-01
9.992750192903337991e-01
-4.603497140421369815e-01
4.772760610176247642e-01
5.653546838584964096e-01
-2.887665725368889769e-01
-1.000000000000000000e+00
1.000000000000000000e+00
-9.403249233378578875e-01
5.473942976136608740e-02
-3.391251866367521739e-01
-2.370454386780977418e-01
1.000000000000000000e+00
8.677300424652401034e-01
-7.295639396437687829e-02
1.317586105089621484e-01
5.465588950597004558e-01
-1.289906897751488257e-01
8.225006687900130453e-01
1.000000000000000000e+00
-4.836801466768263502e-01
1.000000000000000000e+00
-9.653139492417834866e-01
-1.000000000000000000e+00
1.000000000000000000e+00
-4.921771827227075513e-01
6.369785833481885762e-01
4.920272467762814572e-01
-3.488069106074740411e-01
1.000000000000000000e+00
1.000000000000000000e+00
-1.000000000000000000e+00
-3.157946674843117307e-01
4.256944383795747688e-01
-6.605963602947663438e-02
1.000000000000000000e+00
-5.756768213459234618e-01
-1.000000000000000000e+00
2.962381537637716611e-01
-1.969654424395071990e-01
-6.086732140812118885e-01
4.575805516844472232e-01
-1.000000000000000000e+00
-8.838095848426119616e-01
-9.748410536214173749e-01
8.215872300583706989e-02
-1.000000000000000000e+00
-2.573001708611056815e-01
1.000000000000000000e+00
-4.334257069856817246e-01
-7.599662970480476343e-01
-1.000000000000000000e+00
9.942124693414462477e-01
7.277480926594652733e-01
1.000000000000000000e+00
1.918381781452917212e-02
-1.000000000000000000e+00
1.660238466222552223e-01
7.296448774173345253e-01
1.000000000000000000e+00
-1.000000000000000000e+00
-5.236178620654903249e-01
6.618996863449500001e-01
-2.284610549289516901e-01
1.695067553296530360e-01
-1.000000000000000000e+00
-1.000000000000000000e+00
7.916006060445924808e-01
-1.000000000000000000e+00
1.752733369279181885e-01
1.695853971689574857e-01
1.000000000000000000e+00
-9.193069556356223693e-01
-3.323158237897347322e-01
1.000000000000000000e+00
4.086282850597486860e-01
-1.000000000000000000e+00
-4.612296931209743378e-01
2.388579895092969307e-01
-2.592077193192534601e-01
-6.895672040026812333e-01
-7.438241106101063371e-01
3.076343735421063208e-01
7.567805429192989708e-01
-9.707660884114240885e-01
-2.194657747772804368e-01
-1.000000000000000000e+00
7.806206724910230710e-01
-7.234572970809070025e-01
-8.284564949206434381e-01
-4.159951224155171712e-01
-8.058416494188096468e-01
1.000000000000000000e+00
-5.984883766780666470e-01
1.000000000000000000e+00
5.082135174508760622e-01
1.000000000000000000e+00
1.000000000000000000e+00
3.333012348585718820e-01
4.696582655680060503e-01
-6.188825729910250040e-01
-8.513158677871995872e-01
1.000000000000000000e+00
-8.848774192787767223e-01
8.268627365149204822e-01
-6.130833633373927727e-02
1.000000000000000000e+00
1.000000000000000000e+00
3.280756188141586982e-01
1.303902856814952438e-01
1.000000000000000000e+00
2.808309172691124678e-01
1.000000000000000000e+00
-1.000000000000000000e+00
-5.870855783007016271e-01
2.094077938168995012e-02
6.104406757818520157e-01
-1.000000000000000000e+00
-8.112293997101193144e-01
-3.373262885807069011e-01
7.845694607713262769e-01
1.000000000000000000e+00
-1.000000000000000000e+00
9.974354235672786562e-01
-6.230625778014220462e-01
-2.254730856413743600e-01
9.318055055531429542e-02
-1.000000000000000000e+00
1.000000000000000000e+00
1.396405626114916032e-01
1.000000000000000000e+00
-1.000000000000000000e+00
-1.000000000000000000e+00
-1.000000000000000000e+00
5.203784447546948300e-02
5.102021766419336801e-01
1.621223634311785844e-02
1.000000000000000000e+00
1.000000000000000000e+00
-1.000000000000000000e+00
4.037012419426727616e-01
-5.819930851338417366e-01
-1.000000000000000000e+00
4.597521947129499242e-01
2.403296958594342558e-01
1.000000000000000000e+00
-7.355530257151325912e-01
6.636051392879086519e-01
-1.000000000000000000e+00
-1.000000000000000000e+00
4.188057980230864841e-01
9.066061853601197207e-01
1.000000000000000000e+00
-1.000000000000000000e+00
-2.901104409076704083e-01
-6.142493175503113134e-01
-2.082012118694009373e-01
1.000000000000000000e+00
-3.812362578048966721e-01
1.000000000000000000e+00
3.834557536429951119e-01
1.000000000000000000e+00
1.000000000000000000e+00
-2.361262744679030745e-01
4.243246669450054243e-01
-1.000000000000000000e+00
-9.944562724253421804e-01
6.548948406081922524e-01
7.655167689810582488e-01
-1.000000000000000000e+00
1.000000000000000000e+00
-7.568129565515069324e-02
-2.947550090791062338e-02
-5.145829875658848307e-01
-1.000000000000000000e+00
-5.686525113112463892e-01
3.629540507067980926e-01
4.027274419594687460e-01
3.422147667518034009e-01
-1.000000000000000000e+00
4.110311128017399840e-01
-9.201109129821520849e-01
-8.793692305788819441e-01
-7.079991252714502581e-01
1.000000000000000000e+00
-1.000000000000000000e+00
2.301421167744311380e-01
-2.990717304629440521e-01
-5.348452495355353609e-01
3.062629973497070779e-01
-2.821402596043404154e-01
-6.050139963827649847e-01
-1.000000000000000000e+00
-9.639501948433449874e-01
8.279672578374124292e-01
1.000000000000000000e+00
-5.571376070438694983e-01
1.000000000000000000e+00
1.208873713687961537e-01
1.000000000000000000e+00
-1.000000000000000000e+00
-1.148172381842349488e-01
-3.909003596912966616e-01
-3.333755645419710922e-01
7.277707799926251830e-01
3.387062102356824811e-01
7.301684004973473252e-01
3.197799054637652794e-01
4.196881298408504657e-01
-8.156031451688120493e-01
-4.222954017291224993e-02
-1.000000000000000000e+00
-9.728119857162882411e-01
-6.857459410949273693e-01
-6.359556480286369107e-01
2.919391689507182530e-01
-1.964192057036590056e-02
-2.714916134314394602e-01
-1.000000000000000000e+00
2.521400102039739188e-01
-7.045161013113978576e-01
-1.367983490472330366e-01
-3.361311116055781256e-01
6.726791878195012009e-01
4.748847913806097387e-01
-3.806962286782317184e-01
-1.000000000000000000e+00
1.000000000000000000e+00
-9.769649744827179072e-01
2.664012789258184410e-01
2.459594812838280242e-01
1.000000000000000000e+00
3.649806224965468915e-01
1.000000000000000000e+00
1.000000000000000000e+00
4.463049027480988640e-01
-5.130816634979156188e-01
5.372825862361455540e-01
4.408371357475256436e-01
1.000000000000000000e+00
-5.951424828747929885e-01
-1.000000000000000000e+00
-1.000000000000000000e+00
1.000000000000000000e+00
-8.374293183647207872e-01
1.402101888237050620e-02
6.693471761683789101e-01
-1.000000000000000000e+00
3.429218420005435974e-01
-6.930648823824436811e-03
5.816651484195224375e-01
-3.129238831856296921e-01
7.861695897199010297e-01
-9.516251549108001306e-01
-1.000000000000000000e+00
1.000000000000000000e+00
-1.000000000000000000e+00
1.000000000000000000e+00
6.941092885544100088e-01
2.370723993800185891e-01
-8.476340066871790313e-01
-1.597288357256018143e-01
1.000000000000000000e+00
-2.355809405426225744e-01
-8.899295825377633307e-01
-9.342410173112548621e-01
9.316458104766315307e-01
-1.000000000000000000e+00
1.000000000000000000e+00
5.234457414923613383e-01
3.681413513345617172e-01
-8.047217184243358190e-01
-1.000000000000000000e+00
-9.005905716263971073e-01
5.654797942487450602e-01
5.349880360592317308e-01
-5.701691435894390425e-01
6.188745048233338375e-01
-1.000000000000000000e+00
2.635720010362349597e-02
-1.000000000000000000e+00
-1.000000000000000000e+00
-1.000000000000000000e+00
1.000000000000000000e+00
8.742885597619265425e-01
-1.000000000000000000e+00
1.000000000000000000e+00
-3.581186491800011362e-01
1.000000000000000000e+00
3.757638331173876467e-02
-3.435016731263774159e-01
-1.000000000000000000e+00
1.000000000000000000e+00
1.000000000000000000e+00
-1.000000000000000000e+00
1.764552111125679001e-01
-9.810692947813574039e-01
-1.000000000000000000e+00
-8.595718381740193037e-02
-1.000000000000000000e+00
-4.637837695904973856e-01
-1.059256938419036176e-01
2.087440618319532648e-01
-5.645905860299549328e-01
-1.000000000000000000e+00
-4.559881573683702283e-01
5.909146292617948326e-01
9.098234182157243222e-01
-1.000000000000000000e+00
-8.495248223596291171e-02
7.329637124078480781e-01
4.929081075121350963e-01
-1.357707288111954791e-01
-1.000000000000000000e+00
2.148427885214380939e-02
-4.877589976365134805e-01
-6.957749292692567700e-01
-1.000000000000000000e+00
1.000000000000000000e+00
5.848600476009337967e-01
-1.557663671516138493e-01
7.801683603237187237e-01
-5.490828885639164048e-01
8.721457611077231276e-01
1.000000000000000000e+00
1.000000000000000000e+00
8.099155237543557151e-01
-1.985522278540313157e-01
3.290422906243967160e-01
-1.000000000000000000e+00
5.656160688752548404e-01
5.898146935950646652e-01
-1.105540262328517931e-02
3.999581844726338709e-01
1.000000000000000000e+00
-3.092583400652382242e-01
5.106360931644653434e-01
4.275539655135550121e-01
-1.000000000000000000e+00
1.000000000000000000e+00
-1.805750801901084834e-01
-7.976148224689105781e-02
1.000000000000000000e+00
9.784805422756410742e-01
-1.000000000000000000e+00
6.773426683831845763e-01
-5.443450625786026009e-01
1.000000000000000000e+00
6.555567053466804239e-02
-1.000000000000000000e+00
-4.452734300783942611e-01
-1.070231811915494102e-01
-4.632095778682428500e-01
-1.508374593221476767e-01
-1.000000000000000000e+00
-7.033935395334112162e-02
-8.228544949816115617e-01
6.792248753058931499e-01
7.409808848072334531e-01
-1.000000000000000000e+00
-1.000000000000000000e+00
-2.852562393805594954e-01
1.000000000000000000e+00
-4.141883258510138388e-01
-1.000000000000000000e+00
-7.005983127292447765e-01
2.218539426444521012e-01
8.501824039503464991e-01
1.000000000000000000e+00
3.013613350364090504e-01
2.416102760592161447e-01
-5.337048765203824541e-01
-4.132839379789687156e-02
-7.948031387478274867e-01
-1.000000000000000000e+00
