-1.000000000000000000e+00
2.177307987701396774e-01
-9.167382108368473670e-01
1.112556102576726380e-01
1.000000000000000000e+00
7.141936213037896053e-01
8.217789500277411507e-01
8.842831390845911077e-01
-2.629496393119193365e-01
-6.626503287177271107e-01
-1.000000000000000000e+00
5.090232178874971591e-01
1.000000000000000000e+00
5.869434389778031003e-01
2.834364413230539004e-02
-3.386483715074268264e-01
-1.000000000000000000e+00
-3.252510931107893688e-01
-1.000000000000000000e+00
3.825945159017465902e-01
2.169641807640164677e-01
5.839806123125658166e-01
-5.866460525494596179e-02
-6.010748079484379974e-02
9.480640176951909970e-02
-4.973987345521242998e-01
2.646875584621848354e-01
-1.000000000000000000e+00
1.000000000000000000e+00
-1.000000000000000000e+00
-1.000000000000000000e+00
7.552461528604881291e-01
1.471583671169875429e-01
9.987863281451785369e-01
1.000000000000000000e+00
1.423558698703288050e-01
-1.787101994512014791e-01
8.502883821533906428e-01
-7.483545477825008785e-01
-7.142235067991702380e-01
1.000000000000000000e+00
1.000000000000000000e+00
-1.000000000000000000e+00
7.446877536682945387e-01
6.336703640343942512e-01
1.000000000000000000e+00
1.809902634719560699e-01
9.713409910759646104e-01
-3.733389714845459229e-01
1.000000000000000000e+00
7.377978009164450901e-01
-7.634175570501234853e-01
-3.655004477402962748e-01
-1.000000000000000000e+00
1.000000000000000000e+00
-3.891665087150034119e-01
-4.668991446270591150e-01
-1.000000000000000000e+00
-6.295489950025641157e-01
2.517625037675152999e-01
-1.000000000000000000e+00
1.948705832358965107e-01
7.572650751287430815e-01
1.000000000000000000e+00
7.934577955370512026e-01
-1.631151384437392049e-01
-4.914297818244542371e-01
1.000000000000000000e+00
-7.570012533580090519e-01
-1.000000000000000000e+00
-1.774310648861408823e-01
-1.000000000000000000e+00
-1.109076037512751467e-01
2.369655150360578943e-01
9.640354158524860884e-01
1.000000000000000000e+00
1.000000000000000000e+00
-1.005152889577627107e-01
3.988418356655369923e-01
-6.131359487411103260e-01
4.420725264831625867e-01
3.894443661730009332e-01
-3.308150325414730419e-01
8.480812138177797888e-01
-1.628208544077008879e-01
8.539824037256640299e-01
4.204727662779340625e-01
1.000000000000000000e+00
-1.000000000000000000e+00
9.639713664670348514e-01
1.985248650837718731e-01
-6.874785945305387225e-01
1.000000000000000000e+00
-1.000000000000000000e+00
-9.229400229100093167e-01
6.267594793345809823e-01
-3.727241880892941950e-01
-7.695894612916052147e-01
1.239695236402475753e-02
1.000000000000000000e+00
2.866296104771383080e-01
5.046579960589201441e-01
1.000000000000000000e+00
-4.088357596427547036e-01
1.000000000000000000e+00
-1.000000000000000000e+00
9.340861611491825256e-01
3.155278473327658428e-01
1.000000000000000000e+00
1.000000000000000000e+00
-4.527565503477524733e-01
2.163509216536825819e-01
-1.000000000000000000e+00
-4.704992324944874960e-01
1.000000000000000000e+00
-1.000000000000000000e+00
-2.351983257115576875e-01
6.482906493689557514e-01
-7.488595489499492164e-01
-7.059083430184520669e-01
1.000000000000000000e+00
-3.036598849278345780e-01
5.835086999929024465e-01
1.000000000000000000e+00
-1.000000000000000000e+00
1.000000000000000000e+00
-4.176046990191354391e-01
6.539132910729202885e-01
7.789672940199373619e-01
-1.000000000000000000e+00
1.000000000000000000e+00
-1.000000000000000000e+00
-3.922477102626366618e-01
-3.517684717511908588e-01
-1.476035982767908150e-01
1.000000000000000000e+00
-5.293987587880853996e-01
-1.000000000000000000e+00
-2.995070373993508062e-01
-1.000000000000000000e+00
3.947535880365897198e-01
8.927886624904193269e-01
-3.900055716792841798e-01
9.208353572380405527e-01
1.000000000000000000e+00
1.000000000000000000e+00
6.386462072327208084e-01
-4.394516088371620000e-01
6.553966553777478277e-01
-1.181648189431634965e-01
-1.000000000000000000e+00
1.000000000000000000e+00
1.000000000000000000e+00
2.818566964789653850e-01
1.000000000000000000e+00
1.000000000000000000e+00
-1.000000000000000000e+00
-1.964966611576782762e-01
1.000000000000000000e+00
-2.573422567324656351e-01
-7.843300366476443353e-01
1.000000000000000000e+00
-1.000000000000000000e+00
2.161387729643497457e-01
1.000000000000000000e+00
1.390495105258252317e-01
1.000000000000000000e+00
1.000000000000000000e+00
4.640590680274008784e-01
-3.425088455168310841e-01
-1.000000000000000000e+00
1.000000000000000000e+00
1.000000000000000000e+00
3.436347618356729861e-01
-3.238556630974108730e-01
2.551478464209440133e-01
7.812660617503295324e-01
1.258194831231902733e-02
-1.000000000000000000e+00
2.328347269121684993e-01
5.537334705650527322e-01
4.265716294909444595e-01
2.538649454964897467e-01
-2.638476763271746517e-01
-7.917352215436771479e-01
9.154699103535783866e-01
1.352960323206416349e-01
5.034038829551229499e-01
1.000000000000000000e+00
-4.851462569671473324e-02
-9.112283457440673029e-01
-1.454324217457815815e-01
9.282623873104265400e-01
-5.434147463927725408e-01
-3.774504516979005908e-01
3.960512090887409187e-01
8.226538631342049657e-01
3.749040220464531781e-01
1.000000000000000000e+00
8.388074262300124762e-01
1.000000000000000000e+00
1.000000000000000000e+00
-5.759747589448346305e-01
4.398825599713463985e-01
-3.797565511546157624e-01
1.000000000000000000e+00
-8.021165695016835295e-01
9.397773456993381291e-01
-1.000000000000000000e+00
1.883734975448767279e-01
3.804556905771562247e-01
-9.229134381525444519e-01
1.000000000000000000e+00
6.429954736812345528e-01
-8.483849622057636208e-02
1.000000000000000000e+00
-6.747639192197700808e-01
5.610359264557485126e-01
-2.691001792062028830e-01
1.136880081679820798e-01
9.343639500324011360e-01
-9.084652897260666604e-01
1.886148500546862283e-01
6.072783432039865481e-01
4.588833496513846089e-01
8.827239748847891532e-01
-1.000000000000000000e+00
1.000000000000000000e+00
-1.000000000000000000e+00
1.000000000000000000e+00
-2.974187646808696961e-01
-1.000000000000000000e+00
-4.115994644882511877e-01
-6.594675377986592979e-01
-4.842188519820131432e-01
-1.000000000000000000e+00
1.245798329109552294e-01
-1.000000000000000000e+00
1.000000000000000000e+00
-3.558267961754477127e-01
-1.000000000000000000e+00
6.960146138519063275e-01
9.662061246056530273e-01
9.588685308174240696e-01
9.701693775752179283e-01
1.000000000000000000e+00
6.115034804331032081e-01
-3.858462506201022491e-01
7.192079133044587680e-02
6.070402772804279756e-01
2.743446838925946984e-01
1.000000000000000000e+00
1.760871971102629108e-01
-1.000000000000000000e+00
-7.657124945436249996e-02
-1.000000000000000000e+00
-1.000000000000000000e+00
1.851840942743530616e-01
9.140514907531771538e-01
4.709439442115015972e-01
2.538558351839858007e-01
3.967194606174089255e-01
5.357707501009383311e-01
2.118806115549390356e-03
-1.000000000000000000e+00
1.000000000000000000e+00
-1.613066131839833439e-01
1.000000000000000000e+00
2.010693365705552293e-01
-1.000000000000000000e+00
-3.716021725156568034e-01
2.620991678965061134e-01
1.000000000000000000e+00
1.000000000000000000e+00
2.223719007004416603e-01
4.838940672123246411e-01
-5.294756886167961696e-01
-1.000000000000000000e+00
-1.546087574700967804e-01
3.038022260050692314e-01
-8.179900217004751339e-02
8.428929744295795556e-01
2.993617065473169192e-01
1.000000000000000000e+00
-8.033574758274143468e-01
3.204656895766736513e-01
3.878898683552158277e-01
9.870402548599324088e-01
1.000000000000000000e+00
-1.000000000000000000e+00
-5.360597210380606548e-01
4.337812826049900483e-01
6.081891953259450645e-01
-8.792538136151905048e-01
-5.165328390915420176e-01
-1.000000000000000000e+00
-1.272051326549563099e-01
3.936938261417362028e-01
-4.181305299300479561e-01
1.586304320084497288e-04
1.000000000000000000e+00
-9.073029853711500614e-03
8.493574697533452511e-01
-6.263312273758280257e-01
1.000000000000000000e+00
-8.110856853744402573e-01
-5.058030889401414765e-01
-1.000000000000000000e+00
1.228797987648713869e-01
-4.271798821154152992e-01
6.529930025534049776e-01
-7.755039095269189442e-01
7.788556380418660829e-01
-3.234812876059697806e-02
-5.431282314623316898e-01
1.000000000000000000e+00
6.475055112849027739e-02
-1.000000000000000000e+00
-9.883643533983792473e-01
1.000000000000000000e+00
-1.000000000000000000e+00
-4.070390287178513589e-01
-2.120702557588320103e-01
-1.000000000000000000e+00
-9.255528395277827780e-01
-1.463383760445060300e-01
2.242589094949951067e-01
-1.000000000000000000e+00
2.667576235522670092e-01
-8.343224759757960074e-01
-1.000000000000000000e+00
3.775702282332852322e-01
1.000000000000000000e+00
-1.245303441370938097e-01
-1.000000000000000000e+00
-3.134617563286770103e-01
-2.019157806989511361e-01
1.000000000000000000e+00
-1.000000000000000000e+00
-5.746559443325873762e-01
1.220963139781010565e-01
6.329909232772433780e-01
-6.588468726275026333e-01
-2.980812332087608985e-01
9.948370960575212418e-01
2.416567000757899875e-01
-5.867587558821405480e-01
2.846849936386435242e-01
-4.898602162606263688e-01
4.047741541619210848e-01
4.705224081544412407e-01
-8.283037070421637171e-01
7.818910763166172506e-01
-6.217246836752821082e-01
-1.446569286269529520e-01
6.850414079952665825e-01
1.000000000000000000e+00
-3.929741704334770436e-01
1.618353442471437420e-02
-1.000000000000000000e+00
9.886097547518619688e-01
-1.000000000000000000e+00
-9.149551532695353595e-01
7.712506820375579775e-01
3.436560192876238207e-02
6.658725625005191828e-01
1.472136088615579042e-01
1.000000000000000000e+00
-1.000000000000000000e+00
4.539969463413417450e-01
-8.866765055048908550e-01
1.555877611890667533e-01
1.000000000000000000e+00
9.345490286570860006e-01
4.412117460750684117e-01
1.936555530739424158e-01
1.000000000000000000e+00
2.526491173741706175e-01
1.000000000000000000e+00
-1.861075218565060585e-01
-1.000000000000000000e+00
1.668268082795501261e-01
-1.000000000000000000e+00
7.475793083959553220e-01
6.117391506324959538e-01
-5.535085407256024048e-01
-1.000000000000000000e+00
1.859256431816735944e-02
-1.000000000000000000e+00
-1.000000000000000000e+00
-7.597935689193638931e-01
-8.947608562274810273e-01
-3.989054835301250046e-01
4.342541389960162257e-01
-5.730916062813125322e-02
-8.048857736046344247e-01
-1.000000000000000000e+00
8.953768169589901849e-01
-1.000000000000000000e+00
1.000000000000000000e+00
4.920880351972156119e-01
-1.000000000000000000e+00
-1.035284993625345540e-01
1.000000000000000000e+00
-8.072095443528459757e-01
4.013096984605292183e-01
1.410626246244451876e-01
-1.000000000000000000e+00
-1.472879816052041768e-02
-6.841500695113613695e-01
8.362454452111307557e-01
-1.000000000000000000e+00
1.000000000000000000e+00
7.581352310058095956e-01
1.000000000000000000e+00
5.384117558927364877e-01
2.572789156264320143e-01
-6.262741138665983698e-01
2.074305370135671456e-01
1.000000000000000000e+00
1.229852935071357178e-03
-4.667030058375153390e-01
1.419929061557942407e-01
-7.249242033513338956e-01
-1.000000000000000000e+00
3.503761046450249439e-01
3.457171183556964067e-01
1.000000000000000000e+00
-1.000000000000000000e+00
3.149762289242317159e-01
1.000000000000000000e+00
1.290186405149484905e-01
-1.000000000000000000e+00
3.722534226748192010e-02
-1.000000000000000000e+00
-3.956973468061271704e-01
9.097845466810944304e-03
1.000000000000000000e+00
1.000000000000000000e+00
-1.000000000000000000e+00
-1.000000000000000000e+00
-1.344710219285203956e-01
1.000000000000000000e+00
-5.094539354474809656e-01
-1.000000000000000000e+00
1.000000000000000000e+00
1.000000000000000000e+00
4.729326522527625698e-02
-1.000000000000000000e+00
-1.000000000000000000e+00
3.084173323037417425e-01
-1.000000000000000000e+00
8.089267676157253506e-01
-7.445030393625989840e-02
-1.000000000000000000e+00
6.969812811705615729e-01
4.530262218999153712e-01
5.384049009855536028e-01
-2.043421885969591845e-01
-1.000000000000000000e+00
-7.512922027845944095e-01
-4.374785851177109275e-01
1.000000000000000000e+00
-3.215539454962921817e-01
1.985598254563322174e-01
-3.617047897700658154e-01
-1.341025387741757169e-01
-5.268144123729574524e-01
5.183549323136479314e-01
-1.000000000000000000e+00
-1.561276717965778826e-02
-8.099444789716491178e-01
1.000000000000000000e+00
-8.819435694499753176e-01
7.664766552291563118e-01
-6.762388677566260053e-01
1.000000000000000000e+00
-1.000000000000000000e+00
-1.000000000000000000e+00
6.040850485021376226e-01
1.000000000000000000e+00
1.000000000000000000e+00
1.000000000000000000e+00
1.000000000000000000e+00
-4.198757584103940954e-01
-1.000000000000000000e+00
-2.269920687141976923e-02
9.617151839135559266e-01
-1.000000000000000000e+00
-5.665755865519381818e-01
-1.000000000000000000e+00
-1.355946643509123861e-01
-4.792688114489450646e-01
8.739062687986833833e-01
-4.038909980633636487e-01
-1.000000000000000000e+00
-1.000000000000000000e+00
-1.000000000000000000e+00
-1.000000000000000000e+00
4.644179558752387083e-01
5.248997477573774662e-01
8.351541507284963028e-01
-1.000000000000000000e+00
-1.000000000000000000e+00
1.000000000000000000e+00
-1.000000000000000000e+00
1.000000000000000000e+00
-1.000000000000000000e+00
-9.298463980008658814e-01
-9.059628048193892891e-01
1.822082113901139500e-01
-8.952139006390782416e-01
1.000000000000000000e+00
-1.000000000000000000e+00
4.564306115494997096e-01
-1.000000000000000000e+00
1.000000000000000000e+00
2.626546604029698084e-01
-2.004316886229298156e-01
7.697719443363340019e-01
-8.847793299795491118e-01
3.158005048199949982e-01
-1.000000000000000000e+00
-4.597129098880654019e-01
-9.941749053934483271e-01
6.910385359086982371e-01
6.503634731969268890e-01
4.791321987550823946e-01
-5.233294248844960750e-01
6.045557113372035385e-02
-5.594470847508009603e-01
-4.110612452051490839e-01
-7.116730072679853247e-01
1.000000000000000000e+00
-1.000000000000000000e+00
1.000000000000000000e+00
-2.795166573562863355e-01
-2.058702773695920696e-01
-1.000000000000000000e+00
9.932501292225766054e-01
-5.687451790981260524e-01
-1.000000000000000000e+00
1.372481243655571115e-01
3.440736781161519153e-01
-1.000000000000000000e+00
1.000000000000000000e+00
3.373797258884673328e-02
1.000000000000000000e+00
-4.811847547767711397e-01
8.920204798938384805e-01
1.000000000000000000e+00
1.000000000000000000e+00
6.390592969839106186e-01
1.000000000000000000e+00
-1.000000000000000000e+00
-7.101881724242169458e-01
1.000000000000000000e+00
7.419001059684225685e-02
1.000000000000000000e+00
-5.122574762220515054e-02
-9.902161972374825538e-01
-4.979950490964051291e-01
-7.321073162096398690e-01
-1.766456536164230651e-02
-9.029361091918597371e-01
-1.000000000000000000e+00
-3.210865069220945611e-01
3.627232295171339826e-01
4.004689731931467822e-01
-4.419066596670481184e-01
1.000000000000000000e+00
1.000000000000000000e+00
1.000000000000000000e+00
-5.258007970436947565e-01
-2.052388209131952579e-01
-9.359575491117305690e-01
-1.000000000000000000e+00
-3.978157148436856083e-01
-2.207494714932524693e-01
1.000000000000000000e+00
2.078756460743455825e-01
-1.000000000000000000e+00
3.405905673536122613e-01
-1.000000000000000000e+00
1.141535437303298484e-01
6.197945315150048540e-01
-1.243193348122237918e-01
-5.981214597123425403e-01
-9.331132666439349022e-01
-1.000000000000000000e+00
-1.487718194005758221e-01
-1.000000000000000000e+00
-4.274452633334797635e-01
-1.000000000000000000e+00
-2.746698757354254505e-01
3.197780835402058153e-01
9.971070892602182378e-02
-1.157761098840679181e-01
7.069864316754405076e-01
-1.010534534500184545e-01
-8.177544996990721016e-01
-8.168305002880629218e-01
5.204455496670148396e-01
-1.000000000000000000e+00
-5.526542776772169763e-01
2.087377362802309011e-02
1.757646913597671334e-03
-2.950059845803443270e-01
5.489381451955218649e-01
1.000000000000000000e+00
8.018573694617251446e-01
-3.718971906853391074e-01
-4.333126268101042955e-01
1.000000000000000000e+00
1.000000000000000000e+00
-5.193242947719748370e-01
-2.931257945895363592e-01
1.000000000000000000e+00
-3.664684114629371270e-01
1.000000000000000000e+00
1.000000000000000000e+00
-1.000000000000000000e+00
6.913297858506805005e-01
-1.000000000000000000e+00
1.000000000000000000e+00
1.000000000000000000e+00
4.331780757535548809e-01
2.947554146784202578e-01
1.000000000000000000e+00
1.000000000000000000e+00
-3.039533850308026031e-01
1.000000000000000000e+00
-5.843969282460934611e-01
-8.629643164391247179e-02
-1.000000000000000000e+00
-5.285662910748357701e-01
1.000000000000000000e+00
-3.612530953510028064e-01
-6.286423714047048583e-02
8.399220993979008565e-01
3.238515027111956712e-01
4.472187222519805050e-02
-7.407896343362182501e-01
1.000000000000000000e+00
4.326603386546883367e-01
-2.859647624914500308e-01
-4.479366687273341197e-01
-7.286975496961006771e-02
1.000000000000000000e+00
1.073630261764496052e-01
9.340118894682941653e-01
1.000000000000000000e+00
5.401216291736138375e-02
-5.625080954820620427e-01
-7.118211830169350607e-02
9.861943837121730505e-01
-4.306150622306353926e-01
5.508210784047578024e-01
-6.909841229323870904e-02
-5.687216505080621154e-01
8.534296659422117015e-01
-1.000000000000000000e+00
1.000000000000000000e+00
5.729945805856824226e-01
-2.756001493320910101e-02
5.469890968399112596e-01
1.000000000000000000e+00
1.000000000000000000e+00
-6.020173489734233219e-02
-1.000000000000000000e+00
8.564063541762930720e-01
-3.311464217594452253e-02
-1.000000000000000000e+00
9.670807058150932001e-01
1.000000000000000000e+00
-6.118876186184145638e-01
-1.000000000000000000e+00
9.031473793115682991e-01
1.000000000000000000e+00
-4.368319449215399830e-01
1.000000000000000000e+00
6.199177190642953805e-01
-1.000000000000000000e+00
-1.000000000000000000e+00
-1.000000000000000000e+00
-4.826990141765823972e-01
9.071799744460522508e-01
-7.092827113935237238e-01
-9.930734637167801804e-01
-1.000000000000000000e+00
-3.427991108116348884e-01
-1.347035589129439437e-01
1.000000000000000000e+00
-1.000000000000000000e+00
2.398635453101866100e-01
7.788829833875396957e-01
5.434212552041784994e-01
2.633425771988438524e-01
-4.666250967143790729e-01
-1.000000000000000000e+00
-7.469513584633118430e-01
-4.343629506712148869e-02
3.069162204055422838e-01
-6.081889498337473832e-01
-1.538713399099271018e-01
-1.447216361180713451e-01
4.178004098741135430e-01
-7.936332766826875718e-01
-6.905262615988629893e-01
-4.936205549371606160e-01
-1.000000000000000000e+00
2.071535693587609611e-02
-1.000000000000000000e+00
-1.000000000000000000e+00
1.000000000000000000e+00
2.275275115442745161e-02
-9.060073273770743452e-01
-2.992621961015253240e-01
-1.000000000000000000e+00
-9.232489348743552204e-01
5.624683271460664269e-01
-1.000000000000000000e+00
-1.001105765181197205e-01
-1.000000000000000000e+00
-4.486142101943783878e-02
-1.000000000000000000e+00
2.273826731609923935e-01
-4.423176772994170669e-01
-7.553297777675764824e-01
1.916178578164843826e-01
1.000000000000000000e+00
8.270059997062964574e-02
-1.000000000000000000e+00
-1.000000000000000000e+00
4.403928350251293256e-02
5.345439988714806301e-02
2.104898754815871520e-01
5.222727780723707136e-01
1.233870543643306589e-01
1.000000000000000000e+00
-8.521637878170660318e-01
-5.473895701435645966e-01
-1.000000000000000000e+00
1.000000000000000000e+00
-1.000000000000000000e+00
-2.385795694057910865e-01
-1.000000000000000000e+00
-8.277088751443512082e-01
7.415831912293232575e-01
-9.302566740398525713e-01
-1.000000000000000000e+00
1.000000000000000000e+00
5.978577375511399117e-01
-1.000000000000000000e+00
-1.000000000000000000e+00
8.661714692560473772e-01
4.856445256924468712e-03
-4.179888866664982494e-02
-8.166968874511852938e-01
7.336197686837020449e-03
-2.488114406689173053e-01
-9.768330873326208641e-01
-1.000000000000000000e+00
-8.864927004286842216e-01
-1.820604994226529549e-01
4.196811631683713406e-01
-9.012039431471573214e-02
-1.000000000000000000e+00
-1.000000000000000000e+00
6.775954036149733906e-01
1.205302582524116345e-01
1.000000000000000000e+00
3.303462763867563989e-01
-4.667793815725856943e-01
-1.000000000000000000e+00
-1.000000000000000000e+00
1.000000000000000000e+00
9.439238149143133194e-01
4.638540787894803730e-01
-5.968541390994600571e-01
-1.178902673448355837e-01
1.000000000000000000e+00
8.452937495485242092e-01
-1.188396830232323065e-01
3.134167405969139342e-01
-1.864626536426078063e-01
-5.640076496384929250e-01
2.603400349617903120e-01
4.110448757121353269e-01
-1.178968997233966337e-01
-3.623823277588245628e-01
-4.591085005215229664e-01
7.785814020216978992e-01
9.091996176440902966e-02
1.137765229026811431e-01
1.784335704236436060e-01
-1.000000000000000000e+00
-3.299435472243477108e-01
-6.035684010895772111e-01
-4.212717369550381119e-01
5.100297996501194087e-01
-3.733514130564465905e-01
6.982515721022261035e-01
-1.121337851301855704e-01
3.699732791876150229e-01
-1.000000000000000000e+00
1.000000000000000000e+00
-4.433599719477168133e-01
2.697050695482146043e-01
9.882977002215728168e-01
2.011919475434566229e-01
1.000000000000000000e+00
1.000000000000000000e+00
-1.253395326433774659e-01
5.239569083295585461e-01
-6.268816253008467898e-01
1.000000000000000000e+00
-1.000000000000000000e+00
-1.000000000000000000e+00
1.000000000000000000e+00
6.597121790018057874e-01
1.841456292519575988e-01
-1.000000000000000000e+00
1.170909360382711428e-01
6.536106805499679595e-01
1.000000000000000000e+00
3.903592680124626790e-01
-7.182937044890667089e-01
1.000000000000000000e+00
1.000000000000000000e+00
-1.000000000000000000e+00
-9.960586155006496967e-02
-4.601979729909150829e-01
-1.000000000000000000e+00
1.000000000000000000e+00
3.221005228104087958e-01
6.077875199756220814e-01
-1.000000000000000000e+00
1.043885097329687039e-01
6.611074357917281485e-01
-2.359440961583708085e-01
1.000000000000000000e+00
7.695624766738859979e-01
5.608761930398811213e-01
-6.264009297638786222e-01
-1.000000000000000000e+00
4.609893953655154752e-01
7.896266414436150516e-01
-2.054901195173326478e-01
-1.344151876565448933e-01
5.603008195663490287e-01
1.510244374786730570e-01
6.861966586061626905e-02
-1.118747867734501134e-01
5.803829276944261206e-01
3.154894537550521072e-01
1.417123058486161741e-02
-1.000000000000000000e+00
-5.612469408423228501e-01
-2.853578251613166361e-01
4.309278388325879505e-02
-2.725724360016021919e-01
6.176915108489260398e-01
-1.796223586927336302e-01
-1.527532139733590866e-02
7.550849141965823019e-01
3.935693940673908320e-01
4.143135286170274156e-01
1.000000000000000000e+00
1.000000000000000000e+00
7.417659884703826645e-01
-1.000000000000000000e+00
1.000000000000000000e+00
3.710359116368220911e-01
-1.000000000000000000e+00
-3.147200294293825418e-01
8.475298852304147257e-01
-1.000000000000000000e+00
1.000000000000000000e+00
6.560042542111997887e-01
-1.795958380485414285e-01
1.795633302619211169e-01
9.540134596028299052e-01
-3.141300267590610429e-02
-4.881330339419100994e-01
1.546694826571742842e-01
-2.222127014284017432e-01
1.021760433794123013e-01
1.000000000000000000e+00
-2.502570188263645301e-01
-5.718970743355489272e-01
-1.695948271977620325e-01
1.307080197478473760e-01
-5.789811212485489189e-02
4.943479000967207493e-02
-3.570019307095508854e-01
-1.475125796909559917e-01
4.116907235636471096e-01
-5.368074432147021957e-01
-8.766559129703699327e-02
-1.000000000000000000e+00
9.303954752549113971e-01
-1.000000000000000000e+00
-7.620543453515390420e-01
-1.402768537767184465e-01
-9.717002097524539694e-01
7.544210787804771501e-01
-5.020993566010575199e-02
-1.965730779237980230e-01
7.016426077013213636e-01
-6.223854213950619219e-01
1.000000000000000000e+00
-5.915612367161443563e-01
5.521657270945889984e-01
1.797196320810409420e-01
1.000000000000000000e+00
1.935220674573653321e-01
1.000000000000000000e+00
-1.000000000000000000e+00
-7.435510334139263655e-01
-5.176395061911629458e-01
-2.575128263887179747e-01
-2.239314733512672295e-01
-8.169691176344698880e-01
-1.000000000000000000e+00
1.213133531874207027e-01
-1.000000000000000000e+00
-3.135571491997762306e-01
-9.109032950134576812e-01
-1.000000000000000000e+00
-1.000000000000000000e+00
-9.978619422336034717e-01
-6.028248559203696066e-01
1.000000000000000000e+00
-2.014266147530800466e-01
-3.122964305848335842e-02
1.000000000000000000e+00
-2.692567426798926911e-01
8.024958505063193304e-01
6.615160153860167869e-01
-5.788288777104406702e-01
8.919021243714746472e-01
4.106673179715701338e-01
8.368955494962968533e-01
-2.754107873475331036e-02
7.384242834609038297e-01
8.692554043032109101e-01
1.689840308317545892e-02
-4.448182270683992967e-01
-9.549715326278277461e-01
-1.201624445435220540e-01
4.822253973495992385e-01
9.288259281094241038e-02
-4.155922900085636251e-01
-2.610979307978310016e-01
-7.894456166993899515e-01
-9.079516776575073667e-02
2.650068712379157199e-01
1.000000000000000000e+00
5.366553018934212549e-01
-1.000000000000000000e+00
7.821220338420615814e-01
-1.000000000000000000e+00
1.000000000000000000e+00
1.000000000000000000e+00
-1.000000000000000000e+00
7.659372359469420743e-01
-7.674205910720730550e-01
9.897309383672949767e-01
2.860131332806793436e-01
-2.738277558456692073e-02
1.000000000000000000e+00
-8.745213322603417883e-01
1.000000000000000000e+00
-2.243167328522391313e-01
-1.000000000000000000e+00
1.585078531976103489e-01
-1.000000000000000000e+00
1.000000000000000000e+00
1.000000000000000000e+00
1.000000000000000000e+00
-1.000000000000000000e+00
-4.419843295954459239e-01
9.502566593457090205e-02
-1.000000000000000000e+00
-1.000000000000000000e+00
1.000000000000000000e+00
-4.463563052506505091e-01
-3.591674115513563970e-01
9.649733259190022006e-01
1.000000000000000000e+00
8.510289376740358680e-01
-4.921467797244649667e-02
1.000000000000000000e+00
-1.276903079960772791e-02
-5.100857972685762798e-02
8.089491510576799493e-01
-1.000000000000000000e+00
-1.000000000000000000e+00
2.972804708549696140e-01
4.756713824130920365e-01
8.563765071584479305e-01
1.000000000000000000e+00
5.318506523600885494e-01
9.169910671772499300e-02
5.613441069730735755e-01
1.000000000000000000e+00
6.081618339488524816e-01
9.393970042180750379e-01
4.962903191722985996e-01
-1.331900876790078625e-01
-6.332694491834633954e-01
-1.000000000000000000e+00
-1.000000000000000000e+00
-2.265384761910081424e-01
8.828250714943817190e-01
3.411489448604700381e-01
-3.621980813241316155e-01
1.000000000000000000e+00
-4.404600615996333568e-01
3.507018488050370753e-01
-6.453407548648997238e-01
-1.000000000000000000e+00
7.077778225518809307e-01
-6.234712408910996206e-01
7.380327384905254196e-01
-8.672109149956089835e-01
1.000000000000000000e+00
-7.620510711761778744e-01
4.501867821392430691e-01
1.000000000000000000e+00
-1.000000000000000000e+00
9.684307103416076590e-01
-1.000000000000000000e+00
5.758666865520679634e-01
-1.000000000000000000e+00
-7.364415123586269818e-01
1.253181330850943187e-01
1.000000000000000000e+00
1.000000000000000000e+00
1.397610071159121614e-01
1.000000000000000000e+00
-1.116844923070902662e-01
-1.000000000000000000e+00
-1.000000000000000000e+00
1.000000000000000000e+00
-5.349842229507201230e-01
-1.000000000000000000e+00
-5.905224960052813943e-01
1.000000000000000000e+00
3.421683297713047356e-01
6.025913111034162384e-01
-1.000000000000000000e+00
-1.000000000000000000e+00
7.798908119741241318e-01
1.000000000000000000e+00
-9.171497386311411315e-01
6.654267103195956601e-01
7.031407177720211399e-01
1.483100239494893335e-01
1.000000000000000000e+00
7.390423721327161743e-01
1.000000000000000000e+00
1.000000000000000000e+00
-1.000000000000000000e+00
1.000000000000000000e+00
-1.000000000000000000e+00
-1.000000000000000000e+00
9.331963856200224949e-01
9.613521715007661284e-01
-8.236964433323059609e-01
-6.803142301932844083e-01
1.000000000000000000e+00
-3.597610735066911203e-01
1.518524153872059246e-01
5.054409950213767377e-02
-1.000000000000000000e+00
5.770830923249290478e-01
7.453797581326400135e-01
4.221229733433037867e-02
1.000000000000000000e+00
1.000000000000000000e+00
-1.292114300094522883e-01
-1.000000000000000000e+00
-1.000000000000000000e+00
1.000000000000000000e+00
4.565547972098102925e-01
-1.000000000000000000e+00
3.122851903570634802e-01
-2.774805203190658931e-01
-6.247608283934716900e-01
-8.954825654082654296e-01
-7.246167767363330681e-01
-2.869124423757610787e-01
6.878808678250538655e-01
-6.352207741399162888e-01
3.737351285834408232e-01
-1.112339918725815946e-01
5.348397032969245402e-01
2.829005860684535856e-01
1.000000000000000000e+00
9.949191893192694813e-01
1.373344201383697449e-01
1.000000000000000000e+00
-1.524293265701158751e-01
1.332447714981123410e-01
-1.534050130770109599e-01
1.000000000000000000e+00
8.205292326588859986e-01
4.621604971391911065e-01
1.000000000000000000e+00
9.707893639425709820e-01
-6.703731339998433292e-01
-1.000000000000000000e+00
2.240345711689545882e-01
-1.733595662118099512e-02
-1.827553893569515697e-01
1.000000000000000000e+00
1.000000000000000000e+00
1.000000000000000000e+00
1.511518531236125673e-01
1.000000000000000000e+00
3.938926059498772947e-01
6.815151598795021748e-01
-3.884055385654961445e-01
2.685691856676011291e-01
4.057358163502010062e-01
2.059739845924742907e-01
3.044849404075306021e-02
9.442885134571367134e-01
1.000000000000000000e+00
-1.000000000000000000e+00
-1.000000000000000000e+00
1.000000000000000000e+00
-1.000000000000000000e+00
8.153619776754406079e-01
5.566068077550836435e-01
9.512858567394276710e-01
-1.000000000000000000e+00
1.000000000000000000e+00
2.230661366033973581e-01
-1.000000000000000000e+00
-9.322045560083730420e-01
8.012880612093403743e-01
-5.384968559807723487e-02
-2.974959429912220621e-01
8.816534343907411753e-01
4.109332854483078723e-01
-1.000000000000000000e+00
5.680525316497575528e-01
-2.118355135274199996e-01
3.585229294741424377e-01
1.000000000000000000e+00
-1.000000000000000000e+00
-7.019929308432482085e-01
-1.379030977802716829e-01
1.000000000000000000e+00
1.000000000000000000e+00
3.478137076815168705e-01
1.000000000000000000e+00
6.166676955295100626e-01
7.217773505743643181e-01
1.000000000000000000e+00
1.747456154534642314e-01
1.000000000000000000e+00
5.564445035946594675e-01
6.653841221107186232e-01
-9.097266976795918003e-01
4.812267596704443706e-01
-1.000000000000000000e+00
5.622385641388354394e-01
3.907540060902767176e-01
8.016059282805465536e-04
-8.735000112469792910e-02
-1.000000000000000000e+00
-1.000000000000000000e+00
-6.314454354750171916e-01
-4.670108944961151587e-02
3.964900218567561363e-01
-1.672659884003081798e-01
1.000000000000000000e+00
2.661316072131023613e-01
-5.502609795608481846e-01
1.000000000000000000e+00
6.204774969238516791e-01
-1.000000000000000000e+00
5.367127651307946890e-01
5.731872158138979767e-01
6.257474998236457475e-01
8.999635243338588442e-01
-8.066342562152387097e-02
-8.621432809285630716e-01
8.257350179089288644e-02
-1.039670548326150912e-01
-7.185576982821907377e-01
1.000000000000000000e+00
3.915618700394597473e-01
-4.506266946770756121e-01
4.639778910094781716e-01
1.000000000000000000e+00
3.066151984000974051e-02
-7.253018918259683812e-01
-9.951551613042867173e-01
1.000000000000000000e+00
2.099512232407749202e-02
3.939479658860168265e-01
1.000000000000000000e+00
-4.856107706540693236e-01
-7.981543596398061879e-01
-1.844713778347754629e-01
2.534183581784976713e-01
-1.000000000000000000e+00
-6.759248349655230248e-01
1.000000000000000000e+00
-9.135918112025492865e-01
-2.826609495672910422e-01
-3.061670140600631362e-01
1.658398298831459394e-01
-1.000000000000000000e+00
1.000000000000000000e+00
-1.000000000000000000e+00
1.000000000000000000e+00
2.137064149823119513e-02
-1.002347721531664237e-01
7.920561136587362938e-01
-6.501057534534040450e-01
3.507595265944152274e-01
-7.297189085055538760e-02
-1.000000000000000000e+00
-7.767597360531003359e-01
-1.000000000000000000e+00
-4.273123981716233089e-01
-1.283719593922831581e-01
3.167683145273351153e-01
1.000000000000000000e+00
-5.016697861004933978e-01
-1.645397830858824351e-01
-1.000000000000000000e+00
-8.270768420949953237e-01
-1.000000000000000000e+00
6.007161476610716200e-01
1.954904247471181966e-01
8.537217448204973413e-01
7.142752335808605357e-03
7.067393950736770014e-01
7.878111019922001690e-01
2.930081193542454221e-01
-2.707831823418817008e-01
-6.079251732317464407e-01
1.000000000000000000e+00
7.069083335851390482e-01
-9.314157670984487547e-01
7.137768589519269957e-01
-4.487825281707056857e-01
-1.000000000000000000e+00
-2.697417095462474323e-01
-1.000000000000000000e+00
9.530553517462662105e-01
1.000000000000000000e+00
3.398344658453470446e-01
1.218282812783073321e-01
-1.000000000000000000e+00
1.000000000000000000e+00
-3.347152688026383549e-02
5.134104916904413951e-01
1.000000000000000000e+00
-2.997364708236770481e-01
-8.540060468071259958e-01
4.730749195907467120e-01
7.029272452643078317e-01
1.836779638817627180e-01
9.102904806960806505e-01
-1.000000000000000000e+00
1.000000000000000000e+00
8.123916716536637717e-01
-2.272333293847794700e-02
-3.553955803572491079e-01
-1.000000000000000000e+00
-3.195619943807065377e-01
-8.477671902381862523e-01
6.012118468358084167e-01
2.640147326926980398e-01
-4.254082186863117343e-01
6.581182577599629102e-01
-1.000000000000000000e+00
-4.811991162033310010e-01
-5.953848064287547981e-01
-2.284769671951871473e-01
-1.000000000000000000e+00
-1.000000000000000000e+00
2.703850402571520983e-01
-9.825843558956173229e-01
-2.490460353543250682e-01
-7.941254670919304370e-01
-1.878207847999410207e-01
-9.699844125332283962e-02
1.000000000000000000e+00
-4.417980268727104698e-01
-1.297731363351901646e-01
-1.114212242891081117e-01
9.677757525889555401e-01
-9.628325504328125728e-01
-1.000000000000000000e+00
1.000000000000000000e+00
-2.917703573617392854e-01
6.550913388438063256e-01
1.000000000000000000e+00
-1.000000000000000000e+00
4.406385163330624466e-01
2.045944075099469517e-01
2.705312422202593159e-01
-7.169725435997308383e-01
6.300205830895824199e-01
6.763475799814812062e-01
8.672493312798104648e-02
1.000000000000000000e+00
8.851122830406683573e-01
-1.000000000000000000e+00
-1.000000000000000000e+00
5.366619691725174057e-01
-5.690573539616760046e-01
-4.859626158767971216e-02
1.000000000000000000e+00
6.433087112003575969e-01
-1.000000000000000000e+00
-2.668832411316743869e-01
1.329353472875098308e-01
-1.000000000000000000e+00
4.581206944678447579e-01
-1.000000000000000000e+00
-1.283555282352498161e-01
-8.156088811182192755e-01
3.596197995137124792e-01
-8.912663182326925337e-01
1.956967495860626460e-01
2.661154948125782349e-01
-1.024697939155987253e-01
-4.127672760005766661e-01
1.325333529207881333e-01
1.000000000000000000e+00
-1.000000000000000000e+00
1.000000000000000000e+00
8.749881377277659578e-01
2.944430432183101631e-01
-1.000000000000000000e+00
8.066504377235153012e-01
-3.898402934928889563e-01
6.708130975598163293e-01
1.000000000000000000e+00
9.760724082333182006e-01
-2.240654569833855358e-01
-5.950730676391304819e-01
-1.000000000000000000e+00
1.106128658839349160e-01
6.909565195761755430e-01
7.663851247989887927e-01
1.000000000000000000e+00
-8.132108006368043984e-01
-5.941109540602247385e-01
-7.122810351148547436e-01
-1.000000000000000000e+00
-6.951170971434512680e-01
1.293097358688527765e-01
-1.311186567731374535e-02
-6.250508256176314781e-01
-5.327067227569284857e-02
-2.206318097529217925e-01
-4.043022773865317943e-02
-1.000000000000000000e+00
3.472127979015402488e-01
3.419626561855854119e-01
-1.000000000000000000e+00
1.000000000000000000e+00
-1.000000000000000000e+00
-6.392084588034342429e-01
-1.000000000000000000e+00
-1.000000000000000000e+00
-1.000000000000000000e+00
1.000000000000000000e+00
1.108476685074945151e-01
-1.390362598006188999e-01
-4.801110468071945192e-01
-3.860455631378745256e-01
1.000000000000000000e+00
3.005394752909826828e-01
1.000000000000000000e+00
-6.254600421518928810e-01
9.975251081636601347e-01
-1.000000000000000000e+00
-5.295240407456485165e-01
1.000000000000000000e+00
5.915714877809083450e-02
-3.156581019455759751e-01
3.724683589540779272e-01
-5.806597735733561028e-02
2.265034801791771524e-01
9.033639922898703545e-02
-8.345567600585821477e-01
5.205216465755678756e-01
6.380430659253666370e-02
-9.136326268918709692e-01
-6.126727034118302218e-01
-5.700605770396584004e-01
3.186361845101330914e-01
1.000000000000000000e+00
-1.000000000000000000e+00
-1.000000000000000000e+00
-1.590651515296829244e-01
-1.000000000000000000e+00
-1.000000000000000000e+00
2.774892721422232977e-01
2.754827628678622742e-01
1.000000000000000000e+00
2.170608334358390679e-01
3.958975105204327882e-02
3.869624379012475135e-01
1.000000000000000000e+00
-1.185699022122007062e-01
6.559677521849045512e-01
-3.026375554118947431e-01
1.000000000000000000e+00
3.895620588167757470e-01
1.000000000000000000e+00
-1.000000000000000000e+00
2.062590056505856917e-01
1.000000000000000000e+00
-5.725866792074660871e-01
-9.618950104377141930e-01
4.097356215613077168e-01
-3.393347389114325097e-01
1.000000000000000000e+00
-1.413575619416604923e-01
-9.835706896219417184e-01
-5.251397780515836278e-01
1.000000000000000000e+00
6.836665567807180821e-01
9.309802658669013020e-01
-7.158630580462668203e-01
1.000000000000000000e+00
-6.892483453974371788e-01
1.585417423645277823e-01
-5.560850083806918587e-01
2.050234888973354597e-01
-7.132138789386235911e-02
8.790839825917742267e-01
-7.433532625106603620e-02
-5.264591761986292529e-03
6.504843609841431951e-01
-3.560077472186158887e-01
1.000000000000000000e+00
-1.407304027752148134e-01
1.000000000000000000e+00
-3.448619744983698054e-01
6.911206779622428575e-01
1.757508014127101004e-01
-7.618652607808444888e-01
1.000000000000000000e+00
-6.989623618154411355e-01
-6.624091441842714367e-01
-1.000000000000000000e+00
1.292007182502570295e-01
1.000000000000000000e+00
-1.845579038640590419e-01
5.019511898932058624e-01
2.667740837423217548e-01
-1.866410342711649351e-01
-1.000000000000000000e+00
-1.000000000000000000e+00
7.048954542994505246e-02
1.000000000000000000e+00
-1.502897511531269825e-01
1.650053577044511277e-01
-5.461229172466178783e-01
4.878339174106949838e-01
1.000000000000000000e+00
-7.518796597976692420e-01
6.529936748248466039e-01
-2.165997036131395714e-01
-8.985359548695587284e-01
-1.000000000000000000e+00
1.918798803818490550e-01
-5.711917471501738452e-01
-1.000000000000000000e+00
-1.000000000000000000e+00
1.000000000000000000e+00
-1.269286045254586215e-01
-1.000000000000000000e+00
9.526119622121353991e-01
9.338034675120366890e-01
-8.547217037944748741e-01
1.000000000000000000e+00
4.237195726738304247e-01
-4.400018568666430596e-01
7.777917140328589607e-01
7.012510659926274315e-01
3.441452477425827050e-01
-6.451601104592562530e-01
8.721926040052725426e-01
-1.000000000000000000e+00
1.000000000000000000e+00
-8.579168109769806927e-01
-1.840372487775862875e-01
1.000000000000000000e+00
1.000000000000000000e+00
5.730612370874004213e-01
-1.000000000000000000e+00
-8.869702628815532286e-01
-6.524613733775885827e-03
-6.702185918523020369e-01
6.750998208861251904e-01
1.000000000000000000e+00
1.000000000000000000e+00
8.556526764515576255e-01
-8.136859445501506416e-01
-1.686980195438343710e-01
-5.044811545100490457e-01
-1.000000000000000000e+00
1.000000000000000000e+00
-1.000000000000000000e+00
7.951804484555842212e-01
1.000000000000000000e+00
-2.249351468672419474e-01
4.926002796548744067e-01
1.000000000000000000e+00
-1.380193440238237368e-01
9.472816835778995470e-01
-1.000000000000000000e+00
-1.000000000000000000e+00
-1.000000000000000000e+00
7.357900237818078004e-01
-1.000000000000000000e+00
-5.321985374380016065e-01
5.980705589431378755e-01
-5.290102235300192524e-01
-1.000000000000000000e+00
-1.000000000000000000e+00
1.000000000000000000e+00
-1.000000000000000000e+00
-3.446844010254545010e-01
8.745783759107873534e-01
-1.629167189377214997e-01
2.089557389487967098e-02
-7.477215583770293605e-01
1.460805883848939057e-01
-6.320382338008747602e-01
-1.766587428201982779e-01
-2.840278970729683272e-01
-1.000000000000000000e+00
-1.000000000000000000e+00
1.000000000000000000e+00
-6.650709240304197856e-01
-7.633014454998034992e-01
-2.392565626197269979e-01
-1.000000000000000000e+00
1.000000000000000000e+00
7.516033744844459463e-02
-3.806573469185671188e-01
6.080715498012756459e-01
-1.000000000000000000e+00
-5.985970332156603790e-01
-8.364772760389952433e-01
1.000000000000000000e+00
-9.217502891954489908e-01
5.036344824908227658e-01
-2.564964006788358897e-01
8.693322476909882690e-01
-4.189128056769263198e-03
6.317907486632040603e-02
-2.368448454314231455e-01
-1.000000000000000000e+00
9.065021594736650812e-01
5.920703767436718001e-01
1.000000000000000000e+00
3.184765205836074253e-01
-9.111314429962900086e-01
-6.733915574016591243e-01
-3.473066376312421433e-01
-6.639411461322878294e-01
9.295776822274549600e-01
1.000000000000000000e+00
8.657178744107405510e-01
2.510700743058255635e-02
-1.000000000000000000e+00
-1.000000000000000000e+00
-3.814053930547944837e-02
-1.000000000000000000e+00
1.000000000000000000e+00
-6.962598869801708834e-02
-1.000000000000000000e+00
-5.341286417055971514e-01
6.865054359945881035e-02
-1.993527626958228882e-01
-1.827675933860257174e-01
6.830925482989106401e-01
2.929628284943589511e-01
5.338615560990670472e-01
2.068907337917837430e-01
3.677565590682090324e-01
5.254377599969021345e-02
-3.792988158480273264e-01
6.610423377899685704e-01
-1.000000000000000000e+00
2.570079520365218251e-01
1.782290310471240091e-01
3.718102182864721494e-02
-4.302914872879830543e-01
1.000000000000000000e+00
3.851091824969952171e-01
1.000000000000000000e+00
-3.716179015828658949e-01
3.066662151355147858e-01
1.000000000000000000e+00
1.967123661685432068e-01
3.407971425021880107e-01
-1.000000000000000000e+00
1.000000000000000000e+00
-1.000000000000000000e+00
8.621158118832801254e-01
1.000000000000000000e+00
2.895229518669113489e-01
7.495013262306802204e-01
1.000000000000000000e+00
1.000000000000000000e+00
4.522428038304874276e-01
8.983083030403272717e-01
1.000000000000000000e+00
-2.659695326700093343e-01
-8.284540559845485763e-01
6.756209531934900259e-01
-6.148574326480555907e-01
-1.470845524042740382e-01
6.909795546589313497e-01
8.299443712859957412e-01
1.000000000000000000e+00
-4.879160265179224854e-02
-1.000000000000000000e+00
-1.000000000000000000e+00
3.036636367464783937e-01
1.000000000000000000e+00
3.983216038578901719e-01
5.864872888254042405e-01
8.080935928718313566e-01
-1.000000000000000000e+00
8.008073000613218362e-01
8.144687254396711928e-01
-4.879835350939243921e-01
1.000000000000000000e+00
2.100678953469964916e-01
-1.000000000000000000e+00
3.977056481911991348e-01
1.000000000000000000e+00
5.377467208855810088e-02
-1.980716228509078192e-01
-1.379841595874838067e-01
5.798991628339728033e-01
1.672739337824667716e-01
-1.429993556848438707e-01
1.000000000000000000e+00
6.564512091987760867e-01
7.007717772960275759e-01
-6.810754198860577979e-01
-1.000000000000000000e+00
-1.000000000000000000e+00
3.119653073140829513e-02
-7.576535209546788607e-01
-3.164655370428907655e-01
-4.382785639640194297e-01
3.236922380886049222e-01
-7.962376442319597514e-01
-1.000000000000000000e+00
3.104701857677291121e-01
-9.390700207727720183e-01
8.560114548747893570e-02
1.000000000000000000e+00
-8.258909585337024239e-01
-3.022591695616247409e-01
1.000000000000000000e+00
-7.336046142837839845e-01
1.387652566441603397e-01
3.450306204861275372e-02
4.509755625355546527e-02
8.768708595140328743e-01
-7.198332821610470278e-01
-9.875200709633685792e-01
1.000000000000000000e+00
-1.000000000000000000e+00
1.000000000000000000e+00
2.267791007198440290e-01
-5.431373465933162503e-01
-4.652738855385716854e-01
-1.000000000000000000e+00
-1.000000000000000000e+00
-4.150598577028669633e-01
1.000000000000000000e+00
3.749337109321354000e-01
-5.344475964209904895e-02
-1.000000000000000000e+00
-8.239000360369710396e-01
-1.979865147612699383e-01
5.459233533886493905e-01
-4.574859763914590483e-01
-1.000000000000000000e+00
-3.851440938677362369e-01
8.686101924267489727e-01
3.997094250682025063e-01
1.000000000000000000e+00
3.118201671406565234e-01
1.000000000000000000e+00
6.321060399463866997e-01
4.862936124279133021e-01
4.622391414387624908e-02
-5.204757771467548588e-01
1.582121875576175674e-01
1.000000000000000000e+00
-1.000000000000000000e+00
3.564327913576591234e-02
-3.690083204503441516e-02
2.680998653441696300e-01
4.066404893607633575e-01
1.000000000000000000e+00
-1.000000000000000000e+00
1.000000000000000000e+00
1.000000000000000000e+00
1.000000000000000000e+00
1.000000000000000000e+00
-1.000000000000000000e+00
-1.000000000000000000e+00
6.911173080297056126e-01
3.879162154203085189e-01
2.327627309058770411e-01
3.010737561864721412e-01
-7.967382190247060958e-01
-2.269838130986231994e-01
-1.000000000000000000e+00
-8.386539718379560915e-01
-8.228905748912571094e-02
1.000000000000000000e+00
-5.324714425125119943e-01
5.647483717815623416e-01
-8.894058523189302123e-02
-1.000000000000000000e+00
-7.584286728204364669e-01
1.000000000000000000e+00
-6.921995435996152191e-01
7.064476170007371048e-01
5.050346036712378694e-01
-7.663356606873394927e-01
1.000000000000000000e+00
1.000000000000000000e+00
5.858675004049420654e-01
2.410189846462879731e-02
-3.865773934437159720e-02
7.993104778289420453e-01
2.589582092106901823e-01
-2.727983816638477332e-01
1.000000000000000000e+00
-4.996933600049995317e-01
2.654276115596219121e-01
3.542804127591912544e-01
-1.000000000000000000e+00
1.000000000000000000e+00
7.964725536244798842e-01
-8.651993357951191788e-02
-1.000000000000000000e+00
9.400570967862598160e-01
4.380674078558681739e-01
-1.000000000000000000e+00
-9.659776543120817127e-01
1.000000000000000000e+00
9.191559377992681856e-01
-1.000000000000000000e+00
7.356994037385838903e-02
1.000000000000000000e+00
1.000000000000000000e+00
-1.000000000000000000e+00
-2.830199715578040065e-01
-3.739137307910964658e-01
1.000000000000000000e+00
-3.803631026613185084e-01
-6.052507537754980849e-01
-5.398184856108478868e-01
-3.986698937321198621e-01
1.713660370386280163e-02
-8.897367475325557162e-01
-1.000000000000000000e+00
-1.000000000000000000e+00
1.000000000000000000e+00
-7.432219401577774276e-01
-4.553820173653646552e-01
7.862078670089194254e-01
-1.000000000000000000e+00
1.000000000000000000e+00
-1.000000000000000000e+00
-1.000000000000000000e+00
-1.445890439903080305e-02
1.000000000000000000e+00
7.487110808071857360e-01
1.000000000000000000e+00
-6.397402316452625026e-01
-4.210528729618008836e-01
8.976430607393911520e-01
-4.396438836442326803e-01
2.057429017274637478e-02
-3.908138857515157660e-01
1.000000000000000000e+00
-1.000000000000000000e+00
5.422818083811207224e-01
-1.000000000000000000e+00
-5.720603995651173390e-01
7.998194116532504616e-02
-3.804687821632328770e-01
-2.652265394760661144e-01
1.000000000000000000e+00
3.104652082242561617e-01
-7.235483282863630627e-01
1.261303013356763481e-01
-1.000000000000000000e+00
7.988237596414137220e-01
6.502531710800935061e-01
1.000000000000000000e+00
-1.000000000000000000e+00
-1.000000000000000000e+00
-3.761903426472483214e-01
-4.928119831693277830e-01
-1.000000000000000000e+00
8.579369080142600357e-01
-4.153406900533778701e-01
1.000000000000000000e+00
-4.193342386593017224e-02
6.016351310418336373e-01
-8.761651354451061025e-03
1.000000000000000000e+00
-9.218037578142282973e-01
-8.477886921573664081e-01
6.721146738249033081e-01
1.000000000000000000e+00
-3.046713806769245636e-01
6.988189721702783852e-02
-1.000000000000000000e+00
5.892425224901374214e-01
-1.000000000000000000e+00
1.000000000000000000e+00
-4.164342502162430293e-01
-1.000000000000000000e+00
-1.000000000000000000e+00
-7.542339707491325929e-02
9.740049145018541132e-01
1.000000000000000000e+00
7.040587631309490613e-01
7.721561683048092650e-01
-1.000000000000000000e+00
-1.000000000000000000e+00
5.970863086990255142e-02
-1.000000000000000000e+00
-8.131216690148760362e-01
1.560266753900398373e-01
-9.631944455371838076e-02
-1.000000000000000000e+00
-6.789055402502655046e-01
2.154766494579949954e-01
-4.604683669283829994e-01
4.617923337601268496e-01
-4.690429870926468015e-01
9.668118991962300068e-01
5.194101594121435239e-01
-1.000000000000000000e+00
9.559774429862143430e-01
-1.000000000000000000e+00
1.000000000000000000e+00
1.000000000000000000e+00
1.000000000000000000e+00
-2.509031304613574820e-01
-5.582389107834146991e-01
2.182230086223548304e-01
9.211389088075822018e-02
6.702120944693108484e-01
-3.997020775728449826e-01
-1.579945524563921011e-01
2.872991418294473798e-02
8.963589611661643142e-01
-4.610413789180317634e-01
-1.000000000000000000e+00
-2.369613935211455913e-01
-6.325025258063634581e-01
-9.935301611593534421e-01
-1.000000000000000000e+00
9.977225700354384053e-01
6.464593336072135266e-01
-1.000000000000000000e+00
6.866378044546619375e-01
-6.080747093945219062e-01
1.000000000000000000e+00
-8.874508566958884126e-01
-2.880165584799685430e-01
1.577448155289248866e-01
2.210171165605863131e-01
4.520918615831940324e-01
-2.990470102321476920e-01
8.303250735311195063e-01
-1.000000000000000000e+00
-9.381107670246815466e-01
1.000000000000000000e+00
7.834876419578552520e-01
-1.000000000000000000e+00
-9.076740984613336227e-01
-4.080213553717135788e-01
-1.000000000000000000e+00
-5.158806506491727673e-01
9.379111330068079511e-02
-6.946623992990714758e-01
-1.000000000000000000e+00
9.980850087863073483e-01
1.000000000000000000e+00
1.000000000000000000e+00
6.031275371735367319e-02
-9.610094987689599133e-02
7.265116660439693286e-01
8.713009058394517448e-01
-7.231586701600115630e-01
-3.152570857216180911e-01
1.000000000000000000e+00
-1.000000000000000000e+00
3.850353984193541357e-01
-7.988716311899364542e-02
-1.000000000000000000e+00
6.440239016979733000e-01
1.000000000000000000e+00
-1.000000000000000000e+00
1.000000000000000000e+00
-3.366834943345065057e-02
6.292558458350036021e-01
-3.460879627302509975e-01
-2.488262566948012400e-01
1.000000000000000000e+00
-1.000000000000000000e+00
1.000000000000000000e+00
-3.590358352008464760e-01
1.000000000000000000e+00
4.772966380120956531e-01
1.000000000000000000e+00
-7.429829991266796441e-01
5.894994983822008372e-01
-9.701567160491350039e-01
-1.000000000000000000e+00
1.052495401029836797e-01
3.185580917133687961e-01
-4.355330742436083757e-01
2.810010521180294485e-01
1.000000000000000000e+00
-2.190347471895947584e-01
-1.000000000000000000e+00
3.735577126917752344e-02
-2.500743165158660908e-01
1.000000000000000000e+00
-9.352747712835041138e-01
1.000000000000000000e+00
1.000000000000000000e+00
-1.000000000000000000e+00
-3.316703976470050663e-01
5.269921820813900926e-01
-5.857694042848191618e-01
-1.152866614670950418e-01
1.000000000000000000e+00
-2.638424031448233231e-01
6.699329025280078564e-01
1.000000000000000000e+00
8.310130821873524809e-01
8.676897860033789822e-01
2.006871868788135393e-01
-2.750629698773437992e-01
-1.261893387857140059e-01
4.484687917145158131e-01
4.933350718354864162e-01
7.800187979153403450e-01
6.437542204508153176e-01
-3.655404230969284685e-01
-6.137229243220140296e-01
6.274211891979775135e-01
-7.625816863362027132e-01
1.000000000000000000e+00
1.000000000000000000e+00
1.429472808806252493e-01
-3.809703017374615475e-01
5.409606499013785985e-01
-5.187600903201678992e-01
-8.314795165809468758e-01
2.081676788647100484e-01
-7.855249908158263850e-01
-4.609406869692822539e-01
-3.724067242271404954e-01
-4.871268028290000052e-01
6.099684683875313818e-01
-1.416827425304721944e-01
-1.000000000000000000e+00
1.000000000000000000e+00
-1.000000000000000000e+00
1.237791529325010242e-01
-1.000000000000000000e+00
9.672101553437313370e-01
1.000000000000000000e+00
-6.712153291017154411e-01
4.451086305965682999e-01
-1.000000000000000000e+00
-2.266687084609229352e-01
-1.000000000000000000e+00
-1.000000000000000000e+00
-1.000000000000000000e+00
-1.000000000000000000e+00
-5.715452287308424584e-01
1.618844339580058356e-01
3.995703606846325862e-01
-1.000000000000000000e+00
-4.834525972857257048e-01
1.779026217908588059e-01
1.000000000000000000e+00
4.680976283893138468e-01
-1.154875674425106524e-01
1.000000000000000000e+00
-1.539601349028215660e-01
2.185449986933455380e-01
2.271530837318886942e-01
-5.330271887051046820e-01
-1.154290809738705847e-01
-5.536675773311223736e-01
-1.352632485654493288e-01
-9.343206810915676286e-01
1.000000000000000000e+00
2.880333020128786337e-01
4.018287352678670543e-02
-7.742243010093859956e-01
2.535053489108238245e-01
-2.717323995862193087e-01
7.467053515007897602e-01
9.940855124882469473e-02
1.000000000000000000e+00
-5.411429967985782463e-01
-1.444774839960327462e-01
-1.000000000000000000e+00
1.000000000000000000e+00
-1.000000000000000000e+00
-1.000000000000000000e+00
-1.000000000000000000e+00
-6.768076368327684555e-01
5.750845636202668310e-01
-5.579423252041124659e-01
-6.406756955059462744e-01
1.000000000000000000e+00
-6.063801644031944216e-01
-3.213162161788660764e-01
1.000000000000000000e+00
9.857226371091407646e-01
-4.125497452045158164e-01
1.334108290251303508e-01
1.000000000000000000e+00
1.000000000000000000e+00
2.457048207423166430e-01
1.019298902353315550e-01
-5.007661332015154176e-01
1.525446842625521882e-02
-1.000000000000000000e+00
4.681938162032651674e-01
-6.811403770145026959e-01
1.000000000000000000e+00
-1.000000000000000000e+00
-1.000000000000000000e+00
7.320999731035517932e-01
-1.000000000000000000e+00
6.624643292596561484e-01
3.751157851125527243e-01
8.830049682769464114e-02
-1.394159014882045966e-02
-1.000000000000000000e+00
1.000000000000000000e+00
-1.000000000000000000e+00
-1.602393448401751019e-02
3.548892503991991076e-01
-3.159546395155119480e-01
-1.000000000000000000e+00
-9.725303375254530369e-01
7.111569763107531417e-01
1.000000000000000000e+00
-1.777482016693446298e-01
-8.938022303242104671e-02
-2.570573130423659536e-01
7.063875963798076363e-01
1.000000000000000000e+00
-8.742538538607930176e-01
6.664896815460295831e-02
4.718283700820323778e-01
5.468620602472160641e-01
8.408982512876865822e-01
7.264310837721327241e-01
-1.000000000000000000e+00
-1.152776874072766744e-02
-4.687233058610718039e-02
-1.000000000000000000e+00
4.584506417997127325e-01
-1.000000000000000000e+00
3.937095852023770881e-01
1.000000000000000000e+00
-1.000000000000000000e+00
3.111600983380086727e-01
-1.901987062041614884e-01
-1.000000000000000000e+00
1.000000000000000000e+00
1.000000000000000000e+00
-6.988971689700860246e-01
1.000000000000000000e+00
-8.044672627620859107e-01
-7.613402276809558833e-01
-1.000000000000000000e+00
-1.000000000000000000e+00
6.631950506024673897e-02
1.000000000000000000e+00
9.377175202931278264e-01
8.116952775272151532e-01
-9.139850471441063329e-01
1.451163559158958061e-01
1.387716971054414883e-01
-7.751219546679903871e-01
5.706444143418718529e-01
4.941187872547399551e-01
9.983725845053018633e-01
1.000000000000000000e+00
5.758982876819684904e-01
1.277228785383015541e-01
-4.293525236573703663e-01
4.901486372683348525e-01
-2.392785367941287211e-01
-1.000000000000000000e+00
-6.498878644090226864e-01
-2.874912853905994825e-02
-8.942538144046929816e-02
-1.000000000000000000e+00
-2.620007474825275517e-01
-5.707346485688569171e-01
1.000000000000000000e+00
6.995000784319737042e-01
-1.000000000000000000e+00
1.000000000000000000e+00
5.183631751744814664e-02
-1.000000000000000000e+00
-1.459203972111435543e-01
9.785674210349344371e-01
9.078912618309668003e-01
1.000000000000000000e+00
1.000000000000000000e+00
-2.158920305585260990e-01
-2.654579893384421130e-01
-1.000000000000000000e+00
-8.800819494883866945e-01
2.672933241457410847e-01
-3.339894828258921922e-01
6.227347333283851372e-01
1.000000000000000000e+00
1.000000000000000000e+00
-1.000000000000000000e+00
2.554616480782428978e-01
5.397578846467997876e-02
-9.264457445398747160e-01
-2.711422745351261820e-01
-1.000000000000000000e+00
1.000000000000000000e+00
-1.000000000000000000e+00
-3.711494049839147435e-01
-9.696936045799877668e-01
-6.397995415457633506e-01
-1.000000000000000000e+00
8.809057150608365916e-01
-6.440267014970765258e-01
-2.323577912845017357e-01
1.000000000000000000e+00
1.000000000000000000e+00
4.833209730223230194e-01
-1.000000000000000000e+00
2.948245074577419689e-01
-7.648840005819692589e-01
4.897449097951909747e-01
-1.000000000000000000e+00
-1.000000000000000000e+00
9.462197817571720293e-01
1.000000000000000000e+00
1.784246227305977262e-01
-1.000000000000000000e+00
1.452964579632234354e-01
-1.000000000000000000e+00
1.000000000000000000e+00
-2.621397772026875517e-01
-8.988742256622165305e-01
3.887759102165695979e-01
4.203649216427602919e-01
-2.013477673720554806e-01
-3.425010785367262889e-01
1.000000000000000000e+00
1.000000000000000000e+00
1.000000000000000000e+00
-3.206259914042340897e-01
-5.364022525047463796e-01
1.000000000000000000e+00
9.167194163997984813e-01
8.157121363449748586e-01
-1.000000000000000000e+00
-5.805293434134579655e-01
-8.221672164081271772e-01
1.000000000000000000e+00
5.975078659228790778e-01
-1.000000000000000000e+00
-7.312258679191281363e-01
2.684804044207295681e-01
6.472039902961559399e-01
1.000000000000000000e+00
1.000000000000000000e+00
-3.557613786662969235e-02
-5.042574521909326535e-01
1.000000000000000000e+00
-8.977510076288826024e-01
-4.281597898742421915e-01
-9.560501513631046444e-02
3.238585122459490817e-01
1.000000000000000000e+00
-1.000000000000000000e+00
7.047601811926389459e-01
3.115583690793243821e-01
-5.216711201332376868e-01
-3.873063142702947714e-01
-1.313282070589676109e-01
1.000000000000000000e+00
-8.805126099643813264e-02
-5.396120862920489314e-01
1.000000000000000000e+00
-1.942985537274876939e-01
-1.000000000000000000e+00
7.325780871484088852e-01
-1.000000000000000000e+00
-1.000000000000000000e+00
-6.883326642712525034e-01
9.021022327513408823e-02
1.000000000000000000e+00
1.000000000000000000e+00
-4.090654788859094948e-01
7.279110686838898836e-01
-1.000000000000000000e+00
-5.200380832577085055e-01
1.943569862677613780e-01
2.203582747392672236e-01
-6.857358834156509486e-01
-7.295083862487707071e-02
-2.379271633701093847e-02
-1.000000000000000000e+00
-1.000000000000000000e+00
-1.000000000000000000e+00
-1.000000000000000000e+00
-3.362615507336678689e-01
-1.608453464877767636e-01
1.000000000000000000e+00
9.223551995023107075e-01
-1.000000000000000000e+00
-8.784625699586137149e-01
6.538137961007213228e-01
-2.233714421579542919e-01
6.728581042460859418e-01
3.079877381595877428e-01
-3.126841859271310975e-01
-1.000000000000000000e+00
-1.000000000000000000e+00
-1.309153093810881407e-01
7.448912986170788120e-01
-4.371234189266129389e-01
-1.704332008500185625e-01
5.108721434804111006e-01
-9.984942407137284981e-01
1.000000000000000000e+00
2.901467291136511362e-01
-1.000000000000000000e+00
5.821605217273317923e-01
-1.000000000000000000e+00
1.000000000000000000e+00
-8.325160936781933474e-01
2.131576556805028777e-01
9.482621671794344564e-01
1.000000000000000000e+00
-9.550209361823362997e-01
5.966572102438340020e-01
-1.000000000000000000e+00
1.000000000000000000e+00
2.393829668738948202e-01
-1.000000000000000000e+00
-4.295225735257193200e-01
-1.000000000000000000e+00
-3.848442337442143923e-01
1.000000000000000000e+00
-2.761622354474307928e-01
3.202707280015275604e-01
7.458220598217886188e-01
-7.285973720173546386e-01
-9.133582546473113517e-01
1.000000000000000000e+00
-6.863440794989884575e-01
6.518138621217336448e-01
-1.514798802137421463e-01
-1.000000000000000000e+00
1.000000000000000000e+00
1.000000000000000000e+00
5.994493076948688159e-01
-9.120181878367872308e-01
7.632382365553112002e-01
-8.720931879833550004e-01
1.000000000000000000e+00
1.000000000000000000e+00
-4.346533079974882474e-01
-1.484459405412770494e-02
-8.516958237601170989e-01
-8.286520083287225447e-01
-1.000000000000000000e+00
1.000000000000000000e+00
7.072641155873753416e-01
-1.000000000000000000e+00
-1.811144308909591327e-01
1.000000000000000000e+00
2.081894608473702502e-01
-1.578504810126133973e-01
-5.316257570312825642e-01
2.267799615895893794e-01
1.000000000000000000e+00
1.000000000000000000e+00
7.694876936450742444e-02
-7.370340788918495756e-01
1.000000000000000000e+00
-1.000000000000000000e+00
-3.060900224251521529e-01
8.494877936855582679e-01
2.789807219907265434e-01
1.000000000000000000e+00
-7.866690504275207774e-01
-1.000000000000000000e+00
3.644110410173511672e-01
8.825953983841684503e-01
-8.574864937979045920e-02
-6.387624651480240390e-01
2.309998655414789992e-01
-1.000000000000000000e+00
8.046329605604840562e-01
-3.881996515449084306e-01
-1.887857981218121761e-01
1.000000000000000000e+00
1.000000000000000000e+00
1.000000000000000000e+00
7.416875663816930864e-01
9.319740162647608406e-01
4.192950845222087608e-01
5.315271978135220898e-01
1.000000000000000000e+00
-2.176079345662102482e-01
-1.678309590480835944e-01
1.794216930840653867e-01
-3.191455133028572866e-01
-4.337923024416282525e-01
-2.448165824919961153e-01
6.764395502543222305e-01
-1.000000000000000000e+00
-8.869258308068478369e-01
-3.389928717168437800e-01
-3.335867845668518683e-01
-1.000000000000000000e+00
-2.796055259013484062e-01
-9.768126216116784777e-01
-9.258140903725191606e-01
-5.007821195999515584e-01
1.413906773847658505e-01
8.025982212288047535e-01
-1.000000000000000000e+00
9.939963507798053044e-01
9.905395367720927213e-01
-1.000000000000000000e+00
1.000000000000000000e+00
-3.210516516712957347e-01
6.757569817670452395e-01
-1.109757720136705372e-01
-6.903941290964710209e-01
1.192175500418259926e-01
-1.000000000000000000e+00
1.000000000000000000e+00
1.000000000000000000e+00
1.000000000000000000e+00
2.632608493263219329e-01
1.000000000000000000e+00
1.000000000000000000e+00
4.030230480011433025e-01
-7.453894778764074136e-01
8.687123037776378620e-02
-9.088296702037651498e-01
1.000000000000000000e+00
-6.310147470522925461e-02
-4.134063687293313416e-01
8.078387072585890838e-02
-3.411352917942299667e-01
-8.442649548927125824e-01
9.961591668836080604e-01
1.000000000000000000e+00
-1.163461801098016613e-01
-1.000000000000000000e+00
-4.353848962432613212e-03
1.000000000000000000e+00
-1.000000000000000000e+00
3.604488109395324047e-01
7.326232005058893604e-01
-4.270116001742843559e-02
-1.912088888528211128e-01
-5.197990612787422027e-01
-1.000000000000000000e+00
9.155901204567749030e-01
-1.000000000000000000e+00
5.328617505293733458e-01
1.000000000000000000e+00
1.348972105025751933e-01
6.350527844465698735e-01
1.000000000000000000e+00
1.000000000000000000e+00
-4.394117625616620337e-01
-1.324808473428987499e-01
8.003571578132643305e-01
-1.000000000000000000e+00
-7.226536765620347191e-01
2.595844630330037539e-01
3.989549023810601280e-01
3.241207393966490935e-01
8.197875989938501196e-01
8.441268683026904585e-01
9.684485750896706935e-02
-1.000000000000000000e+00
1.000000000000000000e+00
-1.000000000000000000e+00
7.110685288257490022e-01
8.708805596481639100e-01
-3.332559783534764231e-01
3.404605297553658372e-01
-5.599184345169308519e-02
-1.000000000000000000e+00
1.000000000000000000e+00
3.468247761385327421e-01
2.384379684367685381e-01
-2.277886645349428418e-01
-1.227009896977518111e-01
1.000000000000000000e+00
-5.365592575806801268e-01
4.379700087938305786e-01
-7.057164191648733764e-01
-1.000000000000000000e+00
9.509144901411428763e-03
-1.757747119298529448e-01
-1.000000000000000000e+00
-9.998944882117243305e-01
-1.471856554701362896e-01
1.956547581741466535e-01
-9.324726838896714165e-01
-7.087159244652233570e-01
1.000000000000000000e+00
-2.207334616731811416e-01
1.000000000000000000e+00
-5.233622865909975941e-02
-1.000000000000000000e+00
-1.099625447187398825e-01
-4.727411737241097311e-01
1.000000000000000000e+00
-1.121081660491510118e-01
-4.276456374619403422e-01
-4.569687816670516267e-01
2.728605261752847233e-01
3.863832168968021619e-01
2.178865651542138127e-01
5.311538174813531521e-01
-5.266804283421101518e-01
-1.000000000000000000e+00
9.864994287672976814e-01
-1.323300982215016575e-01
-5.176128335315089979e-01
-7.598911058384939521e-01
-1.000000000000000000e+00
1.032471750370445029e-01
5.308479953771247928e-01
6.931762297109298476e-01
6.930189966669596524e-01
-4.808559563364883660e-01
1.000000000000000000e+00
-1.931296133373888724e-02
-9.375403915286960599e-01
8.094011201194533101e-01
-1.000000000000000000e+00
6.665760210972243582e-01
1.000000000000000000e+00
1.000000000000000000e+00
5.994917265205511603e-01
9.276131980056129267e-02
-1.000000000000000000e+00
-9.452250533532370325e-01
9.420861335897972033e-01
1.000000000000000000e+00
-6.629685579031419085e-02
-1.000000000000000000e+00
-3.251762254523546392e-01
1.000000000000000000e+00
-8.482994544050022068e-01
-3.856523899878428474e-01
-8.834629111877635443e-01
-8.205952072430308109e-01
-1.000000000000000000e+00
-1.000000000000000000e+00
-2.231482179202992633e-01
-9.797408845758777129e-01
5.613485908473827557e-01
1.523522686955511019e-01
2.821622345933006426e-01
-9.860712769279889045e-02
-1.339109366124779932e-01
-6.114609528035608310e-02
1.000000000000000000e+00
-1.000000000000000000e+00
-1.000000000000000000e+00
2.849934742331793891e-01
1.000000000000000000e+00
-1.000000000000000000e+00
1.000000000000000000e+00
1.000000000000000000e+00
-8.734230892607580676e-01
-2.486848800321112551e-01
-1.000000000000000000e+00
-1.331310559536443838e-01
-1.000000000000000000e+00
6.184113174191328000e-01
1.049471003916969403e-01
1.000000000000000000e+00
-9.527935233334661191e-01
-1.000000000000000000e+00
1.283276157489834923e-01
1.000000000000000000e+00
-2.577878629077333672e-01
8.327345767917125885e-01
5.056310446457067398e-01
-7.890864608463379337e-01
-2.680177899740190384e-01
-1.000000000000000000e+00
-1.000000000000000000e+00
-8.799345504408158103e-01
1.000000000000000000e+00
1.000000000000000000e+00
-1.000000000000000000e+00
-1.000000000000000000e+00
-1.000000000000000000e+00
-3.620641937262253363e-01
-2.829976504711061436e-01
-3.817803652473714116e-01
-1.000000000000000000e+00
2.564237391625704410e-01
3.489814261923042116e-01
4.092857859711621638e-01
9.719768575653660037e-01
4.289006061440988615e-01
-2.855327871385358596e-01
-1.000000000000000000e+00
9.835643750889566661e-01
1.000000000000000000e+00
-2.235174350015523004e-02
-9.999596303018584709e-02
8.773331207634743611e-01
-5.272536567600405455e-01
7.951337071163256942e-01
2.510144716685575039e-02
1.000000000000000000e+00
1.000000000000000000e+00
4.660944303426522994e-02
1.000000000000000000e+00
-7.094028719936361360e-02
-7.199140984430797419e-01
1.000000000000000000e+00
5.810288640034377838e-01
4.028753853113076766e-01
3.877542512236570316e-01
-1.000000000000000000e+00
5.685650635631243066e-01
-9.904057991331641775e-01
-4.434313043470656246e-01
-1.000000000000000000e+00
-8.355805841761135833e-01
-5.166707586004160024e-02
5.227135061607550703e-01
5.299879467545943745e-01
9.682022372081049433e-01
-1.442391856917581150e-01
1.845674612896016364e-01
-1.304492978508911272e-01
-1.000000000000000000e+00
-7.472855211688578247e-01
5.924298007854893466e-01
-1.000000000000000000e+00
-8.983880384003288810e-01
1.000000000000000000e+00
-1.000000000000000000e+00
6.266563148486645751e-01
-4.371140088591377593e-01
-2.063920095118298992e-03
-1.000000000000000000e+00
-9.448694807864650436e-01
-1.000000000000000000e+00
-5.053418500946910141e-01
1.000000000000000000e+00
-1.000000000000000000e+00
8.457713672962769991e-01
-1.000000000000000000e+00
-1.000000000000000000e+00
-1.000000000000000000e+00
-1.000000000000000000e+00
-9.862704021369066154e-03
1.000000000000000000e+00
-9.909858836098814905e-01
5.176404357850634685e-01
3.656025329535903534e-01
2.736798742179088473e-01
-3.965179149624848409e-01
-1.601547882341653462e-01
1.000000000000000000e+00
1.000000000000000000e+00
-2.940910376018271433e-02
-1.449701221421167974e-01
7.577166426315657954e-01
-7.023613973604866390e-01
8.932848205956843701e-01
3.225699931741877746e-01
1.000000000000000000e+00
1.877406606109236487e-01
-1.000000000000000000e+00
7.382251393230447878e-01
1.000000000000000000e+00
7.822786174848581631e-01
-9.483664640512389221e-01
2.829273655283099376e-01
-1.000000000000000000e+00
-6.277327006037706214e-01
7.244186089435230569e-01
-8.072663822374877007e-01
-4.865926424175527343e-01
1.000000000000000000e+00
2.254459463687117360e-01
1.261100355489621350e-01
-7.922462735195262562e-01
9.460523003696750255e-01
-1.000000000000000000e+00
1.000000000000000000e+00
1.000000000000000000e+00
-5.297635594874464671e-01
5.123891420516436535e-01
-1.603080514462445483e-01
-1.000000000000000000e+00
-8.812261609113558603e-01
-4.401108762950352027e-01
5.977158285149136718e-03
-1.000000000000000000e+00
-1.000000000000000000e+00
-1.000000000000000000e+00
9.242475953718414239e-01
1.000000000000000000e+00
-7.310759821393549851e-01
-4.425474990606145242e-01
1.000000000000000000e+00
8.067392851464514347e-01
3.849575935063169752e-01
1.000000000000000000e+00
-9.217635522050928731e-01
6.939520033856413916e-02
1.000000000000000000e+00
-7.678211333784950021e-01
2.667097339602750861e-01
1.646105112951049554e-01
-1.000000000000000000e+00
-1.269313408685412981e-01
8.413924920373161420e-01
-6.317913031093933540e-01
6.479145524139480194e-01
1.000000000000000000e+00
6.832816088332919202e-01
1.348133938910883733e-01
-1.115906055485936244e-01
9.740578494923960440e-01
6.122223853811351035e-02
-5.576554335125218920e-01
-6.576399711131705739e-02
-3.049041266919050308e-01
7.247945351399893710e-01
-3.700614322510131782e-01
-7.033144374408165644e-01
5.787140459020683192e-01
1.000000000000000000e+00
-3.668574095432314830e-01
-2.446406524007537220e-01
5.153049158878822422e-02
-7.912690172837659741e-01
4.012391297841161886e-01
1.000000000000000000e+00
6.044503151703324306e-01
-1.000000000000000000e+00
-1.000000000000000000e+00
2.970527500051347580e-01
1.000000000000000000e+00
-9.855640930268310118e-01
9.606605991234189179e-02
9.733580324890331315e-02
-1.000000000000000000e+00
-9.848519279487565337e-01
2.300591681531554966e-01
1.000000000000000000e+00
-5.101181075200222903e-01
4.493556718168330577e-01
1.000000000000000000e+00
-1.000000000000000000e+00
-1.000000000000000000e+00
1.435937956019097683e-01
1.000000000000000000e+00
-1.000000000000000000e+00
1.000000000000000000e+00
5.639015421583273291e-01
-1.795834613311791950e-02
-8.823886996394496585e-01
3.321485125616764345e-01
7.512263951511488624e-01
-3.424829371531903921e-01
-1.000000000000000000e+00
1.000000000000000000e+00
2.803457493393533562e-01
-1.343699647035880573e-01
4.980551353299855766e-01
8.480295328396172394e-01
-3.491395018772913694e-01
-2.086526493455178877e-01
-4.250628822191515610e-01
-1.000000000000000000e+00
-6.007064629751756035e-01
-6.677526815620788980e-01
-2.969201847815726159e-01
6.224473437808593079e-01
4.465782952214428225e-01
-1.000000000000000000e+00
1.000000000000000000e+00
1.000000000000000000e+00
-1.918450563989144153e-01
-1.000000000000000000e+00
-8.536669412251109978e-01
-1.000000000000000000e+00
-2.573457534968722760e-01
1.253382861846785712e-03
-1.915127967268425158e-01
1.000000000000000000e+00
-1.000000000000000000e+00
-1.000000000000000000e+00
1.113893503560669518e-01
-5.167080624889268670e-01
1.000000000000000000e+00
-9.388968120218399438e-01
-8.406079445660749605e-02
4.250501124624452287e-01
5.249205351714433254e-01
-4.323887065836226062e-01
2.627536991142676581e-01
-1.000000000000000000e+00
1.000000000000000000e+00
1.513579304031644757e-01
-1.498083960665904657e-01
5.777765660599061270e-01
4.095920745254630901e-01
-8.221194501856657344e-02
1.000000000000000000e+00
3.174078724118847838e-02
3.161909759689545130e-01
-1.000000000000000000e+00
2.048931438760514534e-01
1.000000000000000000e+00
5.321912937541599664e-01
1.000000000000000000e+00
3.643356136873088236e-01
-4.574741256146875878e-01
-1.000000000000000000e+00
-5.032002462959531131e-02
-4.729996351695046064e-01
1.382229983959507025e-01
-1.000000000000000000e+00
-1.000000000000000000e+00
6.843056192956233907e-01
1.000000000000000000e+00
-2.075391287410500163e-01
1.000000000000000000e+00
6.774795160242089720e-01
-1.000000000000000000e+00
8.316392450362638522e-01
-2.484591104652761340e-02
2.884136498463156228e-01
-9.950481804523296780e-01
-9.855607353096671464e-01
3.880071879634284793e-01
-3.960946964660984615e-01
6.495726399793816386e-03
-9.742498288600536238e-01
1.000000000000000000e+00
1.000000000000000000e+00
5.555816569296222474e-01
-4.852818336830022616e-01
1.000000000000000000e+00
1.000000000000000000e+00
5.027772435900885739e-01
-4.466532586892384415e-01
3.826342490790514139e-01
8.077804515259370266e-01
-3.806417775727872765e-01
-1.000000000000000000e+00
1.000000000000000000e+00
-1.000000000000000000e+00
-2.365279177058527971e-01
1.353907908609323085e-01
-6.534603200083443086e-01
-5.352377313836392120e-02
-4.011725757468208586e-01
1.000000000000000000e+00
-1.407528478873347755e-01
5.052204396716623858e-02
-9.601091331636242288e-01
-6.579657676584410586e-01
-3.827587378961749831e-02
-4.985993860540877121e-01
-1.000000000000000000e+00
-8.166893449833306784e-01
-7.737682289164082849e-01
1.000000000000000000e+00
2.251394609853153428e-01
1.000000000000000000e+00
1.000000000000000000e+00
-7.028791583038269675e-01
-3.697663920724344466e-01
7.456083146931185013e-01
-4.873218245410239069e-01
1.000000000000000000e+00
-8.797096721156202337e-01
4.679026460228732920e-02
-8.208362956003515398e-01
-1.000000000000000000e+00
-1.000000000000000000e+00
4.948236852291018617e-01
5.225506308401651756e-01
2.838076256856905677e-01
-3.907764161413335158e-01
-9.116899048795575888e-01
-4.626180875840150142e-01
-1.293611091604557617e-01
1.000000000000000000e+00
-1.000000000000000000e+00
-5.465520923137184850e-01
-1.939875856943526766e-01
5.145501827864197297e-01
2.903518353810370378e-01
4.655437639022573793e-01
1.000000000000000000e+00
-3.821478704029507290e-02
-4.490214990495672298e-01
9.562924396669604254e-01
-1.000000000000000000e+00
-5.838068649250620634e-01
7.042566218473986783e-01
3.020812409160785195e-01
-1.000000000000000000e+00
6.464855536673348446e-01
1.000000000000000000e+00
-1.000000000000000000e+00
1.000000000000000000e+00
7.408326159086113805e-01
1.000000000000000000e+00
-6.510275532328343440e-01
6.605773051790436723e-01
-3.077822093803843084e-01
8.043804825569639272e-01
1.000000000000000000e+00
1.000000000000000000e+00
-7.790652629876047008e-01
-4.726096035693296837e-01
-2.952521198858519824e-01
1.000000000000000000e+00
1.000000000000000000e+00
-4.622816066725108364e-01
-2.432578697100075127e-01
-1.000000000000000000e+00
7.673918473206933211e-01
-7.078986424478432848e-01
3.990905984048796484e-01
-6.777266927999682222e-01
1.000000000000000000e+00
1.000000000000000000e+00
2.187531918696374589e-01
9.873904731500861010e-01
1.000000000000000000e+00
-3.619325951393593810e-01
-2.165452228110408342e-02
9.741703721638799163e-01
-1.652755619490717601e-02
-2.080455239536385115e-01
1.000000000000000000e+00
7.741802244187195869e-02
-5.447709362183348336e-01
1.000000000000000000e+00
-9.256487343128595446e-01
-2.506744224340368699e-01
-8.714328794967856062e-01
7.467615641176834629e-01
-7.908277306891023928e-01
-7.292106675419791628e-01
2.688846891699357422e-01
-2.224671100083164266e-01
-1.000000000000000000e+00
1.175979967783847696e-01
-1.000000000000000000e+00
-2.180357087562534157e-01
-5.920196513582399733e-01
2.299134770290260088e-01
-1.000000000000000000e+00
-9.340723003967731364e-01
1.489837429128414992e-01
-9.235012010322202203e-02
-6.493833871088185994e-01
4.697111133264348926e-01
-2.447963312906115685e-01
-8.885573140043421247e-01
-1.000000000000000000e+00
-7.692869849805047400e-01
1.404946633273048140e-01
1.000000000000000000e+00
-2.450889388247320944e-01
-9.398994993124055730e-01
-1.830359087796543105e-01
1.000000000000000000e+00
-1.000000000000000000e+00
2.547971698481293346e-01
6.176663450226314023e-01
-9.233870013069372940e-02
-1.000000000000000000e+00
-1.000000000000000000e+00
-1.000000000000000000e+00
2.737136790697785593e-01
-1.000000000000000000e+00
1.000000000000000000e+00
1.000000000000000000e+00
1.000000000000000000e+00
1.000000000000000000e+00
-7.383716305713018402e-01
3.915350108710884403e-01
-3.262388386716424393e-01
-7.538445266350167762e-01
-3.036960668805122054e-01
2.518995808602519926e-01
-1.582968021991227603e-01
3.559935477457411013e-01
5.227301191374967848e-01
8.058488398266484554e-01
1.000000000000000000e+00
-9.320493732614608673e-01
-2.145990822670681697e-01
9.397445775451040983e-01
5.136747379678265890e-01
-5.300259571270719006e-01
2.761943716518720504e-01
-1.000000000000000000e+00
-1.000000000000000000e+00
2.529468178023136504e-01
-1.000000000000000000e+00
4.314987760627537194e-01
-1.000000000000000000e+00
6.631918460302789198e-01
-8.024870026546296886e-01
-1.545670060332023366e-01
5.896003996718809370e-01
-1.000000000000000000e+00
5.028498021026602816e-01
-1.000000000000000000e+00
-1.000000000000000000e+00
1.000000000000000000e+00
-1.000000000000000000e+00
1.000000000000000000e+00
-1.000000000000000000e+00
4.034429469624978282e-01
-7.273504294829105099e-01
2.457147944145313123e-01
8.457060712820171355e-01
-1.804130537673983292e-01
1.000000000000000000e+00
-7.237299810583481818e-01
7.607022586885645032e-02
3.323103947541017344e-01
2.877634610045339686e-02
2.905747610804665926e-01
-3.249619118582031674e-01
1.000000000000000000e+00
8.625430966583564896e-01
4.349441787832721840e-01
1.000000000000000000e+00
1.887630899847313470e-01
-3.513220960687443717e-02
1.000000000000000000e+00
-8.330867850235451622e-01
-1.000000000000000000e+00
-1.000000000000000000e+00
2.035962958989446236e-01
-6.335246526698466996e-01
-3.540933792837114291e-01
-6.566559322089455808e-01
-1.000000000000000000e+00
4.310030832224940878e-01
-5.836859345751907457e-02
4.982781583979982720e-01
3.750414380232538480e-01
7.670655212533752376e-01
3.534129342003095586e-01
7.059708463069676032e-01
7.403076504685068837e-01
9.921659399848974381e-01
-6.797708572706541164e-01
-1.000000000000000000e+00
-2.683274332141379892e-01
-1.000000000000000000e+00
4.886115273383725421e-01
-3.106129519134388506e-01
-1.000000000000000000e+00
1.000000000000000000e+00
-1.000000000000000000e+00
1.000000000000000000e+00
-2.881431051417240874e-01
6.062837555469683393e-01
-1.000000000000000000e+00
-1.000000000000000000e+00
-3.745295207906163548e-01
9.139562495343152015e-01
6.474867841900966425e-01
1.000000000000000000e+00
-3.341521072597272157e-01
-4.199897017540254462e-01
-4.807882972489232465e-01
-5.101653940359097694e-01
-1.000000000000000000e+00
-3.327713235190249419e-01
-1.000000000000000000e+00
-4.510227141599256750e-01
5.038692935319555311e-01
-5.615679097069907755e-01
1.000000000000000000e+00
-1.000000000000000000e+00
-2.014711889466420103e-01
6.615144312848348918e-01
-1.000000000000000000e+00
-5.809178648873877249e-01
6.649365370639254147e-01
7.109867679291825837e-01
5.159747035515213076e-01
-3.894852624826579124e-01
2.238955956609495201e-01
3.850333436196488601e-01
-3.130917156147180469e-01
2.454093060312153296e-01
1.000000000000000000e+00
-4.522565975911678748e-01
-3.861221542494696624e-01
-1.000000000000000000e+00
8.398014541695798529e-01
9.516214643733736933e-01
1.000000000000000000e+00
1.000000000000000000e+00
9.462834713022555411e-01
9.573547099365150581e-01
-1.000000000000000000e+00
-6.664041089622085856e-01
-3.052944056477346901e-02
-1.852555705007741249e-01
-8.279635489699292972e-01
7.071934075897294836e-01
-4.465388720536600520e-01
7.732198049304584986e-01
-4.819042741349624515e-01
-7.143828699010283945e-01
1.000000000000000000e+00
-1.940247902098021227e-01
3.133017413319835187e-01
-8.362759623590035885e-01
-2.582938484990577876e-01
9.581329273179750583e-01
-1.896569852066992690e-01
-8.448607216181318602e-01
-1.305597977672129095e-01
-1.000000000000000000e+00
-9.691285905052254845e-02
1.000000000000000000e+00
-1.000000000000000000e+00
-1.000000000000000000e+00
1.000000000000000000e+00
8.126178868824516233e-01
3.016332102297612505e-01
2.050171880665818402e-01
9.459349981667396490e-01
1.000000000000000000e+00
-1.000000000000000000e+00
1.735114574722853575e-01
1.391141814690617373e-01
-2.900356286641488923e-01
-5.335126041353888127e-01
1.000000000000000000e+00
-3.707947118326804792e-01
-1.000000000000000000e+00
2.501990880386045779e-01
1.349407941162900360e-01
-9.895408749379469571e-01
8.742420783624245129e-01
-2.155524859888418021e-01
-1.000000000000000000e+00
1.000000000000000000e+00
5.956894657536988547e-01
-1.000000000000000000e+00
-5.026170019268544342e-01
2.156789764572784596e-01
-8.852624703778476656e-01
-6.316312722668552260e-01
-6.164124103416232514e-02
7.521589827758408120e-01
-1.000000000000000000e+00
4.311556411719476567e-01
-1.000000000000000000e+00
-4.172544720403756346e-02
1.000000000000000000e+00
3.715217595365832848e-01
2.231129063019740288e-01
1.000000000000000000e+00
9.104842326782636164e-01
-9.072143491926892844e-01
1.000000000000000000e+00
-4.375083750614859324e-01
-1.000000000000000000e+00
-8.569211618969552191e-01
5.517461635099517592e-01
1.000000000000000000e+00
1.124839928706498071e-01
8.162603717150168636e-01
5.560073622051981967e-01
1.022206616017750508e-01
-2.438038290904872007e-01
9.168417083729708539e-01
-4.175402244150420716e-01
-8.320723807047865073e-01
2.490306247575476972e-01
5.027534662235837448e-01
1.000000000000000000e+00
1.000000000000000000e+00
-8.821351070115752702e-01
1.000000000000000000e+00
-2.104822954847419547e-01
1.315120439773919125e-01
-1.000000000000000000e+00
-1.332518732521899285e-01
9.442245795538136699e-01
7.143024485443186800e-01
6.755544331463287921e-01
-1.000000000000000000e+00
-1.000000000000000000e+00
5.777598583718766001e-01
1.000000000000000000e+00
-1.000000000000000000e+00
-8.345403414345207160e-01
5.205687153021004709e-01
8.567470746825611716e-02
-3.306347043060918756e-01
-2.888729495890362542e-01
-7.379776289744592876e-01
1.247545994539935865e-01
4.815524839533860679e-01
-3.680459336313661456e-02
9.045108471348088930e-01
-2.900455668502258666e-01
-2.131004413805052677e-01
-9.475308433450404522e-01
-3.362681276741789071e-01
-6.613438717094383135e-01
6.582734652533137609e-01
-6.595659705241464499e-01
9.596279675686811839e-01
8.981094064906343100e-01
-9.408952523301942206e-01
4.417211940713366980e-02
9.173874730754071338e-01
-5.236345574511640510e-01
-1.000000000000000000e+00
-4.297803755987692487e-01
4.822484655446748203e-01
-1.072783810475818750e-01
1.000000000000000000e+00
-7.746113258764057985e-01
8.293142944809020478e-02
-2.421229352968136406e-01
1.000000000000000000e+00
2.109417053862155944e-01
-1.000000000000000000e+00
-1.000000000000000000e+00
5.183648407321939100e-01
-1.823938182878738490e-01
1.000000000000000000e+00
1.032963209673242316e-01
9.016713023421739637e-01
3.300850230565284260e-01
7.889756336417375060e-02
1.000000000000000000e+00
-7.016230245421588574e-01
-9.787848099499051324e-01
4.005915337204847271e-01
1.000000000000000000e+00
-3.128252812160160490e-01
9.865511943664578842e-01
-1.000000000000000000e+00
1.430572925409275831e-01
-1.000000000000000000e+00
1.683441228711456128e-01
1.000000000000000000e+00
1.169731867477430409e-03
-6.963187417960686743e-01
-1.000000000000000000e+00
-5.096144121112531344e-01
-8.388116644797045662e-01
4.520820734721349710e-01
-4.069664313387310051e-01
-4.725619310371564907e-01
-1.870649545625117927e-02
-8.629731796710515823e-02
-5.897604928696614790e-02
-3.492359275255606521e-01
5.493354820791319648e-01
-4.340573275592081171e-01
-5.043443672804990285e-01
1.000000000000000000e+00
-1.000000000000000000e+00
1.000000000000000000e+00
1.000000000000000000e+00
-1.000000000000000000e+00
5.090723849436953191e-02
-1.621161045094282604e-02
3.840586725727284101e-01
-6.520722955997312886e-02
1.000000000000000000e+00
7.085170427266824777e-01
8.078428844541939435e-01
-1.000000000000000000e+00
1.742224538831331493e-01
-2.178609490187381759e-01
-1.000000000000000000e+00
-9.259117569930577218e-01
9.759486538297112990e-01
3.026207419497072282e-01
1.000000000000000000e+00
-7.990800012466194868e-01
1.000000000000000000e+00
-3.276159816310063588e-01
-1.000000000000000000e+00
-8.944404294048218240e-01
1.000000000000000000e+00
-1.000000000000000000e+00
-1.737564260089627943e-01
1.000000000000000000e+00
-8.642581692837947305e-01
2.824577312632975401e-01
5.051249377214394043e-01
-2.836339822037267089e-01
3.912023770194262839e-01
1.000000000000000000e+00
-1.000000000000000000e+00
-9.497439520590104101e-01
-1.000000000000000000e+00
-4.964789164985387027e-01
5.666690616202180175e-02
-1.000000000000000000e+00
-1.000000000000000000e+00
-8.914426973032650858e-01
1.000000000000000000e+00
-4.936812955325425856e-02
3.998104689095529629e-01
-1.000000000000000000e+00
-6.729716638245262228e-01
-9.109419614785005948e-01
-1.234325656248178721e-01
1.000000000000000000e+00
1.938141109012197494e-01
6.069896553416468388e-01
1.000000000000000000e+00
-5.171351391910867790e-01
8.697613963983328311e-01
-1.000000000000000000e+00
2.102267439541560534e-01
-1.108222339541027057e-01
-3.513480568947520699e-01
-3.305858704625437294e-01
2.782379017256385034e-01
-9.213287223728963138e-01
-3.035295614846434953e-01
-1.000000000000000000e+00
-2.334960666827086972e-01
-2.255445500037581708e-01
2.724624699622528734e-01
4.027482304321166606e-01
-2.860538929551690868e-01
5.729631604199203476e-03
2.082546647926027950e-01
8.006952086108654054e-01
1.000000000000000000e+00
-3.199105362300481703e-01
-1.000000000000000000e+00
-1.881270782985564050e-01
-1.000000000000000000e+00
-8.718355319498742872e-01
3.799424919672351186e-01
-4.543648247041611188e-01
2.966741990304058163e-01
3.293157592292012548e-01
8.031884767612653686e-01
1.000000000000000000e+00
-7.497821821538680487e-01
-3.040167125956313998e-02
1.000000000000000000e+00
7.387878924717905527e-01
-1.000000000000000000e+00
-1.000000000000000000e+00
8.633662484795033565e-02
1.000000000000000000e+00
-7.419890578222529953e-01
-1.000000000000000000e+00
1.000000000000000000e+00
-5.466342764526256337e-01
-3.480395061955651737e-01
7.618845425666757043e-01
4.135469407517817775e-01
