-2.561917861975748223e-01
-1.260125437862363307e-01
2.599524098628117619e-01
-1.584099487087130831e-01
-3.689568433111564683e-02
-1.381580726289079186e-02
4.164098085051431974e-01
-8.717955135195774863e-02
-6.724620569905950807e-02
-1.562579401630930787e-01
-1.742851907932196076e-01
5.097759627801230764e-02
3.593082561271417896e-01
-2.348886144341829629e-01
1.519999297120700199e-01
-5.674735398401373893e-02
-1.533747234076348331e-01
-1.002387778277138292e-01
3.187603929120761959e-01
4.851029467110024723e-02
8.335247235419415701e-02
7.195155252891699549e-02
2.004097504018092363e-02
-6.378198680606581364e-03
1.842017597219808567e-01
-9.117433049053799698e-02
-2.468842456511698424e-01
-2.750761593918913950e-01
1.170349041695382952e-01
8.166464409674913105e-02
-1.000034624747858369e-01
4.843558041064052744e-02
-1.335666716573450929e-01
2.109650833328054198e-01
-1.499592544042328444e-03
-5.304380637565749845e-01
-1.018451083024928816e-01
3.804509848068799577e-02
5.845064202325880517e-03
2.785132437671491989e-01
-1.221553035635073725e-01
6.229632620676046895e-02
1.176519158138153720e-01
-3.818612826996434784e-01
4.620682413792254195e-01
1.683573634774699346e-01
1.545991276944133908e-01
3.014096314671590310e-02
3.773828374208457737e-01
1.858045625250915323e-01
3.468304877240262485e-01
1.384650558651745189e-01
-1.979724810853400463e-01
9.263317651817019882e-02
-1.266531631094534593e-01
-1.701956143729906890e-01
-1.021730872487634223e-01
-1.192317965021747472e-01
-3.022309527131606943e-01
8.098546757867983170e-02
-6.003692590862976797e-01
1.671122704681439475e-01
-4.257557926500735168e-01
6.385533431710282981e-02
4.457752606327797934e-02
-3.061128661467901399e-02
-6.474170290419437590e-01
2.420790108781024907e-01
-1.794714983848039735e-01
1.533083023742466688e-01
-7.276952540300767394e-03
2.281631298729312751e-02
-2.675129826643969921e-01
-1.319655570353209795e-01
-2.202327367714342066e-01
-7.017402801617164676e-02
-5.612344866493218509e-02
-7.122131134636823686e-03
1.945637471302109163e-03
1.327284963701184650e-01
2.023813376150282173e-01
1.245370303295857822e-01
2.753323268742387531e-01
-1.293637444285277716e-01
-1.775376020164602109e-01
1.304664924439714047e-01
2.136168211053468546e-01
-1.165193056597504107e-01
-3.495958408402095041e-01
-2.090000220908721229e-01
-3.370049645070010702e-01
1.457375856752110566e-01
2.659593075975627552e-01
-1.296907902794694478e-01
-3.014592203506992196e-01
-3.188956137733983121e-01
-5.052371361051184451e-01
4.746231461650321504e-01
3.675552607545164441e-01
-4.367002453208175539e-02
2.341261135710060240e-02
1.036186053088091891e-01
2.372497067683796146e-01
-1.066187062326212909e-01
1.536332837770695015e-01
3.442006067168479344e-01
1.752233286189499306e-01
1.807750919918689470e-01
-8.721484979279592320e-02
-5.316838638865664657e-02
6.786284374761673843e-02
-2.055587034458163931e-01
-2.869323338829090075e-01
-8.347128604624586001e-02
2.595247651090202834e-01
-2.755740392303644981e-01
-2.206810497109606972e-01
1.021500917905734662e-01
-3.484134553656041688e-02
-1.498459450323833334e-02
-9.352706304548409622e-02
7.883506365585102316e-03
1.761896316384610750e-01
3.810849331848178423e-01
-1.048820137126896673e-01
-3.385735965498219979e-01
1.635740156046918969e-01
2.583191025297114640e-01
2.573838040447824493e-01
-1.663888025689338745e-01
3.820141505590628900e-02
4.196063288750187699e-03
2.821773102250253046e-03
-4.044600482626435622e-02
1.633598065911641695e-01
-6.516087399775974398e-02
-6.503373063880139859e-02
-2.743938240658621019e-01
-2.210163910819461230e-02
9.294950997583194263e-02
8.184877887452268741e-02
1.843610168178016206e-01
-4.794155673837723342e-01
1.357489153061372800e-01
4.311036330356926571e-02
-3.607211872985478518e-01
-2.461080229944475617e-01
3.797103903816416159e-01
-1.521886536535114187e-01
8.628680603606377064e-02
-1.843578476785446008e-01
5.401419844512214130e-01
-1.371565403890111778e-01
-2.707080319667781176e-01
7.781643689090045335e-02
2.480031565358208345e-01
7.577248197593494661e-02
5.139131968120962124e-02
-2.884663968173056814e-01
-3.758565437309879242e-01
2.758214310794410706e-01
3.002363729731367115e-01
3.707004312727867346e-01
-2.592121426013049845e-01
-1.185364356709892042e-01
3.765997142536327558e-01
8.450967760504311810e-02
-2.525450727913449572e-02
1.574451824891545948e-01
-1.219525754331360901e-01
-1.264421807297137212e-01
3.796580149964832729e-01
3.208072264767027060e-02
1.011586311861578380e-01
4.272224424762067346e-03
-1.903467327356728189e-01
-9.564942791543971923e-02
-1.788804353432531524e-01
-1.917317370406168564e-01
-2.613814852160621371e-01
-1.473031247464534343e-01
1.342802917173671062e-01
7.389847152642212147e-02
1.894089334681759995e-01
1.522599021583308510e-01
7.741705300743438600e-02
-3.237577942515038748e-02
-4.189924948336983673e-02
-6.129919116021631531e-02
-8.047281444045366328e-02
-1.737953442741005938e-01
2.111342409236375423e-02
-2.267195332467423219e-01
1.762199466916869739e-01
-4.095503189768508467e-01
-1.010904479852523519e-01
-3.465224162569175981e-01
1.120443118293371456e-03
1.198357837485221344e-01
-3.162544436148305160e-01
-6.835062622628354512e-02
3.205027997341540202e-01
1.480565248824491087e-01
2.325538392242646746e-01
-1.475059289104843907e-01
-1.783741382078201099e-01
-1.114346218406684769e-01
3.007623456023688843e-02
5.553011874527138403e-01
1.101073068749027495e-01
1.733464175166020693e-01
-1.651986835222241101e-01
1.111884208083798870e-01
-6.267655365302292336e-02
-3.874480650429744655e-01
-3.425305260174456995e-02
-2.973015721283372298e-02
-3.842630194742317068e-02
-1.923951055986549141e-01
6.571774992269613369e-02
2.710645140619968307e-01
-2.435983917172786783e-01
9.910482853011153004e-02
-1.415103878174996110e-01
-2.285540692217252201e-01
1.201007521359714197e-01
1.473219353695184031e-01
3.028847522937793135e-01
5.790035928724472647e-02
-1.805894828916286277e-01
2.773732485707403606e-01
7.240835805746444198e-02
-5.637139340564378126e-02
-5.561650754617896569e-02
7.413654188243216925e-02
2.199349059340076074e-01
2.571338159818672975e-01
1.975282390932393273e-01
-5.058823512288863899e-02
-2.862367562985031477e-01
-1.948634365001584157e-01
2.998556334723406214e-01
2.482287850374092775e-01
1.491276204504595471e-01
-1.289549950733001049e-01
-1.953947833893587283e-01
1.202742156698029599e-02
3.059267554622546736e-01
-1.446734862693742352e-01
5.334167699459251011e-02
1.543561915612044200e-01
-7.489827146327773799e-02
7.536693467371614885e-02
-2.669109087082698895e-01
1.610095122486525920e-01
3.674169434651833321e-02
6.961624076082087442e-02
-1.258397999736633466e-01
1.812929383393554195e-01
-1.447199519089720221e-01
-9.393907612720654721e-02
-2.203828130280529318e-01
-1.164433279460790199e-01
8.835554048607530131e-02
-2.712830044270324661e-02
-8.375878441307040012e-02
-1.804497698230829103e-02
-6.752457066244328676e-02
-1.374499063786981112e-01
3.918894482834124338e-01
-2.564820546192815298e-01
9.871427389920769957e-02
3.471880827178190632e-02
8.439973235215006897e-04
-2.502667843741110953e-01
4.237836674992492281e-01
5.555063446779782282e-02
1.547639810051576748e-01
3.681690896230626064e-01
3.335022682266071681e-01
6.563013845944971891e-02
5.754167726939028206e-03
2.226634008172130030e-01
-2.360755926020841611e-01
-1.624480119468834916e-01
-2.032902590548155836e-02
-2.154158063787167954e-01
-4.999236308399330198e-01
2.576303214274093187e-02
1.813887933758338289e-01
-2.233704402808587286e-01
-1.397222178161842410e-01
2.628875509347077671e-02
-1.560180795726847092e-01
1.823731137720630557e-01
-2.473484731291751282e-01
-1.265920716480180008e-01
-4.059263524669602385e-01
8.475789748956134850e-02
-4.522116867603270252e-01
-2.347125521065203391e-01
-2.653863443590376847e-01
-4.291185877490645284e-01
-2.804132729319512851e-01
-1.590256340624345843e-01
7.942560761940840874e-02
-7.703686727593857253e-02
2.755924207725408623e-02
-2.224793358818270284e-01
4.589846741444066347e-01
6.278857197073590968e-02
3.540215567042094835e-01
2.705488784333173052e-02
7.594292994170638925e-03
-1.761688563617217276e-02
-9.348619521323295323e-02
2.948830617682526595e-03
-1.177596203144206238e-01
2.985641445639836133e-01
-3.547923214862995223e-01
2.880996785611302305e-02
-1.400070517626582078e-01
2.433022622641797250e-01
3.353557347676303091e-01
-1.253894668393059075e-01
1.311592546439392104e-01
6.585210695844743167e-01
3.181330116208107017e-01
1.139780158477650129e-01
2.562345409220747605e-01
3.355953916550023508e-01
-1.256426970705175616e-01
-5.378075952677636995e-02
7.206789489092338963e-01
-1.170352070593728977e-01
-1.152931732715428426e-01
-2.976659225181298440e-01
-1.301172648775098667e-02
-2.397590887672024218e-02
-9.067063425913511610e-02
2.127534653876332060e-01
-3.710631297161632314e-01
-1.032139456423086382e-01
1.287912516319816014e-01
1.184113666061079317e-01
-1.040823840891432345e-01
1.921008138512673991e-02
-2.723976014931339673e-01
4.309427767859717873e-02
-2.049207191248958726e-01
-3.777715303024348908e-02
1.452612901025607806e-01
4.200361999811150771e-01
2.107519613720432866e-02
5.492319519381411164e-02
-4.340483070977734781e-01
1.633321341112708991e-01
1.979061466970655214e-01
-7.636781283907649598e-02
-5.478898896335371999e-02
-1.626168973375716198e-01
6.376107605757753982e-02
1.374128153372346228e-01
-1.887334305262934886e-01
-1.058334306676901038e-01
-2.536711885450770865e-01
2.253594242072544107e-01
2.401368891671152028e-01
-1.381383157335847600e-01
3.150796997109760883e-02
-2.646273409705555135e-01
-1.107000002012480805e-02
-5.481386298074242963e-02
-1.620891020944333349e-01
6.869643924241615185e-01
3.865391298882804305e-01
-1.338803076984875218e-01
8.604995307293210327e-02
-1.028477071625017031e-01
5.799800161669478593e-02
2.091833169415129590e-01
-3.137192356901176149e-01
3.514945157159997391e-02
2.364413045126496221e-02
2.178305831563372152e-01
2.651186618543457385e-01
-1.271067000922566081e-01
2.339835724037925835e-01
1.758328437561779700e-01
-1.549755751859008823e-01
-1.792622664594605564e-01
3.773203260077132581e-01
1.435144349187160717e-01
-1.551285249683266587e-01
3.099305322829783438e-01
1.532909709083160876e-01
4.968138102126860023e-01
1.676031725923814719e-01
1.357974469718728205e-01
-1.934841190513973685e-01
-7.726856961374399535e-02
-1.924898284109256008e-01
-2.130008359167787080e-01
-1.279626250370137774e-01
-2.483282616169195378e-01
6.488044020721005223e-02
-1.062546062860274670e-01
-2.721154636399872317e-01
-4.885439256207516068e-02
-1.562680232343370557e-01
5.252060223538620315e-02
-1.472929042409345524e-01
-1.293145706479129076e-01
1.437768071023119709e-01
-1.707466545390965984e-01
1.119185839569759172e-01
9.527800122001214844e-02
3.794402939104775108e-01
1.120163558290613731e-01
-3.515879685811660327e-01
1.563304918992686754e-01
1.048495241142645973e-01
1.024669460418359823e-01
-1.091994558773000945e-01
1.957461450978188466e-01
9.185990948002273337e-02
3.286042277879704376e-01
-6.207439928284375769e-02
7.032739018650097096e-02
-2.776695894220229666e-01
-1.864397565237777832e-01
-2.200783264446201926e-01
-2.939713646334855546e-01
-3.555066100114246397e-01
2.473690670424798510e-01
2.636596781869834927e-01
-1.085014522834611278e-01
-2.555049193429080878e-01
3.771340740514466661e-01
-5.499112259896823951e-02
-1.574482275646977569e-01
2.251458205882865462e-03
1.716535466176072611e-01
1.671862373748266295e-01
1.246152369285959682e-01
-4.474270829822155765e-02
3.304086177913952427e-01
-5.475301323396062486e-02
-1.039689059407730709e-01
1.223023076535024040e-01
-7.954787005161195745e-02
3.169506722850493619e-01
5.807814757358544661e-02
8.088234884202719077e-02
8.814564102733858653e-02
-3.624014821716706886e-02
-4.921952728733194338e-01
3.250596966837249746e-01
1.831442025144356667e-01
3.767231883162340533e-02
3.328779995402884884e-02
-2.255146496524932931e-01
-1.030291636708931535e-01
-1.027668175001214892e-02
1.785654357790358027e-01
7.897359061306495620e-02
1.835292665586248650e-01
-2.580677261038027970e-01
2.084875024690412970e-01
-2.071401067927327033e-01
2.337743882203270618e-01
1.742781412536666685e-01
4.278202102378103611e-02
3.364706855661691587e-01
-9.184480868251072849e-02
1.582039966092657624e-01
3.634488210836091526e-01
-5.512078951892078749e-01
7.703783917613300780e-02
-2.839729964504574267e-01
2.163812035173511839e-01
-2.796294691890295891e-01
-3.065582440309195800e-01
-5.531706457096845497e-01
1.853104493218875604e-01
-2.653005501018850243e-01
-1.489306847734114120e-02
-3.280269733402472743e-01
-3.693663273085058263e-01
-2.013405310944122242e-02
-2.258550429905629986e-02
2.209691887040390879e-02
-1.887730601210050596e-01
-4.730807611671606350e-01
-4.333113216210336960e-01
1.730579886548806456e-01
-1.614458453207322508e-01
1.126184129129577105e-01
-1.076821998210013981e-01
1.881020602362205862e-01
-3.139211105857820927e-01
-1.593276912881470830e-01
7.775283307047679837e-02
1.777308067760883514e-01
8.034208585357427435e-02
-8.275980791624133748e-02
2.405352660351245120e-01
7.878598906757798559e-02
-3.986611012669721288e-01
-8.964595128190473716e-02
-2.065033711493526047e-01
-6.907512195132874469e-03
1.545651404245229898e-01
1.666883028444128556e-01
-1.025502842952661919e-01
-3.731760512970972443e-01
-4.450203281497724372e-01
1.031184038170189499e-01
-3.238876484232675046e-01
-1.827977385919815900e-01
-3.819286164977627185e-01
-2.002227683149279958e-01
-9.782230923538600895e-03
7.662753759573574797e-02
-7.329162794984775409e-02
-4.419688065564035540e-02
-1.608751549469126796e-01
-4.610533805505910854e-01
2.765909146411053565e-01
1.648935512933216441e-01
-1.165573102514794734e-01
1.214890116662946801e-01
-6.206477455632716106e-02
-3.209751208145406043e-01
-1.251122614681705880e-01
-3.750232974053288038e-01
1.200820131354671944e-01
8.699654202121094582e-02
1.930511563106752371e-01
1.847925166529637842e-01
-1.688312109324654475e-01
2.756953030709221597e-01
1.361193622776232619e-02
-2.609974725220137737e-01
1.642525518357954017e-01
-2.587873371974671599e-01
4.088213198359125222e-02
1.331869819199013316e-01
-1.664726493515123196e-01
3.881239166578767108e-01
-3.037595117022969249e-01
1.561325474696527160e-01
-3.727720325497725362e-01
-1.033116116044110050e-01
-5.828038702477755101e-02
2.931154477206980302e-01
8.471709713393719976e-02
1.750784175013068711e-01
-3.258119681327121264e-01
1.579080003307225047e-02
-4.175531669892742354e-02
1.725131102342724806e-02
-2.042234076948979959e-01
-9.134059681925382757e-02
1.013418990432215644e-01
-3.021976061935213731e-01
5.431591395743259332e-01
-1.607026258571347677e-01
2.936047409469518810e-01
3.191616854988038599e-02
-3.832662220740918300e-03
3.780735018150698790e-01
-1.881144514885496055e-01
-3.131071784290055671e-02
1.169221667167459101e-02
3.312149752621726395e-02
1.141833400177661023e-01
-4.550785616286229934e-02
-1.036599993347996768e-01
8.572899335503533086e-03
5.763298848342671837e-02
-2.031080541329363491e-03
2.564761818006961458e-01
1.053138499331566710e-02
-1.209355451902821010e-01
2.785617309209801329e-01
1.748197803592602476e-02
-2.347103347590281941e-01
-3.509487357039000055e-01
-2.188961550012104573e-01
4.191976216985577319e-01
8.210427947585396957e-02
2.018615089923951333e-01
2.096936577305607841e-01
1.406936855364847860e-01
-2.306735885501297323e-02
1.539526606346661997e-01
9.129094444209293058e-02
-2.513723419689817828e-01
1.332455867520739579e-01
6.038356590175038112e-03
-3.053152369939675717e-02
4.593098538641095241e-02
2.118874763721959320e-01
1.233989482158550366e-01
-1.075034475803549744e-01
-3.236055398881000911e-01
-3.136077560525691310e-01
-2.583726671755844917e-01
8.499818471241024631e-02
-1.499049947086749345e-02
2.884873147329558019e-01
-2.583021800239446164e-01
3.562850508033907262e-03
-1.421132173210832433e-02
-3.388112646215531432e-01
-6.893785184335993188e-02
-1.052282817959733496e-01
2.937734993753658985e-01
-7.985457180535268651e-02
-1.910529802093909046e-01
-1.998246892063482716e-01
3.927401217528722066e-01
3.057698012547675759e-02
7.485975350263369965e-02
2.929945459909287786e-01
1.249795357356583286e-02
9.987811044812217043e-02
-1.376390006882562966e-01
-9.914024979876366606e-02
-1.755834991707971304e-01
2.003880022219284573e-01
-1.240162947813437805e-01
-2.471552714877588500e-02
-5.705557518557410196e-02
-3.218726163805428198e-01
5.499487535118305521e-03
3.696998959413055896e-01
-8.732963775571049928e-03
-5.604105810970451407e-02
-2.892192715140113821e-02
-1.760428254868015296e-01
-1.070278534133540654e-01
1.661686687471699286e-01
2.291808383575190747e-02
3.089032279283803750e-01
-1.736307931826384654e-01
-3.537991972023492998e-02
7.733387143934532248e-02
-1.745459373450312102e-01
2.467757785511706312e-02
-1.288548041297526980e-02
7.990563274792424064e-02
4.197166890431007491e-02
1.085772450517071691e-01
1.989598587826752613e-02
6.769765953302790962e-01
1.967575330635896735e-01
-1.368792490476995749e-01
-1.931709482959307819e-02
1.016823379469229127e-01
-3.218262391718048621e-01
3.837154455276072240e-01
-2.207077388724850708e-01
-4.233896202209892073e-02
2.423229172399674336e-01
-1.205864187675896454e-01
1.767502570082099544e-01
-2.221754869870549987e-01
-2.106567513758253740e-01
3.986129209414410735e-01
1.092442450943705845e-01
3.325284864668232032e-02
-7.486117234927837372e-02
-2.228088755516295094e-01
5.782685704891123157e-02
1.252347461581222732e-01
3.060213036584584489e-02
3.430883393725711605e-01
-7.846017518688746736e-03
-1.389125536432583574e-01
-1.750810944091865384e-01
-3.072781342111178260e-01
-4.925945163049930825e-02
-1.025149944997620112e-02
3.217546821201625745e-02
2.974592949094702066e-01
-1.889054582173139638e-02
-5.645848587976388944e-02
1.840365905775093180e-01
2.263474662255859915e-01
2.886501063024850267e-02
-3.791181754803642223e-02
4.389516951373590992e-01
-4.976490941615508978e-01
-1.264580311854446304e-01
1.031239188002222723e-01
4.999545700018762640e-01
6.151621439853540568e-02
2.249214470340887562e-01
-1.752924694207565193e-01
-1.959857745817706054e-01
-6.595926951184040432e-02
2.335879056619972194e-01
-1.003813607993195717e-01
2.653260671331131998e-02
-2.417294473781662068e-01
6.272835730527545617e-02
1.424565522945826779e-01
-4.821075724444096478e-04
-1.901891086894834659e-01
-1.148421252018362315e-01
1.518071872698519287e-01
-2.933256652622492355e-01
-5.363860354748664072e-01
-9.205565232311879731e-02
1.799979924675194076e-01
1.337318255168732928e-01
-1.542803916976642070e-02
-9.521184820189080092e-03
2.743429934821506877e-01
-3.798311231675515209e-01
2.103498073053609863e-01
-2.882822169299582016e-01
-1.157811841051948343e-01
-2.825548965460456530e-01
-1.095060846687681208e-02
4.136107616467205039e-02
1.689319397893193908e-01
-1.670618598187045833e-02
3.223370997931248039e-01
-1.148111753681970298e-01
-7.466424535878760094e-02
-2.509503018757889836e-01
-1.281035919919555621e-01
7.027690088150430336e-02
-5.792230877861392901e-02
-5.291073749627271672e-02
-5.507898500751111370e-02
-6.343297766787883707e-02
-1.399637900575891047e-01
7.021964481930172142e-02
2.819400659720388558e-01
-3.442328846022855160e-01
-1.846017390431968844e-02
-2.020772573070950262e-01
9.580964091925418813e-02
5.408140970168934247e-02
-2.566286094472709084e-02
1.694321817929015928e-01
2.349248896737460568e-01
5.556422861373517819e-01
3.113433661780822259e-01
-1.120354662265945073e-01
-8.290943056288063717e-02
-1.142932947909372082e-01
-3.325944402374664821e-01
2.488203299972610930e-02
1.345784331895800434e-01
2.095784498444363750e-02
2.360451035703849676e-01
-4.672115648669514232e-02
2.728663966389469620e-01
4.311017966033419135e-01
2.174140326406849288e-01
-1.978793332022160331e-02
1.974313064426666264e-01
9.833985418844677640e-02
7.958563468525566009e-02
-2.235898546088504746e-01
1.789646624122898377e-01
-3.293532697186098424e-01
-1.178562857210744413e-01
3.220788378363302340e-01
-4.048046099890874050e-01
6.191178280896780795e-02
2.631281296964826932e-01
4.971302999055601107e-02
-9.917339288894072569e-02
5.361412044780228259e-01
-4.489054274283528212e-01
3.454987798475367966e-01
6.013288916151297014e-01
-1.855364024241172582e-01
4.635441956907138811e-02
-3.694903732710305699e-02
1.287981511071636942e-01
-1.176202387806626753e-01
2.771115498338507788e-01
-1.011889871136732594e-01
-4.092649334468617117e-01
-4.512267307269787059e-02
2.834210224688687996e-01
-2.413495473673416825e-01
2.609785669770259275e-01
-6.769461330605382188e-02
-2.585391971378421250e-01
-2.483381180624056727e-03
-2.723766957005333555e-01
1.623679982912600017e-01
1.049348007528510818e-01
-4.611495573271607862e-01
1.336533191746392124e-01
-2.414590913679772743e-01
4.456876441670198224e-02
4.790760298903451453e-01
-4.554841223592314137e-01
1.793226254476977810e-01
4.463544716759022118e-02
-2.842992675456337826e-01
9.051253588417476625e-03
-1.211220090004574146e-01
2.127347843316491072e-01
8.971783782461369150e-02
-1.063396874903464462e-01
-9.702882092208844900e-02
5.644540785359739715e-02
1.275390272136306402e-01
2.567103406510101368e-02
2.744190543498564172e-01
-7.855299636738852231e-02
-3.258993997500834183e-01
3.415301117816718635e-01
-1.586734294435247494e-01
3.610196723200718716e-01
-2.406003025513035465e-01
-3.288484331233842983e-01
-1.896040039143150058e-02
9.606690088389130411e-02
-9.016204034610975082e-02
2.695173710963256752e-01
2.212971745103680110e-01
-2.033137183915704749e-01
-1.963905153679394444e-01
-2.086592189127654262e-01
1.225575745276876460e-01
-5.204066598815251105e-02
6.640346469892721704e-02
-6.310271965269746708e-02
1.754471309069737320e-02
2.057524509962801729e-01
-5.973506857597888908e-01
-3.712741268877932099e-01
-1.943738409632710940e-01
-2.234505543050120946e-01
9.507495290821495193e-02
-1.660383415548032917e-03
7.267944667286971305e-02
-3.123888256699170474e-01
-4.563165718395576498e-01
-1.057351809178616250e-02
-6.006892708201645725e-02
4.042374561833275703e-01
-3.956057295480630565e-02
2.022379693142694335e-01
-3.297862364570020022e-01
1.445516833600259121e-01
-8.271533732377363279e-02
-2.042057050886024114e-02
3.125708565396725924e-01
-1.882664949578538860e-01
-1.655646914655125590e-01
5.009866461024161527e-02
2.863667197547982712e-01
1.506028165481296810e-01
-5.701098559200616922e-01
2.754489777579069987e-01
-3.196512744741254741e-02
9.168024943176791841e-02
8.971294108701916015e-02
-2.284863412639276392e-01
-1.560334840123354105e-01
7.118829595694139978e-02
1.276904292761839865e-01
-5.997928679088451731e-02
6.709183039066803078e-02
3.005394596258532669e-01
-3.236576643006644494e-02
7.535351151676571158e-02
8.806127699045747381e-02
-2.831449508983415186e-01
1.105036604989672738e-01
6.455280941332399713e-01
-3.029730313568528358e-02
-1.821609137011982044e-02
-4.027003984052107133e-01
-8.273227024629302429e-02
-1.377364943377304141e-01
1.243342626598173961e-01
-2.392530086459329630e-01
6.159025740998906595e-02
5.568711807701275801e-02
1.209057777763372921e-01
-1.513237872201957934e-01
-6.463093047386778700e-01
-3.922333093890708645e-03
-2.121572196266593990e-01
-1.843372816205126885e-01
7.654966784651980050e-02
3.768910983828920730e-02
4.749748255242028372e-02
-6.882005969606977414e-02
-4.526812139449584160e-01
-2.115308077172988188e-01
-1.600659071994328109e-01
3.814378070896946027e-01
2.166617756727700142e-02
3.313416841013454572e-01
8.349678151717834784e-02
-2.917021163031169873e-01
-1.204425848389204662e-02
-1.442107546198320711e-01
-2.660101195504372407e-01
-1.995127136413736013e-01
-2.321309522227139877e-01
-1.572988684740226351e-01
2.474260008411082179e-01
2.954941650748245663e-01
2.003192322115279755e-02
3.410467238310265214e-01
-2.053938696321831389e-02
1.543802665680283626e-01
-3.427781013378543573e-01
1.545050712210760124e-01
-2.483662924089654334e-01
-2.078794111078784146e-01
-2.926328305574659172e-01
-1.342993579425583867e-02
-1.775249010398239347e-01
2.532908777726025074e-01
-2.988182425641734974e-01
-1.493110093635756190e-02
-1.935330108392367410e-01
-4.045530128076240128e-01
-8.626514838092785853e-02
4.918580755860973985e-01
7.089465611062431560e-02
-1.067439261799908376e-02
1.268859304117150588e-01
7.355300355974385418e-02
-4.913949032314096632e-02
-2.756175804440875177e-01
-3.065833469875611783e-01
1.350513862448764479e-01
2.746255037105788110e-01
-1.290810026121219922e-01
1.384751796401310631e-01
-3.805390943541878124e-01
-2.244971374337843550e-01
2.982657501885715989e-01
1.014359088817858995e-01
-4.144021516362673963e-02
1.709541284664122807e-01
3.344161483398292445e-01
-2.582701613705996047e-01
-2.015188100081473366e-01
1.083279547413530247e-01
-4.405739256141935623e-01
-1.860910449238966369e-01
-6.020439577705111872e-02
-2.273292604308449830e-02
1.142108890980053776e-01
3.670811848368279312e-02
3.611336754157137147e-02
3.229655326282468986e-01
-1.318853805734423665e-02
1.527746660597856521e-01
9.505106866644189023e-02
-5.376015009676231304e-02
2.110388518399879676e-01
-1.522365006523251733e-02
3.227453726043572058e-01
1.743784287525872723e-01
-2.318444167610519413e-01
-1.832572963256112464e-01
8.832901605939270928e-02
1.359305519713803478e-01
-1.482827498506127661e-01
5.370074169228697403e-02
-2.474284972602249499e-01
-7.748323615527401287e-02
4.317810315075253369e-01
1.301476474104366343e-01
1.248674276432924918e-01
2.335249678643063209e-01
1.843427104813789852e-02
-1.595444587960526475e-02
-1.143530977122680405e-02
-2.559891695039519521e-01
1.978537957120766744e-01
-3.100788906701343328e-01
-1.594103859238513166e-01
-1.221461044036374621e-01
-2.705462803575761632e-01
-7.105315442924516056e-02
3.600216673469545936e-02
-2.855795303235533766e-01
2.116846643655425908e-01
1.462342768104233637e-01
-2.143416956516510166e-02
-7.297703893382161654e-03
-6.610029225549418630e-02
5.866270418181149943e-02
5.071145819355436790e-03
-1.915170448989077512e-01
-2.462825420284265598e-01
2.138013513546783290e-02
5.093700425083011295e-05
2.060478188709359004e-01
-1.415921693448758401e-01
3.831722257087236821e-02
4.075719253859686614e-02
6.451679773314841770e-02
-2.125974498523232892e-01
8.559494163494406338e-02
-5.127046334083599360e-02
-7.595786478567435884e-02
-2.550017613114339277e-01
-1.479431773530321889e-02
-1.168611739949209499e-01
-5.284697132487887750e-01
6.986852822850456168e-02
3.900577719470567084e-01
2.883758046280593401e-01
-2.169505620967505932e-02
-2.117098888918401423e-01
1.197960778653135716e-01
3.890820703098524236e-01
-4.379428540492452671e-01
2.222326539295907399e-02
7.371662914692207746e-02
1.102098065282239581e-01
-4.459339106270751030e-01
3.576558422748972177e-01
3.874581064647835138e-01
-3.219114355318395404e-01
-9.582453824324380087e-02
-1.720276506890562329e-01
7.856761220124847123e-02
3.565209353328619574e-02
9.800722975948950033e-02
-1.845691427703814724e-01
5.576134182952160456e-01
1.614451677174709165e-01
6.433185945197572586e-02
-2.419017137100856751e-01
4.818974991863800295e-01
-2.639834854355940230e-01
1.611808354056353254e-01
2.628577308889085695e-01
3.093239558604623518e-01
-4.372356520214176062e-02
-4.168854997631095682e-01
6.293888689165028083e-02
3.019058827529080488e-02
1.139391013412992520e-04
1.930658507762667703e-02
1.257361534799859570e-01
-9.846927230683820420e-02
-5.831101757780440265e-01
-1.026599763765904533e-01
9.392282789458266182e-03
-1.313312722999446062e-02
-8.519034858797396026e-02
2.939990423306249601e-01
-6.348429012812346894e-02
7.477795876426863997e-02
-7.047939050075009704e-02
-8.168095694054905431e-02
-2.036392595987400744e-01
3.003526579271183564e-02
-5.143222708796554299e-01
2.289032673039901114e-02
1.004513537411482471e-01
8.207587034847974028e-02
-1.102371632221826186e-01
1.346937631482080233e-01
5.228305639534038679e-02
2.593396970567055787e-02
-3.335922085776982238e-01
-1.415718140258020452e-01
-2.559573058635090104e-01
3.575239607998118574e-01
2.278116732798171340e-01
-6.788944855741778361e-02
-7.613204800607349665e-02
-1.145958097305505852e-01
4.434588080430955370e-02
6.342321671429984251e-03
-4.386763611871477564e-02
-1.293279567326530433e-01
-3.505591810404277975e-02
2.822156115979524427e-01
2.859419072226666858e-02
1.886275217288656547e-01
1.472617165508719739e-01
-1.500827263517723886e-01
3.448782670948917217e-01
-1.428883986539417061e-01
2.262576600386688175e-01
2.411239806073273984e-01
1.038807925954318839e-01
-7.044523722213530403e-02
2.777335605938534013e-01
-3.642300635007221510e-02
2.837404712778298504e-02
-1.262819107944006536e-01
5.324251077596650061e-01
-1.684918352906319416e-01
-3.215142366070881108e-01
1.588933451746189218e-01
-4.273994778569355502e-01
2.678141847049192448e-01
1.866171985180317405e-01
-2.531535230656179608e-02
-4.960358039976186378e-02
-2.163808223663248598e-01
1.410301565350337294e-01
-1.755802794469045469e-01
9.720096962608840152e-02
-1.231991945050172899e-01
-1.330545463437445529e-02
1.485682714995175957e-01
-1.394969718167214379e-01
3.318703868373810151e-01
-1.460851876005463124e-01
-3.551844316352794073e-01
-6.795830577451104915e-02
2.838534885747928116e-01
-1.095069193412115532e-01
8.573783558092609725e-02
1.720009158890878909e-01
-2.032645748014633436e-01
-1.895372589344668790e-01
-1.665559795867373460e-01
-5.919356501111169670e-03
-2.109558817380410012e-01
1.753748786441116370e-01
-1.448545484202914679e-01
-1.334795370103326329e-01
-2.381222724305397387e-01
-3.476965403237887720e-01
1.254041808229593158e-01
-3.154192972657740568e-01
2.425298428524133854e-01
2.327405566295996653e-01
-1.034707523771240673e-01
1.819755945255784046e-01
5.808539670329782717e-02
4.776311717514328814e-01
-2.269815343327905299e-01
8.838101063802088209e-02
-1.943095750946361167e-01
1.527183641894790112e-01
-3.089570971654679310e-01
5.086033995870632707e-02
8.517447081196535819e-02
2.168747447767340464e-01
4.158353734046187078e-02
-1.278067375932508132e-01
5.763421171076005267e-01
1.118684519282404921e-01
-9.823892752661922412e-02
5.994478904064430222e-03
-4.891997644115717719e-02
-1.252292865658698184e-01
-8.984058930596676429e-02
-2.318630629975613477e-01
-5.119474619326429277e-02
1.613877874458622685e-01
3.620623462776370073e-03
1.733423309742666563e-01
1.726452602472348385e-01
1.384367770093808681e-01
-3.080312110674365139e-02
1.876148615874550507e-01
1.276540851854414682e-01
1.983195474335497366e-01
4.484418378754118778e-02
3.371522375190142973e-01
-9.835027602213020081e-02
3.081988871693702725e-01
-1.033289449793910048e-01
-3.244635476907423155e-01
3.041046488939710968e-01
1.247567006068839301e-01
1.013769032542442411e-01
-2.181324664515829070e-01
2.796780195266314606e-01
-1.510975080159789596e-01
-3.197507277834366612e-01
-1.541044188836885320e-01
-1.318624798098197437e-01
-1.650253937920608538e-01
1.890382126811310515e-01
-2.779687624024831383e-01
4.705663584374415453e-01
-4.342848774085708574e-02
7.659157798541263440e-02
-2.392800638854144374e-02
2.436517436560842534e-02
-1.380725839346811368e-01
2.581042562361595682e-01
-1.520681868887949761e-01
-6.692395183491409161e-02
9.434730647654802904e-02
2.268118018215240783e-01
-6.343843407769876597e-02
1.183433314180352275e-01
2.485841620973071320e-02
-8.528993223810932278e-02
-3.226073328512373828e-01
-8.990249758080634535e-02
-2.360572076912413261e-02
-2.938598124323566485e-01
2.490926775040318564e-01
5.310372945426281716e-02
6.188737981466165688e-02
-2.648950079425292300e-02
-4.707893443085134008e-03
-8.744358738528423131e-03
3.508530741144792464e-01
-3.608532980006685098e-01
-2.467648257694513292e-01
1.120925753971637184e-01
-5.245295290524067990e-03
2.162605404673132725e-01
7.946621273294779408e-02
-2.673254575673505440e-01
4.683698484390771966e-01
3.336076493767504703e-01
-1.616874908387101184e-01
-3.973537196665069549e-01
2.698112650246384595e-02
3.179401194802148889e-01
-2.323157663295398467e-01
1.319336168072945126e-01
-8.177729700362129650e-02
-2.070962844828703742e-01
-2.949206594120811209e-01
3.547501953566011834e-01
-9.860553398265305483e-03
-5.815592845353938917e-02
1.697584891047208555e-01
-7.263004516989032301e-03
-4.849166589728619997e-02
-3.245021273792225713e-01
3.224551751317913384e-01
-1.402135300729889789e-01
1.936962894485862452e-01
1.190345671120668879e-02
-1.222322754753082247e-01
-1.429252585580841617e-01
-2.520810547766472523e-02
-6.000288952761153455e-02
-5.829523585894044735e-02
2.882177952059500892e-01
5.341522340456066054e-02
1.454231371057171096e-01
-7.353696726890458779e-02
-1.461274339623534410e-03
-2.591198852269121500e-01
-1.186232378293753525e-01
-2.821362872896925333e-01
9.314828533777861144e-03
-1.274654914810966766e-01
9.540253626592432035e-02
-3.153279696676723476e-01
1.172485917508420267e-01
-9.603383033998397905e-03
1.237653887589712232e-01
2.738663539991345597e-01
2.548270198968515324e-02
2.033654621943125629e-01
-1.036723563757462746e-01
3.428997949414310797e-01
-1.892280035988788342e-02
-2.095077229487625828e-02
9.763624108393258172e-02
-6.075198706832538598e-01
1.749293839632585501e-01
1.686392685294339500e-01
2.868931771519996760e-02
-3.599171571266157610e-02
-4.899959403761193488e-02
3.942633977189503036e-01
4.369222295713832138e-01
-1.012783140607138033e-01
2.112798433970435388e-02
-1.350203361076869890e-01
3.291098943544868982e-01
-1.019860175368103722e-01
2.390092667468757814e-01
4.590605415481064377e-01
-8.881472663100851983e-02
1.354645834250998715e-01
-6.889906883315185526e-01
-2.221778128043841727e-01
-8.131496944052879483e-02
-2.629753118852127813e-01
5.984574997644454691e-02
1.351438499827692652e-01
1.539425365684474467e-01
-1.675176349893252314e-01
-1.944373411824286968e-01
1.416837387406683635e-01
-4.575195481720561452e-01
-1.841575352411460031e-01
2.660214092975185518e-02
2.771574197398625206e-01
2.302225014983131923e-01
1.588492747331353705e-01
1.796317888209997549e-01
-1.182589833162938781e-01
2.651899841388580814e-01
-1.005805773138053610e-01
9.954215882819680838e-02
2.992368155255541451e-01
-1.621945449671676753e-01
7.507899315128516160e-02
1.910672863439552473e-03
2.798033474271705012e-02
6.987997009417770515e-03
2.888026141482132325e-01
-1.412747843408421189e-01
-2.124092609493394013e-01
-1.475885449793063742e-01
2.010118994039984675e-02
2.135108658200185194e-01
-1.132078920964643964e-01
-2.499801860947354626e-01
-1.742019702757731381e-01
2.189951297334001568e-01
-2.450410454038264296e-01
-2.888138735784591127e-01
1.094080726677285620e-01
-4.305715970730023684e-02
1.491908211582709809e-01
5.000085444143165941e-02
-3.218520101934299604e-02
-8.018068890847334859e-03
-2.509788602721726436e-01
9.712299358045692332e-02
1.289062063488283401e-02
5.237512241721101885e-02
-7.277557295233413881e-02
-9.446049861533345471e-02
2.557060423634331392e-01
3.049912238600060443e-01
2.932969737397299603e-01
-2.705749994417123716e-01
3.191963027108838530e-02
2.335009430490555052e-02
1.156872664125073967e-02
-4.129290819798330792e-01
1.329753464455419032e-01
1.502954938508394012e-01
-7.885725707314139576e-02
-4.052155222729227901e-01
2.380874702650150332e-01
-2.205389037594096269e-01
1.780854900649318229e-01
-1.678620647716011771e-01
2.519936471305244119e-01
-2.572780227043874324e-01
-5.565440077972828165e-02
-1.937294794707953849e-01
-5.903349226574810572e-03
-1.947018042372846702e-01
-7.813585949084826676e-02
-2.684927412399523011e-02
8.800731383513045458e-02
1.569759842233484359e-01
-3.908296585081653496e-04
2.997354445853357974e-01
1.138001366438401579e-01
1.626430710671241953e-01
2.566962807174679173e-01
2.955326207653967072e-02
2.425869249853360166e-02
-2.003182038999399561e-01
2.871072076106150339e-01
-9.575295025272782812e-02
-3.207565314247636246e-01
-2.205021135968015522e-01
8.796454876033461823e-02
1.861757888388728133e-01
-9.203088729705433124e-02
-5.295690613738730096e-02
2.776819490570449009e-02
-1.066115421413594139e-01
2.308280720467397601e-02
3.575927536605523760e-01
1.132643138215803646e-01
1.217647803415849994e-01
5.838213105241038536e-02
-1.867726303555073963e-01
-2.316359810130019792e-01
1.286921950698678985e-01
1.640972527188373775e-01
-8.470970212481213069e-02
1.756314725483957562e-01
7.246972250708687280e-02
-6.060279663330244565e-02
3.190578441864351800e-01
5.014654145386569437e-03
1.031792679082108311e-01
-1.820175857187929236e-01
-1.479665925956391015e-01
2.098638307006979176e-01
-3.846108053314801767e-01
-4.576952598333277611e-01
-1.661615647272928625e-02
1.933495444692655621e-02
-3.376111808428017280e-02
-7.253767892123626215e-02
-1.721490640452048582e-01
-3.268684571909444281e-02
-1.592211956213945012e-01
-2.205309869592408847e-03
-6.744187424390271635e-03
1.469832795217927979e-01
3.202556438346609302e-01
-7.397817334257462962e-02
-1.131466825608641869e-01
-1.692311725890507379e-01
3.838263706117593377e-01
1.850832525149546659e-01
-3.516090111536320645e-02
-1.679168419887797636e-01
-2.577465402449862220e-01
2.649669036566760227e-01
-2.012866491203284813e-01
8.080788017311844873e-02
9.706716963504535833e-02
-2.961511631451703153e-01
9.655610877862491614e-02
-3.475688039708531019e-01
-2.224672946181159919e-02
6.807445645069808843e-03
-1.419802023321477813e-01
2.215671616238270858e-01
1.362649802431634138e-01
2.368189222680404660e-01
1.703924518759143136e-01
-6.254521576856370002e-02
3.465112928902908118e-01
-2.807545530205047754e-02
-1.558680051784795129e-01
-3.094946044554518494e-01
9.955136574721308584e-02
-2.233014953648502776e-01
6.175760752541135240e-02
2.755897885436615069e-01
4.049065706606218562e-01
-1.213583648132260384e-02
5.308254658721778957e-02
-8.014412094639544737e-03
-5.449377162098240079e-01
6.428433659092407104e-02
1.811805557182483983e-01
1.229941574929325522e-03
-7.000229393651466632e-03
3.231989676256625810e-01
-4.744092192130139884e-01
2.555323895805599373e-03
1.425308618792579529e-01
1.052215618691114268e-01
1.425790873148850002e-01
-5.258196471337374389e-02
-5.286374162936583604e-02
-2.625759111614504038e-01
1.282424928871849501e-01
-1.658830705557451102e-01
1.017161637835537757e-01
-1.832756815991460897e-01
-7.311693894580488517e-02
2.010095379425358986e-01
-5.471951139787707696e-02
1.611961624145274996e-01
-6.766301789439169156e-02
1.223691293802658432e-02
3.437355652874671263e-01
1.494836659537356616e-01
1.620002869631243791e-01
-1.792872970151613773e-02
2.374218135910330374e-01
-4.799403345217791161e-02
-1.904806691484587367e-01
1.521564748495931457e-02
4.233644018298854950e-01
-4.511387817478205303e-02
3.098146167730901901e-01
2.384613804112874491e-01
-2.303468416310218148e-01
2.764507567275812372e-01
-2.980599189674187910e-01
-8.422470889445937692e-02
7.594315729178810481e-02
2.326460917285567420e-01
-6.110004084165035487e-02
3.723420614996044709e-01
1.097659971675937346e-01
2.573215405378547760e-01
1.280390704589901840e-01
1.613130770244564083e-01
-1.507118002849424654e-01
-1.261676067573920812e-01
-1.127864928423464308e-01
4.138599285533785949e-02
-3.826060616045961343e-02
-8.474163056490183199e-02
-3.459891815533526482e-02
-7.022339524725410009e-02
-3.677411515819358212e-01
2.715015373718588365e-01
-1.580897009288810273e-01
-2.788866967296124710e-01
1.897503425759564377e-01
3.660788541888220227e-01
-1.012328853285715535e-01
1.004972716068791572e-01
3.112513609187209096e-01
-4.860013358355455559e-02
1.701522459948986987e-01
2.486114555323477946e-03
4.333143106717255583e-02
-2.030602695157836535e-01
-2.681656973932703414e-01
4.052630117153267764e-03
-1.230150289001992470e-01
5.703169905871075668e-02
7.131349808341223839e-02
-6.491792515279770637e-02
5.428325996222479466e-01
-4.138174687066180635e-01
-1.279656483651299970e-01
2.889971355856483237e-01
2.238987784947779336e-01
-2.680657100053072117e-01
2.044556452990601569e-01
-2.998322214541174757e-01
6.383770599951855973e-02
-2.898486501940607599e-02
5.588540537974730216e-02
3.780248828184856191e-01
2.331408821777510021e-01
4.122584639468189760e-01
-2.488208153599950345e-01
-1.168626308168367045e-01
2.015966118467429347e-01
4.471032314347008207e-01
-4.807793245436076113e-01
-7.370287844659992316e-02
5.166810604068546864e-01
-2.654479807296392657e-01
-1.442431945361087875e-01
1.167256117266580601e-01
-6.810592905631392135e-02
-8.457529528922737294e-03
3.321116126654685002e-02
1.591024650273411278e-01
8.073076319380312338e-02
2.429783795785726008e-01
-2.795017014116600307e-01
-2.385545481177837324e-01
-1.044166598451367334e-01
-4.299676188434610469e-02
2.521438102518435698e-01
-2.900591072112567725e-01
6.576309031218087464e-02
-7.309207870136638641e-02
2.934389917110022741e-02
6.050973187592401104e-03
-2.291953235726933436e-01
1.331964583112115949e-02
-3.556046441339383996e-02
-5.824183249695909920e-02
2.466389965313979249e-01
-9.687533802718148457e-02
1.750865871944622121e-02
-1.305796041951827746e-01
-1.646700977996325976e-01
1.642386867018083563e-01
-1.946872501423762003e-01
-1.315591632406420408e-01
-3.598149664182549029e-02
2.518217637456794319e-02
-3.537141430306589007e-01
-3.756577490872549663e-01
1.754292518566462344e-01
1.109696423251351760e-01
-1.008775483541606011e-01
1.300825691756047064e-01
3.688976122835059268e-01
-2.934212187186953369e-02
2.159692040249127643e-01
1.914954757514740757e-01
-1.690666920767692760e-01
-1.886921897536956994e-01
9.690359936526855844e-02
-3.779642949170266553e-01
-3.275641505181461910e-01
3.364790863832445855e-01
1.882230770747493620e-01
1.747586692198163094e-01
2.549916863459645300e-01
-1.874273230682707916e-02
-2.322694095875048603e-01
1.231701901775625052e-01
3.208898029123835594e-02
-1.177326498422936601e-01
-2.571498642146261004e-01
3.160253822871651047e-02
-1.923970795900759589e-01
4.056278914760562682e-01
1.005652904393457142e-01
-4.957124272591193481e-01
-1.245884966392553188e-02
-3.283217826757590663e-01
-1.475105820502071487e-02
1.191512432967532092e-01
-1.774603997528042265e-01
-6.124745631383577971e-01
1.242361218905958797e-01
1.634271414520683530e-01
-3.770100304057644180e-01
-4.592159945893002360e-01
4.650084226781387997e-01
-1.194390821281485493e-01
-7.235417021875915899e-02
-3.593002300904742929e-01
-2.007664665291566258e-02
2.674150146830320957e-02
2.642420639371442781e-02
-5.846623985884342317e-02
5.852843367847533340e-01
2.050251632713397457e-02
-1.480510887460333713e-01
-1.264300429496360845e-02
-1.326228378777478262e-02
4.013591700105168525e-01
-3.082163728312092149e-02
-2.352647596141089481e-01
-1.683066244288841939e-01
-2.574573200024761199e-01
3.781450264336669309e-01
-1.843994898262191762e-01
2.414624299302905175e-01
-2.767622141698900529e-01
1.034018320583245248e-01
2.321822994218465941e-01
-4.384814366687622700e-02
4.379468016426513871e-02
3.044319220935889914e-02
1.302494799138914638e-02
1.394645639991781982e-01
-2.101234982058078349e-01
2.326063269790923371e-01
3.204475060010446019e-01
-4.432437866743090815e-01
-4.017317506040951613e-01
2.226189123574201512e-01
-1.023847377628089427e-03
7.572640352726800472e-02
6.219155346894101634e-03
4.421775288716853769e-01
1.214304798489581755e-01
-3.739839439763876366e-02
-2.594948325516684973e-01
1.786483351099294736e-01
1.483610538954912850e-01
1.028516447877377352e-02
-2.613122932045270352e-01
-8.405350661186389294e-02
4.211178060564532699e-01
1.994947809952167250e-01
1.784000178930266189e-01
-4.864903424657254782e-01
-2.368355627946287234e-01
-2.070632925938979685e-01
9.030388741180198076e-02
1.109663073324103771e-01
4.404087942118927596e-02
3.122425769271069407e-01
6.469625169150372557e-02
-2.931624016109131425e-02
2.609058806408839915e-01
1.866370321766838702e-01
-2.194248632072167970e-01
-1.535961828649066441e-01
-3.261419419395659297e-02
-1.767285863585152939e-01
-3.311404848247574001e-02
1.086215049369572416e-01
-8.399411764709480144e-02
3.140735286108833346e-01
1.100323515922114193e-01
-3.999469785323725435e-01
-6.078789598133604866e-02
-2.036320870844492703e-01
-2.855901266873801525e-01
4.149108254789600492e-02
-4.842874001376561155e-02
-2.128873340352948063e-01
-2.760908727045016109e-01
1.758441601658630171e-01
-3.057427275979533454e-01
4.671445566551087891e-01
-2.062338814989624070e-01
-2.027698249381839346e-01
-1.409202867304576445e-02
-2.844119904576735552e-02
-2.232084939300049697e-02
-2.606233299888486843e-01
1.710130484031585352e-01
-2.613098955495077869e-01
2.781976157531388175e-02
-8.643017265883447264e-02
1.830073277288928046e-01
2.620613938018498956e-01
-4.154748714326848003e-01
1.174840556158609876e-02
1.398734603557433009e-01
6.816885747057076748e-03
-1.626893537055954658e-02
-1.094912800198097891e-01
-4.751991955195504491e-02
-2.077473158097904171e-01
1.273935477299201757e-01
6.077665220225915432e-02
1.814728135615495397e-01
3.502130427379739341e-01
5.531782148233160834e-01
-1.676652789001055743e-01
4.340500663020320227e-01
-2.951865896844847459e-01
-4.034297154033499311e-01
1.867488370419280452e-01
9.090292093015878150e-02
-2.934818375134896906e-02
5.422772642382905905e-01
2.250863688753285130e-02
-1.978552273992563726e-01
1.486835959334111001e-01
9.683390829232976782e-02
-1.533280310396840929e-01
1.903096520875482978e-01
-2.015320345273344804e-01
-2.291910531200917478e-01
-2.359253814683009987e-01
2.773812022051410087e-01
-7.620961596809093519e-02
-1.037586756626145967e-01
-3.854485720672833349e-01
8.706014681811129197e-02
2.426261184027957499e-02
-2.700336866016948556e-01
5.778792764181291119e-02
3.198268709697313361e-01
-5.371958043479164724e-01
-5.945752188624715134e-02
-1.138582372522422594e-02
2.529504876056433149e-01
-6.971280090756239167e-02
9.018106593223747247e-02
-1.177872315287603611e-01
-1.903842793827292268e-01
-2.622827226437704495e-01
-1.677529806289751735e-01
-7.740389227054439783e-03
1.740376380916527910e-01
3.923917794549487970e-01
-2.196197688775085866e-01
-3.244894710426501905e-02
4.696983623971257016e-01
1.242081793141369406e-01
-2.467452877893372420e-01
7.776425150339476566e-01
8.753419204841447754e-02
1.851781986373487454e-01
1.093408702258739512e-01
-2.208581444621136036e-01
2.153033028485172029e-01
2.977645252711094703e-01
9.427859448600321712e-02
-1.030266191973785994e-01
7.049485567941993214e-02
-1.356635923016004941e-01
5.069073985079526334e-01
3.790856478298332277e-01
2.975730250194102422e-01
5.496978190300335493e-02
-2.991705182311833466e-01
1.466312991450213071e-02
-2.029827394655228379e-01
8.652901188687590894e-02
-2.383272594712482206e-01
-1.785264370977378279e-01
1.738938436933937237e-01
8.945923712042368192e-02
-9.872871967586488440e-02
1.635723109072053094e-01
1.873882354943338657e-01
2.305684337544156373e-03
8.709216771694659742e-02
-9.470922823402695701e-02
2.414285221335541187e-01
-2.856143086984213042e-01
2.161389821964044000e-01
-2.859238104254216983e-01
-1.394743236813778542e-01
-1.583377097514753775e-04
1.023046838643104292e-02
8.834882080812778149e-02
-3.248086045664948934e-02
1.338061065665935023e-01
1.387018990560532627e-01
-2.914739436913385551e-01
-1.253802515532676520e-01
1.791315283916240786e-01
-3.174518283887369646e-02
-1.629904756979990918e-02
-1.715692422425185992e-01
-4.257089829189431712e-02
-2.215385759304976387e-01
3.176829185267782685e-01
1.853826537019992449e-01
1.378859853395377477e-01
-3.397516033934633306e-02
-6.762571954134823093e-02
1.678667202983228635e-01
7.054086942212547950e-02
-2.460507906031861036e-01
-1.390980026633895361e-01
-1.945295522602545069e-01
2.224770141033065862e-01
6.113961196471059956e-02
2.227717641867247578e-01
-2.731529610041094069e-01
-1.221984950573512113e-01
2.424404715620844253e-01
-1.589029934767898777e-01
-1.077584147751041999e-01
-2.154947751284123358e-01
-2.601367064556847075e-01
-1.979375054094189290e-01
3.666144088132343715e-01
-2.613897844628815248e-01
-2.495135738160854655e-01
1.936634916037209830e-01
1.588195269025674816e-01
2.713350694479674807e-01
3.156245249900619387e-01
-1.375532270272938618e-01
2.976681791224102813e-01
-2.498421527465085057e-01
1.260356610861291249e-01
3.188243171820179800e-01
3.804375178499997956e-01
1.229909982043640299e-01
-1.047219322424259857e-01
-7.276574611428963946e-02
-1.003621532149312351e-01
-8.459465982578785737e-02
3.864371170265988864e-01
-1.458301686617015924e-01
-4.628091299084725191e-02
1.051514637953530895e-02
2.952322103494839367e-01
1.643782795603658531e-02
-6.311732891887052166e-02
-1.023393289502781689e-01
-2.016014134047663109e-01
-2.118441496991530643e-02
-1.367409288199873153e-02
1.369343726940245032e-01
-1.386071806111135452e-01
4.900686631032170615e-01
-1.524203160992268491e-01
-6.104805981465760700e-02
2.147654462139323150e-01
2.631729447846326009e-01
-5.039726486774317449e-01
-1.453279420341632988e-01
1.227885157256865811e-01
-2.294591129536424287e-02
3.282120049070347823e-01
1.778331449785282292e-01
3.462834764516597996e-01
-6.818503169756173765e-02
-3.722818132359153043e-01
-2.810416325812118976e-01
2.147835829739521418e-01
-2.378232035616645312e-01
-1.231904472275153900e-01
-3.887700186340060649e-01
1.984946212989492365e-01
2.111003182325241201e-01
-1.052237337578542792e-01
3.540496672615612850e-01
6.807491259538123174e-02
-1.514042768046832965e-01
-1.208103338730134174e-01
1.313311940255704746e-01
3.499185127986949584e-01
1.737809628623210034e-01
-6.871278796644400555e-02
7.960515478444681048e-02
3.021155172284276103e-01
-3.091469043701123090e-02
1.216344889318476813e-01
3.194577003076795596e-01
1.034148012670576960e-01
-2.787396620445733997e-01
2.394905426892959821e-01
-9.019543270118628164e-02
-2.037921508571349516e-01
-4.129762500049330431e-01
-6.564092056178288948e-02
-3.714444908786095345e-01
2.437311357680371771e-01
2.646513596158111409e-02
-2.937574238022488404e-01
2.560656328752294320e-01
7.832099883065878065e-02
1.022086138138288414e-01
-4.343211890400384967e-02
-1.543957988010029869e-01
5.019447034971452615e-01
-4.909397057417931309e-01
-3.704864273720466783e-01
2.009288026981718711e-01
-1.886314940362194825e-01
8.660871267254489914e-02
-4.850275672574889951e-02
1.010290677417601257e-01
4.632125651179841430e-02
-1.495947773699424499e-01
-3.618869770076809517e-02
2.208609162841561058e-01
3.648930310130896748e-01
-1.327442023305644703e-01
-2.744720233666558817e-01
4.897682284876121728e-02
-3.629879634831709168e-01
-1.734338999315880592e-01
-1.277862223261598817e-01
-5.257708716909553770e-02
5.585740983408407634e-02
-6.296118663723451192e-01
-3.692871408070098616e-01
-6.209775175773423611e-02
3.708493683521097428e-01
3.266017517341366361e-01
-9.671110511277841715e-02
1.096911794228722370e-01
-1.702263264741241677e-01
3.477429051783597486e-02
-1.339213878974101490e-01
-5.843778397395132246e-02
3.602272892861868581e-01
-3.459373600987922237e-02
2.962828712384738550e-01
2.332883749429094933e-01
-2.953053314287179543e-01
-6.504482550164852883e-02
3.905706469988199925e-01
-2.095403171190698410e-01
1.289948445153734635e-01
9.428829818748814262e-02
1.850987946341466628e-01
2.349485508186294758e-01
-1.248252537157002080e-02
3.489404256774916169e-01
-1.078947154333667890e-01
-5.786385320470825711e-02
1.681656965534669979e-01
1.200673838234844193e-01
1.189066205641213167e-02
1.397310159972692811e-01
-2.199780377932713041e-02
-3.300350959289388708e-01
-1.519511277278393635e-01
-2.369714537986938874e-01
-4.902855583509171944e-02
-1.294117535436932198e-01
1.325956199758829002e-01
-1.566350537318777769e-01
1.053708541594196579e-01
-1.049182032915670637e-01
1.650495509909907510e-01
-3.144141128636837035e-01
-3.635155854963814659e-02
-3.382512599795085562e-01
1.583180127489269839e-01
-3.731742744640960674e-01
1.514206010684485404e-01
2.981866636308980190e-01
9.696203714411788521e-02
-3.058148395403303271e-02
-2.800579991365944599e-01
-3.695638070757105431e-02
1.402950938034021044e-01
2.471198736550971053e-01
-3.184536024300040347e-01
2.806645049924478830e-01
2.476428823790562395e-01
1.652642569058555000e-01
2.803669446231996099e-01
1.856591978880750837e-01
-7.400265101247444077e-02
-7.853145443731621503e-03
3.447463197724509598e-01
3.489896131927922585e-01
-1.538319403879193359e-01
-1.612715864026215183e-03
-8.654707060321370493e-02
5.643559246284800095e-03
-1.927102758756744083e-01
-3.909769104008205265e-02
3.067551094473089032e-02
2.883471806773550972e-01
-1.464731021969286062e-01
6.308788604208374062e-01
2.092088336880139343e-01
1.385201969420696011e-01
1.436278466655228903e-01
4.244821953746438781e-01
-1.293013479690839906e-01
1.663910020858406502e-01
-2.385987635743404001e-01
-1.411429740285600198e-01
3.374330661262249509e-02
1.429989275476322430e-01
3.721227475053899281e-01
5.447607035962587219e-01
2.201970875528738159e-01
4.211700410136200168e-02
2.096122277882066787e-01
9.023246645275551092e-02
8.930604830176137876e-02
-7.762316135749128265e-02
2.584806434437028066e-01
-3.421268834784777640e-02
-3.485612319982669960e-01
6.192336354215601663e-02
-1.943298365615024614e-01
1.760862615081066340e-01
-4.164780432355612017e-01
-2.123154453105779993e-01
-4.212741451921603320e-02
1.694612797597170872e-01
-1.515412826652891287e-01
-2.071618705351072898e-01
-5.020599519380063852e-03
2.367602943525737580e-01
2.340616697863762141e-01
-1.349817791806069700e-01
-5.126495042200780727e-02
1.409141016972882132e-01
2.735843077287473113e-01
4.692328589846626874e-02
-2.841384926945923414e-02
-3.267255906421476230e-02
1.828639234686916526e-01
-2.400986918810064097e-01
-2.196428504054283859e-01
-2.275433424467899757e-01
6.477389829474519689e-02
9.517250562874089020e-03
-4.244593960874326610e-01
1.137068073694954135e-01
-1.901455367605829061e-01
2.984021392876514134e-01
-9.278468777622153954e-03
-6.304665361650772792e-02
2.047275900832315754e-01
3.660002584398887593e-01
1.869460153927817170e-01
-1.016269494432796155e-01
-7.758876835561083485e-02
-8.255911681582163431e-02
1.055446281448806367e-01
-5.451842107377450480e-02
1.620777833233147044e-02
1.306232174534287249e-01
-2.059781509544541048e-02
-2.069442439010537871e-01
-1.145179320731882777e-01
-1.932097204979399130e-01
2.315127984078717560e-01
3.578366322362486751e-01
3.699409576316589621e-02
-1.059728651014689854e-01
-3.961966262339757794e-01
-2.522219824203432159e-01
-2.092769753360537999e-01
-1.087291884034849859e-01
-1.246189553626698421e-01
-1.390161272186681285e-01
2.814488386829696598e-01
2.735341324909276173e-01
3.514769729514532343e-02
7.589432146969084247e-02
-1.726628880290245471e-01
-1.798198386890792477e-01
-4.227591083065859040e-02
-1.728444228868850074e-01
-2.979138703114571352e-02
-2.588429069724127451e-01
1.247158224109146674e-01
-3.490065004171571950e-02
2.955159159015493531e-01
-2.008686536417272905e-01
-2.098451815524246256e-01
1.368186495253875812e-01
2.782405496952474744e-01
1.904916590300528845e-02
2.948482115022155528e-02
2.690625076707660046e-01
3.296151587448842846e-01
-2.772500176653282522e-01
9.131930198632356999e-02
1.675175581129389746e-01
-2.736483362485300219e-01
1.408029745879394168e-01
-2.010700357034149732e-01
-2.517672191609057197e-01
2.128438652453825963e-01
-1.405123481372153316e-01
9.525794324298418603e-02
-3.018345207053683144e-01
2.530105583828815563e-01
-2.391977114368193658e-01
2.257629200242864884e-02
-1.106678577797438195e-01
-2.926877285265372386e-02
-1.714865072875292051e-02
-3.657339230166052890e-01
-4.517175807533079651e-02
-9.995854914836696525e-02
6.292083140903310945e-02
1.281699757426527364e-01
-1.366393335263400566e-01
-2.261572786572861420e-03
-3.278672393189539513e-01
-4.082113605623941682e-02
3.549702048225024664e-01
4.397894432218010102e-02
-4.662250542166166412e-01
1.737095458275485782e-01
-8.815192201019442231e-02
4.470736408729340527e-01
-1.676483979342495712e-01
4.803668963446429407e-02
-1.813535322271813965e-01
1.081775235953063991e-01
1.791936917272413388e-01
2.111600059843083965e-01
5.175260056116298690e-02
-3.351254437070089742e-01
6.365664981812121925e-02
-1.014718040030131163e-01
-2.889597131473283231e-01
1.190917211829919803e-01
-6.791071944290806225e-03
-1.670006422337493301e-01
-2.658422106358818843e-02
-5.906694121177917187e-03
1.336618838368610063e-01
-4.769259176986129778e-01
1.359381403596733040e-01
2.378440228841229021e-01
-1.314152356276582223e-01
6.948805123040525944e-02
-4.454480776142119569e-01
-3.324991096422665326e-01
2.521633845036992394e-01
8.312238233653816699e-02
-2.907640123576081884e-02
-1.306361241925939158e-02
-8.397218848119461510e-02
-2.215675830662978130e-01
-4.741962449502895582e-02
3.316271447197368522e-02
1.681222369105165038e-01
-1.221245211192693580e-01
1.163776932905525863e-01
1.380080302976906259e-01
-2.067668942746583513e-02
-6.836305133490197528e-02
-4.780954880939962681e-01
-2.835979276149877548e-01
-2.319086469582838650e-01
-1.189277688435580980e-02
6.330129524932755214e-02
-3.617864201385010380e-03
-2.153425263752152541e-02
-1.888763128409476355e-02
-3.074898814217251128e-02
-3.628215980724299600e-02
5.054968728265689659e-01
1.956545548599056550e-01
3.283731736024352310e-01
-2.217520665590394513e-01
-8.628553163817084815e-02
2.417504674562460376e-01
4.649989881620397031e-02
-2.092983699741801651e-02
1.961645154181504147e-01
-1.095827931900701380e-01
1.790586045716317520e-01
-2.207876871639850302e-01
-4.537549936092214603e-02
-1.667232650415464701e-01
2.611562048062099350e-01
1.444968339176067318e-01
-2.038064744392558414e-01
-1.600355860961572840e-01
-5.238642413510220114e-02
-1.662458731448787363e-01
-1.494899699781170876e-01
-2.238977781238211950e-01
-4.070573653408997572e-01
-1.784487455028704317e-01
2.831311548674463330e-01
8.259492360445189543e-03
-2.075724683489116595e-01
-2.827411557061586950e-02
-5.080075253069910035e-01
1.803390951883912241e-01
-5.890771266379633830e-02
1.131458975136161310e-01
-3.929336072966157500e-01
-1.267175083312085115e-01
-4.484995755155953279e-01
9.935780380755285246e-02
-1.057052605486465298e-02
6.846682476988233401e-02
4.458557551908839262e-02
2.345287100622992025e-04
2.178315129903800607e-01
1.933525916321753024e-01
-2.895992670025798188e-01
-1.952162369538720521e-01
-9.807012521854184539e-02
-1.012490311105325586e-01
-1.246970551227132296e-01
-2.472242143625699440e-01
-6.538104891892101977e-02
-3.616666270700876623e-02
2.457627054210688444e-01
-2.875430043236384403e-01
2.567594507644866964e-01
3.066601907492702006e-01
2.878373245319401641e-01
-8.449435535659495511e-02
-4.042289977829610637e-01
3.056461255624808027e-02
3.229284815757035298e-01
5.791964717049017525e-02
5.834163505794199428e-02
-5.786323890751662868e-03
5.442977984600145397e-02
1.999516749438442209e-01
-5.785808386680190152e-01
-4.716595984558109161e-02
2.440771249840239798e-01
-3.866143817444238073e-01
7.556535965012517453e-02
1.085055680943694117e-01
-2.916621266392967551e-02
6.794227171152882050e-02
-2.566202799146621860e-01
-2.320065864040341264e-01
-2.183886900307730750e-01
5.761517962047238428e-02
-1.802833617039976966e-01
-2.154677628920747268e-01
2.586476147085929878e-01
-1.386029809300000012e-02
-8.796214556751061342e-02
1.465618346086893231e-01
-2.102348231932136269e-01
2.902369112919862479e-02
-2.834598767014167575e-01
-7.527609355271902558e-02
-1.236242797724767251e-01
3.199609553525890049e-01
-1.903125932867904546e-01
-3.282974884148101014e-01
3.904044826640053478e-01
-2.698273336405412892e-01
1.564750047468853322e-01
-3.717483424694494332e-01
-4.805125996889358236e-02
1.271960576240938612e-01
2.634871294062323122e-01
-3.657619421543815696e-01
-4.225863753178681070e-02
-2.099470157990182551e-01
-7.391234823479497784e-02
2.705290003115011499e-02
2.750563972801081669e-01
-2.967039820374875458e-01
-1.475108354248073628e-01
2.936456146679721976e-02
1.294342323811794801e-02
4.557753121201921775e-01
1.515405626944115181e-01
-1.667731199488844962e-01
-2.257864920791692875e-01
-2.725574902370040964e-01
-7.205701118102344864e-03
-2.619826706740130753e-02
-2.127674522192077589e-01
-3.556325698949682201e-01
2.012878617620015576e-01
3.816466002124036527e-01
-3.499109832816321014e-02
-3.576392629566790826e-02
-1.001584577530915815e-01
-1.247330524522334977e-01
-2.133200241424512700e-01
1.020872178095248578e-01
-1.786266069603225648e-01
-2.823082590203918052e-01
1.393525136789051655e-01
-1.922736645287118629e-01
8.852553418069067370e-02
-4.411801395964154993e-01
1.700002278547026735e-01
-1.182774459034700298e-01
4.185447404755101575e-01
5.709601881418164410e-02
-1.731891660581586501e-01
2.615037006375365847e-01
-3.782596607654538090e-01
5.554070142877809424e-02
-8.637458002680618516e-03
-4.670660813640806902e-02
-1.118137363431968706e-01
-2.112691734400487797e-01
-1.488887205826303350e-01
-1.839819189863192150e-01
-2.800179175177185953e-01
-1.211902437351113082e-01
3.206867551790975046e-01
3.136735100263011305e-02
6.652338715252199830e-02
1.543404586560844505e-01
1.805284360646536856e-01
4.913021336204024397e-02
4.855834503175082140e-01
6.115403568722585503e-02
1.380036393841973241e-01
8.674658218515587937e-02
9.488500124123935842e-02
-4.953128865543585668e-01
-3.342190157494238645e-01
9.955621764768156357e-02
-5.241750298513597056e-02
-5.999120478305527415e-01
-1.781868395406332184e-01
-1.027018592890361209e-01
-1.814601031425546462e-01
3.270963492838381559e-02
1.802134453012406989e-01
-3.989828619050208025e-01
3.696084850075224970e-02
8.252775459856977192e-02
5.432871962594151144e-02
-1.670182954691991628e-01
-1.664290477664086276e-02
-4.430119822004934677e-02
3.191867121400673163e-02
1.876216514971953131e-01
-1.009670099278680150e-01
1.393965109901315527e-03
-6.577550109242755183e-02
1.172140948411881239e-01
-3.492730367896508259e-01
7.421568607228104519e-02
-4.540261673644883228e-02
-6.903710726443868136e-03
-3.168524856004658469e-02
-1.590719239288004017e-01
7.106259735733540250e-02
-4.310537065994719114e-02
5.970827461623465920e-02
-1.390402010923603715e-01
2.190911972134569063e-01
-3.747330515906095449e-01
5.231279619150858151e-02
-1.564207390013510335e-01
2.657022131409134680e-01
-1.870085719263164525e-01
4.320724794615323217e-01
1.187452703260147846e-01
2.820830135859938026e-01
2.657628516583096165e-02
-2.810862183591882335e-01
-3.744575996307541316e-02
-3.253209547475342106e-02
-1.068900849229379585e-01
-1.674491980803559030e-02
-7.575679653389219559e-02
-8.722845929928206565e-02
2.012386252149784768e-02
9.997808779171660221e-02
-1.491381097623160068e-01
-9.314519922269699770e-02
-5.567505134855342541e-02
6.228720379179820688e-01
-6.510134133037570603e-02
1.540610442620283793e-01
8.939391310361473331e-02
2.368848592077252568e-01
2.263665215328680355e-02
-3.374506492885068210e-01
2.251032804934331721e-01
-2.071142197381945493e-01
1.524533441383612853e-01
-4.339757256672638341e-02
-1.995044577103923800e-01
-8.721123828127702593e-02
-2.082539882014642074e-01
3.260884254205420052e-01
-6.183070204856020435e-01
-3.498251146346174206e-02
-5.951592471259287143e-02
4.670318337878767018e-02
1.202676896301963366e-01
2.059818943710601050e-02
2.377382116690044678e-01
-3.653607161575110895e-01
-1.460001378315525511e-01
6.490568161585276788e-03
-8.199285653937184171e-02
1.448470133860409459e-01
-3.157254813009792438e-02
-3.534000411807315389e-01
5.109352431228831870e-01
3.217209296774360960e-01
1.760915933246454679e-01
7.041722834675927523e-01
1.045389595743471539e-01
-4.504615712998559290e-04
-8.522586985453562899e-03
-1.019034185006124776e-01
8.173016493981266617e-02
-2.196127379591139017e-01
-3.132561972562200592e-02
6.276252709846094624e-02
-6.647308499388685128e-03
2.787182379510005914e-01
-2.127251243338533215e-01
8.103737652218334642e-02
-1.106556747671560981e-01
-1.019921791221583829e-01
-1.473572000162848283e-01
-3.083990722852213429e-01
5.025121810981675492e-03
-9.861503857346679003e-02
4.962307104334794106e-02
1.221576359700634468e-01
2.778670870406106941e-01
3.217725146332418157e-02
-3.418761831324269029e-01
-1.757213162249356489e-02
-9.535224272521630740e-02
7.594051996349196476e-02
-1.504245214418477132e-02
2.362608342743545420e-01
-2.203470990834669602e-02
1.511597061453876512e-01
3.291426260368581630e-02
-3.095437149561444112e-01
-1.975263887356958903e-01
4.150920067294286420e-01
-3.074282278803533441e-01
-3.371013638445125027e-01
1.223128552255944163e-01
7.978560368092929567e-02
1.820644810500270383e-01
1.121051944814262097e-01
-1.555476572124650236e-01
6.663485847904451753e-02
2.105019221186709422e-01
-2.041676403426004593e-01
2.076402241512662061e-01
9.497401633641158747e-02
-2.709461126729190150e-01
1.717929823385516974e-01
-3.253271763327531541e-01
6.113593607697156984e-02
-3.088070150971701788e-01
-2.957097419802209165e-02
4.355180405594145931e-02
-9.637066469232746790e-02
6.237515918635658935e-02
9.321660690377114866e-02
-9.718352982847318355e-02
-3.960804714710695063e-01
-3.290125894366158765e-01
-4.379386776609326959e-01
-7.953746828017022041e-02
8.773589760260501469e-02
-2.436141152142190791e-01
2.791157528132843790e-01
-1.593909962912802222e-02
-5.200684641500494948e-02
-1.125745130545973555e-01
5.449437489682125435e-02
-1.079168644101464597e-01
-2.126708096041016460e-01
-2.056751810100935773e-01
-2.690678851661790771e-01
1.383836412075956646e-01
1.397115403896251051e-01
2.822552435274983118e-01
-3.602535774346387470e-02
3.042174828440525891e-01
-2.141102067543325296e-03
3.431202727362235305e-01
-2.073852880447469016e-01
2.153092121642160781e-02
6.006902040107591628e-02
-4.321320566688209852e-01
-1.370850003919618365e-01
-1.667774847656000037e-01
2.980379132983174834e-02
-2.866574638499919114e-01
-1.888687696205251232e-01
-2.042448471793797127e-01
2.294763385309067927e-01
-2.153444544066088484e-01
2.879368776904625005e-01
3.680764225614654300e-02
-1.622190016427648152e-01
-3.605487027046213599e-01
3.029410676720226681e-01
-1.064021158365376224e-01
7.415174222165399343e-02
2.394698038597293244e-01
-3.204755236162660226e-01
1.019585967386502784e-01
-1.887795762496113083e-01
4.272428893611907585e-01
7.189977903411340909e-01
3.073930258584621211e-01
-7.116023306417429417e-02
-3.190968615458478208e-01
3.398970051878816845e-01
4.235105079314997745e-02
-8.833896456904355432e-02
1.166647898055604010e-01
1.075606001552447365e-02
8.670128678003053910e-03
6.648497965399108312e-02
-3.135978317585119690e-01
-3.239194205697593087e-01
-2.489725913917145150e-01
1.647011879894807185e-01
-1.027083601096424881e-01
-9.519560572755832173e-02
-5.000513370123336188e-01
-1.262474149617736630e-01
2.436080286884837187e-01
8.453148270798847841e-02
-2.917980356440902714e-02
2.516220296052890971e-04
1.248618187026030862e-01
2.347841156716847510e-01
-1.451904548777976367e-01
1.015017825867933626e-01
-3.017081905847979750e-01
1.350396594524153407e-02
4.012949302918548261e-02
1.965292453530251005e-01
-1.011802462445596934e-01
-1.028639332618275642e-01
-8.712346171484926238e-02
2.395707145043987352e-01
-1.898121027318190601e-01
-5.310332642708497364e-01
-1.766725064327976380e-01
-1.299625527281460524e-01
-5.450275643613590459e-02
1.994840008828878686e-01
1.409485996791179918e-01
2.771092130602613723e-01
-1.298396893722069678e-01
-6.418394240582342425e-02
-1.274068584232510848e-01
-2.700946566666133086e-01
1.464427554468354375e-01
-5.122816020943827819e-01
-1.331263764940982253e-01
2.184631500855104824e-01
-8.786004093382231150e-02
1.123649066774595473e-01
8.099200158198062438e-02
1.921772080792019943e-01
9.032533441141206432e-02
-4.226745415842897979e-01
2.382095256957515728e-01
1.456671910770175049e-01
3.536871777231959668e-01
3.125991239411745060e-01
3.350314524638467462e-01
9.733618660653513277e-02
-1.454831100005354351e-02
-2.202746073852810127e-01
1.010629183253131669e-01
-4.552320242667529104e-01
1.027646843923608055e-01
-5.922759238227399275e-03
-2.564147560704672577e-02
2.215375173627042935e-02
-8.758144923562179163e-02
-1.475508284539295834e-01
-5.843710154718776556e-02
2.577460496068481044e-01
4.329451722612354114e-02
-1.997867801605458515e-01
-1.148818220972222803e-01
8.330814012709712724e-02
1.561501464861673738e-01
3.829565188893203076e-01
-4.753729790237836567e-02
4.417630580680061980e-01
-5.104361407926282651e-02
6.574701183041115060e-02
-1.088082194389026619e-01
2.721819056581334939e-01
3.518132337674683141e-01
-2.116702420859132572e-01
2.746202079027286191e-01
-1.228957429908512228e-01
-3.013528802069597723e-01
1.845619601426760070e-01
3.850998178037996489e-01
-5.818521946340668438e-02
1.677891311955190534e-01
5.166653738683136404e-02
5.273614516612213504e-02
1.401835649001118012e-01
4.674824422149389397e-02
-1.743035094311014555e-01
2.465599879026831587e-01
1.194274379269866376e-01
1.514722738984306816e-01
2.315908811225692865e-01
2.738565384829032973e-02
1.291365689684230433e-01
-2.666544542127029585e-02
-1.473906389225274061e-01
-9.896525738177135156e-02
-1.160464388629685178e-01
-1.107765310147833943e-01
-9.154255824090766491e-02
-8.494427405137342652e-03
1.552397843876478223e-01
-2.232023934689918998e-01
-3.733703746212377328e-02
-6.102051205765345737e-02
6.430975188560476494e-03
-4.000707871627944279e-01
3.102141180994932856e-02
-3.470557558564143497e-01
-3.075000247415555221e-01
-1.422880374091355926e-01
-2.787559752680397827e-03
8.084767299340830937e-02
-3.368419729218609382e-02
1.235726330281479088e-02
2.445177717355619396e-01
-1.596113806107152255e-01
9.794651359949963637e-03
-2.117207290075427129e-01
1.249713067704995711e-01
-4.647607336395077060e-01
4.558264511708332717e-02
-4.496790479187356276e-02
4.234423958569187296e-01
-3.183073857736393175e-01
-2.321561734468692573e-02
1.841201877728421976e-01
-5.198113132331834141e-01
-5.677562922434225071e-03
2.495417070526608494e-01
5.852738865285363190e-02
-1.087319652491673394e-01
3.716367739192230624e-01
-5.863503592567867462e-02
-7.956468408338814025e-02
3.376614775676293756e-01
9.179918454648997028e-02
8.969673824240056992e-02
1.184248325647889455e-01
2.958157026460229155e-01
-1.384763391210782069e-01
3.615611193670668216e-02
4.500288947782270232e-02
-8.031445203053451387e-02
4.734747700894389316e-02
1.143844821616466362e-01
2.131890187847957085e-01
-1.963342773166410204e-01
-1.436552851778196138e-01
5.156155921253072899e-02
-4.967481487967462250e-02
2.947433337590831259e-01
3.895423904576700985e-02
7.320149606067793968e-02
-3.485935741186330650e-01
4.049997549859126189e-01
1.915131580914466169e-01
-1.236399552529164059e-01
9.751018723205677474e-02
1.592644034660050112e-01
-2.319192611588876685e-01
-4.030670333648133652e-01
3.614518132418650387e-01
4.364486433606774574e-01
-2.422419316806562750e-01
-1.582943141235912954e-01
6.883516056219508329e-03
1.937954811406212563e-01
3.062348963639751620e-01
1.942199331613269908e-01
1.074594631604272738e-01
-1.592052750753621682e-01
1.884705245878206537e-01
9.253042938203000223e-02
-3.028506306234275414e-01
-1.639895845705996447e-01
-4.589420350054815995e-02
-1.842505651684807344e-01
3.467586385100347446e-01
4.383236132390907341e-02
9.983989860274547490e-02
-6.170058711075249169e-02
4.775758923615583407e-01
-1.400973600186480039e-01
-1.349425738214785975e-03
-3.551756111949293943e-02
8.997551167627310109e-02
-2.598425011203738810e-01
-2.659848367601574393e-01
-1.680255028599597911e-01
-1.098464419527551417e-01
1.242564729179451294e-01
6.082542705621378498e-02
1.046660850499361341e-02
2.975083334433799021e-01
2.274326637666947148e-02
1.826867783797071487e-01
2.783893352802255944e-02
3.770806893203154098e-01
3.093075480976648084e-02
1.550843721160759248e-01
-7.695568467026381310e-02
-3.680361041555667012e-01
-1.360401827612158498e-01
1.698673636905187467e-01
-4.401836866530954850e-01
9.021758740268813470e-02
2.260045687466833431e-01
5.857339560085082081e-02
-2.161229488502984242e-01
1.690396557726522309e-01
3.572670359944005170e-01
4.528317437935692746e-01
2.814373564760491025e-02
1.716691380293170199e-01
3.195358793569380573e-01
1.283088197248505036e-01
-2.348582264735311065e-01
-2.039602376423004793e-01
-1.309282022788168798e-01
1.606515585343666272e-02
1.945217649895970569e-01
2.527280298030594730e-01
5.058251434061415974e-01
-4.314187346705556508e-02
1.379430215281220728e-01
3.243526994618501913e-01
-2.180614336807715770e-01
3.302494274775635841e-01
1.069089951280501188e-01
2.748000521755577987e-03
-1.550806253839506488e-01
-3.147761013453446478e-03
5.229090118056934910e-01
-5.880067137039865499e-02
1.045526792707774932e-01
-3.920542578474271039e-02
3.092969920383832338e-01
-8.400461933698431805e-02
4.786146616751670302e-01
2.702977743600088467e-01
-1.738060104829628263e-02
-9.245863490040265309e-02
1.355865214431346485e-02
8.324946039369934825e-02
1.618786818024839091e-01
1.996427176570391149e-01
1.251825115111433219e-03
2.699239880542915193e-01
9.240972326593738240e-02
-1.156025127129739760e-01
-1.785150782369073208e-01
-2.042162822326450411e-01
-3.527806751795701384e-02
-7.888550748043361704e-02
-1.238596005926224375e-01
4.781325370569565192e-01
-2.610812640262417106e-01
-1.073544810509440284e-01
2.189794810072435982e-01
-1.417513512878700865e-01
9.430272122413938321e-03
-3.065793308556254981e-01
-6.411027819555570328e-02
-2.293222728715663683e-01
2.497449571258949508e-01
-2.287574745971987511e-02
3.843218777601851155e-01
-8.555283599869328848e-02
1.274767987014323312e-01
2.534387407776322321e-01
-6.270962561759968468e-02
-2.544596060338680937e-02
-1.580634229676967373e-01
5.968237457951289932e-02
-3.235908436272546540e-01
9.900009025510140420e-03
-2.968319558371667610e-01
1.424865187187384155e-02
-2.010142408926970381e-01
5.257900653618362286e-02
1.252629539742298459e-01
1.264786931023703376e-01
-6.149521970840694796e-02
-6.838478931468290611e-02
4.576569755307003384e-01
1.755923616044774982e-01
3.029250657527108870e-01
1.955010026583455240e-01
-1.253512408415594359e-01
2.422251044201714498e-01
6.670870469975059835e-02
-4.490442158729065492e-01
-6.525518259948788480e-02
-1.401652791363437178e-01
-8.454614667487968249e-02
6.308996138245767660e-02
-4.939282263935883960e-02
-2.867314675356162912e-01
-8.822046714098088008e-03
3.291996422396427091e-01
2.789338607090940392e-01
-9.022546716854836987e-03
7.183301794056169698e-02
-6.742076255629018966e-02
-1.866688945323037030e-01
-3.186626937611194976e-01
1.375572886527270666e-01
1.699029882757331980e-02
1.750410995855488649e-01
1.587642263084087235e-01
-7.962305018571645687e-02
3.112963061545661603e-01
1.981278661303219613e-01
3.197293781490624376e-01
-3.903793886594590368e-01
-1.298172674283709360e-01
1.060030176627482223e-01
1.256662205658999332e-01
-1.015156473208327498e-01
2.270952705132851454e-02
2.101355161412307160e-01
2.942839054490729578e-01
2.119472159883315499e-01
3.281584337020683473e-02
-3.961221462152308970e-01
-5.316770567811792692e-01
-1.189114845054722036e-01
-3.093063474363950960e-02
-1.146185056840543087e-01
-1.273517070241775850e-01
1.838330906830979161e-01
-1.816964217215755184e-01
2.002861366854740421e-01
-2.733749040880302239e-01
-1.044432018369816778e-01
2.046518084284031924e-01
-4.647671882344298067e-02
-1.247938443426124394e-01
-2.742523579830713487e-01
-1.274406992331088007e-01
1.137590746273928616e-01
2.989796299833075710e-01
3.639899492351570398e-01
1.188928894991841817e-01
3.211253128017426128e-01
1.792338131066960050e-01
-1.839148271719210359e-01
-2.179510962170762983e-02
3.642267133308116356e-01
-1.884677350690227293e-01
-1.702660449458772984e-01
-2.399975171112431749e-01
-5.042452389714066063e-01
1.874152585097800805e-01
-2.315310615886068402e-01
-5.925167945776729089e-02
-2.541683220492347781e-02
1.937505019707744525e-01
-1.162610199241063819e-01
-9.253965470648345404e-02
-1.297349359394193435e-01
-4.017572396918432653e-03
2.430422022154415107e-01
-5.296222361974065596e-01
4.634600613244547196e-01
3.858895288820768290e-03
-2.395968167685676511e-02
-2.736307930290037341e-02
-3.603288488747729001e-01
1.476892561497022416e-01
-3.543486633455973367e-01
-6.532469731473795893e-02
2.291258827857757807e-01
4.071104876199028166e-01
7.549270383079385860e-02
-1.749819630952183513e-01
-1.290197872480377816e-01
-3.273627842390864351e-01
7.009763372847191421e-02
-1.255552563169322899e-01
1.527522223391857836e-01
-7.165840346152717311e-02
-1.093434017846120349e-01
-2.724043804305866234e-01
1.409146050093180447e-01
1.643253944213506415e-02
1.098965616946987606e-02
-9.168758377457984776e-02
3.332077623720880455e-01
9.969727406473595510e-03
-1.564521566221206972e-01
1.265724144978317700e-01
9.882596359296755284e-02
7.469000123922031609e-02
-3.080493374909170634e-01
-2.931464983098226451e-01
2.129939802547770045e-01
2.979291088629248963e-02
-1.468571953303624833e-01
1.340611069853478998e-01
-1.589409732590441882e-01
-6.119987097793561787e-02
-3.197423325191411370e-01
1.211701206494597838e-01
1.097355254389553170e-01
1.402999330176990522e-01
-1.870122595519295716e-01
-1.352333972762500558e-01
-3.223506409072074419e-02
-1.102196025972413396e-01
1.926406028681439120e-02
-3.456030031503246058e-02
-1.189120684181587534e-01
7.624450806824978333e-02
-1.812541274508110423e-01
2.333248348297058128e-01
-6.191424531423150857e-01
-1.357164237418726771e-01
1.797176600441772465e-01
6.181275670148920348e-02
3.842796551979139053e-01
2.593040206407374801e-02
1.738511727708460519e-01
7.021275625829842548e-02
4.207867007042388058e-02
-1.303090655285575883e-01
6.949805043618412226e-02
-1.018977218626088976e-01
-3.512360866816783278e-01
-1.437411201459879995e-01
-2.815602659011324782e-01
1.705745996121712238e-01
5.640488810686684895e-02
9.626702780251826519e-02
-1.875183710878132182e-01
3.990168654041719581e-02
-2.361152328772199993e-01
1.955137344297497859e-01
4.873403955403824428e-01
-4.307864798650399424e-02
5.352204794300232660e-01
2.076434539891784392e-01
9.844329203276080964e-02
-8.326555879320036296e-03
4.139383027595014766e-03
4.303641084613354928e-01
-4.346612264550003824e-01
4.638055484055850219e-01
1.125441802459536955e-01
-6.725607906252091539e-02
3.473190591317658338e-02
2.993746625538418540e-02
9.623888305446202940e-02
-2.577313700841236677e-01
3.263367150717810805e-02
-1.733641070461827693e-01
-9.982223775219672968e-02
1.984078933924608712e-01
-5.290877985234070102e-02
4.474840759755705499e-01
-1.528779500438563199e-01
-1.524345588789909403e-02
-7.451488427089793254e-02
1.166156242553238742e-01
-8.137407487888316526e-02
2.900562428536489212e-02
-2.114523553317018412e-01
1.228644920379715899e-01
-2.678275852774394949e-01
4.692443665985536472e-02
-1.840625275143393524e-01
2.173627916439569985e-01
4.500180831687204952e-01
1.587048481014736168e-01
9.930692679406860623e-02
3.263546255873372298e-02
-6.062024710774605030e-01
4.306358595366095443e-01
1.348405725021112889e-01
-9.194019360707988975e-02
1.113009104945728994e-01
-1.039344993146520957e-02
1.027471617205506921e-01
-5.338914955273215135e-01
1.350489923415063298e-01
-7.857704728484836421e-02
1.063077464666127986e-01
-2.220013711622763897e-01
2.381405878456890612e-01
-3.953559256513746595e-02
1.196910411119432582e-01
1.859611896260677799e-01
-3.676843073986170718e-01
3.451982230291685827e-01
-1.539951467779088479e-01
1.171299323739140308e-01
-3.796680821098356584e-01
1.334023867025569410e-01
3.303776441649081044e-03
2.271867805334343571e-01
7.738495631012355658e-02
1.440526829907206874e-01
4.398920149596231566e-01
-7.001348601871978938e-02
-1.593923467165439811e-01
-3.617254045100408155e-01
1.889179327323583790e-01
2.741565586728485493e-01
2.470410465455285531e-01
-2.350565441322116644e-01
-1.829804127747764464e-01
3.848250881621045338e-01
-2.263696983019246045e-01
3.294003999777327385e-01
-1.026919603651664098e-01
-4.207009842235330255e-01
-3.020023004641935183e-01
-2.362829611371382865e-01
-1.456013749985826111e-01
-4.148210724223392459e-02
-7.351954107093316981e-02
1.461226184121412197e-01
-4.869197163171497533e-01
2.411936566909081980e-01
-2.220011784888516471e-01
-2.958548061859184175e-02
7.433874469540185416e-03
3.652848078445771196e-01
-1.795792395861165180e-01
-1.072305929458744339e-01
-3.913260027745198433e-01
1.920411845005348672e-01
1.836798358779699603e-01
-3.368130327660072421e-02
4.776620095729720572e-01
-1.728732359529193685e-01
1.400627354735217434e-01
1.162869037094149405e-01
-2.676761183986765547e-01
-1.487539893488736518e-02
-3.055748733594060296e-02
-3.446942070251685086e-02
2.996365885134268936e-01
1.579167741762558738e-02
-7.047953358268017714e-03
-1.827591782689131361e-01
-1.680327126497350443e-01
6.668964609603098004e-02
3.560362930518331387e-02
2.867196442521804250e-02
-1.681233240339384261e-01
-7.968439263450177723e-02
-8.143152834985110944e-02
-1.122555237658219573e-02
-8.637219502530343873e-02
-1.298904275365931893e-01
-9.738164754956167568e-02
-1.620381849485459103e-01
1.189264980628833845e-01
-3.148887380623021093e-01
1.535282560477269354e-01
3.642414421265343094e-01
1.219622647914088975e-01
-4.040124970594433096e-02
-2.371046407042972648e-01
-7.764541028614170559e-02
1.469974814618878745e-01
-1.284770470788544616e-01
7.748262179240207603e-02
3.890911955193916520e-03
-1.018681711157567588e-01
2.670685555452484428e-01
-1.225447586171085623e-02
-7.647259968030876987e-02
-7.328489939170787504e-02
-3.291469258552494614e-01
1.310134131116096889e-01
-9.353685492503320542e-02
-8.822654559959443310e-02
1.647352022037674724e-01
2.774634013690227552e-01
-3.370528453251580014e-01
-2.771578935470482286e-01
-3.823329057577110491e-03
1.913391202555139170e-01
3.022864610127426466e-01
1.618200391485438983e-01
-3.375035255402115131e-01
5.259851627307617766e-02
1.761832925747892908e-01
-7.607238298629617756e-02
-1.142258355564763350e-01
-2.240329658920506284e-01
9.928762390948257799e-02
3.014676397915012074e-01
1.860521222457021118e-01
-8.543824600783588019e-02
2.909160237776739488e-01
9.720311343615738869e-04
-1.154782556532833321e-01
-7.153493243773270671e-02
2.021430754451920483e-02
2.483253682625353176e-01
1.442068905325999684e-01
-1.317863349923120986e-01
-9.543522806768391098e-02
-6.229737158689527959e-02
-6.338528005783133912e-02
-2.738493674483397089e-02
2.334648659113432445e-01
-1.087250142287733562e-01
3.895125585921276334e-01
8.023108042172778787e-02
-7.948548404424696234e-02
1.041737417891350492e-01
1.971335336556633011e-02
-1.226134799183109941e-01
-3.921581788891601028e-01
3.688133218485990794e-02
-1.373117255696064062e-02
-5.173678824214678063e-01
2.966002899828902306e-01
-1.804996555537105307e-01
3.579612034369369922e-01
1.474423386989690346e-02
1.673067461336737519e-02
2.467122853767610147e-01
-3.662616900823614102e-02
8.980409586130450039e-02
5.785740766808301905e-02
-2.515562867828870508e-01
-1.149857451926940693e-01
1.928248854386440947e-01
1.738944401514644911e-01
-1.176199260402251562e-01
1.174344576822042990e-01
-3.044561689470217172e-02
4.949471263061765436e-01
1.948560050586050085e-01
-1.203971794254301841e-01
2.659210495387669404e-01
-1.307975690069879404e-01
1.021083065260083300e-01
-1.873425252029631560e-01
-3.432190670757870876e-01
1.931705744652122692e-01
-4.020704542941248849e-02
2.763424950880293829e-01
3.316954341510226500e-01
2.580777201347951300e-01
-1.883747456397220077e-01
1.132318787348072370e-01
-2.630821971249999724e-01
1.760321788577955404e-01
2.396235795785948974e-01
1.434938066047037886e-01
-2.174388683099526265e-02
4.097658844494136421e-01
-1.883796545770969888e-01
-1.828724068406559489e-01
4.399615202618909482e-01
1.669917675863400452e-01
-6.482368697396223567e-02
-2.107820154968126705e-02
-7.141259280981880619e-02
-6.129454619416477290e-02
-8.953735851094174469e-02
-2.940958594999335332e-02
1.558310339703825320e-01
-1.506024586834308066e-01
4.214295431290684263e-02
-3.431281306978390400e-01
-3.318097803530218465e-02
4.219521552753061761e-02
1.790134789430591067e-01
-1.581377151588800323e-01
3.904189444994039804e-02
3.931561317740061012e-01
6.404911570330795723e-02
5.531139639994366725e-02
3.948842455205244656e-02
-3.239826885816164681e-03
2.759800929993729834e-01
5.829911401080502265e-02
-1.811242185375472602e-01
2.861068281085941689e-01
3.178120684958543607e-01
-1.445326514155253483e-01
1.829252911964724948e-01
-1.856672596220096116e-01
-5.385782160019433190e-02
9.924874424130307460e-03
-3.117456177913646154e-01
-9.707944182653853449e-02
1.448278400050024076e-02
-8.172498272873038316e-02
-1.720737747842554233e-01
1.113142681245316012e-01
1.698330676684647045e-01
2.446951099627801551e-01
9.137913979663717101e-02
-1.269964554870238460e-01
-6.240697264462050781e-02
2.529982405053359251e-01
-2.052356582964119935e-01
4.385222501211638417e-03
6.519621105440794040e-02
1.241335404061271880e-01
-2.289785204354038151e-01
6.635282259062745547e-02
-1.198302099297094692e-01
8.941645643250442643e-02
-4.852807673476432215e-02
-4.619451561381202054e-02
-3.518503140939145679e-02
-4.143685760008372077e-01
2.098669973854097592e-01
-7.921858046804676479e-02
-3.181122637906138584e-01
-1.013529880661492681e-02
-3.936640571081700402e-01
1.796079528926382840e-01
-6.613377693959016090e-02
-3.685659282908116952e-01
-3.460149561120296965e-03
3.529867783513122026e-01
-1.125153996858178351e-01
2.327922925818324412e-02
4.472910590399367670e-01
2.358985583209755391e-02
-4.587737242329890108e-01
-2.085506218090984465e-01
-2.662415271685768525e-01
-1.764922436135572814e-01
-1.317760299890959053e-01
2.310618187968819237e-01
-1.507088992242169023e-01
-1.075101098095199020e-01
1.959547651104824872e-01
1.121651842278948846e-01
-7.997706175337135348e-02
-2.111427621040665170e-02
-2.165881065294922581e-01
7.099763873547747413e-03
1.439446575564657937e-01
2.706280913650061515e-01
-2.915804870423289730e-01
3.545872053210972347e-02
-1.502633875925154516e-01
-1.545673843375900969e-01
2.418816411898400409e-01
-5.667640760922398185e-02
-5.017137277439840393e-01
-6.832508817496345255e-02
-4.237345994559820195e-01
3.633806555955858553e-01
-7.781412944356098926e-02
1.200449496554596568e-01
-3.138657348472141950e-01
2.909336703996211193e-02
5.087614581593192797e-01
1.573585270189643837e-01
-4.335947493562244959e-02
-3.287561091202879648e-01
9.701081937287577006e-02
1.673366542916671362e-01
-9.121480032670280236e-02
-2.635329350067197596e-01
-3.085874162919969299e-01
