-5.726436033298920592e-01
5.353966260208635752e-01
-1.000000000000000000e+00
-5.212247847786307675e-01
1.438952111884732599e-01
2.049254798227451158e-02
-9.933370683053817096e-01
-5.511257733153991367e-01
-1.000000000000000000e+00
7.595190787096819385e-01
-1.079320697152157393e-01
1.000000000000000000e+00
-1.266865013330363277e-01
-6.875383592662277499e-01
-1.000000000000000000e+00
1.000000000000000000e+00
3.807744273262750334e-01
-7.131331634198448954e-01
-3.554523811543313649e-01
3.018720813640063394e-01
-7.509840526730907628e-01
-1.000000000000000000e+00
9.105609212013119347e-01
-1.000000000000000000e+00
5.825851246682656193e-01
-8.904621426098706660e-01
-1.000000000000000000e+00
3.575373218071558057e-01
9.173004707140481884e-01
-4.281429928041301514e-01
8.301710880886925548e-01
3.054654232867572983e-01
-3.675739326398064222e-02
1.000000000000000000e+00
4.468673569693948355e-02
-1.000000000000000000e+00
1.000000000000000000e+00
-1.283878939900161553e-01
-2.273782526539981919e-01
-8.154586072839660194e-01
9.888151621635031807e-01
-6.826388501084443838e-01
-7.533759014470588211e-02
-7.039596795884337510e-01
-3.014658328885760907e-01
8.426415824602162541e-02
9.868452349970244231e-02
1.000000000000000000e+00
2.078467384587731615e-01
-1.611378124487673202e-01
-9.095164861438802539e-01
1.000000000000000000e+00
7.997016831827060690e-01
1.000000000000000000e+00
-6.217546136839982029e-01
1.000000000000000000e+00
-6.603472676248625106e-01
-1.000000000000000000e+00
2.554943983996674772e-01
-1.000000000000000000e+00
1.000000000000000000e+00
1.000000000000000000e+00
-1.394686427076963497e-01
3.014313775714532254e-02
-1.984028792421840548e-01
-1.000000000000000000e+00
1.000000000000000000e+00
-1.000000000000000000e+00
4.281360704930810557e-01
9.772541965002312647e-01
2.976147430377418246e-01
-1.000000000000000000e+00
6.661647890875539435e-01
5.837773660879309601e-01
-3.167469612438071902e-01
-1.594870798901192321e-01
9.277938192950149210e-01
-5.497408708070397054e-01
5.982693186367797900e-01
-1.000000000000000000e+00
-1.000000000000000000e+00
-8.390463082754908708e-01
9.973750811272780181e-02
-3.948201916987110760e-01
-8.051567197895521666e-01
-7.258375986140066516e-01
-7.503132416912530189e-01
-5.801338096225977514e-01
3.003580687680504901e-01
1.000000000000000000e+00
2.842167786184415235e-01
-1.000000000000000000e+00
4.956968126018576060e-01
-1.000000000000000000e+00
-9.843145507548234363e-01
-5.008633393287797997e-01
-5.682171432268474653e-01
1.000000000000000000e+00
6.688233972786488124e-01
-1.000000000000000000e+00
6.465177263064547653e-02
1.105947397906828500e-02
-1.058130765503380033e-01
2.377699280956092065e-01
-1.713704176924416012e-01
-4.797305570025278132e-01
-4.436919884609190623e-01
-8.018450445107310198e-01
-5.629338435816691466e-02
-5.402322230419907001e-01
1.578143085876655138e-01
1.000000000000000000e+00
2.408043617979589435e-01
-1.000000000000000000e+00
6.987720704164182561e-02
3.425154847883938314e-01
-2.747352594357415634e-01
-9.351286395448388244e-01
-5.657916367604726160e-02
-3.493293053856392771e-01
-1.000000000000000000e+00
2.559675643199513240e-01
-6.795054313635622290e-01
-1.000000000000000000e+00
2.308613857251303192e-01
4.919807726683078641e-01
1.000000000000000000e+00
-1.000000000000000000e+00
-8.572491484733062439e-01
7.186183327709552149e-01
-8.423166993258347501e-01
-9.071997870803822916e-01
-5.558301491576097542e-01
1.349446407831180195e-01
8.565610618955152855e-01
3.820487756783591538e-02
8.621129167333243526e-01
3.130650833268595612e-01
-4.629232345037133101e-01
3.895346979933940745e-01
-1.530667216483383164e-01
-5.105533249071725344e-01
9.717036553257925036e-01
4.048772955339620117e-01
7.054388860947925499e-01
-2.515629565526867895e-01
-1.000000000000000000e+00
4.190009154642299616e-01
-4.448929900506480850e-01
-2.106302460937351795e-01
2.071738024161648983e-01
-9.660078186934235589e-01
2.245047688761428739e-01
3.800214075048714557e-01
-1.640686848408814957e-02
2.814306257849918946e-01
2.030207293105565358e-01
7.361090518518087489e-02
2.400267776469119652e-01
-3.509112487507760059e-01
-1.000000000000000000e+00
3.797299999214880928e-01
2.332209304670382899e-01
-9.286279083435431403e-01
-9.091662301090143172e-01
1.000000000000000000e+00
3.806472608702273774e-01
4.854546666097243612e-01
-6.156076032070803006e-01
1.000000000000000000e+00
-4.437663440106981438e-01
-2.959508569343031192e-01
-1.439386484234097263e-01
1.000000000000000000e+00
1.000000000000000000e+00
-1.000000000000000000e+00
4.967402421144218594e-01
-1.000000000000000000e+00
-7.665370253680288404e-02
-1.000000000000000000e+00
2.999244158302586394e-01
3.696258431080759466e-01
1.000000000000000000e+00
1.000000000000000000e+00
6.733748082478265840e-01
5.850840751619108548e-01
3.987203500095248265e-01
-7.449275294390567126e-01
1.000000000000000000e+00
1.000000000000000000e+00
-2.398838276417214754e-01
-7.977038375195588671e-03
1.000000000000000000e+00
8.235453957585101570e-01
1.827567017672170335e-01
-7.294239762189297371e-01
4.677850713715725472e-02
-6.460457380151497508e-01
-9.652143977434279876e-01
-2.722166871183487880e-01
6.436362185266946145e-01
1.000000000000000000e+00
-5.818917740555498708e-02
4.616845019046800780e-01
3.277427646073552969e-01
1.000000000000000000e+00
5.432010249168427451e-01
1.290233505028294259e-01
-1.000000000000000000e+00
-1.000000000000000000e+00
-5.038773059350015737e-01
-5.514181757787854909e-01
-5.398536241729033902e-01
-1.000000000000000000e+00
-4.617288838661537387e-01
-8.491887745983597857e-03
-5.919567801328579071e-01
-8.052679758792186115e-01
1.000000000000000000e+00
1.000000000000000000e+00
-3.053654479165315294e-01
-1.000000000000000000e+00
-2.993081169441141332e-01
1.000000000000000000e+00
1.000000000000000000e+00
5.231951940853550864e-01
1.000000000000000000e+00
-3.331231520672406354e-01
-5.665324273838383273e-02
-8.845132115390926808e-01
9.152218442246243812e-01
-5.991488629890440176e-01
1.000000000000000000e+00
-3.870424695518879243e-01
8.562797029630396795e-01
-8.799677672173160659e-01
1.331133541227968731e-01
-5.965664829595773710e-01
1.000000000000000000e+00
9.523332816128486922e-01
5.402596458412405045e-02
1.000000000000000000e+00
1.000000000000000000e+00
-5.596251770849870466e-01
1.000000000000000000e+00
1.000000000000000000e+00
-2.494058697621831522e-02
-3.705396402430333191e-01
-4.860701162756314586e-02
6.611133242531025411e-01
5.444451794958909963e-01
-6.430978169527108435e-01
1.000000000000000000e+00
4.001387380529481952e-01
1.000000000000000000e+00
-9.744358545442703967e-01
1.000000000000000000e+00
-2.802911710320492578e-01
-8.048634952819462285e-01
-5.355207407082176463e-01
-1.000000000000000000e+00
-5.715086584811249759e-01
1.000000000000000000e+00
-6.241971312820073781e-01
1.000000000000000000e+00
-1.125685117363484089e-01
1.000000000000000000e+00
-1.000000000000000000e+00
6.947952269320625818e-02
1.000000000000000000e+00
-1.000000000000000000e+00
-2.078590684460281390e-01
1.000000000000000000e+00
3.542377568458052184e-01
1.000000000000000000e+00
-1.000000000000000000e+00
-1.000000000000000000e+00
-9.771801657737184676e-01
7.155871458812543828e-01
-1.000000000000000000e+00
7.190540997781532662e-01
8.335804533607732436e-01
7.057953951330935283e-01
1.000000000000000000e+00
-4.750900006030616129e-01
5.156645625346725215e-01
2.834923343034392862e-01
1.000000000000000000e+00
-1.329177618114385229e-01
9.798508004818391459e-01
-5.984250076068180213e-02
-1.699215355520973247e-01
-8.336911030620310914e-01
-1.686640511751423543e-01
-5.268730805497551239e-01
1.000000000000000000e+00
-9.469503875006539673e-01
-1.000000000000000000e+00
-4.779512128485415290e-01
1.000000000000000000e+00
-7.789253303734184897e-01
8.054761046477998399e-02
-1.000000000000000000e+00
-1.000000000000000000e+00
1.000000000000000000e+00
-5.915733481834586360e-01
-9.265183999371349177e-01
-1.000000000000000000e+00
-8.586542953600658779e-01
-1.000000000000000000e+00
-1.000000000000000000e+00
-5.100508704843719210e-01
-3.247912617173212002e-01
-1.169731202209623178e-01
-1.000000000000000000e+00
3.192631564467709460e-01
-3.541267411554923639e-01
1.267165530138100182e-01
-6.806481586544872453e-01
6.226945050983047070e-01
1.000000000000000000e+00
-1.000000000000000000e+00
-5.580485236247400005e-01
3.359660056404162320e-01
1.000000000000000000e+00
-2.872037627953766270e-01
5.667453730279248258e-01
3.320617899447422250e-01
1.000000000000000000e+00
8.714977081198624909e-01
-1.125376709957107146e-01
5.070960488119700127e-01
-1.000000000000000000e+00
-4.290227304264023767e-01
9.981968232444310418e-02
8.689005281608193076e-01
9.559496229246570997e-02
-5.480697204355665653e-01
-4.237639619868437402e-01
1.000000000000000000e+00
5.465621168702889943e-01
-7.159320829665193342e-01
-5.336819547191679058e-02
4.015862693789205851e-02
-9.525723262011627224e-01
-3.043640581748189439e-02
1.000000000000000000e+00
8.920219886993611957e-02
-1.000000000000000000e+00
-9.735029550622666950e-01
-2.782759686355743556e-01
-1.000000000000000000e+00
1.000000000000000000e+00
4.979448324870900389e-01
-1.000000000000000000e+00
-8.919874379082082250e-01
7.663392525562897628e-01
-1.268458387113347019e-02
1.920152783840383959e-01
5.717451139204735577e-01
1.000000000000000000e+00
1.281957686405423291e-01
-4.081775431600086490e-01
-1.000000000000000000e+00
-6.369933813059449612e-01
4.720677548998852835e-01
6.539548210345736967e-01
-1.000000000000000000e+00
-1.000000000000000000e+00
3.854260138863545571e-01
-1.000000000000000000e+00
4.959899200785125584e-01
-6.370841241515770026e-01
-1.000000000000000000e+00
2.780852686697893872e-01
-7.755928327026684332e-01
1.075408167751673166e-01
-6.835910510976379584e-01
-9.813530445966485161e-01
1.000000000000000000e+00
2.379839537668474725e-01
-2.664365174688657634e-01
-2.469201700908809360e-01
1.000000000000000000e+00
-1.000000000000000000e+00
5.029591934237318540e-01
2.117687171780643085e-01
-1.000000000000000000e+00
-4.099499366133937950e-01
-8.921789281730175825e-01
-3.234353021789114768e-01
-1.000000000000000000e+00
-1.000000000000000000e+00
-1.000000000000000000e+00
1.656100672689469477e-01
1.000000000000000000e+00
1.000000000000000000e+00
-2.757202278724031896e-01
7.789257114110155200e-01
5.796703211664184785e-01
8.891775566955593124e-01
1.000000000000000000e+00
-8.850352307727177292e-01
4.505762421300197329e-01
-3.749307198304232536e-01
-1.000000000000000000e+00
-1.063436757256918108e-01
-9.199011786682776970e-01
-1.360049394158902025e-02
-4.691784739001399474e-01
1.185706698108865420e-01
-6.970807145255413229e-01
-2.575854378090381980e-01
-1.000000000000000000e+00
-5.978162979678832700e-01
1.625272460210491071e-02
-1.489694022539785334e-01
1.000000000000000000e+00
-6.520100453216259861e-01
-1.000000000000000000e+00
-2.501311403284850465e-01
-1.000000000000000000e+00
4.415469964393818891e-01
-1.000000000000000000e+00
-7.198593001316578865e-01
5.055916486258220655e-01
-2.774860103464110161e-01
-5.449324898719846294e-02
-5.616980955200046033e-01
3.554878457968869698e-01
-1.000000000000000000e+00
6.843070795214538649e-01
-4.900569694056902681e-01
-5.056172989559809539e-02
-9.968370553124280553e-01
-5.178253536885807362e-01
1.595890241137044863e-01
2.866745884946827472e-01
9.620490422227323535e-01
5.198279370094327501e-01
7.193107012589666782e-01
1.000000000000000000e+00
3.208800130485742197e-01
3.319682682007697450e-01
-2.034309911503732193e-01
1.000000000000000000e+00
-1.268225637751935198e-01
5.198450046096705357e-01
9.825103629004631189e-01
1.000000000000000000e+00
1.000000000000000000e+00
-2.465202664353526307e-01
-7.758634899576672961e-01
1.000000000000000000e+00
1.000000000000000000e+00
-4.301574972628534610e-01
8.685923864640170411e-01
-9.248170688424403041e-01
-1.987372776915433126e-01
-9.741031578332979279e-01
3.210311029118135817e-01
1.000000000000000000e+00
-1.000000000000000000e+00
2.415571520334034994e-01
-2.374534193186751962e-01
1.000000000000000000e+00
1.000000000000000000e+00
-1.000000000000000000e+00
1.000000000000000000e+00
-2.569601217081097233e-01
6.180986075913772471e-01
-6.937221294382373005e-01
-2.443947729078735365e-01
2.017156304976369663e-01
4.425501562176543113e-01
4.439273760113950085e-02
5.822065907517324224e-01
-1.000000000000000000e+00
1.000000000000000000e+00
7.530542235218727898e-01
1.000000000000000000e+00
1.000000000000000000e+00
2.929166707645863288e-01
1.000000000000000000e+00
1.000000000000000000e+00
-5.684156385537028622e-02
-8.061254482185915837e-02
1.000000000000000000e+00
-8.004998098918290061e-01
-1.000000000000000000e+00
1.000000000000000000e+00
-1.000000000000000000e+00
6.837248134311320058e-01
1.000000000000000000e+00
4.806258797750824763e-01
4.320514526953287970e-01
-2.585281394439963715e-02
9.675987360900822898e-01
-3.891753806349762534e-01
3.591949379704549861e-01
7.378475506185415700e-01
3.167142529096167447e-01
1.000000000000000000e+00
-9.868145743700729167e-01
1.000000000000000000e+00
-9.150592969645071628e-03
1.000000000000000000e+00
8.078668881187975881e-01
6.249287735597227611e-01
7.892331533414173039e-01
-9.732111115716677308e-01
1.000000000000000000e+00
1.000000000000000000e+00
-6.199774135385514029e-01
1.000000000000000000e+00
1.000000000000000000e+00
1.000000000000000000e+00
-8.857707288898916120e-01
1.377438204328104154e-01
8.593616812499492719e-01
6.886374569778123123e-01
3.695312561432904097e-01
-1.000000000000000000e+00
1.782342610999516630e-01
8.343265951881123632e-01
-1.000000000000000000e+00
8.753823212361804273e-01
-4.873970795746867535e-01
-8.693170825598429685e-01
8.131486425855448397e-02
7.438955711917287772e-01
-9.351451404206584384e-01
-1.000000000000000000e+00
3.848660895220436529e-01
-4.613020553274493896e-02
1.000000000000000000e+00
-1.000000000000000000e+00
-4.227187890291139727e-01
6.440285101256209011e-01
-1.000000000000000000e+00
1.085456377709445308e-01
-1.000000000000000000e+00
1.000000000000000000e+00
-8.136764835083792891e-02
1.000000000000000000e+00
-1.000000000000000000e+00
1.000000000000000000e+00
2.023068241102532472e-01
3.576484212955762798e-01
7.495650090484473616e-01
-6.701006257378568920e-01
7.079013089087983213e-01
7.500486002516405515e-01
9.847867871607351997e-01
-6.512713263132266506e-02
-1.000000000000000000e+00
-1.000000000000000000e+00
2.219744752335826854e-01
1.000000000000000000e+00
-5.995505435586431231e-01
-1.204569711841904645e-02
-1.264276057997153757e-01
-7.979243035359796510e-01
2.176399234598987154e-01
-4.255527144734002065e-01
-9.437408398173065260e-02
-8.177769454549127515e-01
8.167343309356860370e-01
-1.000000000000000000e+00
1.000000000000000000e+00
1.744902612960523847e-01
-1.000000000000000000e+00
-4.046937991325627593e-02
-7.820985246984586414e-01
-7.539680736448863829e-01
-1.000000000000000000e+00
-8.290331034469748950e-01
4.860564124448050194e-01
8.905339022875575772e-01
-3.414003282605073686e-01
9.978183222642540429e-01
1.017955540617850041e-01
1.000000000000000000e+00
-8.648692963920114885e-01
9.761186947210443998e-01
1.000000000000000000e+00
-3.846907386566387199e-01
1.000000000000000000e+00
9.601128905276197223e-01
-1.000000000000000000e+00
-1.696467229417684408e-01
1.000000000000000000e+00
-1.000000000000000000e+00
-9.604903617328441889e-01
-2.798967489697064548e-01
-1.000000000000000000e+00
1.000000000000000000e+00
-3.701725901476898839e-01
-1.000000000000000000e+00
5.774564098744603413e-01
-1.000000000000000000e+00
1.000000000000000000e+00
-7.180588921863959584e-01
3.626835545510164183e-01
-1.941188216580879422e-01
-8.467183398378665959e-01
-8.265539230058649434e-01
2.394191272626905731e-01
-1.000000000000000000e+00
-4.516361655019152099e-01
-8.333926561080554629e-01
1.049067381532821641e-01
1.000000000000000000e+00
9.965551358215792854e-01
-4.726152355206374445e-01
-1.000000000000000000e+00
-1.000000000000000000e+00
-1.488488401874421274e-01
-1.000000000000000000e+00
-4.676960430253320200e-01
5.805440715677102625e-01
-1.000000000000000000e+00
1.000000000000000000e+00
1.000000000000000000e+00
1.000000000000000000e+00
-1.434864564893775785e-02
8.156263477858215483e-01
1.000000000000000000e+00
-2.203868895710430209e-01
5.270792420584247129e-01
1.000000000000000000e+00
5.134598982502333042e-01
5.671129100282342739e-01
-8.491938430096563906e-01
2.722634603691388433e-01
-1.000000000000000000e+00
-2.397656904545698853e-01
2.192223422471942240e-01
8.777030375848394739e-01
1.712799694057682842e-01
-2.483929034462648566e-01
5.749032713611508250e-01
-1.000000000000000000e+00
6.596277387320159669e-01
-2.127487033596553445e-03
5.835444105824029171e-01
-6.309493097021057206e-01
-1.000000000000000000e+00
-5.253279649377851079e-01
1.000000000000000000e+00
9.556261514689199377e-01
-6.274972641355963665e-01
-1.000000000000000000e+00
1.000000000000000000e+00
1.000000000000000000e+00
-1.421433122800568327e-01
3.263031539570671047e-01
-1.000000000000000000e+00
-1.000000000000000000e+00
1.000000000000000000e+00
-1.000000000000000000e+00
3.583712478580855509e-02
-2.979660051480680916e-01
1.000000000000000000e+00
8.230152310299553298e-01
-4.476265089452196033e-01
-9.736459541782277460e-01
5.129334094520640042e-01
1.000000000000000000e+00
4.836751538081078272e-01
1.000000000000000000e+00
-1.000000000000000000e+00
-1.000000000000000000e+00
-3.632993272581721556e-01
-9.045542764951259862e-01
-4.032778805428957059e-01
9.389416140136711553e-01
1.502320314375640842e-01
-1.000000000000000000e+00
1.000000000000000000e+00
3.786526371588828654e-01
4.623881664399686064e-01
-3.028052670352865405e-01
-5.393213628809672144e-01
-4.440618082616279994e-01
7.481003605069186380e-01
2.708512679139726265e-01
-7.922896122030595456e-02
1.000000000000000000e+00
-1.000000000000000000e+00
-4.391515222202189705e-01
9.641526702197202869e-01
-1.000000000000000000e+00
2.436106593818083699e-01
-3.767669946879460552e-01
-2.898429462106973942e-01
1.000000000000000000e+00
1.000000000000000000e+00
-1.978600636475214003e-01
5.616680207907103206e-01
-1.000000000000000000e+00
-4.345182307239455755e-01
4.084810299547340096e-01
-1.000000000000000000e+00
-1.000000000000000000e+00
-1.000000000000000000e+00
-1.000000000000000000e+00
-1.000000000000000000e+00
6.432502155844826985e-01
6.344149348800087740e-01
1.000000000000000000e+00
-3.103944858327865874e-02
-5.563880231872455617e-01
-1.000000000000000000e+00
-2.239659434472938970e-02
-1.000000000000000000e+00
1.000000000000000000e+00
1.000000000000000000e+00
4.153457597790738975e-01
5.828540962318589091e-01
-5.792689859401993491e-02
-1.810976679262722711e-01
-4.752516728201455765e-01
-1.964216795829547280e-01
-3.429289782421262589e-01
5.067602920992663185e-01
7.144897307311574020e-01
3.957743448645690831e-01
9.787320174785435478e-02
9.357932927402214940e-01
2.928059616774284502e-01
9.883318261846725239e-01
1.000000000000000000e+00
9.644294256209748895e-01
1.000000000000000000e+00
-1.788043228756701353e-01
-1.000000000000000000e+00
-9.584911373674653845e-01
-8.239880725020887198e-01
-1.000000000000000000e+00
6.862121721051237522e-01
-1.000000000000000000e+00
4.643214632125409330e-02
6.526910899143893996e-01
-1.000000000000000000e+00
1.208671843975983318e-01
-1.000000000000000000e+00
4.493426301523739119e-01
-1.000000000000000000e+00
-4.362218012797382527e-01
3.587855240651197652e-01
-2.743081916509391704e-01
-5.519280039984587605e-01
-3.160643802288271020e-01
1.000000000000000000e+00
-4.408822187222952715e-01
1.881368066516002080e-01
4.532244122269437625e-01
-1.000000000000000000e+00
2.578765968057447067e-01
-1.000000000000000000e+00
7.342352108516365661e-01
5.154728102403934864e-01
-4.191060112836255680e-01
-1.805587852284286365e-01
-3.530137757233320350e-01
-7.775615939947666533e-01
7.719030732798818351e-01
6.332127075677346228e-01
-2.114031439361206133e-01
-1.487588312208097119e-01
1.000000000000000000e+00
5.398552160455771798e-01
1.000000000000000000e+00
4.680944375784096279e-01
5.192354017186229242e-02
4.298095314705365211e-01
-5.082925490896420539e-01
3.513941846130292923e-01
6.787566839417881193e-01
1.651520762275626164e-01
-2.412308359406616920e-01
1.000000000000000000e+00
5.498493287959322906e-01
1.000000000000000000e+00
-4.289700254053550599e-01
-7.846506133434987262e-01
-1.000000000000000000e+00
1.541101159165496337e-01
1.000000000000000000e+00
-9.915686199487461217e-03
4.797200322608288214e-01
1.000000000000000000e+00
-9.012071978739888412e-01
1.000000000000000000e+00
-5.343054484367665280e-01
-1.000000000000000000e+00
-1.000000000000000000e+00
3.543230984019508090e-01
-1.000000000000000000e+00
-3.992048861260774628e-01
-4.639247016093334119e-02
-1.000000000000000000e+00
7.537409605088580822e-01
3.148253452076586467e-01
2.571109513802484758e-01
3.087266889690202243e-01
-4.630328831606445594e-01
-3.373739017982535504e-02
-4.388439303562408633e-01
-8.506015496399508269e-01
4.688961220299187049e-01
-1.000000000000000000e+00
-6.221564289415051352e-01
-5.987830077275458490e-02
-5.151398610866561034e-01
1.000000000000000000e+00
1.000000000000000000e+00
9.104815164893248491e-01
3.632614475778929708e-01
-1.000000000000000000e+00
-7.694801564334363686e-01
-9.633117950686744813e-01
-6.212968762375543630e-01
-2.823116157479542698e-01
4.338669710318330264e-01
4.505942238232196750e-01
-5.359420153080239890e-01
1.000000000000000000e+00
-6.705554494443067837e-01
1.000000000000000000e+00
9.590100897183349016e-01
2.954629970870567002e-01
-8.409127503255832414e-02
6.588690880209432388e-01
1.000000000000000000e+00
4.801907698068854646e-01
-1.000000000000000000e+00
3.412970033780976520e-01
-6.652649136344029879e-01
-7.214085676310666440e-01
-1.707905629044973450e-01
6.187392268294581443e-01
1.544623889211717283e-01
-1.000000000000000000e+00
1.000000000000000000e+00
1.000000000000000000e+00
4.797254142156802681e-01
3.655640714595092544e-01
-9.331922795442065821e-04
6.120483100986714442e-01
4.692173825726970726e-01
-9.938433143589187058e-01
-3.934329455409388276e-01
5.443252835108292054e-01
2.827748413375333336e-01
1.000000000000000000e+00
-8.644767077386615872e-01
-1.107637925650628574e-02
4.440057976591123556e-01
-8.503145848125507333e-01
-8.571760518651307947e-01
1.000000000000000000e+00
1.000000000000000000e+00
-6.762817786773492879e-01
6.946983209261639591e-02
-7.922559709886566326e-01
-4.743771531726980739e-01
1.384379648952435982e-01
5.733420780015155982e-01
-1.000000000000000000e+00
-6.932782649742936787e-01
1.000000000000000000e+00
7.020283632511117311e-01
-3.130068271706850508e-02
1.000000000000000000e+00
-1.000000000000000000e+00
2.104209353130034876e-02
1.000000000000000000e+00
1.000000000000000000e+00
-9.935129882710490579e-01
3.175319363248663707e-01
7.007682253092095692e-02
-3.696558006719416478e-01
-1.000000000000000000e+00
6.838379807344731331e-02
-1.408919968505204512e-01
-1.000000000000000000e+00
-4.621982974929375043e-01
1.894027187578661009e-01
-1.000000000000000000e+00
-9.365279667982004397e-02
-1.000000000000000000e+00
-5.018089981242298547e-01
-6.750463457893718378e-01
-1.000000000000000000e+00
1.000000000000000000e+00
1.844065610465736027e-01
-3.491498979644835909e-02
-1.000000000000000000e+00
1.929568122127816865e-01
7.873995620693572395e-01
-8.713329318679670088e-01
1.000000000000000000e+00
1.120466085099143250e-01
-1.000000000000000000e+00
5.550995185424454359e-01
2.841512641813440654e-01
-1.000000000000000000e+00
-4.271543302388735586e-01
4.165317500327818112e-01
4.905215418220569834e-01
2.812274882314982904e-01
-6.910441437638250584e-01
-1.000000000000000000e+00
1.000000000000000000e+00
-1.000000000000000000e+00
1.000000000000000000e+00
-5.540002562275385400e-02
5.099097484283907633e-01
-1.000000000000000000e+00
1.000000000000000000e+00
-2.468217424078190114e-01
1.000000000000000000e+00
4.597946256451582725e-01
-6.308101087705257903e-01
-6.869145961930643862e-01
3.001781578852120713e-01
-7.823747987830818040e-01
-1.000000000000000000e+00
1.000000000000000000e+00
1.000000000000000000e+00
-3.511798758645219287e-01
6.968588909257040775e-01
2.120202447369591847e-01
2.320592603944282573e-02
-7.377573719036181199e-01
-2.378679852246384785e-01
-1.000000000000000000e+00
1.000000000000000000e+00
5.136193799072458210e-01
-1.000000000000000000e+00
6.814471910688054690e-01
1.000000000000000000e+00
-3.812431588773393942e-01
1.000000000000000000e+00
3.701132197884122732e-01
9.848910688695339255e-02
4.910710122130269861e-02
-1.000000000000000000e+00
9.989523642774705836e-01
1.000000000000000000e+00
9.155694803679507165e-01
-1.000000000000000000e+00
2.485341039625602877e-01
5.699186273414674764e-02
1.263634725314404239e-01
-1.775325601901288075e-01
-1.773379064912312675e-01
4.457533357236379001e-01
4.118587622968835071e-01
-1.000000000000000000e+00
5.584114806250159990e-01
-1.000000000000000000e+00
4.592818648754991573e-01
-5.475177766655978662e-01
8.603715060278407378e-01
2.312672342182020557e-03
-1.000000000000000000e+00
-1.778783767948165576e-02
1.000000000000000000e+00
-1.000000000000000000e+00
-1.000000000000000000e+00
-4.787715800214212281e-02
1.000000000000000000e+00
-1.000000000000000000e+00
-7.041409218523227986e-01
1.000000000000000000e+00
-8.181835045370774995e-02
1.630498615384874395e-01
-1.000000000000000000e+00
-2.364414465912323959e-01
-2.019028873630957788e-01
1.000000000000000000e+00
1.000000000000000000e+00
-5.230507358575959831e-01
-1.723740124649543182e-01
5.206766813935252980e-01
5.066424038771213945e-02
-6.210487888846303317e-01
1.000000000000000000e+00
7.052148166089682313e-01
5.193000658215721765e-01
-1.390938667410172858e-01
-4.236179487584931791e-01
-5.360472141143420854e-01
-1.269909304918331039e-01
6.731528859908797457e-03
-1.000000000000000000e+00
-3.752899785714781944e-02
2.069459375833060666e-01
-2.552396570521459074e-01
1.000000000000000000e+00
4.775800855683427493e-01
5.214417731372116283e-01
-1.000000000000000000e+00
-1.000000000000000000e+00
1.000000000000000000e+00
-8.722043109371978575e-01
9.377833873803284037e-01
9.987835843891101906e-01
1.000000000000000000e+00
1.053383970460513575e-01
-5.855429173363826401e-01
4.878786978573783628e-01
3.290222863349269722e-01
-1.000000000000000000e+00
2.617604786930552985e-01
7.045262997142468508e-01
-4.258463182551883164e-01
-2.772481562354310314e-01
5.744134820299620081e-01
-8.527451885369770057e-01
8.180672094132063199e-03
1.000000000000000000e+00
3.356560296068293314e-01
-7.030608052868667635e-01
-4.676994383688544143e-01
-4.813868887971683996e-01
8.950518466604662216e-01
-3.285887431499166511e-01
-1.000000000000000000e+00
-4.560332452014097260e-02
-6.079056134318037152e-01
-1.000000000000000000e+00
-4.546658677524714198e-01
2.906708948739707421e-01
-3.699342092917986546e-01
1.765480168591896659e-01
6.894550178159741805e-01
8.962253232929568991e-01
9.248587265177000694e-01
-1.000000000000000000e+00
-1.000000000000000000e+00
6.634901983683368920e-01
5.918938796233962352e-01
-1.000000000000000000e+00
-4.061095270845391236e-01
3.173983139740552128e-01
1.000000000000000000e+00
-1.492022299526852280e-01
-1.000000000000000000e+00
-6.383723746568721324e-01
-1.126841603561470617e-01
7.687949092166719289e-01
-1.000000000000000000e+00
1.000000000000000000e+00
1.000000000000000000e+00
3.217014441198204899e-01
-1.000000000000000000e+00
1.000000000000000000e+00
5.807067762327677851e-01
-2.411008545148144444e-01
-3.763216147534364509e-01
5.053854312419691075e-01
3.498830037237367629e-01
1.000000000000000000e+00
-1.000000000000000000e+00
1.000000000000000000e+00
9.537867117550908880e-01
5.840814950109188830e-01
-9.805183394966208166e-01
6.872583013703889021e-01
2.393302704567336903e-01
9.580685225735321442e-01
-1.000000000000000000e+00
-1.715468807148339270e-01
-1.000000000000000000e+00
-3.165464912222644145e-01
1.834473149028230665e-01
1.668980419985756636e-01
-6.676637162225594890e-01
-2.660507135792841149e-01
8.324512927353723279e-01
3.151320664298457030e-01
7.748159518834519810e-01
1.000000000000000000e+00
-1.919731902920093769e-01
3.568376470535264966e-01
-6.187506294982912936e-01
7.316484963331417735e-01
-1.000000000000000000e+00
7.055535097933653965e-01
-2.236133803913910589e-01
8.762348691169568049e-01
-5.637032520135405456e-01
-6.172645126785101244e-01
-8.321685422065204785e-01
3.743399126865664672e-01
5.537516354531947238e-01
3.146548623692902447e-01
-9.166274359605190991e-01
-1.000000000000000000e+00
8.034878851050684112e-01
-1.177085573524974671e-02
8.065166289148070211e-01
-6.252452128609018445e-01
6.049791961113443195e-02
9.467215676126418122e-01
-7.724553077401323797e-01
6.601319115259642878e-01
-5.642928469271721870e-01
-3.747357544150254904e-01
5.406914660411177298e-01
-1.000000000000000000e+00
5.391529537359909252e-01
-9.918396362386797671e-01
-5.007534988778957752e-01
7.364765116006295465e-01
1.000000000000000000e+00
5.505354259152651919e-02
-5.473968103432382826e-01
-1.000000000000000000e+00
1.000000000000000000e+00
-1.000000000000000000e+00
-5.427833828248324055e-01
-5.047649789495649575e-01
7.496182559176244320e-01
-1.000000000000000000e+00
-1.266545077391661167e-01
-1.000000000000000000e+00
-3.471486323823568809e-01
-4.184131928831363312e-01
2.847580587106942618e-01
1.000000000000000000e+00
-1.000000000000000000e+00
1.000000000000000000e+00
9.188470354805020057e-02
6.769714010704554197e-02
9.521531116691712704e-01
-8.617337586864087795e-02
-1.000000000000000000e+00
-6.341256813586552965e-02
8.043349397456927008e-01
1.545537268384552798e-01
4.870599647340104199e-01
1.000000000000000000e+00
-4.399890869205090871e-01
9.001196439122417514e-01
9.654523241764265684e-01
4.974658960702965649e-02
-1.208024076955037801e-01
5.087486289877842793e-01
1.033847708648402142e-01
-1.000000000000000000e+00
2.570063386515252790e-01
7.304301064030114254e-01
1.000000000000000000e+00
1.000000000000000000e+00
-2.480581545137462984e-01
-1.000000000000000000e+00
-1.000000000000000000e+00
5.464080876023076350e-01
-7.824154906988721736e-01
2.036651773757300332e-01
8.620514386623684411e-01
1.000000000000000000e+00
7.387861414724343767e-01
-9.708067081837049583e-01
-1.515528967849710806e-02
7.319181971228470862e-02
-4.754456600012096912e-01
1.000000000000000000e+00
6.705122391952010874e-01
-1.000000000000000000e+00
-8.553506670160607728e-01
-2.821799451803890246e-01
4.877889442728122193e-01
-1.000000000000000000e+00
-1.000000000000000000e+00
2.147162672824112217e-01
7.234560284885530601e-01
-3.772533234573643979e-01
1.000000000000000000e+00
-1.000000000000000000e+00
1.000000000000000000e+00
2.912305843106050562e-01
-3.851161856323158661e-01
-1.000000000000000000e+00
1.000000000000000000e+00
-4.055164829195583298e-01
-2.832359763493783600e-01
5.586675677463702749e-01
8.630694076244812551e-01
-4.663575857330799490e-01
-1.072059478786661080e-01
-6.236408757249404244e-01
2.516558701281306210e-01
-3.451726459861350627e-01
1.000000000000000000e+00
1.000000000000000000e+00
-1.000000000000000000e+00
8.921997302734454571e-01
1.000000000000000000e+00
2.354890468633177858e-02
1.000000000000000000e+00
-1.000000000000000000e+00
-1.000000000000000000e+00
1.000000000000000000e+00
-1.000000000000000000e+00
7.854224573120600628e-01
7.380476830682630718e-01
-1.000000000000000000e+00
-1.000000000000000000e+00
-6.625424343239865177e-01
1.826135827096681818e-01
6.677690708042740564e-01
-1.000000000000000000e+00
1.394392544872148365e-01
-1.000000000000000000e+00
6.459686016789050189e-01
-4.206796423451175659e-01
-9.332673047645968500e-01
-1.000000000000000000e+00
8.613836619280679230e-02
1.000000000000000000e+00
-1.977604836243962161e-01
-7.313377749975276121e-01
6.347897564005722248e-01
-1.000000000000000000e+00
1.000000000000000000e+00
4.697951440343810514e-01
1.000000000000000000e+00
1.000000000000000000e+00
1.000000000000000000e+00
1.000000000000000000e+00
1.000000000000000000e+00
1.000000000000000000e+00
-9.935503304692543391e-01
-5.905787690058179606e-01
-5.641484617616610020e-01
-1.000000000000000000e+00
1.000000000000000000e+00
-1.000000000000000000e+00
-1.000000000000000000e+00
-1.000000000000000000e+00
-1.000000000000000000e+00
-8.247401062605321798e-01
5.742256428838607984e-01
2.091493534899221962e-02
-1.000000000000000000e+00
6.561157479748518373e-01
3.030311943433120492e-01
-6.710639036432888282e-01
3.948218789587447097e-01
-1.000000000000000000e+00
-2.377105343378047575e-01
3.287915488095118910e-01
-1.159802157167496572e-01
-1.000000000000000000e+00
6.271780815912332274e-01
8.334752102824359854e-01
1.000000000000000000e+00
-9.615096759303948248e-01
-1.000000000000000000e+00
4.165681183066106130e-01
2.584954328114655864e-01
-1.000000000000000000e+00
8.267121639502383879e-01
1.000000000000000000e+00
-1.000000000000000000e+00
-1.002797310224777250e-01
1.000000000000000000e+00
-3.876154760704142443e-02
-5.003569343136652359e-01
1.000000000000000000e+00
5.375853627729008100e-01
-1.000000000000000000e+00
8.879733814677603920e-01
5.548674055718887388e-01
1.000000000000000000e+00
-6.646134133207008965e-01
-6.105632166147360040e-01
3.130053702758361922e-01
4.483186051406215511e-01
1.000000000000000000e+00
3.922668835361351469e-01
1.000000000000000000e+00
-5.147079630273441175e-01
-7.512859355200296463e-03
-6.100449173772283240e-01
-6.557149167728963945e-01
1.000000000000000000e+00
-1.386204422674481851e-01
-1.000000000000000000e+00
1.000000000000000000e+00
-1.114525682768351261e-01
2.756631204277095182e-01
4.838708009333586024e-01
4.461769063430094384e-01
9.707314392871758679e-01
1.671577604497309910e-01
-1.000000000000000000e+00
1.000000000000000000e+00
1.000000000000000000e+00
-1.000000000000000000e+00
-1.000000000000000000e+00
1.000000000000000000e+00
-1.000000000000000000e+00
9.292951819090283783e-01
-9.975654846549519839e-02
2.511687994972480742e-01
6.543540991296392662e-01
9.440713088610304393e-02
5.797012188842058933e-01
4.429009877843173570e-02
-1.000000000000000000e+00
-8.815445897347470305e-01
-1.950877210796427702e-02
-1.000000000000000000e+00
-1.335775368160976306e-01
-1.000000000000000000e+00
-1.000000000000000000e+00
-8.140268929361103023e-01
1.000000000000000000e+00
7.290023721111074662e-02
-3.388514566200795386e-01
6.354821060545343681e-01
-2.296185532835587906e-01
-2.101869703441281712e-01
-1.000000000000000000e+00
1.000000000000000000e+00
9.385097190822643265e-01
1.000000000000000000e+00
-1.000000000000000000e+00
6.983172336926324331e-01
9.184088137629571325e-01
-1.000000000000000000e+00
4.483564536320513438e-01
1.004339643055149889e-01
1.323057185064937802e-01
9.416580383433496015e-01
5.573820885486001631e-01
-7.379685484620601699e-01
1.163765340201330378e-01
1.000000000000000000e+00
1.000000000000000000e+00
-7.627414863803688716e-01
-7.605708766362281326e-01
-1.000000000000000000e+00
7.839688286741146594e-01
4.333485352261875478e-01
-1.000000000000000000e+00
-1.336527176732162647e-01
-5.052151277240909399e-01
-1.000000000000000000e+00
7.029250881279864860e-01
8.141117396234638370e-01
5.370243976925561658e-01
1.000000000000000000e+00
1.000000000000000000e+00
1.000000000000000000e+00
-4.279020701807653704e-01
7.607767358101329425e-01
4.239934938682117238e-01
6.358870239602276708e-02
-1.000000000000000000e+00
-6.175611233410216450e-01
1.000000000000000000e+00
1.076390101535998761e-01
-6.711889062287984542e-01
3.420223425578015064e-01
1.000000000000000000e+00
1.000000000000000000e+00
7.214149566260505964e-01
1.000000000000000000e+00
-7.426972375519298453e-01
-6.125765955424158360e-01
-6.702859211807600248e-01
-1.944296327065965224e-01
1.000000000000000000e+00
-1.238457425360628417e-01
-3.752797914148488234e-02
4.654657522366089650e-01
-8.945724398830939839e-02
-5.813677490202907583e-01
-1.000000000000000000e+00
-1.531547306947114995e-01
-9.401867907219499942e-01
1.000000000000000000e+00
1.435962993675344579e-01
1.352040297554683509e-02
5.163442905369022284e-01
-8.042186279950916394e-02
-7.507214857941711950e-01
-1.000000000000000000e+00
-5.769060564107235667e-01
1.000000000000000000e+00
8.784307851919515020e-01
-1.000000000000000000e+00
1.000000000000000000e+00
1.000000000000000000e+00
3.168038281186258409e-01
-2.718335293228471006e-01
-9.477409338230130542e-01
-9.261613649564867101e-01
-1.129314354806340570e-01
4.756719728190482721e-01
2.929577387957797985e-01
-1.000000000000000000e+00
5.164749853471168883e-01
8.834010078729601645e-01
3.270526701412176385e-01
1.654240895137115697e-01
4.161954285072269055e-01
5.770322299962177270e-01
8.532503036212946146e-04
6.413102843965342581e-01
-5.524014323529604642e-01
-5.152477368869918806e-01
9.315325190782568487e-01
4.712824424629884490e-01
1.000000000000000000e+00
5.932600346241168054e-01
1.642972279337268637e-01
6.891431871440433232e-01
-2.477688699285773288e-01
1.000000000000000000e+00
3.747062493270876260e-01
-2.264330794700296634e-01
8.319830195248651972e-01
1.712215842457462944e-01
-3.589594052402352853e-01
-1.000000000000000000e+00
-1.000000000000000000e+00
-1.000000000000000000e+00
-9.863826639465864132e-02
3.726313024101286508e-01
1.000000000000000000e+00
-4.148771003724912587e-01
-4.744437800250013715e-01
7.022653170193002836e-01
-8.389526412094350238e-01
-1.000000000000000000e+00
3.014761935370504631e-01
1.000000000000000000e+00
-1.000000000000000000e+00
-1.197607280212819592e-01
8.317051605692169503e-01
1.000000000000000000e+00
5.437127436183825102e-01
1.122405183041466081e-01
-2.435498465850992889e-01
-6.067326663647754081e-01
-4.790761273451016322e-01
1.000000000000000000e+00
-9.592401994456775105e-01
1.000000000000000000e+00
-7.784138717400423957e-02
-4.904805241280893457e-01
1.000000000000000000e+00
-1.000000000000000000e+00
1.000000000000000000e+00
-1.000000000000000000e+00
-1.000000000000000000e+00
-1.000000000000000000e+00
-1.000000000000000000e+00
-9.554587873695047362e-01
7.138224224882927516e-01
-8.177593355607898351e-01
4.387620282427324714e-01
1.613886040136293110e-01
5.718287032216017307e-01
-1.000000000000000000e+00
9.614788578312344347e-01
1.558895368360011524e-01
-1.000000000000000000e+00
2.211386599803691899e-01
8.955222455959427341e-01
2.408743081467599745e-01
-3.365261318877618701e-02
-1.000000000000000000e+00
2.812252648361687757e-02
-1.000000000000000000e+00
-7.015369176052974609e-01
-1.000000000000000000e+00
-9.530549162829708987e-01
1.000000000000000000e+00
-1.000000000000000000e+00
9.869208571239069805e-01
1.000000000000000000e+00
1.000000000000000000e+00
-5.257994040780711309e-01
-1.441412380661361292e-01
-3.108502909011768844e-01
2.523174289088605526e-01
1.000000000000000000e+00
-1.315007023058290259e-01
1.757429393206612067e-01
-1.000000000000000000e+00
-9.745629171871634799e-01
4.834859008958194426e-01
-1.000000000000000000e+00
3.211622455264323550e-02
1.000000000000000000e+00
-7.050372277181647940e-01
-3.082217852786265921e-01
-5.700495238365351769e-01
-3.587459114726821441e-01
9.173783591847548546e-01
8.556336265904206373e-01
-1.000000000000000000e+00
-9.398622148114618713e-02
-1.000000000000000000e+00
-3.960785779903513298e-02
-7.257711594671938382e-01
-1.000000000000000000e+00
1.000000000000000000e+00
-1.000000000000000000e+00
1.000000000000000000e+00
4.135672396932127404e-01
-7.185515898396312995e-01
1.000000000000000000e+00
-1.000000000000000000e+00
-1.000000000000000000e+00
-2.432168786083528378e-01
-7.861560753421025227e-01
-4.635384412981707891e-01
-8.416458004639901791e-01
1.000000000000000000e+00
-5.445014597975423865e-01
1.877955178293065353e-01
-9.432454427084310256e-01
1.000000000000000000e+00
1.000000000000000000e+00
-3.994445012096331515e-01
1.000000000000000000e+00
-1.000000000000000000e+00
-6.684118546682942252e-01
-7.248866901993256118e-02
8.245400853312020439e-01
3.078761224267437258e-01
5.105329531574517299e-01
-3.744894339183529874e-01
5.709303598378626665e-01
1.000000000000000000e+00
3.571666337372430000e-01
-1.000000000000000000e+00
1.199403841603794707e-01
-1.000000000000000000e+00
-7.602220277296201090e-01
1.834132735437728201e-02
5.413424704527167730e-01
2.500195461521338425e-01
1.056082180486825894e-01
1.000000000000000000e+00
-5.407331584853209971e-01
-7.024135925471347575e-01
1.000000000000000000e+00
-1.000000000000000000e+00
1.000000000000000000e+00
-1.000000000000000000e+00
-4.809075793119456099e-01
1.000000000000000000e+00
3.778424917799014793e-01
1.000000000000000000e+00
1.000000000000000000e+00
4.420065486976798574e-02
-9.405976203931442070e-01
-1.000000000000000000e+00
-9.322216290370970437e-01
-5.175502610574755913e-01
1.000000000000000000e+00
-6.397023858848285283e-01
1.838851184505486680e-01
-7.732600788637133959e-01
-7.351845994526390315e-01
1.000000000000000000e+00
1.000000000000000000e+00
-4.741965261888941852e-01
9.210571483846385910e-01
1.000000000000000000e+00
8.336403926487191418e-01
7.849964291374363079e-02
1.000000000000000000e+00
-3.119101773942152822e-01
-1.000000000000000000e+00
-1.000000000000000000e+00
1.000000000000000000e+00
-5.027298271146374287e-02
-1.798171859329347200e-01
-9.588049118903841928e-01
-1.000000000000000000e+00
1.000000000000000000e+00
-1.000000000000000000e+00
-1.625216958262005740e-01
1.309219530883982685e-01
4.007352190512133983e-02
-1.000000000000000000e+00
-5.004538839930295913e-01
-1.000000000000000000e+00
7.374243880430580989e-01
1.000000000000000000e+00
-4.776288377403551388e-01
6.705962908100049358e-01
-4.240056988291163176e-03
5.865404554962524997e-02
-1.000000000000000000e+00
-9.593118196251460006e-01
-2.627140704594723153e-01
7.343550595298188322e-01
5.044549738822531326e-01
1.000000000000000000e+00
1.000000000000000000e+00
-1.911278378660820065e-01
1.000000000000000000e+00
9.173109616880601447e-01
3.924822933128460090e-01
2.015671475759788223e-01
-6.449829428933021580e-01
8.486581536050662178e-02
-1.000000000000000000e+00
5.438405314957457382e-01
1.000000000000000000e+00
1.000000000000000000e+00
1.328974206834332428e-02
-1.000000000000000000e+00
-5.285287365812960658e-01
5.580344297699506573e-01
4.908251803975349770e-01
1.000000000000000000e+00
-1.000000000000000000e+00
1.000000000000000000e+00
1.000000000000000000e+00
2.257842438685326858e-01
5.090965506611517810e-01
4.812735980530078450e-01
6.288436689138079405e-01
1.000000000000000000e+00
-6.863266019566478526e-01
-8.611569051250369533e-01
1.000000000000000000e+00
-1.000000000000000000e+00
1.000000000000000000e+00
5.305262269486519244e-01
-2.309744125035079199e-02
1.439405543744106120e-01
9.444681921264108659e-02
8.917979507003996886e-01
-7.247961385887953245e-01
-7.668562193273127381e-01
2.958482628021951721e-01
-1.000000000000000000e+00
1.000000000000000000e+00
-1.571278799772641288e-01
-1.000000000000000000e+00
-5.704699752015632841e-01
6.281737562536107156e-01
6.889698349050382697e-01
9.802275842702690145e-02
6.965027428932272224e-01
6.540510942254609272e-01
-1.000000000000000000e+00
-3.121522332683543954e-01
-1.000000000000000000e+00
4.993150655982960817e-01
6.891311349429454225e-01
3.826464576182323496e-01
-1.000000000000000000e+00
-1.000000000000000000e+00
-1.000000000000000000e+00
1.000000000000000000e+00
1.933290009150802624e-01
3.593418664830919651e-01
3.479523008107093807e-01
1.000000000000000000e+00
3.864096963489053183e-01
-1.000000000000000000e+00
-1.000000000000000000e+00
-9.588743818955697273e-01
1.000000000000000000e+00
-2.281321954202802926e-02
5.850636919127495394e-01
7.521582966933655356e-01
-1.000000000000000000e+00
-5.456592713660781691e-01
-1.000000000000000000e+00
-9.931198093432426210e-01
-1.199268523174771561e-01
-9.391939131717584877e-01
1.000000000000000000e+00
1.000000000000000000e+00
-5.679793535247384950e-01
-1.000000000000000000e+00
4.457760059797042373e-01
-1.000000000000000000e+00
1.000000000000000000e+00
-2.622716992212769660e-01
5.322857922665198416e-01
1.000000000000000000e+00
8.090978569399174258e-01
-6.907027885345327078e-01
-6.756475429715671499e-01
-1.000000000000000000e+00
-1.000000000000000000e+00
1.000000000000000000e+00
4.970867731165912184e-01
5.559499501424163270e-01
3.166302149281677858e-01
1.000000000000000000e+00
9.171797518761733992e-01
4.307820119845398033e-01
-3.147874045406341414e-01
-9.867469552684829948e-01
-2.716725512252169406e-01
-9.055917346091976183e-01
1.000000000000000000e+00
2.555170891272685041e-01
-1.000000000000000000e+00
3.144552352875447099e-01
-6.030458442525292728e-01
-6.773317928825772771e-01
1.000000000000000000e+00
-9.035905809721501702e-01
-5.709905587311250308e-01
-4.191563859077965803e-01
-1.000000000000000000e+00
4.696549796315750425e-01
1.000000000000000000e+00
-1.257428880881361066e-01
-3.753308380936993816e-01
-2.607407102776403418e-01
1.000000000000000000e+00
-1.000000000000000000e+00
-3.336090617175029860e-01
6.027844044409051971e-01
1.000000000000000000e+00
-5.484387541674962119e-01
-2.463958513509827419e-01
1.000000000000000000e+00
-1.000000000000000000e+00
9.529306180223973133e-01
4.720331008209319723e-01
1.000000000000000000e+00
6.718301955538181769e-01
-1.000000000000000000e+00
1.000000000000000000e+00
-6.287246089836716623e-01
-1.000000000000000000e+00
1.000000000000000000e+00
-6.950536688079815839e-01
-4.024484421143641466e-01
-3.004710637404711115e-01
-7.994588080450766299e-01
-2.168678836219407602e-01
1.983824588663928024e-01
-9.147984547277732137e-02
1.000000000000000000e+00
2.539947658115954132e-01
-8.226264259591168360e-01
9.174884940938166089e-01
-2.468496968873886699e-01
-1.000000000000000000e+00
-1.000000000000000000e+00
-8.429149855130093627e-01
-2.035582653896837180e-01
9.073271827115161337e-01
3.028740329043727586e-01
-4.423389231694278001e-01
-1.000000000000000000e+00
-1.000000000000000000e+00
-9.942615218856158954e-01
-1.295457180742999315e-01
1.000000000000000000e+00
-4.679535993389014603e-01
2.624459580389934543e-01
6.711493330172783045e-01
1.000000000000000000e+00
-8.910997363173184249e-02
-8.256988847336447224e-01
-3.840359625322124770e-02
-1.000000000000000000e+00
1.000000000000000000e+00
-1.000000000000000000e+00
-1.000000000000000000e+00
-4.068272427724721751e-01
-1.000000000000000000e+00
-2.466582532309733178e-01
3.768856561004756967e-01
7.995904283125343515e-01
-5.018416230245265064e-02
1.485655402019059323e-01
-1.708728257035144749e-01
3.406914497057981217e-01
1.353219879302074435e-01
3.289434134762447837e-01
-4.341667989637740810e-01
6.847386702031792172e-02
1.000000000000000000e+00
1.000000000000000000e+00
-9.016646468140033788e-01
1.000000000000000000e+00
3.337704458121545925e-01
9.013309616590213791e-01
-6.187290903124892383e-01
8.139093267925573416e-01
5.265596587122608474e-01
3.675568380818188818e-01
-1.993411116384754544e-01
-5.756176885635705398e-01
-5.684319798775250288e-01
-3.109692347358670172e-01
6.248420503905585122e-01
8.093132287980061568e-01
1.000000000000000000e+00
-1.000000000000000000e+00
4.102164610722833227e-01
3.610032714513318752e-01
1.000000000000000000e+00
-5.577587764822978800e-01
6.678387206883628080e-01
3.687722078973864615e-01
1.000000000000000000e+00
-8.747483858491845732e-01
4.289434151036713994e-01
1.000000000000000000e+00
1.000000000000000000e+00
3.697054477865332478e-01
6.641108113325252527e-01
1.000000000000000000e+00
2.086939179905900055e-02
-9.762683020675464451e-01
1.633692920692365880e-01
-6.494582805854397511e-01
1.000000000000000000e+00
-1.000000000000000000e+00
1.000000000000000000e+00
-7.315249797571539148e-01
1.948007090955740095e-01
3.181883337301195241e-02
-1.000000000000000000e+00
1.000000000000000000e+00
1.000000000000000000e+00
-2.237756146857343142e-01
-1.000000000000000000e+00
4.754183553879409718e-01
-1.000000000000000000e+00
1.000000000000000000e+00
1.000000000000000000e+00
5.292334543253303103e-01
-2.782859583751080002e-01
-2.768736138692894921e-01
-1.000000000000000000e+00
1.000000000000000000e+00
-6.153372773713375876e-01
-6.539253033354577305e-01
-9.546500173881088402e-01
1.000000000000000000e+00
1.000000000000000000e+00
-4.005302317299677117e-01
-5.337682180197493853e-01
1.000000000000000000e+00
-4.086668408075520564e-01
1.000000000000000000e+00
-5.304299906857666835e-01
-1.000000000000000000e+00
3.357372335776059868e-02
1.000000000000000000e+00
5.535941125190777523e-01
1.000000000000000000e+00
1.378827128533739454e-01
-5.263629058959529150e-01
1.000000000000000000e+00
1.000000000000000000e+00
1.000000000000000000e+00
-1.000000000000000000e+00
1.000000000000000000e+00
2.199963559659723900e-01
-1.000000000000000000e+00
7.815735392455858133e-02
2.860803995725098581e-01
-1.000000000000000000e+00
-1.622603933396953302e-01
-1.000000000000000000e+00
1.000000000000000000e+00
-6.808260762719026138e-02
-2.909100621085523031e-01
8.471992273362078940e-01
1.000000000000000000e+00
8.682442393303517747e-01
6.320901201098186872e-01
-1.000000000000000000e+00
8.255841609254024327e-01
-1.000000000000000000e+00
4.163211208276236808e-01
2.499638312672381457e-01
-9.351289819918572332e-01
-3.918476370095835826e-01
-5.759337752738307170e-01
-4.944289063278605734e-01
-1.000000000000000000e+00
5.121294681954566830e-01
4.867627845154706145e-01
5.159389005785219862e-01
-2.295926530926417353e-01
-1.000000000000000000e+00
1.000000000000000000e+00
3.713288691263875174e-01
6.190444270488977274e-01
-2.220086499235613131e-01
-1.000000000000000000e+00
7.425889713478168730e-01
9.483530344330088901e-01
5.541235932337453818e-01
1.000000000000000000e+00
-6.088744013638572872e-01
1.646588721840702707e-02
-1.000000000000000000e+00
-1.000000000000000000e+00
1.000000000000000000e+00
-5.487224576530094211e-01
2.160614981196511408e-01
1.000000000000000000e+00
-8.906723578772073324e-01
1.000000000000000000e+00
-8.690799569093515808e-02
-1.000000000000000000e+00
-4.653971188903888168e-01
-5.354466623934536207e-01
9.478626384897890222e-01
-1.000000000000000000e+00
2.214436800834447272e-01
-3.032149380136680561e-01
7.628691842243543464e-01
1.000000000000000000e+00
9.902616163009297923e-02
7.481224831180088852e-01
-7.659861610043201541e-01
3.840807269074970609e-01
-1.000000000000000000e+00
-5.570000400546275543e-01
-8.742510866484589638e-01
1.000000000000000000e+00
-2.535903893923340258e-01
1.000000000000000000e+00
4.578725140553090434e-01
-9.912503948873277460e-02
1.000000000000000000e+00
-8.638355669189601294e-02
-3.429810767409754990e-01
1.193248860954434498e-01
-5.638492493599318589e-01
-5.630437754635231329e-03
1.000000000000000000e+00
-9.986316725996216004e-01
8.261928002380801717e-01
-8.193654975413579011e-01
2.705733469115689793e-01
1.000000000000000000e+00
-1.000000000000000000e+00
-1.000000000000000000e+00
-1.885749698537364516e-02
6.223839847490852950e-02
9.979677067592187534e-01
1.000000000000000000e+00
-1.000000000000000000e+00
-1.000000000000000000e+00
4.439073269704336688e-01
-1.000000000000000000e+00
-1.000000000000000000e+00
-3.073815974923528871e-01
-4.190908286511821346e-02
-5.011703959908249129e-01
-4.142940585755934269e-01
-1.000000000000000000e+00
1.000000000000000000e+00
-1.000000000000000000e+00
-5.777038413867997546e-01
1.000000000000000000e+00
3.558241591861531772e-01
-1.000000000000000000e+00
-1.917615968840822860e-01
-1.000000000000000000e+00
-3.882409615010802284e-01
-6.401427308358768054e-01
-5.650836566808308259e-01
-3.147499944921563486e-01
1.000000000000000000e+00
5.181251585901736068e-01
3.134688839418877104e-01
1.852116564491614881e-01
-7.654986593389120908e-02
-1.000000000000000000e+00
1.000000000000000000e+00
-1.000000000000000000e+00
-1.848004150201554285e-01
1.000000000000000000e+00
-9.497933763044663635e-01
-8.302298115291364411e-01
9.837269883903958512e-01
1.000000000000000000e+00
1.000000000000000000e+00
-9.174696311638653734e-01
-3.962262423987473747e-01
-3.322221200862898183e-01
1.000000000000000000e+00
-8.795968514586351983e-01
-9.162662284264569967e-01
-1.000000000000000000e+00
-2.558430102576386145e-01
1.000000000000000000e+00
-5.969955208734392116e-01
-1.000000000000000000e+00
1.000000000000000000e+00
-6.297572561249882295e-01
-1.528465364930831072e-02
-1.000000000000000000e+00
1.000000000000000000e+00
4.273298731079090973e-01
-3.190361070705930446e-01
8.302368652200603494e-01
-9.378834026864707463e-01
-8.194782479900830641e-01
-4.489210447659858216e-02
1.000000000000000000e+00
1.000000000000000000e+00
-4.194976575315347844e-01
-1.000000000000000000e+00
-2.902689421702150385e-01
-1.000000000000000000e+00
1.000000000000000000e+00
1.000000000000000000e+00
-4.429117676696049388e-01
-1.325663307309097316e-01
-3.339501456575436622e-01
5.557003709178730544e-01
8.173485889005659422e-01
8.917923205454685309e-01
1.000000000000000000e+00
-9.641448004542291228e-01
1.413411771301158470e-01
6.851773304827074584e-01
4.890967106587925106e-01
-1.000000000000000000e+00
-5.517845665814646861e-01
1.000000000000000000e+00
-3.340546533895397685e-01
1.000000000000000000e+00
1.000000000000000000e+00
-2.853295639051059984e-01
9.942762429184615058e-01
-4.931689054782217863e-01
4.878698509519697746e-01
4.644763797700794949e-01
1.000000000000000000e+00
7.699657175755076910e-01
2.958621168682495917e-01
-3.481124338106178495e-01
1.000000000000000000e+00
-5.241430575941345982e-01
1.000000000000000000e+00
-5.784039040654609387e-01
-1.000000000000000000e+00
-5.138875441761846519e-01
-1.000000000000000000e+00
-1.000000000000000000e+00
-3.178542139825011881e-01
-3.599542046884102175e-01
6.557833146082199249e-01
1.000000000000000000e+00
-1.000000000000000000e+00
-1.000000000000000000e+00
-3.562029008517451079e-01
1.000000000000000000e+00
2.961417214103476692e-01
-1.358006987275213739e-01
7.122218893257135086e-01
1.000000000000000000e+00
-7.336145027700763377e-01
1.000000000000000000e+00
-1.000000000000000000e+00
1.000000000000000000e+00
-5.556102537606981695e-01
5.217974082089154031e-01
-1.000000000000000000e+00
1.000000000000000000e+00
-1.000000000000000000e+00
5.720235662396065957e-01
-1.000000000000000000e+00
1.000000000000000000e+00
6.072318515342327583e-01
2.854771435466729179e-01
2.257045409482797971e-01
5.405745686473166778e-01
1.000000000000000000e+00
4.737192311913414056e-01
1.000000000000000000e+00
-9.417062769774038333e-01
-1.740812624180402002e-01
5.886738988791005989e-01
7.714203143049613853e-01
-7.512088264220103673e-01
-1.000000000000000000e+00
4.235673923938703123e-01
1.000000000000000000e+00
-1.000000000000000000e+00
-1.000000000000000000e+00
1.000000000000000000e+00
1.143911707359712704e-01
6.311952560480240670e-01
-1.000000000000000000e+00
1.000000000000000000e+00
-3.539384758063214842e-01
-8.886336100320145759e-01
-2.465317615276064744e-01
-9.624913363894309626e-01
1.000000000000000000e+00
4.854646111430189204e-01
-2.366904156403915049e-01
1.000000000000000000e+00
-1.000000000000000000e+00
1.132986256870793795e-02
-3.474314659743589773e-01
-4.343353647817644325e-01
-1.000000000000000000e+00
-1.000000000000000000e+00
2.484250780231336275e-01
1.000000000000000000e+00
9.416749472473335825e-01
-2.102539396292644192e-01
-3.509281003647920505e-01
1.000000000000000000e+00
6.489036057324557571e-01
2.031700616035144180e-01
1.322215737999720697e-01
-1.000000000000000000e+00
-9.537568742541240041e-02
-9.848217748432974705e-02
-8.945627244158904645e-02
1.000000000000000000e+00
9.572895258087510406e-01
1.000000000000000000e+00
7.396481154885667930e-01
-9.873859280698948915e-02
-2.130176280708021008e-01
-1.000000000000000000e+00
-5.076852881860496325e-01
-8.935310900990595107e-02
-2.316556817556996994e-01
-1.000000000000000000e+00
-1.000000000000000000e+00
3.015166117455109207e-01
-1.000000000000000000e+00
-1.012458040928714276e-01
1.000000000000000000e+00
-1.000000000000000000e+00
2.439459672997930095e-01
-3.988272435430877394e-01
1.000000000000000000e+00
-1.000000000000000000e+00
1.287404361466166769e-01
1.000000000000000000e+00
1.000000000000000000e+00
5.357166563228814571e-01
-1.000000000000000000e+00
-1.000000000000000000e+00
1.000000000000000000e+00
4.432562644311671685e-01
-9.317627050089659357e-02
-8.396877252878214293e-01
-1.000000000000000000e+00
1.000000000000000000e+00
2.214582134265783431e-01
-2.098090021958400886e-01
8.940407159433561013e-01
-1.000000000000000000e+00
1.428946057295155114e-02
-7.163967815676750561e-01
1.000000000000000000e+00
1.000000000000000000e+00
-6.169250117999787175e-01
-2.535914249107977247e-01
4.524038264220591188e-01
1.000000000000000000e+00
-7.220667262152127286e-01
-1.000000000000000000e+00
-8.434156578563322126e-01
-8.534072157940741921e-01
1.000000000000000000e+00
-4.587555526967553865e-01
-3.109631979529479673e-01
7.477376485907768489e-01
-4.955439460083255199e-01
-3.947400152664502504e-01
-8.784282609448070822e-01
5.055017900811559217e-01
-2.200105689383584084e-01
-9.416401211408739202e-01
6.474742572173257660e-01
-8.054640650882605168e-01
-3.162897753683933111e-01
-3.543043092578950226e-01
-1.372716500629891367e-01
1.000000000000000000e+00
-4.943536593379982413e-02
-4.952713597694226033e-01
-1.000000000000000000e+00
-2.921751191193240338e-01
-4.520623782239893140e-01
1.000000000000000000e+00
-5.682922333123019420e-02
1.000000000000000000e+00
-9.295787692515733447e-01
2.693429783720063808e-01
-8.175043733977755966e-01
-2.014163490973319703e-01
1.000000000000000000e+00
-1.000000000000000000e+00
-1.000000000000000000e+00
-1.000000000000000000e+00
-3.957891491134860051e-02
-2.250672272896914183e-01
7.808250776481553412e-01
-1.095224335471077504e-01
-2.970403587596093242e-01
-5.585436425379100012e-01
3.202534588047432629e-01
-2.222546363047340490e-01
-9.493295508872304778e-01
-1.000000000000000000e+00
4.605822325057973288e-01
-1.000000000000000000e+00
1.000000000000000000e+00
-2.548619840186525654e-01
-1.000000000000000000e+00
-8.144682149429538498e-02
1.000000000000000000e+00
-1.099495519613574862e-01
1.000000000000000000e+00
-1.000000000000000000e+00
5.129149599564226947e-02
8.553041498131828124e-01
7.105283183407203884e-01
4.929765159358739934e-01
-7.558952875214840494e-01
1.689220528687636613e-01
-1.027521935273432163e-01
9.994846501882581613e-01
1.000000000000000000e+00
1.000000000000000000e+00
1.000000000000000000e+00
-1.000000000000000000e+00
1.000000000000000000e+00
1.260662759547224177e-01
4.758159010797134714e-02
-1.000000000000000000e+00
2.984226967270023900e-01
1.000000000000000000e+00
-2.628828457223508774e-02
1.000000000000000000e+00
1.184631301805245673e-01
1.923936309405510081e-01
-1.000000000000000000e+00
-8.835979871152445098e-01
-8.854418030950004237e-01
2.500270796821252861e-01
-9.246106020369391221e-01
-4.868190988515624928e-01
8.860525505294300497e-02
1.000000000000000000e+00
1.000000000000000000e+00
-8.735325118049195314e-01
1.603013126074998018e-02
-6.706627234042161767e-01
-4.467900197098214621e-01
-6.221347392021629730e-02
1.000000000000000000e+00
5.154701923158180321e-01
-9.317635505272983121e-01
-1.000000000000000000e+00
4.932791014265134333e-01
6.671133188597260233e-01
-5.286194204222224302e-01
1.000000000000000000e+00
-9.243186745551321692e-01
1.000000000000000000e+00
3.993766986735237112e-01
-7.199605036623883958e-01
-2.365108956168854859e-01
-1.000000000000000000e+00
5.459325628265125907e-01
1.000000000000000000e+00
-1.541304938962558824e-01
-3.141856256310557871e-01
1.000000000000000000e+00
-1.000000000000000000e+00
1.000000000000000000e+00
2.834388709147727115e-01
1.000000000000000000e+00
-1.000000000000000000e+00
-1.000000000000000000e+00
7.332166309360101941e-01
1.000000000000000000e+00
2.624858302378942909e-01
3.569653272297963476e-01
-6.006469206810944872e-01
-1.000000000000000000e+00
-4.793536369596267388e-01
-9.999704032960619049e-01
7.960293124725801306e-01
3.641661877560876670e-01
1.000000000000000000e+00
5.473158534939455144e-01
1.000000000000000000e+00
-3.283641529931465852e-01
-1.000000000000000000e+00
-4.256964457351726239e-01
1.000000000000000000e+00
-1.000000000000000000e+00
2.797349058675326350e-01
-1.000000000000000000e+00
-1.000000000000000000e+00
-6.495151475430747112e-01
1.000000000000000000e+00
3.094266982920815812e-01
1.000000000000000000e+00
1.000000000000000000e+00
5.115138479213556799e-01
4.024053317239693062e-01
9.304442621099221489e-01
-8.181256429907328709e-01
1.000000000000000000e+00
-2.162449049867993245e-01
-3.115238001461364536e-01
-8.810148343657840941e-01
-6.087394785585855672e-01
9.699094546883222367e-01
9.934283810966085815e-01
-1.000000000000000000e+00
-1.000000000000000000e+00
-6.093496682781370799e-01
-1.317756941209927701e-01
2.769101937760382048e-01
1.000000000000000000e+00
-6.793966025283094678e-01
8.655243249619148926e-01
-6.676959681822508541e-01
-1.000000000000000000e+00
6.638090834377123883e-01
1.000000000000000000e+00
-1.000000000000000000e+00
1.000000000000000000e+00
-1.553888511815950113e-01
1.000000000000000000e+00
-1.764941793357358291e-01
-9.516235077459781477e-01
4.648394084716604424e-01
-5.903919812492810504e-01
8.876148722852406081e-01
3.527841087463190473e-01
-7.455430019619668780e-01
1.316802994135808369e-01
-9.946548709284788181e-01
-4.423586058901386453e-01
8.779084628976705496e-01
1.000000000000000000e+00
1.000000000000000000e+00
5.653717746999484817e-01
1.000000000000000000e+00
1.000000000000000000e+00
1.000000000000000000e+00
-8.374668860487780586e-01
1.000000000000000000e+00
-1.000000000000000000e+00
1.000000000000000000e+00
1.000000000000000000e+00
7.807407460558672962e-01
-1.000000000000000000e+00
5.727226218665543156e-01
-1.000000000000000000e+00
1.275429825169198672e-01
-1.000000000000000000e+00
-1.000000000000000000e+00
1.000000000000000000e+00
-1.000000000000000000e+00
5.839459658817017784e-01
1.265836040982833421e-01
-2.968463563425761675e-01
-6.602218013926299811e-01
5.760919254347982577e-01
-7.745788180923729449e-02
-1.000000000000000000e+00
4.346653037574633172e-01
-8.221163511144544689e-01
4.307281605791207779e-01
-1.000000000000000000e+00
4.819188374797600538e-01
-9.502321736539520725e-01
9.969121931300246597e-01
8.722329947263401939e-01
-3.782825677322290137e-01
1.000000000000000000e+00
-5.290739607655330357e-01
-8.674417149448021558e-01
2.291861287991757978e-01
2.739546558771964735e-01
-1.565228118799593116e-01
-8.563283928444123116e-01
9.190511803832848159e-01
-6.051702589810359356e-03
1.000000000000000000e+00
2.992404558661738156e-01
1.000000000000000000e+00
-1.000000000000000000e+00
3.419258598595659171e-01
-2.542010929029641653e-01
-1.131679170763304487e-01
-2.919405552328542264e-01
1.402011680985913999e-01
4.154877382904549332e-01
-1.000000000000000000e+00
-5.770044692966107280e-02
-4.422769558314397220e-01
-6.083928741823738662e-01
-1.000000000000000000e+00
-1.000000000000000000e+00
-1.000000000000000000e+00
4.454177199402807874e-01
4.221666594723028076e-02
-1.000000000000000000e+00
6.367077149168447470e-01
-9.756622840008200015e-02
2.982659389430469266e-01
7.736022373769428917e-01
-2.988780232959424299e-01
-9.357093394153094268e-01
-1.604528443983387065e-01
7.324818853585949308e-01
-1.000000000000000000e+00
-1.000000000000000000e+00
3.317067688687546645e-01
-1.000000000000000000e+00
-1.000000000000000000e+00
3.842411310417468973e-01
-1.000000000000000000e+00
-1.000000000000000000e+00
-8.395566279411621757e-02
-1.000000000000000000e+00
1.000000000000000000e+00
-1.000000000000000000e+00
-4.458311552136566824e-01
1.000000000000000000e+00
5.481804247681889564e-01
1.000000000000000000e+00
-7.984516922980855469e-03
-1.000000000000000000e+00
-1.000000000000000000e+00
-8.539808954156019594e-01
1.000000000000000000e+00
1.000000000000000000e+00
5.211286326341822983e-01
-1.000000000000000000e+00
4.383514993975324847e-01
-3.570068717542684844e-01
7.443613394862236277e-02
2.038662954492629353e-01
-5.344520251368887198e-01
8.133626301342329334e-01
-1.000000000000000000e+00
1.000000000000000000e+00
-1.000000000000000000e+00
9.181057131652903269e-02
3.397471847180032478e-01
1.000000000000000000e+00
-1.000000000000000000e+00
4.902585319919873230e-01
1.000000000000000000e+00
1.000000000000000000e+00
8.445067224425059638e-02
1.000000000000000000e+00
1.000000000000000000e+00
9.752277560329190020e-01
-6.048797009935831248e-01
1.000000000000000000e+00
-2.258755008449329915e-02
4.362420804436612509e-01
-1.000000000000000000e+00
1.000000000000000000e+00
-1.000000000000000000e+00
-1.000000000000000000e+00
5.063263967695340595e-01
2.604706811179232639e-01
5.413360749237690062e-01
6.578428636498326876e-01
-2.940709178646730426e-01
-1.000000000000000000e+00
-1.000000000000000000e+00
4.469298000328500442e-01
-7.606207858468487792e-01
-8.398018862024538844e-01
1.802681629298197308e-01
9.289768519059262708e-01
6.623983150205046133e-01
-1.000000000000000000e+00
-8.254886844086253284e-01
-9.757222797657836288e-01
1.000000000000000000e+00
-1.000000000000000000e+00
-1.000000000000000000e+00
-8.415046071289526974e-01
1.000000000000000000e+00
5.262343872984557303e-01
-1.000000000000000000e+00
6.381989909093181979e-01
-3.137280874212334814e-01
1.000000000000000000e+00
-3.540670340692964602e-01
2.814286876916680114e-01
5.673837826831912290e-01
2.578807388124443323e-01
-3.459737187881353204e-01
-5.365658765136700481e-01
7.235533524266561933e-01
-8.104558928950719165e-01
1.000000000000000000e+00
9.685394261857296350e-01
3.423055973997595203e-01
-9.887923277595193072e-01
1.000000000000000000e+00
1.000000000000000000e+00
3.995033144058056096e-01
1.000000000000000000e+00
-9.971616685426779592e-01
1.000000000000000000e+00
2.002731351219103617e-01
-1.000000000000000000e+00
-1.000000000000000000e+00
-2.079374066973599389e-01
-6.775980864820535521e-02
1.079803319503471748e-01
1.709116949391603635e-02
5.932648974018204235e-01
-1.000000000000000000e+00
-1.291857832170375808e-01
1.000000000000000000e+00
-1.000000000000000000e+00
-1.000000000000000000e+00
1.000000000000000000e+00
1.000000000000000000e+00
1.000000000000000000e+00
1.000000000000000000e+00
-3.034633711478391116e-01
-4.280680800196193236e-01
-7.345268055022000642e-01
1.487425035543675500e-01
1.000000000000000000e+00
1.000000000000000000e+00
1.000000000000000000e+00
-1.736469301342797866e-01
-1.741296348087348345e-01
1.000000000000000000e+00
1.000000000000000000e+00
1.000000000000000000e+00
1.000000000000000000e+00
5.046904889591243837e-01
-5.090193803543205386e-02
1.935492279304914520e-01
1.000000000000000000e+00
1.000000000000000000e+00
-1.000000000000000000e+00
-4.777173254868395391e-01
1.000000000000000000e+00
2.438045604779502384e-01
1.000000000000000000e+00
-7.841968829528234153e-01
-2.526118604042782989e-01
1.000000000000000000e+00
-3.151741547690439238e-01
6.194069741290582076e-01
1.000000000000000000e+00
-1.000000000000000000e+00
1.346496874640514541e-01
5.065164426553594446e-01
7.870152230862007547e-01
-2.109644498127024315e-01
1.000000000000000000e+00
5.683848733072290882e-01
5.122019143826985754e-01
1.000000000000000000e+00
1.000000000000000000e+00
1.000000000000000000e+00
-1.791749854497995953e-01
-2.246654673452163076e-01
1.000000000000000000e+00
-9.939298485409882311e-02
9.750086272633459172e-01
1.000000000000000000e+00
1.000000000000000000e+00
-1.603131435236009317e-01
-1.000000000000000000e+00
1.000000000000000000e+00
1.000000000000000000e+00
1.000000000000000000e+00
-2.555191158498597015e-01
1.000000000000000000e+00
-3.800223870403114379e-01
5.548769117608189916e-01
2.983074725376219649e-02
-6.224627677695669936e-01
1.348058629650016049e-01
-4.166541969351251762e-01
8.473828027808525398e-01
8.334813793367268353e-01
7.436795887591364229e-01
-6.805577905180411058e-01
1.000000000000000000e+00
1.974193890764873727e-01
-1.000000000000000000e+00
-3.381529373580539621e-01
-1.000000000000000000e+00
-1.000000000000000000e+00
8.008855440750456411e-01
7.057651841889098221e-02
1.000000000000000000e+00
1.799004293644002328e-01
9.393098510512004617e-02
-1.516463890148151139e-01
1.000000000000000000e+00
-1.000000000000000000e+00
9.804298918803533436e-02
1.000000000000000000e+00
8.861220696952351039e-01
4.127324347348292344e-01
-5.550222678540229770e-01
6.300250388604906604e-01
1.000000000000000000e+00
7.643498047789851757e-01
1.000000000000000000e+00
-8.513990922142181117e-02
-1.000000000000000000e+00
9.913625993382275681e-01
-3.723019000308028237e-01
4.581634064654022676e-01
1.000000000000000000e+00
-1.000000000000000000e+00
-1.000000000000000000e+00
1.000000000000000000e+00
1.000000000000000000e+00
1.268415495179966990e-01
1.000000000000000000e+00
1.213081581450166091e-01
-1.307403637577789768e-01
1.000000000000000000e+00
-8.043901198259705287e-01
5.879112677792589503e-01
-7.549970197778584913e-01
2.180345274931215771e-01
-6.120103187868751737e-01
-1.000000000000000000e+00
-1.000000000000000000e+00
5.069361631314159844e-01
-1.000000000000000000e+00
3.097776334018850775e-03
-1.000000000000000000e+00
-3.114137685677764722e-01
-7.408303756462365497e-01
-9.785370411513776290e-01
-1.000000000000000000e+00
4.630911370826027440e-01
1.000000000000000000e+00
-5.155170152043068166e-01
6.085034887773689283e-01
-4.241093810349864102e-01
3.894678007943348508e-01
1.000000000000000000e+00
-8.356254900628280746e-02
-6.876922247715097081e-01
1.000000000000000000e+00
1.856042875241452617e-01
1.967646236360673373e-01
-1.000000000000000000e+00
6.343929992810155571e-01
-6.996051410446476604e-01
-7.501614322443856953e-01
2.592382056246186894e-02
8.690458314510719484e-01
-4.113919954072494112e-01
-6.658646343432574055e-02
9.956727412301524804e-01
1.000000000000000000e+00
1.876113899760322168e-01
-1.000000000000000000e+00
1.000000000000000000e+00
1.536251158580679566e-01
8.791632433207919872e-01
-1.000000000000000000e+00
7.243186737712968837e-01
-1.000000000000000000e+00
-1.000000000000000000e+00
-1.000000000000000000e+00
-2.630617703162216880e-01
-2.210929607229361604e-01
-1.394978354794707276e-01
-7.077817038581628584e-01
-9.528178366438659896e-01
6.998606142774776995e-01
-1.000000000000000000e+00
-3.703004312174511536e-01
-4.709065848686520006e-01
-7.152037676955412815e-01
-1.740163061856751098e-02
3.142599183609123825e-01
-9.034043467884077527e-01
-1.000000000000000000e+00
1.000000000000000000e+00
1.000000000000000000e+00
1.657198950062480913e-01
4.365439566133644256e-02
2.537166133669347401e-01
-1.000000000000000000e+00
-1.000000000000000000e+00
1.000000000000000000e+00
-3.913057436704842074e-01
5.466994216951954755e-01
2.590028336773559925e-01
-6.280023686707255637e-01
1.000000000000000000e+00
-1.976124141529934930e-02
-9.884101403514922168e-01
5.441095621338384869e-02
7.791591527769357040e-01
-7.368352515693959992e-01
7.538014729804214387e-01
1.000000000000000000e+00
2.724713013568635933e-01
-1.000000000000000000e+00
-1.000000000000000000e+00
-1.000000000000000000e+00
-1.000000000000000000e+00
-5.013417456932767191e-01
1.000000000000000000e+00
-6.853754426666740507e-01
2.918234990952625618e-01
-7.265360282366191136e-01
-1.000000000000000000e+00
8.144729931036184256e-01
8.312495675212394630e-02
8.482281619331690781e-01
1.000000000000000000e+00
2.520597717436235952e-01
7.629998298225599829e-01
1.000000000000000000e+00
1.000000000000000000e+00
1.000000000000000000e+00
-3.240055118817263824e-01
1.000000000000000000e+00
4.634707897099108465e-01
-2.027507381717809920e-01
2.974657681080436489e-01
-1.000000000000000000e+00
-1.000000000000000000e+00
1.000000000000000000e+00
1.625862325950802045e-01
-9.140360683904995565e-01
1.000000000000000000e+00
1.000000000000000000e+00
7.501138694663318507e-01
7.459577464901603339e-01
5.387166681756063724e-01
-1.000000000000000000e+00
-8.037901565674149262e-01
1.000000000000000000e+00
2.130683644716203085e-01
7.160615497956137609e-01
2.752323024733594470e-01
1.873441037821947930e-01
-9.267088603725208706e-01
-5.778706098256130019e-01
-2.496573783611641395e-01
-7.057125234452905627e-01
-1.000000000000000000e+00
9.697867424192287977e-01
8.198177480039540166e-01
-1.000000000000000000e+00
-8.746101472081323491e-01
-1.000000000000000000e+00
8.971075611695514818e-01
-1.766647923707733922e-02
1.000000000000000000e+00
-6.394731143531974249e-01
8.705872874569259290e-01
-7.129625363776272984e-01
5.794090710415769063e-01
-6.145534796177021253e-01
6.656270684017645545e-02
1.000000000000000000e+00
-3.266177014214507457e-01
-4.717715356422090833e-01
-7.321276892544705817e-01
1.000000000000000000e+00
-4.209640311692169901e-01
-5.642537925110695518e-01
-8.813254067003972736e-01
1.143730364871136940e-01
6.671416825716446342e-01
5.999292041198619474e-01
1.000000000000000000e+00
-6.099510725534336153e-01
7.601385478417683750e-01
-9.517870521162054287e-02
1.000000000000000000e+00
7.523712607965096222e-01
-1.000000000000000000e+00
-1.000000000000000000e+00
1.000000000000000000e+00
1.000000000000000000e+00
-5.041639062467211385e-01
-8.138662998997159281e-01
1.580121027023721203e-01
-9.880012318090548584e-01
-1.000000000000000000e+00
1.000000000000000000e+00
7.485879626684741606e-01
7.085707084644159437e-01
-1.000000000000000000e+00
-2.813615068429901056e-01
8.378387397421039884e-01
-9.342669502283131866e-01
3.761368058747097121e-02
4.441903321810227734e-01
7.245372207718832058e-01
1.000000000000000000e+00
9.062652410756628640e-01
-4.497168563333384106e-01
4.161790731914387642e-01
-2.887585386464337489e-01
4.554420998578891933e-01
-6.604854922241227833e-01
7.001339876800227735e-01
-8.887420159165262401e-01
-9.311796168570939392e-01
1.000000000000000000e+00
1.000000000000000000e+00
6.128483126287440630e-01
-1.011690890149056499e-01
-5.379542623875273044e-01
7.461008918772049636e-01
1.000000000000000000e+00
3.043540893491787358e-01
1.681530668104190829e-01
-1.000000000000000000e+00
-1.000000000000000000e+00
2.589592642475284090e-01
3.105496457203331118e-01
3.791710928663953317e-01
5.597310225237347447e-01
-4.619185105476309450e-01
1.000000000000000000e+00
2.000224972816035396e-01
-3.157506513076280275e-01
-1.000000000000000000e+00
-4.578972903263548444e-01
-1.000000000000000000e+00
1.000000000000000000e+00
-2.410288009138162602e-01
2.783208622984041369e-01
-6.895520445219710526e-02
-3.305667580980009568e-02
-1.000000000000000000e+00
-1.000000000000000000e+00
1.009126740916109488e-01
-3.930893508335445707e-01
3.807808817682080682e-01
3.425110591958308026e-01
6.458683879447926213e-01
7.173182291903278385e-01
4.949446604371862124e-01
-8.261549430022252505e-01
-7.026829737393469610e-02
8.412102290872522925e-01
6.897232467019762669e-01
-1.000000000000000000e+00
1.000000000000000000e+00
-9.324833491506518968e-01
-7.465785356426664077e-01
-8.121325202511742170e-01
2.178288831664837999e-01
-3.553890133070617408e-01
1.000000000000000000e+00
1.000000000000000000e+00
-1.000000000000000000e+00
-4.615957895368408836e-01
1.000000000000000000e+00
-1.000000000000000000e+00
2.349664818047148829e-01
1.000000000000000000e+00
-5.197298108940456851e-02
-1.000000000000000000e+00
-8.016023672452867732e-01
8.359195161046766298e-01
1.000000000000000000e+00
8.177247282677611029e-01
-1.000000000000000000e+00
6.564087037742426523e-01
2.550230093399826758e-01
-6.140811058173698544e-01
9.510699632203833964e-02
5.323196034692734280e-01
3.792462588582574678e-01
1.038972740616083690e-01
-2.128627811173295914e-01
-5.496470236681114674e-01
7.730772010382402915e-01
1.000000000000000000e+00
4.707770772548988125e-01
6.161107364541678066e-01
-7.794692787592483185e-01
1.000000000000000000e+00
4.582531877754451588e-01
-6.223777595310815425e-01
4.395200471780055240e-01
-1.000000000000000000e+00
-1.000000000000000000e+00
-5.726690590298658678e-01
-5.442826667597056023e-01
-9.197579809690146213e-01
-2.419244539926566073e-01
2.134813448048153428e-03
-9.616879314057052985e-01
8.374692003605825885e-01
6.625412660084859517e-01
-1.000000000000000000e+00
-1.343133653274750927e-01
1.128852983670961263e-01
-1.000000000000000000e+00
2.657658975737865470e-01
7.929259761865431466e-01
-1.000000000000000000e+00
-2.873327011206633363e-02
-9.681353358002153797e-02
5.405263733056471231e-01
1.000000000000000000e+00
2.903116305669389829e-01
1.000000000000000000e+00
-4.097702281756785969e-01
1.000000000000000000e+00
-6.424928311571941331e-01
-1.000000000000000000e+00
-4.253784422487105199e-01
-1.000000000000000000e+00
-1.000000000000000000e+00
-1.000000000000000000e+00
-7.512865163250542766e-01
1.000000000000000000e+00
-3.739471945608299208e-01
1.000000000000000000e+00
-1.000000000000000000e+00
-1.000000000000000000e+00
8.106318462301256300e-01
1.000000000000000000e+00
-1.000000000000000000e+00
1.000000000000000000e+00
-1.000000000000000000e+00
-4.120120469011308018e-01
-1.534800939560116984e-01
1.166658558890642794e-01
-5.822107547339264166e-03
1.000000000000000000e+00
-4.917549516968816592e-01
-1.000000000000000000e+00
5.243553134277240124e-02
1.000000000000000000e+00
-4.213549048573487221e-01
1.000000000000000000e+00
-1.000000000000000000e+00
-1.000000000000000000e+00
-1.000000000000000000e+00
-8.467901623737411620e-02
-7.852492938387524157e-01
-9.117932794964782595e-01
-5.177255432747018826e-01
-7.195123360772487375e-01
-1.196741305009949297e-01
-8.940721319284102853e-01
-1.000000000000000000e+00
3.826597550326835684e-01
6.099507161030255364e-01
6.116874367160967108e-01
9.679095916886731876e-02
-4.510033135963814055e-01
2.905304241628801076e-01
5.646161549086120557e-01
-4.331610302574373517e-01
1.000000000000000000e+00
1.385855758012782268e-01
-3.873397107264697770e-02
6.006977266003914462e-01
-1.000000000000000000e+00
-7.740733263090250338e-01
-1.000000000000000000e+00
5.102186599126100341e-02
-9.259880461707631349e-01
1.000000000000000000e+00
7.674816799516037680e-01
-8.128222470376280651e-01
-2.847436619296974114e-01
-5.425159727814710120e-01
-8.984663575787991130e-01
3.852540175450152038e-01
-9.268811569218449176e-01
-1.000000000000000000e+00
-4.161195757361167979e-01
-1.938581849293618264e-01
-4.030005862825499219e-01
-5.507478515465349389e-01
-7.188491986656260213e-01
2.280378363630827798e-01
-1.928783071075207411e-01
-3.182080083861448250e-01
-1.000000000000000000e+00
1.000000000000000000e+00
5.880309223890861636e-01
1.000000000000000000e+00
3.893449669243562727e-01
1.000000000000000000e+00
-4.382608457688955683e-01
-8.409135030714637304e-03
9.129875857457143695e-01
1.000000000000000000e+00
1.077667088058640588e-01
-1.000000000000000000e+00
3.147796346963824821e-01
6.004957237889417820e-01
-1.400647288753857356e-01
-2.280498422609212039e-01
-1.662092809305888153e-01
-9.131031808184707499e-01
-1.000000000000000000e+00
3.961491307384330807e-02
-1.000000000000000000e+00
-7.829783752483996384e-01
1.000000000000000000e+00
-1.000000000000000000e+00
-1.000000000000000000e+00
2.401174543543767026e-01
1.000000000000000000e+00
1.000000000000000000e+00
1.000000000000000000e+00
-1.000000000000000000e+00
-4.730238983203338687e-01
-4.441274974062684455e-01
1.000000000000000000e+00
-1.655832232249050406e-01
6.908718416549688435e-01
-1.000000000000000000e+00
-5.890983131382634408e-01
1.109134054913057943e-03
-2.540827674242736589e-01
-1.000000000000000000e+00
-6.291172169434664507e-01
-5.801652458607142737e-01
-5.601871328602983091e-01
1.000000000000000000e+00
-7.046410154048191599e-01
1.000000000000000000e+00
-3.781266479792364521e-01
-1.000000000000000000e+00
-8.623824858503195134e-01
1.000000000000000000e+00
-9.623930341166683222e-01
1.000000000000000000e+00
-3.346643483985936585e-01
-8.450132148854108682e-02
-1.000000000000000000e+00
-2.732675603851009716e-01
-7.318093800451888065e-01
6.016654152586502491e-01
-4.086984849070256498e-01
2.870945161895220865e-01
-6.789695172485545882e-01
2.879523706249890735e-01
3.155226708442722683e-01
-3.068107533619579552e-01
4.914813916693383522e-01
4.302428067813519053e-01
-1.000000000000000000e+00
3.132344685683309260e-01
7.175713183253122907e-01
-8.411393517736733827e-01
-1.000000000000000000e+00
-9.283523089286115360e-01
7.040083584190860444e-01
-4.370998694772881832e-01
-1.000000000000000000e+00
1.000000000000000000e+00
-4.001806428424711237e-01
-8.577770761009484435e-01
3.310837310726664207e-01
4.624356585031476063e-01
6.092784943594266034e-01
-4.633715781710237569e-01
1.000000000000000000e+00
-3.960591817547379212e-02
1.997703931161780300e-01
-1.000000000000000000e+00
-1.903494175159396451e-01
4.604762844369010288e-01
1.000000000000000000e+00
-4.050412649111965191e-01
-4.178405485848921685e-01
4.393853139699415156e-01
9.152703105295112440e-01
1.000000000000000000e+00
1.042486350555612840e-01
3.315238857956127050e-01
-1.000000000000000000e+00
-1.000000000000000000e+00
-6.688674833692005439e-01
-1.808810704098175459e-01
-7.479120751143217838e-01
2.917377871947156032e-01
1.000000000000000000e+00
1.000000000000000000e+00
-4.302946058349673142e-01
-1.000000000000000000e+00
-5.625866869330942155e-01
1.000000000000000000e+00
-5.384393975243668695e-01
4.416530055617984840e-01
7.197221281468890730e-01
1.000000000000000000e+00
-1.000000000000000000e+00
1.132970310946642689e-01
5.430793818846986198e-01
-4.218162619228467136e-01
-3.245192270101158183e-01
-1.899263923407549792e-01
7.051320286380692304e-01
-1.000000000000000000e+00
2.651025490588614433e-02
8.500490907005082697e-01
-5.274565810171799596e-01
-3.939566603676887269e-01
2.435861874806603267e-01
-2.535028184005425067e-01
9.706868486640066740e-01
1.609373815531967011e-01
-3.347105235310723348e-01
-2.202755408891585165e-02
1.000000000000000000e+00
-2.697595704281159357e-01
-8.600346674001263514e-02
1.000000000000000000e+00
7.663721031575646547e-01
6.455105477094369437e-02
1.000000000000000000e+00
-2.482356427128607490e-01
6.101267708171888016e-01
-7.749242822697058886e-01
-1.000000000000000000e+00
7.442230617189107278e-01
7.338591564580383420e-01
-1.000000000000000000e+00
8.436913594141752792e-01
-5.860289907292141054e-01
1.000000000000000000e+00
-6.618319009531934416e-01
3.771502163181627565e-01
-7.967379355413451991e-01
-1.000000000000000000e+00
-5.844271663113215221e-01
-1.000000000000000000e+00
-1.081098875502886636e-02
2.622242351607779742e-01
5.661158702386863417e-02
1.000000000000000000e+00
-4.432183810189940232e-01
-1.879964784081140650e-01
-1.000000000000000000e+00
-6.419737977674822016e-01
2.964618509462835227e-04
-8.586500193290999006e-01
8.696386297564361323e-01
8.992532413635611066e-01
7.264613025023130000e-01
-1.919138056290470296e-01
-1.000000000000000000e+00
4.870781695656871690e-01
-9.375010372853729290e-01
5.860311778996222243e-01
-3.081607707823760811e-01
-8.087626267415728432e-01
-2.963825150218078741e-02
9.536836189524688923e-01
1.166973657565425204e-01
1.000000000000000000e+00
-1.000000000000000000e+00
-1.000000000000000000e+00
-1.000000000000000000e+00
1.000000000000000000e+00
7.506269346179578195e-01
-4.008752745501865666e-01
2.907219449743605466e-01
1.636000099261207819e-01
-4.135176826818831031e-01
1.000000000000000000e+00
1.000000000000000000e+00
-1.000000000000000000e+00
7.611567864360819780e-01
-7.397000313186752329e-01
1.199121298041267436e-01
-1.000000000000000000e+00
-1.000000000000000000e+00
1.000000000000000000e+00
-6.070826737600967249e-01
1.000000000000000000e+00
7.388092021800333198e-01
-7.131731654780026908e-01
1.000000000000000000e+00
-2.696650897234489364e-01
-8.817846290693898137e-01
-1.000000000000000000e+00
1.591098037136486065e-01
6.308164607714954464e-01
8.659308255508681995e-01
-1.000000000000000000e+00
-1.859198455413086648e-01
1.000000000000000000e+00
-1.000000000000000000e+00
-3.402978955508511039e-01
3.382159498823112953e-01
1.691174297335737431e-01
2.874326473374674284e-01
-4.825494985349186305e-01
1.000000000000000000e+00
6.086875870866729210e-01
3.493265189493653944e-01
-3.648525279126038079e-01
-5.017595367229501502e-01
1.000000000000000000e+00
1.000000000000000000e+00
7.268942633224361183e-01
1.971249504493280957e-01
9.711375528531980272e-01
5.564997137330905952e-01
-1.000000000000000000e+00
-2.631830951521791917e-01
-1.000000000000000000e+00
-1.000000000000000000e+00
-1.000000000000000000e+00
1.000000000000000000e+00
5.929431447771400521e-01
1.000000000000000000e+00
1.657443652952343416e-01
-8.691286726515964900e-02
2.849711622375956654e-01
-1.586795412666084926e-01
-1.000000000000000000e+00
-8.500744620833817766e-01
6.713595726354965043e-02
8.769604409346649643e-01
1.462447373058072819e-01
-1.000000000000000000e+00
-1.000000000000000000e+00
7.243195022545058093e-01
-2.206098462332208299e-01
8.721974450182171101e-02
6.678322981007897008e-01
-6.353142595708600737e-01
1.000000000000000000e+00
-9.470781591283885525e-01
1.000000000000000000e+00
-6.481061903386153844e-02
-4.135394455533279445e-01
-2.266727306791748234e-02
4.041384365515368060e-01
-5.651542790417900530e-01
2.614405993657824279e-02
-1.000000000000000000e+00
-3.893590874464458729e-02
-2.035889165068439643e-01
-1.000000000000000000e+00
-3.120145746527125952e-01
-9.007440958096417649e-01
-1.818916015330658276e-01
-6.450744883431722698e-01
1.000000000000000000e+00
1.000000000000000000e+00
6.056719136072388210e-01
-1.000000000000000000e+00
-2.600694825803726018e-02
4.700015642116583958e-03
-1.000000000000000000e+00
7.574237440084546913e-01
6.388702355836098912e-01
-4.294483881974855422e-01
3.818083167131046674e-01
9.444495616636766622e-01
1.000000000000000000e+00
-6.046707146527249277e-01
-1.000000000000000000e+00
-1.000000000000000000e+00
6.141059965961064293e-01
-1.000000000000000000e+00
-9.668025487901861226e-01
-8.346607064836553125e-01
-5.755858445833017534e-01
-4.125040368682767467e-01
-9.863411061959304060e-02
1.000000000000000000e+00
-9.249927279183741691e-01
-5.213941990283779138e-01
7.599192340418887692e-01
5.036085319520319237e-01
1.000000000000000000e+00
3.703412789779825243e-01
-9.092490889909902174e-01
3.463436602330657310e-01
1.000000000000000000e+00
1.000000000000000000e+00
-4.643092583153326514e-01
-1.913875293172703218e-01
-1.000000000000000000e+00
6.377500587478133198e-01
-4.221459190862587030e-01
-2.012029951242105263e-01
4.055788827076258207e-01
5.944612978647487722e-01
1.524635485167205040e-01
7.191012956908109377e-01
-6.247728529946833254e-01
1.197623037239808064e-01
3.311543551358274162e-01
