3.912438538973215391e-02
1.130409429866580107e-01
-3.530553833153433907e-02
2.073763922005805033e-02
6.675901894582592176e-04
-1.658112446110114324e-01
-1.448080463554098363e-01
1.273243557092203215e-01
1.502127496339099311e-01
2.877032716288338565e-01
-1.806665525095654534e-01
-4.769304843235421670e-02
1.873367422520931247e-01
-3.496298470679070070e-01
-2.676302975783450000e-01
-6.905701496887532709e-02
2.120090800572097256e-01
-8.027361745787088554e-02
2.757511267302243940e-01
-1.477311545024742045e-01
-2.352376722419563249e-01
1.580112536993764638e-01
-2.144309263826798539e-01
-2.614877285836412699e-02
2.156077901361988514e-01
-1.141436946296622984e-01
1.103901290051205880e-01
1.176597719225324079e-01
-1.607784184463905142e-01
3.207389234174753967e-01
1.669049561514289182e-01
3.210569368005805058e-01
-2.949021521187748796e-02
-1.332361241642331939e-01
-6.040068418431019520e-02
-3.404781669102745489e-01
-2.369580420940873011e-01
-1.732421213256144232e-01
-2.842431569990822027e-01
4.174249018205615502e-02
2.543421757652525317e-01
-1.732103712464887245e-03
-3.070288462985706901e-01
8.564444424701904424e-02
-2.823991586227486694e-01
2.465657023665970837e-01
-3.552295685349364518e-02
1.722142110475556875e-01
-2.674690580513941485e-01
-1.237197657628212322e-01
2.338496064299976362e-01
-1.455078205216407961e-01
2.187599717541469958e-03
-3.655046754630427719e-01
6.455158106955541375e-02
1.025300666080262435e-01
-1.117895565532791430e-01
-1.999256199207522233e-01
8.412431280026794189e-02
2.583106166108515341e-03
3.685006038705928577e-01
-1.223313267162538659e-01
5.458806367167966245e-02
-2.379423498859014607e-01
2.707503551754080265e-02
-2.395560191683520079e-01
3.058324195322892902e-01
8.291419278702917561e-02
1.635560183092553965e-01
2.138671587756867387e-01
-3.137876038307339521e-01
1.068488834011338401e-01
3.034798429251471252e-01
1.037667494564839532e-02
1.878544827712371607e-02
1.377443703444072021e-01
-1.140470424211952744e-01
-1.991273880135336141e-02
2.356376790815516153e-02
2.561301911502875672e-01
4.818651563583015718e-01
5.488913793387811824e-02
-1.193171410749580136e-01
1.359938862952261296e-01
2.874876193419151349e-01
1.768946783329472527e-01
1.319810696715758014e-01
2.128709310524301013e-01
2.390642563795134304e-02
-3.092148262165789752e-01
1.739111794086296015e-01
1.447436564697295869e-01
-5.794453431945414956e-02
1.040061229758710432e-01
-1.657889104253411072e-01
1.828469428795173324e-01
1.732873270926629516e-01
-2.322636798588472995e-01
-1.188527059115516982e-02
5.040792077348905664e-01
1.681960121840778838e-02
-6.288178903138641300e-03
1.201088415938181692e-01
9.631783935508541825e-03
-6.445231426381428652e-02
-3.162232184604749086e-01
-2.249468625811482936e-01
-3.557587234270299104e-01
1.691045309885185616e-03
2.908172223534362735e-02
-1.072633274236039352e-01
1.040399831906803074e-01
-1.961855683942521356e-01
2.875580840974078546e-03
-3.652121929345870099e-01
1.187541990697287136e-01
-1.052211773992149102e-01
6.852637990075551022e-02
-1.120890049713055281e-02
1.641337140293779029e-02
2.140850674938933051e-01
3.194108007677771699e-01
-6.018360794856120188e-02
1.489565896054952099e-01
9.325168594975979941e-02
-2.559579061508708286e-01
8.944245434530130601e-02
-1.094301955422151140e-01
-3.411477033527321456e-01
-3.749158620348458926e-01
-3.525053175938461236e-01
2.777204568937056695e-01
1.152344000783122602e-01
-1.895694699814875483e-01
3.462534444780106524e-01
-2.162774927026225869e-01
2.935469274793087863e-02
-5.368421424887657167e-01
2.879021053241261341e-01
-2.737238149711233338e-03
9.524229874137307705e-02
4.343115819402384309e-02
2.042233680131727291e-01
1.148035617916646767e-01
3.329119429263152630e-02
-4.668245284991672309e-03
4.138602870701962172e-02
-1.826110164609375530e-01
2.132310224316236180e-02
5.597447811442413101e-02
1.682948831836172943e-01
1.416487211335509255e-01
-6.318340945119664542e-02
-9.841439398978225894e-02
-6.686870520821579233e-02
-3.151262174768385688e-02
2.005154869433189713e-01
1.345368569772925071e-01
-4.248582256618109176e-01
2.478440118469663611e-01
-5.903645698133814373e-02
-1.802845539917674600e-01
1.528987554287841166e-01
-1.656005584365123889e-03
-1.990648088537614324e-01
4.605602024340689493e-02
3.386662777025216675e-01
-9.791135204221390609e-02
-2.370360634985237691e-01
8.510905210906524743e-02
2.889732714967260807e-01
-1.206417218348613957e-01
6.089363515293584259e-03
3.026423950492908993e-02
1.475453621864909193e-01
-2.160607555266289836e-01
4.220157607337169936e-01
-2.209914934669295339e-01
1.880769366812115595e-01
-1.438743006133988700e-01
-8.877054211033569286e-02
-1.859614665875528872e-01
-2.247273542362948906e-01
-7.678616489063998241e-02
3.007482938567894726e-01
1.956825042680781779e-01
2.343354444573089723e-01
1.595172073786623596e-02
-2.088213832123954339e-01
-2.415773511202146812e-02
-2.366546647241074275e-01
1.934793947680005233e-01
-9.048849344936049643e-02
-6.638203740079896831e-02
4.071002258295085552e-01
4.950145966276976728e-02
1.033888663549687170e-01
-1.836295498508302634e-02
5.652209039283317277e-02
-3.132883471071353648e-02
5.505996470338103688e-01
1.094713477079315295e-01
-2.732496924742810473e-01
2.054225732980368979e-01
4.577917359637398431e-02
2.572608043552543702e-02
4.265794632430748856e-01
1.331333472437896404e-01
-1.188782594738550663e-01
4.336029509479541813e-03
-1.130037898904472232e-01
2.971018355062176597e-01
2.866849483565251377e-01
4.535132351622551683e-01
-1.359131659307415141e-01
3.984287502569742317e-02
2.015723900846224936e-01
-3.117727433674052362e-01
1.122393117516047034e-01
-7.648355237261285355e-02
2.140767637159684822e-01
3.028779999929583355e-01
-1.800305013381510721e-01
-2.350028901738910325e-01
7.187666667886993821e-02
5.626872988242641593e-01
-1.918472514285084474e-01
-2.882687156975375364e-01
1.324580033037048854e-01
1.853234241510516300e-01
-1.074092148633685878e-01
-5.552824595361544047e-02
-3.148766574292059528e-01
1.071395165464189211e-02
-1.043794305246632664e-01
-2.651687243329814980e-01
3.920560066172770752e-01
7.997041050623526770e-02
2.019387540919893309e-01
1.197770726910264844e-01
1.516398651518857110e-01
5.620391500163092469e-02
2.991991708947365769e-01
-1.111707470530264030e-01
2.774377834679956356e-01
1.384293125799382629e-01
1.257827154963347127e-01
-6.038056424553674834e-02
2.309462773740393327e-01
-2.137233697062615734e-01
-2.187912995528077109e-01
-1.287042949539953796e-01
4.576017582539588791e-01
2.569112474474756769e-01
3.317908807997918541e-02
1.211999057092732063e-01
1.737480526627236954e-01
-4.252761330749705859e-01
6.710691486105542503e-02
2.929255308156116233e-01
-8.254117342727203266e-02
-1.083699433744920726e-01
4.332804568078889307e-02
1.386636076911375304e-01
4.959832109979855352e-01
1.978697594660547010e-01
2.286450982856969363e-02
-1.806476231976694991e-01
-1.812191925526675518e-01
4.679366772108990435e-01
-4.336497300857088295e-03
1.265617062226850054e-01
1.882052520181412836e-01
-2.095479513172475716e-01
1.929381057554031553e-01
2.133965431570913895e-01
-3.396717403114264400e-01
1.950254056130387888e-03
-9.316919267386628012e-02
7.100658825521841133e-02
-2.275350140136063737e-01
-5.316522566759417784e-02
1.004947115269918673e-01
7.471509976701659617e-02
-5.837444437358947635e-02
-2.276776961642253960e-01
-3.386033909228937377e-02
3.455571265005306231e-02
-1.362508108879479374e-01
2.145709824563262758e-01
2.099969837592847999e-02
-3.525935267208014090e-01
1.037422759958367552e-01
-8.593100024721460339e-02
1.121264722303132733e-01
5.139106926248605822e-02
-9.793263346375526146e-02
2.333492924523718898e-02
8.463402940145375863e-02
-8.734587568595124363e-02
-2.960040032758030626e-01
-3.470182650663726220e-01
-2.994053591169821837e-01
-2.952053508452441299e-01
-9.268713433192900253e-02
-6.015763622490184481e-01
5.071540746088429863e-01
1.799111712124069618e-01
1.413626355536365120e-01
-8.344330975768352032e-02
5.607248874410195039e-02
-1.570294572540545941e-01
-1.964373764814956458e-01
-2.502107961084476528e-01
1.410717138242728423e-02
-2.773757754617695026e-01
-5.441538354213145690e-01
3.209796301388338075e-02
7.527394593217139052e-02
-1.946206482258942549e-01
-2.054539425779415562e-01
-1.775746659323745591e-01
-8.618163614918246396e-02
-1.652256579810314902e-02
2.920622568449919298e-01
-3.173980995439516090e-02
-2.219844640342150677e-01
-4.024178662922979766e-01
-2.728142142770971779e-01
-2.238288337943987114e-02
-5.117492035302712017e-01
3.566529045730443270e-02
-9.877527027983191987e-02
9.611951508540315936e-02
4.170370154177904798e-01
2.804790206062187860e-03
-2.806162630362801780e-01
-2.936663374965409190e-01
2.093557157025698057e-01
-1.245702395008483829e-02
1.829067146773391273e-01
6.443736260081454892e-02
-7.917400555222993408e-02
-1.070693344332836749e-01
-4.160141147249642180e-02
-1.317542595937749583e-01
2.015717084417132932e-01
-1.619260654733856164e-01
-5.918106667529525466e-02
-6.389607486370990630e-02
-2.882609560557770623e-01
1.938902227207926210e-01
1.923269061841592978e-02
-4.456868428931682474e-02
-2.741410959293723026e-01
-2.064771664331117029e-01
-3.491643504519434948e-01
-2.127717158490401439e-01
-1.866066150404881718e-01
1.651035103628377410e-01
-1.076301521592972488e-01
-5.848031733453340486e-02
-3.356985625028424680e-01
1.010130311652413931e-01
-3.422074919489511702e-01
1.115857269471023927e-01
-7.865907477658778957e-02
1.287251682220144980e-02
3.064634116017067589e-02
2.116587714349887073e-01
-8.427850864378001738e-02
1.109969693007033242e-01
3.073175155729293215e-02
-1.236892400808615455e-01
-1.004591890975930768e-01
7.380824042662811890e-02
-1.527106814069441321e-01
-2.822216982309438266e-02
-2.470629212051647094e-01
1.215788326390659507e-01
-2.880215575703167219e-01
-1.636937982381825307e-01
-1.759103002953012751e-01
1.489439370442935395e-01
-2.081390774753515693e-01
-4.686742238221053292e-02
-1.619254928587486042e-01
-1.926246016111711756e-01
6.856716463046003129e-02
2.468916528218327577e-01
1.176127705278726399e-01
-1.172556905004885353e-01
-6.521704162754048129e-02
4.526731063919693654e-02
3.087839241209195396e-01
-3.243887412176519880e-01
2.729704177394918010e-02
1.204679768914126425e-01
3.488618496496544430e-01
-2.497422579233219905e-02
-3.006716175843234251e-01
1.723637315325348973e-01
9.223907421285934549e-02
-8.731717312689904475e-02
-2.778850408922270976e-01
1.848693087417955794e-01
-2.153186951807982696e-01
4.848574924336090941e-02
2.258245345388275316e-01
2.612559714959431512e-01
6.851515695779135384e-02
-1.812231983057793760e-01
2.409559664345192198e-01
-5.098435321021489892e-03
-4.782346339386327888e-02
1.216552782540053501e-01
2.587851088101938424e-01
2.934127681539919208e-01
4.222652529164188651e-01
-5.208729125392761762e-03
3.194218197765452127e-01
-5.429705649490820796e-02
1.767683535444471987e-01
-1.710866435580799538e-01
-1.526549162141616345e-01
4.630840360991042570e-02
6.392185976378077228e-02
-3.152693294051911455e-02
-1.517990673321418724e-02
-2.387758290401617023e-01
-2.307004821948625828e-02
-9.147496270785641925e-02
-3.979171500276952773e-03
1.735451213519076108e-01
8.108218550652535050e-02
-3.185201132403533419e-01
-5.398747857521591503e-02
2.889408158588825937e-01
2.502406273603713024e-02
-3.812572000710994780e-01
1.041679872541406288e-01
3.987687849962056608e-01
1.707946319205678326e-02
2.968065654252006191e-01
2.664595044467807927e-01
4.763660373362968437e-02
-7.918686329042759486e-02
4.103773898841088785e-01
1.863380783568732157e-01
-4.531007346243944717e-02
-5.034673448408159835e-02
-1.842907216863083272e-02
2.149177564699241913e-02
1.991251787887727831e-01
-2.452950085706538941e-01
-8.504104304405152304e-02
2.856484499881108974e-01
-3.463859723266348584e-02
1.925216810357305644e-02
-4.917308533827427497e-02
1.608700692660152143e-01
-2.333904243601502559e-01
-1.507567797666202990e-02
7.024937258161165210e-02
5.521952665026534646e-02
-1.344250849874058240e-01
2.821980029281551672e-01
-7.144800585860311415e-02
-4.540661183520095512e-01
-1.660510626692909275e-01
-1.617730212448632299e-01
-7.623820568332936864e-02
-1.252300881524682774e-01
-3.289162301722068325e-03
1.710485017098041238e-01
-1.947986278594792120e-01
-2.133448611743737067e-01
1.717318917568273484e-01
-2.283432186657764484e-01
2.981145914737897140e-01
3.373130438094451566e-01
1.937028467421665900e-01
1.871324567490491031e-01
-3.689006088951066187e-01
-8.479409877378796603e-03
-1.991471019723047367e-02
5.572637018935253095e-02
2.570094571397224525e-01
4.461985425398843907e-01
-9.775857407911586749e-02
-3.959281947454362099e-02
6.912093075303525624e-02
-3.048741598348581605e-01
3.281900054026188895e-01
-2.418698754232194159e-01
3.969536852726052861e-02
5.069996644315667711e-02
2.048278902310313176e-01
1.902623595468949658e-01
1.523979170598148136e-01
-2.300181565478744139e-01
8.407981785168118505e-02
-5.043343229162988717e-02
5.154824280614529741e-02
2.588126867953897264e-02
2.232713303300891405e-01
6.807699920125677429e-02
-4.495843334498038080e-01
-1.866675267228265767e-01
4.363472828655872715e-01
-1.928625953333341358e-01
2.078990034730965331e-01
-2.840775982982610137e-01
-1.716178626115063832e-01
4.161081895718408141e-01
1.441077501892598818e-02
1.138706200994762420e-02
1.583292482262753376e-01
2.935599072108686647e-01
-7.085333717095065875e-02
-1.072276899400243372e-01
-3.394194495756942542e-01
-3.294327730929857978e-01
2.938063615897057446e-01
2.128979092372726145e-01
7.438842001760231915e-02
7.438109257103323047e-02
9.214217245118649924e-02
-3.264496157887170624e-01
1.177036223004152421e-01
1.765962758978346092e-01
-2.494138119911017137e-01
-1.759268115466819105e-01
5.537548216721448896e-02
1.875437308338790132e-01
-1.629993937937255499e-01
2.381443879259582119e-01
-1.114440617472720191e-01
-2.935102624616630143e-02
1.848083816733533113e-01
2.077673340422208914e-01
2.016841787934266494e-01
2.570229185641843134e-02
-2.563008669489668170e-02
-8.238762200740429309e-02
-3.557329415518899474e-01
4.718058514527950220e-01
-2.260395059585907848e-02
1.220790144841333094e-02
-3.606915925160368852e-01
1.099833111922263046e-01
-1.063015333931912748e-01
-9.079015551769785419e-02
-1.225700482651766871e-01
3.876083235845261266e-01
-1.416989700452107592e-01
-2.768392270158519519e-01
2.780143819708544295e-02
2.004409267905718842e-02
-4.485783167470533406e-02
3.592237118859186729e-01
1.538927445289925977e-01
1.687495597534470204e-01
2.491169963876317117e-01
-4.599790969416540226e-02
3.493908389199432661e-03
-1.804060294313868107e-01
-1.904041050771176089e-03
-2.575454739924043154e-02
6.687041752370827263e-02
-5.032710425796494969e-01
-2.017092739253616429e-01
2.437486733558993368e-01
2.274323829769830108e-01
3.329228661043417414e-01
7.525641819203482408e-02
2.242714481359407153e-01
-8.788198965306540100e-02
2.163938906565042730e-01
-1.373695410174412546e-01
3.409837489021235180e-01
-4.312083713729749496e-02
-1.265288551901031788e-01
-3.264595861764164053e-01
-2.197189135074438249e-01
1.563670602331353465e-01
2.210715034793043487e-01
1.668732395418673631e-01
1.771897066936025944e-01
6.834280765278080705e-02
-2.254897602176557658e-01
-5.699215976682224516e-02
9.660581820963631827e-02
-1.458354967948868874e-01
-1.096476084927804906e-01
3.048264704969456673e-01
4.081423613943123141e-01
1.874516502055373901e-01
4.531006792067702182e-01
-2.230526841995039006e-02
3.158050310879815734e-03
5.667353585405492389e-01
1.695290824256505402e-01
5.902547139155112782e-02
-3.510246240246793215e-01
1.245280992206614645e-01
8.522301614250185620e-02
-4.617578429181462552e-01
3.589304982128090349e-01
9.993268084807305218e-02
2.036480868730216123e-02
3.882549530262210252e-02
1.650611351759240786e-01
-8.448901718001326777e-02
-5.128185117057036668e-02
1.048253186815085725e-01
-2.010088732531585820e-01
-8.992137479859721449e-02
1.318803136292101552e-01
-3.810298391136274776e-01
1.926384842090846095e-01
3.148687370240889349e-02
1.922431293554153209e-01
-1.366171452630997873e-01
2.696190938568574502e-01
-1.654866473724509179e-01
-4.863879582450231776e-01
-1.401163341840624688e-01
-6.366624560911615660e-02
2.425430017949713191e-01
2.565606039274893457e-03
5.957556130902507546e-02
6.901374574472486645e-02
1.126336167534365031e-02
-1.800659870757135850e-01
-1.415883143165576064e-01
-4.817195208387012317e-02
-2.625670595050779155e-01
1.072845311499898563e-01
2.461994590246016912e-01
-7.593856121781707158e-02
2.799150877845601459e-01
-4.180886884785003227e-02
1.076915128998421206e-01
5.726919218713624748e-02
-8.832763625427357546e-02
-2.437613833289375143e-01
-1.219707719455922074e-01
-1.543632303450980514e-01
3.265070693840979033e-01
1.272696339877394389e-01
1.968247089544933881e-01
9.506291157998290886e-02
-5.726837214200126286e-02
-1.233080458196521428e-01
-2.281844012607185113e-01
3.720019718666167652e-02
8.865061343554178630e-03
6.544187357141462158e-02
-2.725690473983439777e-01
2.127665447062794812e-01
1.288877382386493797e-01
-1.993500362750303193e-02
-2.635617977543905921e-01
-9.413399156803765877e-02
-3.910843882576021113e-01
7.090135975550275471e-02
-3.925261862559185216e-02
-2.705187806990120847e-01
-1.023984670630276317e-02
1.913210820463866202e-01
-1.252556175203796973e-01
-5.701935644550004678e-02
2.583583577604258164e-01
-6.583003549513466446e-02
-9.941907921545008534e-03
-2.684158713100819396e-02
1.551376242460068139e-02
-6.516655565344524337e-02
-6.390388233720183109e-02
2.391558441860449150e-02
1.001736851729775057e-01
1.455742398078802291e-01
-2.234522038244848852e-02
7.653324620696859426e-02
-2.950585908330144534e-03
1.668355114278073648e-01
-4.759954142122590354e-02
2.927148458107298734e-01
1.943325133197604526e-01
-1.115848515102763339e-01
-2.350858424400807944e-01
-3.684747693294500026e-01
-1.395616560865459710e-01
2.818785329107126314e-01
3.370859568822658081e-02
4.682806128908113819e-02
-2.610050392648145534e-01
7.268114558106134049e-02
-1.949266199967399638e-01
-7.557849743703416723e-03
1.095831953609166382e-01
2.371034459242880865e-01
1.201430139936725816e-01
2.770993442870959833e-01
-2.643832538796371256e-01
-2.815432832829774246e-02
2.582307159369091054e-01
-5.227129504682632710e-01
1.717756514019076058e-02
4.836156509763193945e-02
1.331850123104858508e-01
3.488679902738771599e-01
-3.567885262186871187e-01
2.269474510863155881e-01
5.264307336392509695e-01
-1.233609362262108045e-01
4.894360442824216562e-02
2.431057076720135809e-02
-7.929971169876229298e-02
2.358211450166017020e-01
-4.645363407449611404e-01
-6.009835557609066389e-03
3.532703794080347959e-01
7.191197595903751905e-02
8.836401816636957340e-02
-5.989281049101120580e-01
2.759226490916511509e-01
-3.143610188291701690e-01
-9.852613758575176628e-02
1.703551823140156962e-01
-1.037838693948364144e-01
-5.655864233545725324e-03
3.121527452577736450e-01
-1.904972555635603415e-02
1.169766379963080166e-01
2.210146672666020440e-01
1.500946223207512142e-01
2.226677844231869097e-01
2.197541239256698906e-02
8.716359025760917617e-03
-1.423255208950718886e-01
1.850692526818701333e-01
5.984511365348477163e-02
4.251389320324943655e-01
2.684258589043449494e-01
-1.248268146821948643e-01
-3.872180723653619733e-02
8.128590091453648248e-02
2.432964531454092638e-01
-3.483574118204235681e-01
-4.647177744726147669e-03
-9.879927518028526479e-04
1.692653668459886407e-01
-6.176124316412795467e-01
-5.800168667203840778e-02
2.005616531552013512e-02
-3.306060200138932759e-02
-1.867287338059669954e-01
8.876920324957805752e-02
-1.370881254690756723e-01
1.047493832121588336e-01
-8.542988545825355717e-02
-9.435125003021219148e-02
-2.923883939077073779e-01
-1.899253818560836249e-01
-5.596663956164427828e-02
-6.019824213571672161e-02
-6.702874729746231830e-02
-1.080514125984105844e-01
-3.677191400756495837e-02
-5.801809051176243584e-03
-2.166331937285899054e-02
-2.228864275675032369e-01
1.818338746308370835e-01
2.328159062613191152e-02
-1.553780813236101122e-01
-2.918601689637319585e-01
6.171192577871975615e-02
-1.823562265280189998e-01
-2.238381005865514306e-01
-6.111285555605057776e-03
-2.892213841988511835e-01
-2.185293879767374603e-01
-3.605730600690921217e-01
1.569503920851444273e-02
8.632130493899635437e-02
2.075880578251652619e-01
-1.254854854881350956e-01
2.459177869094538588e-02
1.965776271105436623e-01
-9.911886704682945637e-02
2.930560143824136737e-02
1.332588601091093672e-01
4.398523842883692581e-01
2.376720885097959902e-03
8.716239426495726861e-02
-1.383574580214149141e-01
-9.359779819381811028e-04
-2.786331850049918180e-02
5.216489150091706550e-01
2.784049004657459525e-01
1.400122195978977524e-01
-1.742862060324038842e-01
6.150418237682824668e-02
1.523888263419352906e-01
-3.007343805567462280e-01
-4.510438393461021350e-02
3.944173771542179852e-01
8.662192552099781673e-02
-2.732499946986242656e-01
-8.924092837388365729e-02
2.863020156740757050e-01
2.846303140044606494e-01
3.463896332075513951e-01
-8.845087668451492857e-02
-2.998518102707777716e-02
5.330880011233667115e-02
3.685987477100459431e-02
-3.751199380898532360e-02
2.743426368061606668e-01
2.311727707074595073e-01
8.078424923639582200e-02
-6.873999938192167092e-02
-2.000829815787347754e-01
7.011255461865122107e-02
4.823871510796899631e-02
-1.388130063431589900e-01
-1.003241339947586047e-01
7.732657067173896726e-02
5.363121707383752476e-03
4.100445069277449534e-02
-9.048987735870574201e-02
-1.340977235801675271e-01
-2.317179310893624847e-02
-1.096604684860659484e-01
2.488941673691975331e-01
-7.145047253643552199e-02
-4.497891045564387791e-01
1.805416851780546894e-01
-2.226026076333141590e-01
6.352307086920509771e-02
1.112930569354144694e-01
2.827826618152371463e-01
5.846466499485882679e-02
1.253721794849277094e-01
-1.917781475558403559e-01
-2.557614506980191438e-01
-3.828618626778832468e-01
4.810200099609808488e-02
-2.837021676825164929e-01
1.954817603361069245e-01
2.885269652834572540e-02
-1.746981676351810064e-01
-1.277384292602396776e-01
-6.136320191083464298e-02
1.616987190499761529e-01
1.885895480255050938e-01
4.374654968735784688e-02
2.900447991641206258e-01
2.491731242442327965e-01
-7.487743868547863668e-02
2.855217379353975904e-01
2.670034056774026610e-01
-9.180322242122028464e-02
-2.521801050168993030e-01
-1.175906383080580209e-01
2.233336463967478258e-01
2.907824245310655642e-01
-1.326558231963998469e-01
3.202456296614157594e-02
-3.924670428889817653e-02
-2.699643723386778715e-01
-3.897253086243141623e-02
3.244867448427087853e-01
-3.853264465454982191e-02
-1.298928904981936916e-01
4.463553211767243289e-02
6.111540505473397888e-02
-2.114401013131520235e-01
-2.484868353039661193e-01
1.017577421791839298e-01
-1.869054059957863667e-01
1.054586434385238608e-01
-6.544103829167929876e-02
-1.150096102064943250e-04
-2.172964673784138767e-01
9.065328149501875390e-03
1.008414394012245724e-01
-9.886360434171106992e-02
-2.867457148417816293e-01
5.763961715583910267e-02
3.145314151753630938e-02
-6.643268634453789118e-04
-4.612891981173938838e-01
1.750955819378603728e-01
-1.356237347498258639e-01
-3.735893976242029013e-01
2.747980166408538483e-01
-4.009102030104148562e-01
1.564095782030129056e-01
-1.858230932679591219e-01
1.687706723818709065e-01
-1.598391311610066756e-01
-9.822654947251620305e-02
1.931178091184955203e-01
1.830423018056183404e-02
-1.959932821028220196e-01
-2.060880540598375166e-01
-9.012830135096686068e-02
-4.480934095344749069e-02
-1.260734687500178752e-01
1.051761315848710604e-01
4.910267242121905129e-01
2.927228553367366426e-01
-1.364710416246557069e-02
1.526806623413827502e-02
3.271253016131769886e-02
-3.762520879622389125e-01
6.762723434136463929e-02
-1.699872898241411023e-01
4.810027444126247637e-03
-9.293907123864517117e-02
1.293978681982199674e-01
-1.628039625744409358e-01
-4.269686967997975424e-01
3.614909211021393731e-01
-1.840499396625345230e-01
1.088844499384878928e-01
3.696063311930056910e-02
-4.873676034269285723e-03
2.165904231791277446e-01
9.928031467153010381e-02
-3.293602321941134226e-01
-2.626062314044926016e-02
1.249799092261333518e-02
1.201669694490530016e-02
-4.007939999454967345e-02
-1.840476095208258278e-01
-4.997163678160717049e-01
2.439956007629510426e-01
-3.051616141272719268e-02
5.331968076772539145e-02
-5.089900265060356976e-02
7.078357051583275550e-02
-2.815122948998300401e-01
-4.346918628400884416e-02
-4.799714611861909952e-01
-2.186503114275471227e-01
-2.554574472113547035e-03
3.148055285433147832e-01
-2.334998177639201755e-01
1.474271154131773509e-01
-2.708052833755603128e-01
3.250640905727471969e-02
1.060169262764451559e-01
-7.136172847081193038e-02
-3.717867301889607456e-01
1.013535533507816389e-01
1.320983541984964149e-01
-4.120788120382083419e-01
4.894041606667549199e-02
3.930526940388889279e-01
1.697591298586604291e-01
3.489934337466872594e-02
-2.312875773375869803e-01
-2.703889621562012291e-01
-8.230719463371427569e-02
-1.007941428043526988e-01
3.382408554772113607e-02
1.196995989775413716e-01
1.105807272877790265e-01
-9.182967404855153087e-03
4.489968349210117504e-02
1.343326349295505540e-01
-1.425676606821893178e-01
-2.938170173131837148e-01
2.635684073372087100e-01
1.544103958409423771e-01
-6.484780784964608857e-01
-3.011279432716815196e-01
1.315561801300880185e-01
-5.220572393174340020e-02
8.865089149549161551e-02
8.942802111417375022e-02
-2.829519922260198550e-01
2.638539651875969616e-01
-2.657667112875550242e-01
1.855687495106831120e-01
-4.912033799174796850e-02
-5.379556275908220497e-02
8.375165991649385910e-02
2.230669101067460636e-01
-2.080551136712087690e-01
2.668144355952408731e-01
-6.192490138832792285e-02
3.908569979269945205e-01
-3.480003387400040782e-02
2.464515840898948151e-01
-1.624772417989100437e-01
1.109671331935095651e-01
-4.766128195431287295e-01
-3.823782101717525528e-01
-4.131810865312183362e-02
2.126607799062699145e-01
-3.249462315327495548e-02
6.706104999558486213e-02
-2.280860896503502863e-02
1.634731441641707264e-02
-2.835947125455643425e-01
2.289341821389244691e-01
-1.632367664032515278e-02
-7.992489219058815375e-02
5.115183995592228472e-01
-1.295095619642007700e-01
4.754487348662926327e-01
2.702635389445537384e-01
-3.838645477196674441e-03
-2.518805503071027130e-01
-1.531110093919670623e-01
3.915740018371115239e-02
9.336489920316126678e-02
2.266746864977434717e-01
1.988518815952200480e-02
4.257408651442500802e-01
-1.187243467208035363e-01
-2.340652948576689776e-03
-1.780101511638284839e-01
-1.256049313063085648e-01
-5.975220074865970898e-02
-1.748450953705578681e-01
1.165879155967073921e-01
-3.787982997768171711e-01
7.610801551516015173e-02
6.545188446530045279e-02
-1.267428239459983674e-01
1.609370652495550058e-01
-5.689844621169734551e-02
1.841999738735706216e-01
-2.408095732352781015e-01
3.090548317476376344e-02
-8.561870181121526702e-02
-6.112449134946165014e-02
-5.060588326978950058e-02
-1.948738694855116638e-01
6.590604298804501882e-02
9.447324999305077575e-02
-3.306531499199916180e-01
-3.385599499625888131e-02
-1.608531054912323011e-01
2.540382291964249917e-01
-1.304820994320483596e-01
6.266052483721955280e-02
-5.582947274251912617e-01
4.015306704373736713e-01
1.790864852923073625e-01
1.553524671149969505e-01
2.931414570920198304e-01
2.022745044027547123e-01
4.248247600173196865e-03
-2.840295489013588415e-01
-1.588700411074064345e-01
-5.518860287532141307e-01
2.568193449569290410e-01
2.076354870831121635e-01
-1.069765852127578243e-01
1.058378845140136720e-01
8.363542024742681713e-02
-1.444785348081870369e-01
-1.785663294371674648e-01
7.740838737895640309e-02
9.281197636959602482e-02
8.241027801779737816e-02
-2.358585882224962793e-01
-3.582044040105580307e-01
2.481577174793931362e-01
2.433739272976661039e-01
-2.936324670618091770e-01
-1.830626179897014982e-01
-1.203035965825495074e-01
-1.772098133684328891e-01
7.541269232304845249e-02
2.395700476626905773e-01
8.627672984689617464e-02
-2.778878101709518766e-01
3.271151318011149556e-01
1.043744787005874974e-02
1.325805666138814565e-01
-3.877272738231582472e-02
1.397176066227811819e-01
-4.638215254741899496e-02
3.475491152866179156e-01
3.345630189060319060e-01
4.123289537880443778e-02
-3.094796273229883377e-01
2.289434387452810860e-01
-6.056822969032767817e-02
3.011415670567803467e-03
2.103080392051257241e-01
1.675007801581436806e-01
-1.037313254040998500e-01
3.812831503540530798e-01
3.548296823271538392e-01
1.820752136127955778e-01
-6.022597841095005816e-02
-4.152022619389055674e-02
-8.591238438566796767e-03
-5.253563583134819581e-02
-2.005231974007721796e-01
-1.932749998138479641e-01
1.148399504956570116e-01
-2.314197001540230225e-02
-5.371442433338629446e-02
1.576211667566328190e-01
-8.542860515174817426e-02
8.844056092182464579e-02
-3.422011278105560050e-01
-1.236057815154006090e-01
-1.556980040299916213e-01
2.794532732393717467e-02
-1.429838623460607805e-01
-3.410021584868908051e-02
1.916583203223536647e-01
-2.404012889174714507e-01
1.201130753761115999e-01
-5.927401243059946846e-03
-3.246652087142093412e-02
-2.697431565215088756e-01
2.219944812946104407e-01
-1.038987100802846522e-02
-5.061516613371550566e-01
-1.396156840925196624e-03
6.388883344743143469e-04
3.754316193792605477e-02
-2.411419163222840722e-01
-1.412777776261321672e-01
-6.345593350122179233e-02
-9.036498144302497482e-02
-3.718925902972272102e-01
-8.765077661890491312e-02
1.846390427495903930e-01
-2.438378593621607915e-01
3.244189333314772550e-01
9.995377813501017672e-02
6.016196974418468180e-02
1.183112230031526657e-01
-1.420198375067391501e-02
-1.541220929319438854e-02
4.100491546735495763e-01
1.960643832661794483e-01
1.817111554746106694e-01
2.326475216420365033e-01
7.671249249869477316e-02
9.859501888464416997e-02
1.450950258604106480e-01
-9.301767262329727060e-02
-1.778618518493490508e-01
-2.644911855385286281e-01
-2.590227041695753463e-01
2.546078409651462149e-01
-3.331302830618045885e-01
-3.163829667550130398e-02
-1.046978066411568264e-01
2.059217226521763144e-01
-8.360397790125644046e-02
-2.402948187797541990e-01
2.134262085881237225e-01
3.550661169234650694e-01
-3.739609663417294283e-01
-1.111299234074147185e-01
1.351617638862799287e-01
-1.827497387962056519e-01
-1.843111700954367937e-01
4.087146536167504327e-03
3.707520478480443027e-02
-7.470661552433748021e-02
-3.732405401308211967e-01
3.668656021889857982e-02
-1.169079722066246191e-01
-1.526773612883116360e-01
3.827545682958406054e-02
-1.527415207398873653e-01
-4.101712068449570210e-03
-1.412661922199708597e-01
1.202116467777299691e-01
1.255236599985019158e-02
-4.322394654286255966e-02
1.626072950143896412e-01
2.067318308993147669e-01
-2.488724210876432641e-01
2.900301404547029893e-01
-3.294625068300367776e-02
9.318922165280921210e-03
-3.225810535863620626e-02
2.141233877875945990e-01
-8.532670654270810284e-02
2.022708192122059934e-01
-1.643544764703328831e-01
4.153438356394194286e-02
3.286405033188947167e-01
5.859855419446559355e-02
-4.156070763258334910e-01
1.204417615826582633e-01
1.694885545821433193e-01
2.437234975914107926e-01
1.829277024791753636e-01
1.472403588362471705e-01
1.708230548601298027e-01
3.518893962697293154e-01
3.323658070589934899e-01
-1.289710574317138592e-01
-1.798872279606923974e-01
2.084389165206733119e-01
1.144114590348298821e-01
-3.742742173148577156e-01
5.988637152638241062e-02
1.306449532590233109e-01
4.109105189382716850e-02
-1.592818707379035914e-01
3.187736151481992408e-01
1.847350120555354691e-01
-4.496893587247420276e-01
-2.592624022351642243e-01
-9.068909025048185746e-02
1.048835031404217605e-01
-2.930888036715046385e-01
-6.909976080569121826e-02
-2.150050497390977589e-01
3.754196991405323036e-02
-3.717475417098463006e-03
6.545559435614652088e-02
1.955939171716929437e-01
-8.213176058923395140e-02
-3.971756461373900371e-01
3.071193869019612221e-01
1.774300298144821653e-01
-2.441014037498632772e-01
2.105254935963692953e-01
8.863129418623169609e-02
1.796836635892248013e-01
-1.777269846196477820e-01
-6.446911644125123686e-02
-4.702505289853287779e-02
1.952883501443050118e-01
-6.230058140614338352e-02
-1.869966727652134786e-01
-1.743047008192541436e-01
2.189367431225031635e-01
-1.396911420358988021e-01
9.309029933157342979e-03
-7.520724019219264533e-02
-9.478934196616928265e-02
-2.833312174636600234e-01
9.726893955663860891e-02
-3.594790637527801591e-01
2.914066081703599320e-02
4.916260336455275937e-01
-2.123012012067422294e-01
-2.628682591602278240e-01
2.129818048600270845e-03
-1.541499011613478576e-01
2.303055471990727854e-01
2.247983732011236691e-01
2.031898449242531407e-02
6.125693469682470110e-02
2.072569042148411297e-02
4.959784997816881619e-02
2.622318975955660880e-01
7.130459707106741318e-02
-4.549378558296874632e-03
-1.576364035248976891e-01
-1.751143309388233649e-01
-5.659025207065158936e-02
-1.337702508672029555e-01
-2.094898229078261953e-01
-1.588069306575506656e-01
-1.472793173755296281e-02
-2.385470803065751211e-01
-9.820725106334288190e-02
2.862534516122673400e-01
3.613571911560667926e-01
1.913405362839177073e-02
1.906766414217048733e-01
9.194925756526853289e-02
9.418915275914568896e-02
2.139954125205318913e-01
4.294672154797896102e-02
1.467772326695663820e-01
-1.845898429355227743e-01
9.904134852116983079e-02
-2.268194840569024706e-01
1.850389384442859830e-01
-4.777703433651149245e-01
-6.188227155381897243e-02
-3.640732131014546846e-01
-2.316858184792892073e-01
3.376598749826671686e-02
1.238270243369839728e-02
-5.728001137254302294e-02
-3.693114295409313241e-01
-1.457246573369289089e-01
-2.054536185976769957e-01
4.922642150316384330e-02
-3.581437755311155935e-01
1.370649684372571286e-01
3.966907579108577830e-01
4.943169137379374578e-01
1.686789936170167981e-01
-2.025546230602511821e-01
5.590020685648242754e-02
-2.159750375398100664e-01
2.675288809764975184e-01
2.444037278779842837e-01
-5.052076166211613151e-01
-3.235209758226652299e-02
-2.146812051389157538e-01
-8.539682708962660629e-02
6.807391468043778870e-02
-6.168685734477073052e-02
1.214016851951202625e-01
-1.393270064706013112e-01
-2.690870322375907842e-01
-1.465621242259013968e-01
-1.542948062878506631e-02
8.201278279123243309e-02
-1.140449449308692242e-01
1.380423565813405085e-01
1.174912110126486858e-01
-8.466868963473471454e-02
-8.639453525417101210e-02
1.568588333002377544e-01
1.979845774130806757e-01
-1.193124328522082028e-01
-5.270144042540230063e-03
4.371445296685060045e-02
-1.126908114761930174e-01
1.225250302025334692e-01
-1.601678453655408785e-01
-8.350959060507971710e-03
2.018933170318659709e-01
3.400948272215650880e-01
-5.705999822189127685e-02
-3.746930188102107900e-02
9.413132987396233275e-02
1.255293584172898769e-01
3.618110856906631839e-02
-2.833452412318351876e-02
-2.305293168464268294e-01
1.189850760370334964e-01
7.984323369990936614e-02
1.181587643208836108e-01
-1.691406331998378254e-01
-5.177394915685103183e-02
-1.696638035486339180e-02
-1.600409390321848313e-01
-1.960137597058999870e-01
-1.619821258210214221e-01
2.119986082913190018e-01
2.497179042789998138e-01
-2.106957744894965845e-01
1.444973806028566066e-01
6.837156707477427819e-02
1.675010573453100671e-01
1.936570397324991755e-01
-2.053644862641690605e-01
2.194906772741188339e-01
1.148033744804397432e-01
3.803222401113909301e-02
-1.505258257758239071e-01
1.863391814968356486e-01
5.699696602369075382e-02
-2.259505106755823611e-01
1.590667320154812991e-01
3.852786737353586788e-01
6.707910993224262819e-02
-4.219222939649425186e-01
1.954615168779575696e-01
6.192650188788772353e-02
2.174905572476182880e-01
-2.729786586523393344e-01
5.930523021233124331e-02
-2.741785401912362197e-01
-4.202525163207427861e-01
-9.461627423073072640e-02
1.375457651052172658e-01
-5.651869070547273222e-02
3.167179958302817622e-01
5.406830566602897209e-02
-3.229245854261572624e-02
-2.253443576323940767e-02
-1.404149234268544932e-01
1.196832392735619754e-01
-5.218479800977317007e-01
-5.371626070954472337e-02
-3.288172989286025638e-02
-3.290951951383284946e-03
1.725412818875286802e-02
-5.280132275784883006e-02
2.829096918782379455e-01
1.743853858002658852e-01
3.368942925796569038e-02
-3.456161746326527617e-01
-6.377621000585456668e-02
-7.371886674574966436e-02
-2.471891531811497567e-01
-3.421628808993789628e-01
3.261312864601074168e-01
1.279306587314693600e-01
-1.784515870311471353e-01
9.217955594305451972e-02
6.168162183302761115e-02
1.932197252379943553e-01
-1.382924328505236167e-01
3.856498343248461746e-01
-2.764422013062966740e-02
-3.118118469740559506e-01
-3.273842436862295924e-01
-3.170872137207785824e-01
-1.089203659480304925e-01
2.862300595383729940e-01
-1.540646589939116962e-01
-6.517023446666980746e-02
1.489044744214236826e-01
-1.967322088461090079e-01
-1.181922811945197160e-01
-4.824690220491886228e-01
8.316267152495467052e-02
1.597117350417765619e-02
-8.661372197007788376e-02
-3.230597923904377639e-02
2.544758047070019291e-01
2.666384463713605824e-01
3.402211381906700138e-02
-2.954745957312719939e-01
2.548691453000384022e-01
4.093691323646950209e-01
9.532094924327803864e-02
1.976685233554327792e-01
2.165263830701143893e-03
-2.972134920252086573e-02
-5.694994233587823834e-02
2.575525785524224731e-01
-2.719607945011877081e-01
3.122897248872431586e-01
4.597114743550009819e-02
-4.071024804266119151e-02
3.210016471996435250e-01
2.522395273039393371e-01
-5.063159666430492450e-02
-1.576587038260235940e-01
-1.240635566732715966e-01
1.658938124878844289e-01
2.803564868749086614e-01
6.692329273154308533e-02
1.596751787857661198e-01
-1.288275080338207867e-01
-3.984515528377903237e-01
-2.437188647173490208e-01
2.729291346096678339e-01
-2.333424770908248957e-01
6.166827724829275492e-02
-4.766291641802333084e-02
-2.066580851018750553e-01
-9.892143286720360418e-02
1.110936938109050587e-01
-2.547721452121252256e-02
2.297298217885786198e-02
-1.283482605682467748e-01
-2.114018492313941289e-01
1.184963251294698407e-02
4.143387603634214877e-01
-9.922730441483311459e-02
-9.979259529956768446e-03
-1.816955195089597908e-01
8.100593055145141608e-02
-2.304399616910031423e-01
-1.486024608393539670e-01
-1.224653650496974611e-01
2.258680655779623514e-01
4.798132123287497663e-02
-3.155895569248108323e-01
4.460166442929344166e-01
2.529832549051015955e-01
-1.020541754406768947e-01
-4.037239435175424274e-01
-5.733824211325783821e-02
1.323620808472140142e-01
2.965037406490170224e-01
3.657748416675382728e-03
-8.978863345337151358e-02
-2.014479907642665324e-01
-4.346375984092212125e-02
-9.699942360448684381e-03
2.096776563869913734e-01
-1.706577706376531389e-01
1.597377007661712279e-03
1.290919748670979750e-01
1.419978935362423422e-01
-1.443065812972568751e-01
-1.481667625399847310e-01
1.761222654484897454e-01
1.523977607872335945e-02
4.853174043830994072e-02
-4.563403377978005396e-03
-5.437953030879388860e-02
-3.849193260907562419e-01
2.940765227103717128e-02
-1.186615528395906782e-01
7.932963831012812550e-02
-4.812311460645676831e-02
7.629576431754740706e-02
3.380540741459431842e-01
2.738802470214551366e-01
-6.602098565447458434e-01
1.989798843790126573e-02
-7.882837618422279535e-02
2.233994457538246714e-01
-3.249954189727047305e-02
2.551302504051767284e-01
-8.311315905738587972e-03
-5.143589840418165242e-03
-2.015231770624351659e-01
1.358451638715096887e-01
4.948338083077208904e-01
-5.098547122536104675e-02
6.649173722195945990e-02
-2.154527105037467583e-01
-3.478102395393152801e-01
1.579709485660271417e-01
1.936760934730467620e-01
-1.007942867497003681e-01
-6.069319982202449684e-03
8.352353670448028899e-02
-2.606104729603739845e-01
-2.595850157958903837e-01
2.029739549970758228e-01
4.716710015195602762e-02
5.512669690748697032e-02
1.340226453534157369e-01
-3.124930714946238738e-02
4.855414671576618879e-02
-4.004570544632217732e-01
3.231655555989815798e-01
1.119019147901150792e-02
9.809205339451737560e-02
1.086729110303880641e-01
1.943441124215576632e-01
1.456020291031535352e-01
1.656086886903336552e-01
1.146859412321241528e-01
-4.827962295031348189e-02
6.852515823278999829e-02
1.509642155651043649e-01
-1.236884926452171407e-01
-1.050611583556299716e-01
-1.764101732971637415e-01
1.651991068078822317e-02
2.968966806204628162e-01
-1.821032465246358867e-01
5.203093697167560788e-02
1.113482675518737280e-01
1.164923038595944288e-01
9.238073819651697327e-02
2.894061381960940649e-01
7.308068301504876130e-02
7.565018449310094428e-02
2.159665286994041089e-01
-3.560848462029458927e-01
-9.142961185462339380e-02
-7.920994477625316332e-02
7.905857073489501452e-03
-9.555212774630203465e-02
-1.008981562803229065e-01
-1.048938359060817282e-01
-4.707459471889659935e-02
-3.190925875851348681e-01
1.977676753719254388e-01
-3.157757233185128354e-01
-3.106160760147331709e-02
-1.659850856171000023e-03
4.185330333057008662e-02
-1.826290334148066019e-02
-5.938876088639003653e-02
4.931274807160660467e-01
3.530812837795755527e-02
-5.455630784879085260e-01
-2.046309612634163166e-01
-3.736172015499807791e-02
-1.976680747254330739e-02
1.469446117466718660e-01
-1.194149401515640918e-01
-3.725652035791786054e-01
-2.466738988898321133e-02
2.932481808337237400e-02
-2.054308411262973921e-01
9.162953152214527164e-02
-4.296022888316728405e-01
-2.324379227343172927e-01
1.129465520102020254e-01
7.166854584624425539e-02
-4.327330677188080954e-01
-2.762948524207327061e-01
1.724224598302862288e-01
-3.763292953541581554e-01
-5.590785277071175924e-02
-1.612659779826645379e-01
-2.505254280920528862e-04
-1.151376121660916269e-01
1.342147751569109648e-01
-8.555335880173389751e-02
1.017447826119973475e-01
-9.609756899501233074e-02
2.048838253456085057e-01
2.296582844218606270e-02
6.751770992113649561e-02
2.794397909651531453e-01
-1.072636417209358595e-01
-1.487771028980732282e-02
2.696950745615576128e-01
-2.494062461022372723e-01
3.900969671500616881e-02
2.347325782153966423e-01
-1.648831271848855140e-01
1.080690581955984740e-02
-2.042211995652100723e-02
-5.457404167855531979e-02
2.396617974475695467e-01
3.279114546823166942e-01
-8.965680124808507456e-02
3.800340976675420368e-01
4.693879272006771901e-03
7.474466737488126566e-02
-2.665302432548045664e-01
3.051024167003230526e-03
-1.597027108190874345e-01
-4.132554222985003189e-01
4.033623543893005009e-02
-1.399677903762879816e-01
1.643248647378548755e-01
2.479504844363202565e-01
3.196546584275001268e-01
-2.086905277530452518e-01
-1.831041457020466112e-01
2.184467755261579325e-01
3.540760200861539087e-01
-8.800946210508144019e-02
1.700072657791844022e-01
1.280955162999809493e-01
3.263676228672516277e-01
7.817752780413729508e-02
-3.330801037162015033e-01
-5.903819720398364307e-02
-8.113723622158545978e-02
5.192740069546610826e-01
-6.130101288962869037e-03
-1.752548655310541825e-01
-2.074171433911284335e-02
3.394220683212182538e-02
-1.572699437819622958e-01
1.382244926095837767e-01
3.255171970626961064e-01
-4.970172014179261022e-01
-1.340043348662201816e-01
-2.769618791920527290e-01
1.706841057332577904e-01
-1.156801947824660365e-01
-7.020564945378292288e-02
-2.910765495796812652e-01
5.827436188239465409e-02
-6.602236130412082737e-02
1.501585520989624778e-01
2.321299958977240258e-02
9.915877191064599583e-02
4.780314853410501663e-01
1.711486158425272741e-01
6.805328748308264730e-02
-2.742675179056508830e-02
2.102229795198217177e-01
-2.462830018800367393e-01
2.158357601439376550e-01
-1.059308475641244085e-01
6.510610267749707830e-03
4.934093494405540625e-02
-4.557355939982678517e-01
-1.548783297952895837e-03
-1.281812308562664260e-01
-1.204011279370998250e-01
2.722631995684510198e-01
-7.571064492404264157e-02
4.682518179893699339e-01
3.679486584859902043e-02
-1.599102210269764124e-01
-2.015905630561146411e-01
-1.443766389701045538e-01
4.198282195137065242e-02
6.627367563338147638e-02
-2.238392922783380146e-01
-3.215433340681911334e-02
4.011482830527571264e-02
-4.971544126902781302e-02
3.784631150823505874e-01
-2.708354194047430386e-01
-5.072914830746383386e-02
-1.106279279130402936e-02
-1.627112031602500342e-01
-4.012224333236204254e-02
-2.236048673444415158e-01
-2.990651399780409614e-01
3.893235759902086146e-02
-1.290969867235429724e-01
1.969260163780381101e-01
-5.768967189563904002e-02
8.791961917725701903e-02
-1.612342011748568726e-01
1.812405933337079833e-01
-2.561365917175475460e-01
7.088559563494803428e-02
-2.150654003464718411e-01
2.523021464012141224e-01
1.156425827260259415e-01
2.189300901118580722e-01
3.694841120870237527e-01
1.356532132354338338e-01
8.178830770903523784e-02
-8.089383321576910924e-02
1.908674701733498180e-01
-1.855763460627494555e-03
-2.504111267994052134e-02
2.984213739228406825e-01
1.101808650107886367e-01
-3.514125820182449345e-01
9.306724043811571978e-02
8.039878902409687556e-02
2.598965080644759576e-02
2.854586366070756276e-02
4.019549337888287943e-01
1.785429085081934875e-01
-9.247701422632802204e-02
-7.096605823894860943e-02
6.665434158347147142e-02
-3.643565879745401526e-02
2.692918953151741124e-01
1.564213020221041266e-03
-1.293561235100495199e-01
1.385662337821984003e-01
-5.692402251436045474e-02
2.347723844270945270e-01
-5.234711568444540969e-02
4.019326379386399806e-01
1.768860479829665600e-01
-3.798583344975434845e-02
1.299259565549137907e-01
-2.163945639600189652e-01
5.754339861063402506e-02
8.808203902412366226e-02
3.524070394919107674e-01
-1.514045384362389668e-01
-3.232743687039793534e-01
-1.362491431455488400e-01
-2.955653903286332707e-01
7.156337663285672335e-02
3.947415219251920737e-01
-2.306989993401142858e-01
-1.901538906839848331e-01
-2.498605909067503628e-01
9.246577594651717025e-02
1.277391745760228792e-01
-6.057006160387746752e-01
1.602258206900908921e-01
-9.414535943511637139e-02
1.675312794859384457e-03
6.488146962084949398e-02
1.566017574431450843e-01
-4.048332589392798775e-02
1.955886197834792173e-01
5.149857420769966554e-01
-3.379338610538185628e-01
5.465740354707164517e-02
1.694512554111468894e-01
-8.775263570718706829e-02
2.286349192093286853e-01
1.886160861930568089e-01
9.239718723742171291e-02
3.232217100949759392e-02
-1.711296989593042162e-01
-1.981908243512086609e-01
-2.218007952477535905e-01
1.421570519157961676e-01
2.744010666110936469e-01
1.505231757739197707e-01
-4.180988677663047964e-02
-1.422455805608543733e-01
-1.793145757678329955e-01
2.073510681304770731e-01
1.464976708238496794e-01
-2.105759099717186278e-01
2.806016222566420915e-01
-1.366651841659009270e-01
1.856617511967821321e-01
-2.424810028910364124e-01
1.695572940011719765e-01
8.011295689891619401e-03
-1.439962083476467314e-01
-2.591900038476099288e-01
9.212762328860947536e-02
3.234313647769882644e-02
7.012639213549859418e-01
1.133068998053386872e-01
2.533882267448590020e-01
-2.220447845747353793e-02
-1.684203270502538652e-01
2.271907934078313818e-01
-1.337958609475249083e-01
1.625499623864135601e-01
1.094577373894235067e-01
-2.965244810616152749e-01
-2.185317793683939080e-01
1.246608685228452057e-01
2.377980917687547435e-01
-3.686706200130804301e-01
1.227193470119457286e-01
-2.732481183229318322e-01
1.849376594817849773e-01
6.126014342885628405e-01
-7.560833215480960989e-02
-4.260109809283113003e-01
-8.231115173611810998e-02
2.052112407767993085e-01
-4.963999554419289140e-02
-1.757451304351961285e-01
4.711120605562448271e-01
-4.447959249422352851e-02
3.681813300341297279e-01
-2.799817739453497878e-01
1.378640908505841256e-01
3.762968491645679592e-01
-5.099822558810389594e-01
-5.981182862567550190e-02
2.811181811843748712e-01
1.059225937466925366e-01
9.807297473185050407e-02
4.350632461686193553e-02
6.158468529829597138e-02
-2.049274734188895886e-01
5.197307163718369039e-02
-7.070268106074446834e-02
3.374236537255473900e-01
8.925851935789888558e-02
1.001636301228770731e-01
1.989481979529574562e-01
-5.778610762881005586e-02
-2.945393713463836383e-01
-2.621108232470580890e-01
-3.638712896645737160e-01
-1.699587047016579491e-02
7.637850874293976300e-02
-2.090956058894525571e-01
1.331038648766971200e-01
1.257068896127791491e-01
-1.976086378245792419e-01
-1.535788866691936427e-01
-1.864934771167830931e-03
3.317576834282114362e-01
2.236291131031614143e-01
3.079074818065362096e-01
-1.158118717939060800e-02
-3.419445328679667773e-01
-4.313548856143965132e-03
1.497114104834403603e-01
1.132000492029958637e-02
3.978248423310896675e-01
-1.313997461048407867e-01
-2.881099769235339614e-01
-7.466482721173677006e-02
-1.150951350375144511e-01
-2.189612562400038986e-01
1.588115635259452485e-01
1.172143251691903504e-01
-2.968206117080611148e-02
-6.269441526941192666e-02
-3.208405011981648736e-01
9.360700508094368238e-03
1.119109244717950841e-01
-2.913979151535804890e-01
3.009206624333730651e-01
1.144035905200798675e-01
-2.171552331945955303e-02
-1.558522146903357219e-01
1.100946506620820164e-01
-3.980174119939394184e-01
3.505548813470527048e-01
1.648045290704334698e-01
2.881742518533060224e-02
3.339836514366082421e-01
1.349428936898905973e-01
-3.486935037067867560e-02
4.737671331966984978e-01
-1.734107596114206062e-01
2.824284947726308226e-01
-2.447994883685812861e-01
-1.623626679104587522e-01
-2.477733738226867988e-01
7.270903634367556490e-02
2.303418799118691906e-01
-2.011838663249299053e-01
-6.998360884190765741e-02
1.955687633782169088e-01
-1.483986670603575433e-02
3.060078399157138418e-01
8.982173115557516574e-02
2.918487519106257033e-01
5.334778039747747197e-02
1.052638226839383295e-01
7.719704572878345605e-02
-6.024632949334476732e-03
3.178074985675949371e-02
1.623913596080783506e-01
-2.376794561039577147e-01
-1.447556458313708216e-01
1.624615626664652895e-02
2.899167053790068296e-02
4.551017340325449467e-01
-2.440767110444325150e-01
4.601061424050126858e-01
7.177902451912181181e-02
-2.440591991745136649e-02
-1.024695083107698690e-01
-1.426097086528552715e-01
-1.589272680314957054e-01
2.166189098594619444e-01
4.141353143699911810e-01
-1.986124653822916863e-01
-4.505224334387704088e-01
1.697120061022862614e-01
-8.154057460010379066e-02
-1.277246552459745110e-01
1.905591669093241458e-01
-1.558261247249289605e-01
1.527505937888034016e-01
-2.045729338312783363e-01
2.672193058014905864e-02
-9.549996278202113609e-02
4.961332821419126016e-01
1.712975671480525819e-01
-8.038118318986162136e-02
2.286539769868985716e-01
-1.697068215857274742e-01
-1.307020143056246697e-01
-2.254462375731290658e-01
4.073658780018456216e-02
1.065395969783337754e-01
2.781864561189178464e-01
1.805652609461298463e-01
-3.158159453442117015e-01
1.121734078255939675e-02
9.833958270760891074e-02
2.621706247435835468e-01
1.802778201650699075e-01
-3.053331767523041473e-01
2.801847059236945749e-03
3.174939918966695473e-01
1.296932489094706209e-01
6.735964774660219145e-02
-3.994234348166132015e-02
3.903552975598665875e-01
3.108280695008947547e-01
-8.131178738775038731e-03
2.032712681217550277e-01
1.607922894246576612e-02
4.577575570279730083e-02
2.106976878178622448e-01
2.302692884286607622e-01
-1.576019451953514228e-01
-4.472650740436656114e-01
1.698515537212172133e-01
1.551712777739175098e-01
-3.510857872197729046e-01
-1.856857190136223523e-01
-2.095956164073267680e-01
-1.851876219527528178e-01
3.743761676295166534e-03
-2.047569534886032119e-02
-2.444892131119649203e-01
-1.096831661538684964e-02
-2.127667190532720257e-02
-1.613362184790318177e-01
-2.900130813676407571e-01
4.783025448702987736e-03
-3.452851653266861970e-02
2.428979958933947525e-01
-2.081173622724640238e-01
1.772158698712056335e-01
-1.952945321157744940e-01
-4.113487633204634397e-01
-1.045356278147343589e-02
1.238967683665923025e-01
-3.709633006683610290e-01
2.883581230185739974e-01
1.278758329136366889e-01
-1.247809519378301341e-01
2.397129656772888640e-01
-2.217605218154065656e-03
2.725721720879640229e-03
4.786897961881603908e-02
5.502916398913540452e-02
-1.496017300853932641e-01
2.647698131338846461e-02
-5.466235452613376483e-02
-5.382566787488778787e-02
-5.558467700257157910e-03
3.146203274941945516e-01
1.079732456336242319e-01
2.178576518080651003e-01
-1.072354925521542129e-01
-7.764730421604594535e-02
-2.983353688429551953e-01
-1.688795495143940451e-01
8.530028519428209388e-02
-2.039459761987285347e-01
-1.308447257783483253e-01
-1.681694817378356563e-02
1.347324173489884147e-01
1.523469770771203151e-02
1.721960955208877431e-01
6.755496308907761593e-02
5.019337737879973060e-01
-5.664814083877601353e-02
1.050575463909725685e-02
-2.147141993289866380e-01
-1.619931496891541256e-02
1.931140075031937409e-01
-2.509295565347908208e-01
9.827372854254251555e-03
1.779934268177665313e-01
3.163108174126724736e-01
1.175133962280542205e-01
-1.137733456036655044e-01
1.147571612182177875e-01
9.441675281085063279e-03
-4.938185887795758927e-02
5.388439756653483625e-01
-1.235795817661535824e-02
-6.561832749594507241e-01
1.217858915884549066e-02
-3.371963821712120613e-01
2.432945096765228021e-01
-9.247273208355502594e-02
1.821278377883948085e-01
1.054586845386041999e-01
-1.060736136574609717e-01
3.922148462004668157e-02
1.959997968691948658e-02
3.037380962666789697e-01
-1.454668924172742572e-01
-7.194135102724028008e-02
1.247517039067551209e-01
6.876020804494860084e-01
-4.450150982333370142e-01
4.611769427314758169e-02
-2.625826028505031107e-01
-2.169871980415657431e-01
2.589059040374799281e-01
-1.724052575588538305e-01
-5.063516319803139654e-01
-1.519040560604892620e-01
-1.746515768625687970e-01
-4.141117415229405574e-01
3.756570034791212875e-01
-1.489651593886658631e-01
2.590842770537992168e-01
-2.160826049069400068e-01
1.059089594663044226e-01
-1.332889766174787383e-01
-1.070553433170240709e-01
4.838489775135899618e-01
2.157878256436087869e-02
1.845250145724978696e-01
-2.787881682882725198e-01
-1.003267331857205097e-01
3.748597978807986508e-01
-2.866256220384856834e-01
-1.347434217843541115e-01
-2.800442676050738933e-01
1.903650420839772192e-02
9.569101913880664889e-02
2.974619190285769932e-01
6.225858511186463384e-02
-2.938795529963117437e-01
-1.695202648192507267e-01
5.546061303813795001e-03
3.528221543445058117e-01
-2.652024320058992690e-01
1.361432139543049813e-01
2.459464105740762074e-02
1.802951533101053994e-01
1.273836653929649176e-01
2.368369885077045156e-01
-2.321977040653434299e-01
9.258398882670008934e-02
5.304021599449835200e-01
-4.076160481579887418e-01
2.524841913917693081e-01
2.346614246351354238e-01
2.639163215311261523e-01
-8.303327011152505932e-02
1.871496475696997064e-01
9.721885765792517842e-02
-2.119491252963494332e-01
8.047572219967825957e-02
-8.100704997503439808e-02
-3.750487657070943337e-01
-2.709060394829462259e-01
9.446875376290696236e-02
1.042999124966969698e-01
5.239140275675723685e-02
2.695402497936763564e-01
2.887675092024666323e-01
-2.259682344006990751e-01
-5.034746192357741207e-02
-3.084523819039922121e-01
-3.751762478369813913e-01
2.961298869656547872e-01
-1.528031348648804799e-01
2.298530127867150774e-01
-2.922572426796590794e-01
1.296009544415329118e-01
-1.244738282165017695e-01
-2.856743738809167793e-02
-5.123003603737026346e-01
-3.074139468846431300e-01
4.916164588621548676e-02
-1.204563884739853208e-01
-1.950193938278697026e-01
-3.394198188469829125e-01
-4.178681292080396736e-02
-7.284750407512394221e-02
-3.647044493221944517e-02
5.124921786604977325e-02
-8.703622572642276400e-02
-3.243548410202466981e-01
-2.800376591939301996e-01
-2.679673563181175222e-01
-2.688465497416731576e-01
-3.575674587434572033e-02
6.244371729971416596e-02
-3.052667582916338343e-02
1.230328456877367166e-01
4.709280245299293094e-02
1.313093620714783638e-01
-2.254624558361631725e-01
4.754941626380981834e-02
-1.530025259221710066e-01
-4.786650770433480834e-02
2.006937746316836968e-01
-4.222530033042197761e-01
2.760070877362205688e-01
4.185250270262958622e-02
2.509354684937300378e-02
1.981829847813611212e-01
8.931662328283318519e-02
2.133633506296810645e-01
1.884074994631162459e-01
-2.613519007494103930e-01
4.767180789846414690e-02
-5.001293313643974114e-01
1.451258336004704053e-01
5.888181467048249351e-02
5.745440011027862920e-02
-1.121843106859207601e-01
1.172137289081505163e-01
-1.086148745529294662e-01
3.166220223347513546e-02
-9.325220902974594439e-02
5.094339846313405279e-02
-4.546338811261013690e-02
4.393161617983707412e-01
1.205851453795090122e-01
1.461265482803648930e-01
4.034562595561357740e-02
-1.590385301796172768e-01
5.494456151274444353e-03
2.323274259721892776e-01
-3.812262867631878160e-01
3.421267883733312143e-01
-4.505754647829581655e-02
7.515261926930939806e-02
-2.508725801260319049e-02
-3.219234191377871868e-02
1.831171062474506728e-01
-2.583255446700494229e-01
3.152559492723891466e-01
1.492673364661360191e-01
-1.812641828480537343e-01
-4.102155028717222041e-02
-1.106097090909289732e-01
-5.279561469063188267e-02
-3.098034855352074235e-01
-3.648075231976251331e-02
-1.784539487503649519e-02
4.920152534568867364e-01
5.991028946285298189e-03
1.703923835133729359e-01
-4.702818158738661380e-02
-3.806595009103771465e-01
5.703866857172372462e-02
9.834130502453770906e-02
-1.426744745474344267e-01
-1.294089427035454154e-01
1.728294382651868752e-03
3.617063018553290377e-01
-1.751299789818909769e-01
-1.813377796706066580e-01
2.899121420479955705e-02
-1.742283934261719403e-01
6.298797615882777146e-02
-1.215816570148689144e-02
1.979304337152461846e-01
2.754389464329945469e-01
-2.234149612985904601e-02
1.994490780180989131e-01
-4.030097609209266074e-01
2.561871299254094708e-02
1.896373520676427615e-01
1.714003693770937420e-01
-2.275485607912298702e-01
9.199493256159825549e-02
1.560668973028366338e-02
3.290264444378551700e-02
-1.486440426220860256e-01
-1.458437152623533184e-01
-5.627672834275435632e-01
-1.237675435242963640e-01
1.224723338759882568e-01
-9.720465676425857349e-02
7.968324726592669605e-02
1.616628008746512912e-01
1.263679860866889215e-01
1.404345439868855683e-01
-7.712420189626491285e-02
2.965139309217784125e-01
-2.238603532019008135e-01
-2.368485636289215795e-02
-2.170358862346387918e-01
6.499560039877277928e-02
-1.306702787485362893e-01
-1.518143598266483152e-01
5.656375133839004060e-02
8.326033517036110498e-02
1.607833067944075267e-01
2.480549158632762152e-01
-4.592841196095809320e-02
-5.263392897510174029e-01
2.435784929327435011e-01
-3.549741288024568786e-02
-2.980094646833424954e-01
9.299656687391939791e-02
1.535554540478740737e-01
-4.960454491436796509e-01
-2.093971024075924892e-01
2.310659883271289905e-01
5.975430730916023864e-02
-3.301004041538382894e-01
8.716442703759184896e-02
8.183460710376548597e-02
2.836999831509083303e-01
-2.115727238376239813e-02
-2.507878516245715117e-01
-3.033973021500004433e-02
-2.181501106821459035e-01
1.291862927041324272e-01
3.429668960612333728e-01
3.321179420352624589e-01
-3.322685043566503404e-01
8.916786072954159537e-03
9.803284527773294121e-02
1.090833954087378904e-01
-2.966327928806899647e-02
-2.495374068467412498e-02
-1.791377541189082268e-01
1.780359367007298688e-01
-2.685191812911333908e-01
1.122333339055441304e-01
4.172563627377173789e-01
-1.084471004029765318e-01
-4.669922961682868023e-02
-6.573988361737967412e-02
1.007994744624297612e-01
-2.520656020164839251e-01
-7.348773962958835004e-02
-6.183254016447452955e-02
2.529218400569986924e-01
3.668565757304436126e-01
-9.247752288824641342e-02
1.164176654603131245e-01
1.271069145567422232e-01
1.358151465192160012e-01
1.950441077409734714e-01
-7.904330423364559766e-02
-1.344621752985649954e-01
1.030832788345292933e-01
-1.512054132081077917e-01
2.685117998766325398e-01
1.669404315757017088e-01
-7.750924839911250974e-02
1.631130236530914934e-01
-1.286554617288432345e-01
3.093158626680230228e-01
-6.499416067156571497e-02
2.300166804981922941e-01
-2.568404631050188458e-01
-4.555415937230662682e-02
-6.495522546685793264e-02
-3.295245479140049283e-01
3.988305273566560005e-02
-2.339926147773864831e-02
2.960020949560646791e-02
-1.891027685960230131e-01
3.074340346079515104e-02
1.008407205131375134e-01
3.687599009586281507e-02
-5.920164237058203258e-04
3.458338695314986180e-03
-2.457045693092203484e-02
2.714508882406713730e-01
-6.781334500867020054e-02
-1.110148338683721314e-01
-1.682262069934055138e-01
5.942701700267002951e-02
-3.956977442545737134e-01
-2.902216648155351297e-01
-1.900310449837489257e-01
7.509020657587801850e-02
-1.074370168187327723e-01
-1.286744857485937199e-01
4.124902882104065638e-01
2.394991201903747258e-01
-1.614562214068447632e-01
-1.109175225464653081e-01
7.015032455917873805e-03
-2.725751414527791683e-01
1.278370505982146521e-01
8.573898532114562765e-02
-4.693493038597741640e-02
1.339130228883479989e-01
2.063368921534441958e-01
-4.164355677215336171e-01
-1.126385536271483495e-01
1.236053334798183356e-01
-1.228286341259181118e-02
8.703500953418787101e-02
-2.124571538266098181e-01
3.734142617883151050e-01
6.337542494830188111e-02
-2.717865132777658732e-01
-4.212516818576116373e-01
-2.147312828432219600e-01
-2.115049677197214373e-01
3.085078144638621622e-01
2.212352346169077222e-01
1.671418267486505238e-01
3.929967819871826862e-01
-6.780449476251733387e-02
-1.008959336023881187e-01
1.957953420658821164e-01
6.831187262211788590e-03
1.010386039494569621e-01
-7.685285333455455122e-03
4.085390045249845392e-01
1.652791435064694392e-01
-7.605232022611427278e-02
2.841357085407908989e-01
4.365051874799960770e-03
-2.678097986105654749e-01
-1.705819847686432245e-01
2.661190447786915270e-01
2.434793298737923384e-01
-5.541740856162211126e-02
-1.804686982978929155e-01
1.180509649022334212e-01
-1.917225873200111355e-02
4.999164095936220464e-02
-9.980938066015730692e-02
-6.462255546091683067e-01
8.565894461605229326e-02
-2.750221259988807621e-01
9.396355654748135555e-02
1.927944958181802490e-02
5.156549151429363764e-01
-2.434395780812877719e-01
6.211649399293229373e-02
-1.992801219911453092e-01
3.029134620689551971e-01
-3.069806462440375916e-01
1.825877513249236361e-01
9.998610386848347242e-02
5.604529860960332649e-02
-1.796060827573111862e-01
1.138797683064198402e-01
-2.702920748880868751e-01
1.007871399266477702e-01
-7.253141604712666501e-02
-7.605988409957514795e-02
-2.315815545937834341e-01
2.818167025858915875e-01
7.769737521630960819e-02
1.310187709390059074e-01
-3.300682466568732876e-01
-2.186664610690220237e-02
4.069951853004373510e-02
-1.543195121483612597e-01
-1.708596101717541060e-01
-2.267256222168553548e-01
1.805684660783921786e-02
-4.193338922725993456e-02
9.073013718586923904e-03
1.470787687268133304e-01
6.676820496982403819e-02
1.165377882894818445e-01
2.775079261662530272e-01
-2.198570271096440820e-01
7.892269938689343289e-02
-1.194987469907097533e-01
-1.068195293202375273e-01
-2.285121697604604318e-01
-1.471869664464883765e-01
-2.339030276560104260e-01
-6.440671222872705604e-02
2.456748655794242786e-02
3.263000181925258536e-01
2.925198527000962279e-01
-5.557629416390607452e-02
4.775030915715043622e-02
-4.960601158042030612e-01
-1.397073243682608046e-01
-3.178046678461783903e-01
1.491941671896074573e-01
-1.022266109991272348e-01
-4.871981426877626531e-02
1.849243104284726824e-01
-1.267857900190352272e-01
5.612695570185417537e-01
-2.980214847746203710e-01
2.157413749122345514e-01
1.703608464690678226e-01
1.560198404907294778e-01
-2.586880958561108695e-02
-1.819160702623744963e-01
-4.073638940442727424e-02
-2.519764912035210025e-01
8.391213050130071072e-02
-2.453323621925053988e-01
5.192826918933038383e-02
2.122303919129199246e-01
-1.020293924463968466e-01
2.366326406559580986e-01
-2.126267492837997652e-01
-1.119273175560047684e-01
1.054040131030472421e-01
-1.128625715066819829e-01
-1.297917581912735596e-01
-3.467904596022338692e-01
-2.605009970603043290e-01
-6.115417834692761685e-03
-8.536385946687093107e-02
-2.907828360175490068e-01
6.820238983493795426e-02
-3.640888913495747836e-01
8.482539127281429892e-02
3.285194134896831653e-01
4.418762500951869954e-02
-8.040960953678620571e-02
-1.499049224887291365e-01
9.226394541365402768e-02
-6.465624276274574422e-02
1.525895337627575510e-01
1.702870843065333040e-01
1.669337564792846770e-02
-1.165173546367659074e-01
-1.487144321665008311e-02
-2.135692123782406346e-02
-1.016018298321997027e-01
-8.491503221582491490e-02
3.107303690879009705e-02
-2.925191085994692172e-02
9.934272868791674260e-02
-2.052371606453904929e-01
-1.438524324315934577e-01
-2.307117447382920489e-02
1.224184312456336327e-01
-1.334891337134345157e-01
1.657358526559985501e-01
3.372828706408674826e-01
-8.656657368204714875e-02
-1.118789180097458230e-01
-2.701755112832175953e-01
4.132424023071417513e-02
2.958190176525215057e-02
-2.437265033357747523e-01
2.641056041419493350e-01
2.130888271766111786e-01
7.680341796295923895e-02
-2.326055279894446437e-01
1.131740374328363830e-01
1.397597948846646121e-01
4.309026952366475927e-01
1.421617585215881885e-01
2.318086299055706068e-01
-9.100321103640486575e-02
1.678051165213869655e-01
1.601694122948760235e-01
3.752385927940945359e-02
-1.196197549067194721e-01
-1.071525860665503288e-01
-1.393783020313631993e-01
1.727204098552838352e-01
-1.126697433377225055e-01
2.112073118041339348e-01
-2.258323033498312316e-01
-1.718357449761627465e-01
8.551834266209043522e-02
1.547729954131243646e-01
4.366167397099009195e-02
1.487453896561647393e-01
-1.024624826818535256e-01
-1.032404148248419057e-01
-4.385805981428744227e-01
2.016163760682757738e-02
-1.623691644596633385e-02
2.539063018510768766e-01
2.401032010697292662e-01
3.602499211155324454e-01
-1.197489133583276438e-01
-1.323331257443489950e-01
-6.927431884841992460e-01
-2.891585187390934286e-01
2.696530772811520649e-01
8.358093580092004413e-03
-5.290172069232423717e-03
4.218737463988994976e-03
-3.649673369382302468e-01
-2.136774978330939212e-01
1.389843865307956172e-01
-1.269234560928748368e-01
-1.339715794513265390e-01
-2.989535061561874874e-01
1.732150158274194385e-01
-4.498900742814478798e-02
9.567309163951519257e-02
4.015158579072286571e-02
-1.653315235415600826e-01
3.064854026167544362e-03
-1.132556569999136620e-01
1.347354593753082030e-01
-1.226170111055400330e-01
1.424953916575452673e-02
-6.169190811297509819e-02
-2.215423011599072789e-02
-1.704005842174655672e-01
1.648542837020270102e-01
-1.575915676464323123e-01
-1.144818100389858630e-02
-2.993309780314586388e-01
-3.795346862102573771e-01
-7.944910621421022445e-02
-3.038090861025796174e-01
-1.304297932861930853e-01
-9.372261679810485469e-02
3.149097180643176119e-02
2.543370986381806031e-01
1.257755854559521602e-01
-7.192818873972174620e-02
6.411988645281527233e-02
1.281444392483984535e-02
-1.793688528686210593e-01
1.440574518014082206e-01
-1.567397964524074386e-02
-4.288228698887204537e-02
1.670489539295974268e-01
-2.649127083658460100e-02
-1.775031340224512699e-01
3.297382569072774411e-02
1.664414899576553697e-02
5.859777658153241253e-01
1.238714721987326101e-01
-1.826687039371686083e-01
-3.410080264105056491e-01
9.695096237950691365e-02
-1.996095374018566626e-01
2.224901112554637517e-01
1.360896425842792745e-01
5.514654258570941270e-01
-1.298224453957146918e-01
-1.575831146525477899e-01
2.843066374188297218e-01
1.706221209837958663e-01
7.884381987048412477e-02
1.154050802386117347e-01
-6.959210109520874710e-01
2.726632269878776493e-01
-2.347070004130505025e-02
1.055102028240985888e-02
-7.046125322439283911e-02
-7.871266828101636248e-02
-2.673312190940361349e-02
-2.310638486210898901e-01
1.563880766115717802e-01
9.859735242275104172e-03
1.230857106710654819e-01
-2.722979041736469097e-01
3.015461582690190934e-01
-4.082298663102035263e-01
-1.231307456693006425e-01
-6.970549312977357415e-02
-2.963078081437559453e-03
-2.676644524245730961e-01
-1.780256509157353007e-01
-4.041218061423374613e-02
-5.911656203809216581e-02
2.142582553059419470e-01
3.443693074007913579e-01
3.159508032677101758e-02
-3.265739299061101719e-01
1.293006515068665374e-01
-2.210746644723328089e-02
3.879651518491381568e-01
-3.041354654389430423e-01
-4.068597967388893483e-02
-1.740440427156029687e-02
2.123274439075784614e-01
3.478558633893674701e-01
1.584734983203109349e-01
-4.332719015647849142e-02
-6.818655044123529685e-02
-2.106919521225773459e-02
-3.471644541125863959e-01
-4.737657480726641945e-01
3.575965976276535702e-02
-1.476577632010837859e-01
3.072641894808104679e-01
1.709914854171374343e-01
-3.051903888977229307e-01
-1.651710121397987896e-01
-2.408016339560883623e-01
-1.038840314091651548e-02
-2.885700725922187362e-02
6.854395368627420361e-03
-2.094293716894682356e-01
9.128987677298686099e-02
-2.866514903202706591e-02
3.288840869249234911e-01
6.117026708428490583e-02
-1.591074767939500839e-02
-2.521361609738791490e-02
-8.701155374556159006e-02
1.676044875462483763e-01
5.209060088845035574e-02
-1.035100248684026752e-01
-6.448187293573082179e-02
1.460959881705549889e-03
5.762823055119486483e-03
-6.416829913806931796e-02
-1.943257599158428328e-01
2.369817914794649649e-01
6.705485126463132939e-02
-2.673905628957604086e-01
-1.755969058856434450e-01
-9.931195990300827059e-02
1.516909946730743142e-01
8.263265860361046489e-02
-8.209651041953573702e-02
1.171964405515392021e-01
1.532116452535227900e-02
-1.786003423223840939e-02
-1.780719551792597499e-01
2.213902061589089754e-01
4.144173799034626682e-01
2.199077694883426748e-01
-3.783359148341832179e-01
9.674810311204590230e-02
1.402857599280984968e-01
6.941215522895982648e-02
-4.965931214082937306e-02
-6.368174045322481935e-02
3.117550975509818939e-02
-1.939537808009403341e-01
7.938864547763017920e-02
-2.312113405960739554e-01
2.123100979542066613e-01
-5.106891290124868643e-01
6.829496957259556522e-02
-9.173297262819218867e-02
1.091208593545213157e-01
4.371345693328700932e-01
2.909729198688918439e-01
-2.481470960950736548e-01
-3.391090565597346118e-01
-1.016047585813229237e-01
2.504283119910468702e-01
-6.990040691375186584e-03
5.392278000460871690e-01
-2.993274365216626598e-01
4.281005443038155001e-02
-1.639783983875993389e-01
2.987716039746552976e-01
-2.331837769221770280e-03
-1.976418991100604705e-01
-5.566083791518733337e-02
4.196103115487217344e-02
6.021305993697714798e-02
-2.454199789020348188e-01
6.441666901886750366e-04
-4.937339561467436050e-02
4.231192869346336871e-01
-1.773833742039364059e-01
1.951464202726447550e-01
1.357544797386893709e-01
-2.348828098124940700e-01
-5.123578075842487589e-01
2.250713513982423031e-01
-3.909658811943677037e-01
1.011313281290965871e-01
-4.979913918263624735e-03
-5.193672303622501318e-02
-3.416790496865575177e-02
2.209641184726045260e-01
2.576408519570026409e-02
4.944687146856490134e-01
7.310439310753059916e-02
-2.763345309819971451e-02
6.207765886023450252e-02
-9.754922263346169076e-02
1.422876165589967157e-01
-1.739027946481921383e-01
1.203842115463000205e-02
2.421361096217446718e-01
7.357888375895817179e-02
-7.583795265944609509e-02
-9.797537472551234861e-02
2.407168070115483505e-01
1.944832141552808868e-01
-1.976199196933107749e-01
-5.424514682528462639e-02
-2.121572795463886468e-02
2.946949910618551494e-01
1.689254069493219546e-01
1.572888968007050414e-01
-2.089765169780232468e-01
-3.626038940593354631e-01
3.141757664054534716e-01
1.149871276880916615e-01
8.429240148095488994e-02
-8.186191980975263474e-03
8.350196317071714724e-02
8.446262596650024046e-02
-2.008280436986185913e-01
-1.451966939866403961e-01
-3.624731573367656057e-01
2.619760543041017575e-01
-3.030489020396768263e-01
1.158591567545786544e-01
1.986917880006655937e-02
-8.688835946148014411e-02
2.951907873428460949e-02
2.518594414828260741e-01
4.870895337542656411e-02
-1.696285125195166610e-01
-8.137461339952824224e-02
7.945767803500849991e-02
5.630466475084487665e-02
-3.505618226745294552e-01
-6.757552933110864968e-02
3.223495918035106100e-02
-5.208473417744678181e-03
4.909572782758839585e-03
-1.097328867648367928e-02
-4.236089135361522651e-01
1.670071229840655314e-01
1.171272729651982869e-01
3.077373331845741425e-03
-2.516069541029124501e-01
-4.598310730539591218e-02
8.915997694635184601e-02
-1.475767208202139746e-01
1.373934823726324639e-01
-1.283333946952083526e-01
2.215241717632944474e-02
1.963185023848952604e-02
-3.292032995270254836e-01
5.707197374531244177e-02
-1.972780819555963461e-01
-1.492597958249096690e-01
5.070488863449816863e-01
2.086584455176752062e-01
2.278440205358436277e-01
-4.138887891352420745e-01
3.371702770169080626e-02
-1.520044625183240017e-01
7.725523325436228078e-03
-7.393710438881892499e-02
-6.515110724422989996e-02
-1.661969198026218841e-01
-1.436530288905275843e-01
2.796416550306631277e-01
9.764923892635840597e-02
1.241370599964901345e-01
6.035102847748528843e-02
6.302787537948917329e-02
1.482834166050695512e-01
-2.830378929362575291e-01
3.314526981027486885e-01
2.222389744836810455e-01
3.509048168160043280e-01
9.796123622781212348e-02
-5.482320007621527963e-02
-9.327622069548414593e-03
-1.038446075762678306e-01
1.452324716815282281e-02
5.569118443808583618e-02
1.174434455522570253e-01
-2.963829164206423922e-02
3.791381882044826679e-02
8.468396533457328568e-02
-7.737923588800485475e-02
-2.033924578620060000e-02
-5.368294643807195593e-02
4.837232760678416427e-02
2.131525621403036475e-01
2.101017948691673298e-01
1.901991266932179792e-01
1.053578010631584516e-01
-8.371631113665957413e-02
2.395226752978997509e-02
2.203512718387201641e-01
2.412501428682432003e-01
-1.217550992554667505e-02
-2.223092488545329662e-02
-7.603637086566913950e-02
2.197215891891871886e-01
7.155861160209638083e-02
1.434156115151665745e-01
2.092179458531075176e-01
1.926900449322145950e-02
7.526184859210309497e-02
2.131573790903135701e-01
1.400747147267454029e-01
8.966667305615025341e-02
7.474356526125131017e-02
-1.194000145754507552e-01
-1.464753913245866838e-02
1.007882589203078216e-01
2.539818126308684976e-01
-1.059430600415549317e-01
8.678531990974593102e-02
-9.624194044046381624e-02
-2.271834526650464217e-02
1.891181261124710022e-01
2.804054555623918810e-01
-1.952995235586479361e-01
1.421969177913955384e-01
1.161527275597992598e-01
-2.819826597411081298e-02
6.400997511123339423e-02
2.954217088585993078e-01
-1.759233633590273627e-02
4.479845377280795848e-02
4.265522692205874211e-01
2.890471944125000761e-02
-2.636808522886706085e-01
2.624778372330411336e-01
-6.557369699750481562e-02
7.875141694595741426e-02
2.263557309719199662e-01
2.068627332896769977e-01
2.879962506643156117e-01
-2.115065248942400444e-01
1.152864101584188672e-01
-2.616321042023306287e-02
-2.286892527636843198e-01
3.320043583712035118e-01
-1.038016879816100815e-02
-2.462226222414927168e-01
2.630205535253740123e-01
-9.110378239511847387e-02
1.017107320464310724e-02
-1.944863001419274151e-01
2.057932861804564473e-01
7.404323580203689414e-02
-2.013931672194788913e-01
-5.411249444366604544e-02
1.540032331089553619e-01
-1.334263800159843083e-01
4.359671814095086306e-01
3.588848994013412730e-01
-3.087092417919897747e-01
-1.012735626242855930e-01
-3.895710980258718309e-04
-2.770990063409362048e-01
-2.253955874966378503e-01
7.186092178522661411e-02
-5.086723563145982840e-01
4.003309054299871578e-02
4.129546955813259701e-01
9.020015695287371404e-02
-2.864742532647780449e-01
-2.386168711232337647e-01
-1.351155959362926595e-01
-5.165966218930008458e-02
-3.654079693903020121e-01
-7.763020878159496152e-02
2.834269067879096118e-02
-2.480930352513022880e-02
4.228462553614093511e-01
3.084857275159810092e-02
-1.190124284803929441e-02
-1.055799787035388987e-01
-2.685311195596369327e-01
-1.268374190595514817e-01
2.451325108402982733e-01
2.861888937513386022e-01
2.059454703004739984e-01
-1.974674827454871995e-01
-1.482870749738915139e-01
-2.885576463610536879e-01
8.510470939942194057e-02
-4.209695028251872473e-02
-7.227582270605872883e-02
1.058790481110350457e-01
5.403983479011594815e-01
1.198417016062481855e-01
-2.599649049409218926e-01
1.193940457962851948e-01
3.617488991590204206e-01
-2.715769210809228923e-02
1.976280703662107729e-01
1.560345513399119810e-01
2.791202688967077683e-01
1.709341476293984863e-01
1.829505997393993067e-03
2.711118711014808835e-01
-3.066762146547622470e-01
3.439047797179829447e-01
-4.001986512722534584e-01
-4.073655179715742758e-01
4.768575353475201957e-03
-3.847888845772420852e-02
5.317550334086549313e-01
-7.062045264780751619e-02
-5.101216285276822804e-01
-1.507494407336498754e-01
4.023118004822320848e-01
2.026645469746629624e-02
2.682994014911916358e-01
2.157118212482165565e-01
5.551506054979801763e-02
-2.905451131045403979e-01
-7.465691568296631102e-03
5.493774698564322240e-02
2.038178728886613222e-01
3.505015449337194888e-01
-2.414159878603444956e-02
-3.716846023625796080e-01
6.497401928826333772e-02
2.401656970866917207e-01
-1.718464567555053057e-01
1.245933558941259983e-01
3.272321999701849338e-01
3.415056178236544615e-01
2.944438513879969466e-01
1.956893982157760503e-02
1.896057276784542667e-01
-4.609859684798152391e-02
2.494660774101459533e-01
-1.611691473309563027e-01
-4.299042082473340104e-03
-1.327116067017351519e-01
1.455688732684674302e-01
3.451543824309683539e-01
1.089967332227036179e-02
-3.513142961451656832e-02
3.391314962491817631e-01
-2.165524225170005757e-01
2.828527923449428716e-01
4.345157757508477658e-01
4.360843298376352456e-02
-2.664182003862259340e-01
-2.021086477359373690e-01
1.590341383856944679e-01
-2.784641272699179756e-02
-1.113637365361080656e-01
-2.132249627002180126e-01
1.852343509328484850e-01
-8.844349608892813908e-02
-2.012926050560082947e-01
4.939938710295819352e-02
3.164431085451988035e-02
4.176218646119527755e-01
2.383824726391267912e-01
-6.052320085729908511e-02
2.837970361908774830e-01
-4.146347599347351420e-01
1.237369664492116855e-01
-1.000334163958236933e-01
-3.714780132822152470e-01
1.310610421469738107e-01
-5.022896672101589445e-03
-1.815558108706445961e-01
4.299426738851411245e-01
1.201092028626068731e-01
-2.079991133824395932e-01
9.180828694450483829e-02
1.897883847807911029e-01
1.425655578564832271e-01
2.974002935252728075e-01
1.491128028500919578e-02
7.572728992436662809e-02
1.957662271274482613e-01
-4.581268626075583605e-01
-3.200937780235996177e-01
-2.259519287012466959e-01
9.626808483363709368e-02
4.461803592087824621e-01
3.765764601905186026e-01
-5.049828649930502289e-01
-7.211276263595142733e-02
2.466227732267934347e-01
3.416071800638104811e-02
-4.279217398424542407e-01
-1.827312772197715596e-01
3.369647542044134497e-02
-9.680360831955088508e-02
-3.142467288946987902e-01
-5.289536337300659169e-02
2.365354350538638739e-01
-4.779133734523085403e-02
-1.198004237789515036e-01
-1.356224624600904372e-01
2.352779045527213925e-02
4.830068059460687624e-02
-8.830364089978944009e-02
-9.576236479278268932e-02
4.963001820479762127e-01
-2.483845560520548390e-01
2.498010332565130109e-01
-7.026231004475663733e-02
-8.445423233711336908e-02
-4.301019991893950678e-01
-9.531467945891584914e-02
2.030400168481073520e-01
1.169914781576937013e-01
1.105030894544779541e-01
4.763989283648840251e-02
-4.549846917855667194e-01
-2.140476276810046596e-01
-2.672079715604197547e-01
-4.968425378212638910e-02
8.505903643012056869e-02
3.340523557372885866e-01
-3.586854930556031273e-02
1.228859596402048088e-01
5.600137284414391514e-02
1.701382969512691690e-01
-2.439656702684997736e-01
-6.301605842244667466e-02
4.050259763415277603e-01
-6.692985184475890026e-02
-2.760516247440576026e-02
3.272006661796763027e-01
-1.664200508154808356e-01
-1.843548869111547583e-01
3.273223296081994027e-01
-1.403063614033551176e-01
1.528415304933760932e-01
6.100036954105093889e-02
1.857237685167869579e-01
6.423072233243073970e-02
1.793603342969382342e-01
-2.532339762040314857e-01
2.123356121470261829e-02
2.305615828258524846e-01
4.508783296791379902e-01
1.418752215995813526e-01
9.972113505552773760e-02
-9.514057323546122602e-02
-6.213229826063643851e-02
2.175186127110495526e-01
1.508011873805333025e-01
-1.156648561565401800e-01
-2.131176159605527309e-01
3.800894540998932952e-02
-1.045787383967874129e-01
1.702380149729175174e-01
1.856135711205978978e-01
-1.315585520655185581e-01
1.725782307242697544e-01
3.331124234629085357e-01
7.993110473704595487e-02
4.152954949123944806e-01
5.033336792313596320e-01
1.790693756286354799e-01
8.456239282697176896e-02
1.800321364112549560e-01
-1.091758268918555791e-01
-1.564929967225922314e-01
1.467331400716081202e-01
1.311882094279375188e-01
2.019313704692123901e-01
4.833933031736857289e-01
-2.034260130965821478e-01
-3.335698510052746424e-01
2.802100700313835471e-02
-4.896877381056441436e-02
-5.595442687159301633e-03
2.574394613149058597e-01
-5.867887226885120516e-02
4.256541744387509936e-03
-1.255092140722925409e-01
-5.996134764526025139e-03
1.859436852504113280e-01
-1.818994945599381949e-02
2.506063490620092371e-01
1.771711960463227542e-01
-3.379738412901428513e-01
2.008494234405593382e-01
-2.346481659556492461e-01
-2.391511465256319358e-01
-3.477371482491536242e-02
3.269483536855639638e-01
3.212623381480400608e-02
-2.850795273789123452e-01
-4.489876456291151674e-02
2.202704925798856100e-02
4.234440422278109573e-01
-1.455736825888145382e-02
1.044762114277346943e-01
-3.049218548830867626e-02
-3.836105507338807841e-01
8.118983130729136299e-02
3.027379737929602466e-01
1.478426763326541604e-02
1.599611081497795406e-01
-5.735868615198563836e-02
1.074474171884194813e-02
2.804715540080713471e-02
-8.574868562693899188e-02
-2.220717223477532976e-01
1.071266077578240244e-03
-1.519477812983720810e-01
-5.427825903362216986e-02
1.079126568299096228e-01
3.232938149195147548e-01
4.303620764839221485e-02
7.921714922356967725e-02
2.392713333843939083e-01
-1.688675166179976761e-01
2.595884018627550582e-01
1.934246282784216897e-01
7.320606298202165796e-01
3.589333229979918549e-01
-5.177127862637424067e-04
2.038722708533345085e-01
-1.496510219630547145e-01
5.500606273690342718e-01
-3.323775797564391433e-03
-2.518248286139740943e-01
-7.072783307597185765e-02
-1.347487363873486887e-01
2.546571486697717379e-01
2.921134392410267289e-01
1.499967273186009475e-01
-1.016134601490029932e-01
5.260750752957609189e-01
-1.205634037095368177e-01
-5.543249957052689969e-02
1.699653283297869744e-01
-4.310300158831124884e-03
1.459442534884380638e-01
1.637737255104995404e-01
-2.105832848404879942e-01
1.844613241053436603e-01
1.651724645738729957e-01
-5.349654684724505782e-02
-2.385033099447515237e-01
-4.226408570809355725e-01
-2.180092597344455985e-01
-8.587694046746954801e-02
4.392988500083211956e-01
2.064690650824395346e-01
1.906828171306149400e-01
3.605612307448427534e-02
9.426693176544270747e-02
-3.842761439338312490e-01
3.298649309543909003e-01
-9.964514673986531179e-02
-2.865408326242330217e-01
-1.294554948522406157e-01
2.807007469553400233e-02
8.347638581059264873e-02
1.133174953862133016e-02
-4.189035822625231664e-01
-1.727433310028346214e-01
-1.515399848723753551e-01
-1.883543742285155032e-01
2.272289075762870258e-01
1.118210747793326326e-01
1.085192974644281355e-01
6.378439565985116744e-02
-1.237783934279596681e-02
2.783422844180576394e-01
2.358874812315627234e-01
-2.678998233701204712e-01
8.741230690194173869e-02
2.777714526628890512e-01
-9.187648926918821901e-02
-3.467374040975439442e-01
-2.768861144156297693e-01
6.557526550618636429e-02
3.384475815310326041e-01
1.804816932751847347e-01
5.115716373631922637e-02
7.940386228061985241e-02
-1.359420536604193375e-01
3.118942073647562596e-01
-3.802839758321849978e-02
1.668533845797182946e-01
1.587661569830873531e-01
-6.358320487773462537e-02
-3.917875648097068897e-02
-6.811326644524087759e-02
-2.544806351256095542e-03
-5.397174600791603688e-02
1.929248211209961816e-01
-1.436440788816485958e-01
1.601670118178498137e-01
-2.670726132300346167e-01
-8.612610338250692443e-02
8.553958780636440606e-02
-1.724315139251413108e-04
8.156520856758220361e-02
-2.835612380032855318e-01
1.727436280062366603e-01
-1.092381636841949083e-01
1.744383978191154649e-01
7.073345732685919207e-02
-1.486859638869147127e-01
2.512118031865570589e-01
2.646366358667532337e-01
6.870112349095680582e-02
-2.769337167011055173e-02
-2.299270891718682708e-02
5.637913411783688350e-02
2.866769814711597752e-02
4.406756930528614724e-01
-2.559431834927660687e-01
1.771055062677081016e-01
-4.124383517880429034e-02
8.548370955242952374e-02
-1.190687142227377232e-01
-7.565175723445910494e-02
3.667815592493003929e-01
-5.041085504821871122e-02
1.321051565017961615e-01
-2.203408371702072766e-01
-1.810023932777363453e-01
4.010821548988605101e-02
-4.392687022501100547e-01
-2.703592899552039186e-01
3.811211348763992590e-01
-5.381079393404502448e-02
-2.766936872716024287e-01
1.946184178433368883e-01
-1.889219246509512562e-01
4.311923641285427822e-01
4.355062372654373015e-01
-2.464441661523922994e-02
-5.547493948598688496e-01
-3.391280949177586934e-01
2.134471937761344973e-01
-4.146190113434795876e-02
-1.206181943549667623e-01
1.373469144969463318e-01
9.628893468376630016e-02
-2.660202820680218072e-01
-1.718900082507262284e-01
-2.109006036302886189e-01
-8.675798139636249628e-02
-4.694170861959674063e-02
-8.080594643851377046e-02
-1.115897574300897532e-01
1.791484115036260372e-01
-1.917342640444828494e-01
5.826763179264234094e-02
-2.611919206587154929e-01
1.740047900130036185e-01
-9.961521075461533814e-02
-5.609920833630609172e-02
2.431411838895204125e-01
-5.841719534712049716e-02
-3.412679991960725773e-02
-1.510598241973346578e-01
7.456184002945957789e-02
5.788042655845302420e-01
-3.579477606686644608e-01
-4.006969556558767631e-01
7.892137803469514989e-02
-5.742948501202487233e-01
4.130583137523898829e-01
-6.439477243694112507e-02
3.000723970546635422e-01
4.573539103706237841e-01
-4.733193566363531890e-02
-9.151037400831418811e-02
-1.566049216432204294e-01
-6.754743058281727219e-02
-5.129455308289046847e-03
-2.864270151926905372e-01
1.810866143303476727e-01
6.057273777386462665e-02
-6.451959785406637116e-02
7.903181358887133301e-02
-2.849160069699210873e-02
2.204796239067739194e-01
9.673355530468057129e-02
7.817778075509186630e-02
5.288867467703675662e-02
2.978720191967568209e-01
-8.522128768581851976e-02
5.366745557093501040e-02
3.710364852772129463e-01
-3.818222992404795568e-01
-1.433628505115586427e-01
4.827595800027510015e-02
2.561507721617189981e-01
-2.579218240056275757e-01
