-1.000000000000000000e+00
1.000000000000000000e+00
4.140679105797848703e-01
-1.000000000000000000e+00
1.000000000000000000e+00
6.253793759372395789e-01
1.000000000000000000e+00
-1.000000000000000000e+00
4.858140517774722777e-03
2.846925036014662513e-01
1.000000000000000000e+00
-1.750348462157826912e-01
1.000000000000000000e+00
1.000000000000000000e+00
-1.140956837429067949e-01
-2.155161604477541237e-01
1.000000000000000000e+00
-1.000000000000000000e+00
1.000000000000000000e+00
-1.000000000000000000e+00
-8.726175243765454947e-01
9.058131949798018390e-01
1.000000000000000000e+00
4.415654633218923930e-01
-1.000000000000000000e+00
-9.161682302637595976e-01
1.000000000000000000e+00
-1.485991706050885375e-01
-6.000144502979383176e-01
1.000000000000000000e+00
1.000000000000000000e+00
1.000000000000000000e+00
1.000000000000000000e+00
-1.000000000000000000e+00
-6.972809857827451108e-01
8.645577085567328623e-01
-1.047995063360721568e-01
8.821609234325150650e-01
9.422991270010681042e-01
9.202821638443414720e-02
9.075789506009039886e-01
1.000000000000000000e+00
-1.000000000000000000e+00
-4.114960052467580010e-01
-1.000000000000000000e+00
1.000000000000000000e+00
1.000000000000000000e+00
-4.136703437091134861e-01
-1.533083858594745663e-02
-6.666618205270222752e-01
-1.000000000000000000e+00
-1.172446280018860643e-01
-1.956280956883002242e-01
6.633521062940053170e-01
2.069085403516297550e-01
-1.000000000000000000e+00
-6.848898468840918241e-01
1.000000000000000000e+00
-5.702761758668734027e-01
-1.000000000000000000e+00
-1.000000000000000000e+00
7.950544572490025885e-01
4.138646624572498434e-01
6.813329833740564556e-01
1.000000000000000000e+00
-6.289408812561243511e-01
-1.000000000000000000e+00
1.000000000000000000e+00
-8.838463011049988438e-01
1.000000000000000000e+00
-4.585499793846279926e-01
-1.000000000000000000e+00
1.000000000000000000e+00
-1.000000000000000000e+00
-8.603912374590189094e-01
1.000000000000000000e+00
3.154919587531199721e-01
-1.000000000000000000e+00
-1.107178393473182143e-01
3.215327814653576866e-01
-1.967778520982141899e-01
1.882490202362634424e-01
8.344388357372812814e-01
-1.000000000000000000e+00
-1.000000000000000000e+00
-8.245969674660402760e-01
3.632103216857986983e-01
-1.000000000000000000e+00
3.428518702440797039e-02
8.904589984270068204e-01
6.225282792116859643e-01
1.000000000000000000e+00
-1.000000000000000000e+00
2.638726405262533659e-01
-1.000000000000000000e+00
-1.000000000000000000e+00
-9.973539188754099172e-03
-5.765072391328572854e-01
-6.042299226989910066e-01
-1.000000000000000000e+00
1.000000000000000000e+00
-1.000000000000000000e+00
3.900302253386811469e-01
-6.021928458118470662e-01
-1.000000000000000000e+00
-1.000000000000000000e+00
-5.120117879231667057e-01
4.066807360353174028e-01
8.746911497737236418e-01
2.579257512942508268e-01
-1.000000000000000000e+00
1.000000000000000000e+00
1.000000000000000000e+00
-3.423021359320039814e-01
-1.000000000000000000e+00
6.983996616523050482e-01
3.581927420869541190e-01
-1.000000000000000000e+00
1.000000000000000000e+00
-1.000000000000000000e+00
1.000000000000000000e+00
2.179231164222702466e-01
-3.825122399552054464e-01
-7.752903345300097282e-01
-5.312802209464011494e-01
-2.602791868338188985e-02
-6.698727160638460187e-01
-1.000000000000000000e+00
-9.140372667789036232e-01
-1.642014808359243405e-02
1.920427390671535228e-01
-1.000000000000000000e+00
8.780418873635909005e-01
-3.399140726524615408e-01
2.280052066146638357e-01
1.000000000000000000e+00
-1.000000000000000000e+00
1.000000000000000000e+00
1.438055400218292146e-01
2.149197210750108944e-01
6.692114737876204700e-01
-3.988005122764758381e-01
-1.000000000000000000e+00
3.361132682881855516e-01
-1.000000000000000000e+00
-4.743947282661971077e-01
-1.000000000000000000e+00
-1.000000000000000000e+00
1.000000000000000000e+00
-1.000000000000000000e+00
6.694159803729310410e-01
-1.000000000000000000e+00
-5.626643369954618112e-01
1.000000000000000000e+00
-7.157720526168578346e-01
6.717359069980033404e-01
7.731591631526707475e-01
1.000000000000000000e+00
1.000000000000000000e+00
-1.676740971517210466e-01
-8.699495177420192293e-01
1.000000000000000000e+00
-1.923427828450079979e-01
1.000000000000000000e+00
4.324868212059646000e-02
6.558072303686499627e-01
-6.105576084431387773e-01
1.000000000000000000e+00
2.667463068947329985e-01
-8.626295598051816893e-02
1.297783690603360740e-01
-8.550508100480322948e-01
1.000000000000000000e+00
7.076367771387739314e-01
1.000000000000000000e+00
4.109126349549535040e-01
4.971460323524806713e-02
6.084349709186049893e-01
1.000000000000000000e+00
-4.404297428509433843e-01
-1.000000000000000000e+00
-1.000000000000000000e+00
-4.638533932474640520e-01
1.000000000000000000e+00
1.000000000000000000e+00
-1.000000000000000000e+00
-1.000000000000000000e+00
6.100441956267870225e-01
4.968694927434748609e-01
1.000000000000000000e+00
-4.451914554312881300e-01
8.271312968254184161e-01
6.322957497564571927e-01
2.444528391418587798e-02
-9.812605416611162035e-01
-1.000000000000000000e+00
7.958632541836054841e-01
1.000000000000000000e+00
2.043613036653946224e-02
1.000000000000000000e+00
7.926593159241894782e-01
1.000000000000000000e+00
-1.000000000000000000e+00
-6.043001948504300724e-02
2.953382270698386991e-01
6.091720305128911495e-01
-1.000000000000000000e+00
1.000000000000000000e+00
-1.000000000000000000e+00
-3.049356543455867818e-01
6.285408501956502025e-01
-1.461262075393871263e-01
5.317641476773432574e-01
-1.000000000000000000e+00
6.703961582572048883e-02
-3.558074125971693036e-01
-7.733750946916335689e-01
1.000000000000000000e+00
-3.739534067894234592e-01
-1.000000000000000000e+00
1.000000000000000000e+00
3.019955167800990603e-01
-6.407789055850321436e-02
1.000000000000000000e+00
-4.440613903021136677e-01
6.623426415164610503e-01
1.000000000000000000e+00
-1.000000000000000000e+00
-1.000000000000000000e+00
-3.551774156180591557e-01
-1.000000000000000000e+00
-1.000000000000000000e+00
-1.000000000000000000e+00
6.078509944057087777e-01
1.414506651882387889e-01
-1.000000000000000000e+00
1.000000000000000000e+00
9.320552626153016940e-01
-7.686675432910190509e-01
1.183329294472515447e-01
9.125124025593005506e-01
3.706069318938222390e-03
-8.012728190976224907e-01
-1.000000000000000000e+00
-4.709718407484742020e-01
9.607400485980586158e-01
-9.174217279152381277e-01
-4.548589189855013482e-01
-1.000000000000000000e+00
-1.000000000000000000e+00
1.000000000000000000e+00
1.000000000000000000e+00
6.647206214292831206e-01
1.000000000000000000e+00
-1.000000000000000000e+00
9.557607810111956592e-01
1.000000000000000000e+00
1.000000000000000000e+00
1.000000000000000000e+00
8.142903903080560557e-01
1.000000000000000000e+00
-7.617011969031657337e-01
6.355274672868401753e-01
2.861195763073184350e-01
-1.000000000000000000e+00
5.092859561940010771e-01
2.977301977052503323e-01
7.038228044683829676e-01
1.000000000000000000e+00
6.281375954519530236e-01
3.620844750085681629e-01
-4.308136723421875924e-01
8.374627811559827162e-01
1.000000000000000000e+00
2.461805620320927090e-01
-1.000000000000000000e+00
9.785619748485430147e-02
-1.000000000000000000e+00
-1.000000000000000000e+00
1.000000000000000000e+00
1.000000000000000000e+00
1.000000000000000000e+00
-8.637658499744955698e-01
4.171361658620487134e-01
1.000000000000000000e+00
8.038110286618520561e-01
1.000000000000000000e+00
-3.106848929706664819e-01
1.000000000000000000e+00
-6.342935025045945974e-01
-3.472789630417789097e-01
2.854114163196705967e-01
1.000000000000000000e+00
7.179333809681938128e-01
-6.994890526693047228e-01
-1.701863220978572233e-01
1.000000000000000000e+00
1.000000000000000000e+00
-1.000000000000000000e+00
-4.920764619952783248e-01
-6.660457137242998815e-01
6.567740370470640521e-01
1.000000000000000000e+00
-2.917561808545656721e-01
3.665730597306120497e-01
-8.639052977982386583e-01
-8.100981535541207368e-01
1.000000000000000000e+00
2.005004165900008406e-01
3.609886895180707822e-01
-9.084214455741512761e-01
1.000000000000000000e+00
-1.923375213414746376e-02
9.412836217539121142e-01
-4.613826956841451943e-02
-7.398870010479952075e-02
5.008231898717264707e-01
-5.653348022727613387e-01
1.091079384011017783e-01
-9.324849395478819192e-01
-3.469999651440180966e-02
-5.589942782929309129e-01
-5.952771824108762377e-01
7.528368906233340319e-01
2.208781165697003002e-01
-7.224214701841624731e-01
1.000000000000000000e+00
7.297075405680666371e-01
1.000000000000000000e+00
-1.000000000000000000e+00
1.000000000000000000e+00
-9.570674725836665342e-01
-8.539885175573302956e-02
-1.000000000000000000e+00
4.742957482729351915e-01
4.559217185896253244e-01
8.264256019827574962e-01
-7.488551673261509833e-01
-1.000000000000000000e+00
-7.379552840468681096e-02
-1.000000000000000000e+00
1.000000000000000000e+00
-8.030774077352731410e-01
3.644340350112418303e-01
-1.831148122791622090e-01
9.043390092537609837e-01
-2.780078304330740879e-01
1.000000000000000000e+00
6.817990999567693500e-01
-1.000000000000000000e+00
-1.000000000000000000e+00
2.662002154897817885e-01
1.000000000000000000e+00
7.823099971742020209e-01
1.000000000000000000e+00
-1.000000000000000000e+00
9.383070083551174889e-01
1.793460385188956341e-01
-2.584925317942083911e-01
-1.000000000000000000e+00
1.000000000000000000e+00
3.779516190307075085e-02
1.000000000000000000e+00
-3.734192449109978718e-01
-1.000000000000000000e+00
-1.000000000000000000e+00
-6.449424066000385425e-01
-1.000000000000000000e+00
3.310791394621408479e-01
-1.000000000000000000e+00
-1.571750349936398283e-01
-3.064333006915362367e-01
-5.249604015307808291e-01
-8.069499555183499151e-01
-1.000000000000000000e+00
1.000000000000000000e+00
8.786215930165653942e-01
-1.457148929396363535e-01
-1.000000000000000000e+00
1.000000000000000000e+00
1.000000000000000000e+00
-2.584290468335864177e-01
5.834745483941685684e-01
-6.239482223009533701e-01
-4.773131083239942618e-01
1.705564828266178945e-02
1.000000000000000000e+00
-9.887311831459345557e-01
-1.000000000000000000e+00
-6.705845045518559200e-01
-5.453997344810285197e-01
-7.955124703234321970e-01
-1.000000000000000000e+00
-1.000000000000000000e+00
-1.000000000000000000e+00
1.000000000000000000e+00
-1.892347866998100869e-01
1.000000000000000000e+00
4.383301654926986535e-01
3.642843810621165801e-02
-4.576715799982102317e-01
1.000000000000000000e+00
-1.000000000000000000e+00
4.502752796305777849e-01
-1.000000000000000000e+00
6.969823567143162979e-01
-1.000000000000000000e+00
7.660603411080882941e-01
1.000000000000000000e+00
-1.000000000000000000e+00
-6.403805031961983252e-01
-8.873441375202162362e-01
3.262742321611165064e-01
1.000000000000000000e+00
-1.611695880939510717e-01
-1.000000000000000000e+00
1.000000000000000000e+00
1.000000000000000000e+00
-4.045553920321400265e-01
3.578873859993464968e-01
2.711931847232808002e-01
-1.000000000000000000e+00
-1.648563561363917129e-01
5.384576191181491556e-01
2.877017384223191643e-01
1.000000000000000000e+00
-1.000000000000000000e+00
-7.811081614000237039e-01
-1.000000000000000000e+00
1.960858295752374858e-01
5.860799763662731809e-01
1.000000000000000000e+00
4.030168777607249231e-01
-1.803351167607813998e-02
1.000000000000000000e+00
4.526047768914392977e-02
7.336538661933914574e-01
1.317187308597800310e-02
1.916651486148380767e-01
-3.477928573607734775e-01
3.496398660307968864e-01
-1.000000000000000000e+00
-4.249100187177247689e-01
3.363305023426352847e-01
-9.847260060423022043e-01
-4.573084089435357491e-01
-3.444601057718758574e-01
-7.395444859942755800e-01
-6.605061654694743822e-01
-3.057327303137018504e-01
-1.000000000000000000e+00
-9.302865663628427928e-01
4.746671133386196062e-01
5.667611683197153472e-01
3.897212686012630489e-01
8.323881342103952585e-01
3.139339039684595489e-01
-2.409818899572272466e-01
3.057663558848469076e-01
-4.091344542513756233e-01
-1.000000000000000000e+00
1.000000000000000000e+00
7.307977535573526584e-01
-8.989402446580957440e-02
5.348613746508485978e-01
-9.705465364860099697e-02
-8.147841078311839347e-01
1.000000000000000000e+00
1.000000000000000000e+00
1.000000000000000000e+00
8.647083069867529392e-01
-1.116059171824543284e-03
-8.517816368106709835e-01
1.000000000000000000e+00
-1.000000000000000000e+00
1.000000000000000000e+00
-5.110256149290447469e-01
1.000000000000000000e+00
-3.285288868717639588e-01
-1.000000000000000000e+00
1.000000000000000000e+00
-1.000000000000000000e+00
1.000000000000000000e+00
7.396949264826220283e-01
-1.000000000000000000e+00
1.000000000000000000e+00
1.000000000000000000e+00
1.000000000000000000e+00
5.173404891827945162e-01
9.105479389562176618e-01
-1.000000000000000000e+00
1.000000000000000000e+00
1.000000000000000000e+00
-8.795258525505180724e-01
-1.000000000000000000e+00
5.920394782934194078e-01
-1.000000000000000000e+00
8.414446620407717292e-02
7.762224287017364110e-01
1.848104301809039285e-02
-1.000000000000000000e+00
-5.771486410455894944e-02
1.000000000000000000e+00
1.000000000000000000e+00
1.000000000000000000e+00
5.194202155563902856e-01
5.630549109327576129e-01
-3.668594638371403538e-01
-1.572628333890486452e-01
5.697544202424709159e-02
4.434674027865987966e-01
-7.031803937803187132e-01
1.000000000000000000e+00
1.227557117728917957e-01
-1.000000000000000000e+00
-5.352737234216147222e-01
4.770015245038604634e-01
1.000000000000000000e+00
1.000000000000000000e+00
-3.690003478334226150e-01
3.051343386105989097e-01
-2.302477125951588599e-01
-8.923797678711947734e-02
-1.000000000000000000e+00
1.000000000000000000e+00
1.000000000000000000e+00
4.669234854706971749e-01
-1.000000000000000000e+00
-1.000000000000000000e+00
-6.014858405975571642e-01
-1.202903060686103531e-01
4.238641029049394771e-01
1.000000000000000000e+00
3.886961905390471372e-01
4.196054113987168765e-02
1.000000000000000000e+00
-9.969401787787685043e-01
-1.000000000000000000e+00
6.062494437931842395e-01
-1.000000000000000000e+00
1.000000000000000000e+00
8.267097694088049176e-01
9.709842082899072802e-01
1.000000000000000000e+00
5.603707867947329557e-01
-1.000000000000000000e+00
1.000000000000000000e+00
1.000000000000000000e+00
-1.982065874896817848e-01
-3.283955666775117965e-02
6.753571854331897883e-01
2.043787822304337087e-01
4.439382613313951897e-01
1.000000000000000000e+00
1.000000000000000000e+00
-3.781542996984559313e-01
6.216080463677083889e-01
-1.000000000000000000e+00
-1.000000000000000000e+00
-3.356862515524907664e-01
1.000000000000000000e+00
1.000000000000000000e+00
-1.000000000000000000e+00
-4.165014995546914012e-01
-3.619326881847911848e-01
-3.520913324357395346e-01
-2.807125004341125551e-01
-3.874653731041346472e-01
6.826653251164069847e-01
-3.692830219681249027e-01
1.181079497218440189e-02
8.941666113781654435e-01
-2.717697149125246070e-01
3.067479229048742928e-01
9.752176171709354691e-01
-1.000000000000000000e+00
5.115952963087477823e-01
-1.000000000000000000e+00
-5.551113851554074774e-01
1.000000000000000000e+00
1.000000000000000000e+00
-1.000000000000000000e+00
-1.000000000000000000e+00
-2.778571139364313103e-01
-1.000000000000000000e+00
2.855866128392153813e-01
1.000000000000000000e+00
5.703362385268415657e-01
1.000000000000000000e+00
-5.246806610313172747e-01
1.000000000000000000e+00
-1.000000000000000000e+00
2.689106563021478324e-01
-6.731889194654219200e-01
-2.900362801804409196e-01
-1.000000000000000000e+00
2.132249382529556037e-01
1.000000000000000000e+00
1.000000000000000000e+00
8.132735524517644699e-01
9.923140370232379492e-01
2.644388475472945199e-01
9.746199358833335102e-01
5.443036696996494950e-01
-2.662903809860328042e-01
9.329130400279027624e-01
6.609639066826283882e-01
3.654266417845500325e-01
3.167853367198008585e-01
-5.504126972606262491e-01
-6.741762311524388540e-01
1.000000000000000000e+00
-5.602951945662998368e-01
-2.143153583784143112e-01
1.000000000000000000e+00
1.000000000000000000e+00
-7.075438285365307500e-01
-1.000000000000000000e+00
9.120286148324088238e-01
5.066381609079887438e-01
-1.000000000000000000e+00
-1.000000000000000000e+00
-8.992657649967501499e-01
-1.000000000000000000e+00
4.044248162300512206e-02
4.999663740333251116e-01
-4.468329590237833937e-01
-1.000000000000000000e+00
1.000000000000000000e+00
7.267278479213792330e-01
-2.161052137675690266e-01
-1.577307833310828133e-01
1.000000000000000000e+00
-1.000000000000000000e+00
-1.000000000000000000e+00
1.000000000000000000e+00
3.874047032143425329e-02
6.387375928648686418e-02
-7.778148921075112021e-01
1.000000000000000000e+00
-7.730341585669051607e-01
9.261960964906020832e-01
-1.375116155503606219e-01
-1.422554224227183250e-01
1.000000000000000000e+00
5.628143151897639918e-01
-1.000000000000000000e+00
-1.224081363381279014e-01
1.000000000000000000e+00
7.991160513838758694e-01
1.000000000000000000e+00
5.169997142907606369e-01
7.542298968778788915e-01
2.442704581409937958e-02
1.000000000000000000e+00
1.000000000000000000e+00
-2.121846846528052666e-03
1.000000000000000000e+00
-9.839889802648316142e-02
1.000000000000000000e+00
1.000000000000000000e+00
-3.363306342222561751e-01
-5.312915516288527762e-01
8.001019525669492705e-01
1.603657790821664264e-01
-1.000000000000000000e+00
-1.000000000000000000e+00
-1.000000000000000000e+00
-1.000000000000000000e+00
-1.000000000000000000e+00
4.285721451565127627e-01
2.036812488809721100e-01
1.000000000000000000e+00
-1.347948567563241329e-01
-1.000000000000000000e+00
6.497517515084899609e-01
1.797842989280269421e-01
1.000000000000000000e+00
1.000000000000000000e+00
4.450530033183275336e-02
-9.203834076921901808e-01
1.000000000000000000e+00
1.000000000000000000e+00
-1.000000000000000000e+00
5.117788799789285692e-01
-4.670217119577462772e-01
6.845057012448110267e-01
-5.444765174400267860e-01
1.510499588059677212e-02
1.000000000000000000e+00
2.851500330118392212e-01
5.292642715410376120e-01
4.107340753339301376e-01
1.000000000000000000e+00
-3.005899662779109582e-01
-1.832920027549319042e-01
2.306063569959206361e-01
-1.000000000000000000e+00
-4.719087837516237061e-01
2.475122505420796482e-01
-1.000000000000000000e+00
8.821642530663655890e-01
7.533132101696893290e-02
1.127135925031480107e-01
-1.000000000000000000e+00
-1.000000000000000000e+00
-1.000000000000000000e+00
5.165329326445475822e-01
-7.432675994855153512e-02
4.775086964188172689e-01
-1.000000000000000000e+00
1.000000000000000000e+00
1.000000000000000000e+00
-5.110343818868605670e-01
-1.000000000000000000e+00
1.318239553253789942e-01
1.000000000000000000e+00
5.174047976107984947e-01
-1.037323934045747409e-01
1.000000000000000000e+00
2.844393909098710260e-01
2.537713292847900703e-01
-5.567744360932339598e-01
8.614445142423543533e-03
-1.000000000000000000e+00
5.790714781448080828e-01
1.000000000000000000e+00
1.000000000000000000e+00
-1.000000000000000000e+00
-9.538842880581197559e-01
9.837131758818821181e-01
4.298524613669982841e-01
-6.178322808202585392e-02
-1.000000000000000000e+00
-1.042716799377529924e-02
4.748970685255873292e-01
1.000000000000000000e+00
1.000000000000000000e+00
-1.000000000000000000e+00
4.769684342631598795e-01
2.466088249906350782e-02
-1.000000000000000000e+00
-1.000000000000000000e+00
1.000000000000000000e+00
3.985411601977108531e-01
-1.000000000000000000e+00
-4.114891588069419237e-01
9.805884709959317158e-01
-1.000000000000000000e+00
9.414386810161254893e-01
1.000000000000000000e+00
-2.408376003292402867e-01
-1.000000000000000000e+00
-1.793779285863630335e-01
-1.000000000000000000e+00
1.000000000000000000e+00
-4.852067500800710809e-01
-4.541457883832965559e-01
-1.000000000000000000e+00
8.035596268627975824e-01
-2.957576878399285070e-01
-7.012923244068686168e-01
4.044430021917432283e-01
2.154814606509429797e-01
-4.143768198163687577e-01
6.580746232715317667e-01
7.537575518509651573e-01
-1.000000000000000000e+00
-7.541484913523547329e-01
-3.614816126373884830e-01
-7.605860643745783189e-01
4.532401887867275048e-01
-1.000000000000000000e+00
6.541572035449658706e-01
1.000000000000000000e+00
-4.645602318851652646e-01
-1.000000000000000000e+00
-1.000000000000000000e+00
-1.000000000000000000e+00
2.755439413361004952e-02
-2.581433977454036244e-01
1.000000000000000000e+00
9.468520733999642447e-01
8.748796583707768582e-02
-1.000000000000000000e+00
-3.046325964180245371e-01
3.054841008708639727e-01
-1.000000000000000000e+00
-3.427251225852090410e-01
1.000000000000000000e+00
3.845090946884640593e-01
3.262700448888899984e-02
9.732184212194008310e-01
1.000000000000000000e+00
1.000000000000000000e+00
1.000000000000000000e+00
1.239617091054714959e-01
2.925067826948893335e-01
1.975084212302657405e-01
-2.636555964771045701e-01
1.000000000000000000e+00
-3.625566793495710316e-01
-8.611372524548621676e-02
-7.434912177371395536e-01
4.618768719386228128e-01
-7.787701351632652091e-01
-9.161490151486413325e-01
-6.620289699539050332e-01
-3.544185858659210098e-02
8.491986364607396753e-01
1.000000000000000000e+00
-1.000000000000000000e+00
8.811106901207008679e-01
-5.379811153247006095e-01
1.000000000000000000e+00
8.443245597631372501e-01
-1.460633534421538204e-01
-7.389016566884935022e-01
1.894977192442611758e-01
9.922566229039802010e-01
8.265169689038059930e-01
2.377219916012019985e-01
3.395631266631156664e-01
-1.000000000000000000e+00
7.909518595637445859e-01
-1.000000000000000000e+00
-4.373985140641011293e-01
-1.000000000000000000e+00
-1.000000000000000000e+00
5.113017006259793495e-01
4.194307778990855606e-01
1.000000000000000000e+00
1.000000000000000000e+00
1.076191758767043316e-01
-1.000000000000000000e+00
6.030149173368222204e-01
2.405128125069836420e-01
-4.657729845461364704e-01
1.000000000000000000e+00
1.000000000000000000e+00
-4.887947929766300881e-01
1.000000000000000000e+00
-1.000000000000000000e+00
-1.000000000000000000e+00
-6.007579125070706683e-01
2.028624616868966724e-01
-1.000000000000000000e+00
-2.360385702763758697e-01
-9.056700276886490153e-01
-7.607013714218616718e-01
6.764846478917723172e-01
-7.768045566468595453e-03
1.000000000000000000e+00
-5.195306863530165797e-01
-1.000000000000000000e+00
1.000000000000000000e+00
1.000000000000000000e+00
-1.000000000000000000e+00
-1.000000000000000000e+00
-8.843568681905078499e-01
-8.603249818781926184e-01
-1.000000000000000000e+00
1.122899866213241116e-01
-1.000000000000000000e+00
-8.727569021447665332e-01
-6.663424678451548289e-01
1.000000000000000000e+00
1.000000000000000000e+00
1.068920849974955845e-01
-1.000000000000000000e+00
3.959875743008174354e-01
-5.158069815267305458e-01
6.158662178803699927e-01
1.000000000000000000e+00
1.000000000000000000e+00
9.569903402580799412e-01
2.209471531435672487e-01
-7.305652390927083184e-01
-1.000000000000000000e+00
1.000000000000000000e+00
1.000000000000000000e+00
-1.000000000000000000e+00
-1.363625201510325624e-01
-1.379598327462299712e-01
-1.000000000000000000e+00
1.000000000000000000e+00
8.440731875246204607e-01
2.579368764109755130e-01
-1.000000000000000000e+00
-8.272903190291418518e-01
8.805650123133546003e-01
3.128458296173062259e-01
5.800826359378287167e-01
1.000000000000000000e+00
1.000000000000000000e+00
-9.180790880459537284e-01
1.000000000000000000e+00
-9.707431133768786857e-01
-3.111142740663371820e-01
-1.167060874474523668e-01
1.000000000000000000e+00
1.000000000000000000e+00
6.766444304262143605e-01
-1.000000000000000000e+00
-8.786991611720941231e-01
-1.000000000000000000e+00
7.271343359891679903e-02
2.885067282024972313e-01
1.000000000000000000e+00
9.498620049475392513e-02
9.491885185842263706e-03
1.000000000000000000e+00
1.000000000000000000e+00
3.860667781498353657e-01
-1.000000000000000000e+00
1.000000000000000000e+00
-1.000000000000000000e+00
-3.110183369187797808e-01
1.000000000000000000e+00
-2.377192281883648561e-01
1.000000000000000000e+00
-1.000000000000000000e+00
6.673491020603288248e-01
1.000000000000000000e+00
1.000000000000000000e+00
-1.000000000000000000e+00
3.002738898129821976e-01
-1.000000000000000000e+00
-1.000000000000000000e+00
9.505499730994650953e-01
1.000000000000000000e+00
6.837816571689799838e-01
8.332992889743132681e-01
9.266651696067995658e-03
1.000000000000000000e+00
1.622196874303238889e-02
-1.000000000000000000e+00
1.000000000000000000e+00
-1.000000000000000000e+00
-1.000000000000000000e+00
-1.000000000000000000e+00
-3.333535944564863795e-02
-4.779273152800366242e-01
-5.790184289112694227e-01
-9.282671003929204856e-01
-8.619070256611454095e-01
6.522916672966114771e-01
6.443556070364011568e-01
9.407324102016658696e-01
-5.455090876389416810e-01
-1.000000000000000000e+00
-1.000000000000000000e+00
8.062443190805612669e-01
1.000000000000000000e+00
-1.000000000000000000e+00
-7.576334025923843196e-01
1.000000000000000000e+00
1.000000000000000000e+00
-1.922972202854933421e-01
-2.799492125254945396e-01
-3.765127002474435436e-01
1.000000000000000000e+00
4.015758110755642818e-01
5.376955921461130661e-01
1.023166705051832270e-01
-1.000000000000000000e+00
1.000000000000000000e+00
4.931609554214727575e-01
-1.000000000000000000e+00
-6.336692326265194186e-01
-2.157186242471630933e-01
2.139154967098100268e-02
-1.000000000000000000e+00
5.452108091179170835e-01
-3.241548426071773070e-01
-1.000000000000000000e+00
1.000000000000000000e+00
-2.459446297973704176e-01
1.000000000000000000e+00
-1.000000000000000000e+00
-5.318548706683372540e-01
1.000000000000000000e+00
1.000000000000000000e+00
-1.000000000000000000e+00
-1.000000000000000000e+00
1.000000000000000000e+00
6.171172575283165873e-01
-1.000000000000000000e+00
4.668785381855279359e-01
1.000000000000000000e+00
5.267864152302498271e-01
-1.000000000000000000e+00
-3.916799819202074207e-01
-1.077115978839561228e-01
-2.532269384626877340e-01
1.000000000000000000e+00
-5.611415656999789725e-01
-6.535247945157723892e-01
7.546486762949263793e-01
-1.000000000000000000e+00
-5.893910253106415809e-01
-5.571350364219675999e-01
1.000000000000000000e+00
4.295510508579083453e-01
1.000000000000000000e+00
-1.000000000000000000e+00
-1.000000000000000000e+00
1.000000000000000000e+00
1.000000000000000000e+00
-5.563576640392405848e-01
-3.096722410187351948e-01
-1.000000000000000000e+00
-8.760981366381304092e-01
-1.000000000000000000e+00
-5.520965090045590884e-01
-6.632814130609168690e-02
-7.579348909100520615e-01
-1.090773430596801985e-01
-1.000000000000000000e+00
1.000000000000000000e+00
4.759147911730123859e-01
-1.000000000000000000e+00
-6.586271887365016120e-01
-1.717527397355388674e-01
7.046642814467209970e-01
-1.696655032759309401e-01
1.000000000000000000e+00
4.721297417611242109e-02
-1.000000000000000000e+00
-9.218968705241724626e-01
-1.000000000000000000e+00
1.000000000000000000e+00
8.826696529804194391e-01
1.000000000000000000e+00
1.000000000000000000e+00
-1.000000000000000000e+00
1.000000000000000000e+00
9.483545242510910134e-01
-9.998428854312827463e-01
-8.959476106940331697e-01
4.286524559329192297e-01
-1.000000000000000000e+00
1.000000000000000000e+00
1.000000000000000000e+00
3.161523915484059088e-01
-1.000000000000000000e+00
4.007741150009030973e-01
-5.903240504166655800e-01
-1.485272380931962344e-01
-8.331666696247117532e-01
1.000000000000000000e+00
1.000000000000000000e+00
-3.316436040753396597e-01
-1.859624523837354326e-01
7.451476255749922561e-01
5.500303777402512084e-01
1.134738167933249109e-01
-1.000000000000000000e+00
-7.462000238737200863e-01
3.536616295709849589e-01
3.905638790689692774e-01
-1.000000000000000000e+00
-1.000000000000000000e+00
1.000000000000000000e+00
8.555998820263930327e-01
1.000000000000000000e+00
9.110716615400727969e-01
-1.000000000000000000e+00
1.000000000000000000e+00
1.000000000000000000e+00
1.000000000000000000e+00
-1.000000000000000000e+00
-1.333508975587741618e-01
-7.821549217634873319e-01
-1.000000000000000000e+00
7.857231936862961730e-01
-1.883211030229232363e-01
-5.708213475178637308e-01
7.021116699696998698e-01
-1.358654660095650613e-01
6.358444844571093935e-01
1.000000000000000000e+00
-1.000000000000000000e+00
1.485835869527223352e-01
7.405044626584877943e-02
-8.458050922482940326e-02
-4.195753759183432630e-01
-6.398980890361477547e-01
-6.583463317150499705e-01
6.864163708996272595e-01
9.289197302435866499e-01
-1.000000000000000000e+00
1.000000000000000000e+00
1.000000000000000000e+00
-1.000000000000000000e+00
6.610931362502151520e-01
1.000000000000000000e+00
-1.000000000000000000e+00
6.464648777935915192e-01
-1.208147822581298048e-01
-2.323539124067007244e-01
-1.000000000000000000e+00
-1.000000000000000000e+00
-7.686709138330779512e-01
6.125692513054664667e-01
7.143844921116639934e-01
-4.867429089263849429e-01
3.308153697076181565e-01
2.119461833058380318e-01
1.000000000000000000e+00
-5.792475581662384077e-01
-9.196248400765748565e-01
-1.000000000000000000e+00
1.782475914122717553e-01
-1.000000000000000000e+00
6.556277020024379176e-01
1.000000000000000000e+00
5.333824781638791812e-01
1.000000000000000000e+00
1.000000000000000000e+00
4.778403460801012859e-01
1.000000000000000000e+00
-9.071929043281935501e-01
1.000000000000000000e+00
5.538172173269825804e-02
-7.665637478550539896e-01
-1.000000000000000000e+00
5.426381846054459945e-01
1.000000000000000000e+00
6.812576689807450236e-01
6.157653591759904010e-03
6.353803995637599122e-01
-1.434735908564535589e-01
1.000000000000000000e+00
9.627616161542582596e-01
-4.910589243342016186e-01
-9.968960194102902683e-01
-1.000000000000000000e+00
-9.597521395119943399e-01
-1.000000000000000000e+00
2.881914429897880492e-03
-6.202723503348805956e-02
3.323040513984912847e-01
4.219064657332139978e-01
-4.997363413452549086e-02
-1.000000000000000000e+00
4.865889686520916690e-01
-6.649130653901297316e-01
7.838770350691450783e-01
-1.000000000000000000e+00
1.243245905608321711e-01
-5.306797295607366127e-01
2.577150946727428948e-01
-4.189137374883061815e-01
-1.000000000000000000e+00
1.000000000000000000e+00
3.592073078037757439e-01
-1.000000000000000000e+00
1.000000000000000000e+00
-6.705618214312961678e-01
1.000000000000000000e+00
-3.427190608012606887e-01
-5.652212530440127169e-01
-2.770374478003866381e-01
-1.000000000000000000e+00
1.000000000000000000e+00
-1.000000000000000000e+00
-3.082099630313661076e-01
1.000000000000000000e+00
2.547659089622059669e-01
6.564624836003936093e-01
-1.000000000000000000e+00
1.000000000000000000e+00
1.000000000000000000e+00
4.729127262309051893e-01
-6.042767921706310164e-02
-7.446387221567978276e-01
1.573645491314262235e-01
-1.000000000000000000e+00
7.363142401943210125e-01
-1.000000000000000000e+00
-4.843671278254013668e-02
-1.973692401654642825e-01
1.000000000000000000e+00
1.000000000000000000e+00
5.212187544687774121e-02
-1.000000000000000000e+00
9.509974775084536480e-01
1.000000000000000000e+00
-4.639188294121793787e-01
9.269374054308330280e-01
-7.398318215808619147e-01
4.063537194471801284e-01
-2.470815443614261531e-01
-3.316931892455334818e-01
-6.082316023284164430e-01
1.939162593065032192e-01
-1.236025309107258163e-01
1.000000000000000000e+00
6.729014354980891177e-01
-4.618172264830515683e-01
-9.469042965466356598e-01
7.247490776762799403e-02
5.582734362834154140e-01
-7.860007579619563423e-01
-1.396024572215578408e-01
-5.601514423237936580e-01
-1.000000000000000000e+00
1.000000000000000000e+00
-3.471961070181558418e-01
-1.000000000000000000e+00
-1.000000000000000000e+00
6.403803949294443187e-01
3.378478632205651477e-01
1.178574456967511619e-01
-7.405789490264629293e-01
8.059542346995536288e-01
4.267165581729326362e-01
9.030082565944728135e-01
-1.000000000000000000e+00
-1.196644164198907290e-01
-4.522905523939857453e-03
6.534131017232269745e-01
-9.976507515994323949e-01
1.000000000000000000e+00
6.461670218455501935e-01
-1.000000000000000000e+00
2.703759547570993571e-01
3.836228799862201333e-01
9.902278326617988680e-02
-8.249027254151958255e-01
-3.169503852611584294e-01
7.978488984355329716e-01
-9.644181044115278656e-01
-2.457442703829188502e-01
1.000000000000000000e+00
1.000000000000000000e+00
-9.484188710932465183e-01
1.000000000000000000e+00
1.000000000000000000e+00
-3.272963740888212847e-01
1.000000000000000000e+00
-1.000000000000000000e+00
-1.132948757919249871e-01
-5.245643613741644007e-01
6.609985454685903816e-01
1.000000000000000000e+00
5.263021585107270361e-01
9.419221856480716193e-01
-1.000000000000000000e+00
7.294738151299821061e-01
1.000000000000000000e+00
-2.719151589264670044e-01
5.657668301986982229e-01
-1.000000000000000000e+00
9.433048054653456749e-01
-1.000000000000000000e+00
-5.741879473070241602e-01
2.423346050755488257e-01
1.000000000000000000e+00
1.000000000000000000e+00
-2.598735180310955961e-01
-1.000000000000000000e+00
-9.362686672614346506e-01
1.000000000000000000e+00
-5.419453213223004440e-01
1.000000000000000000e+00
7.953926816245662224e-01
3.752858583780015467e-01
-1.000000000000000000e+00
1.000000000000000000e+00
-1.235079548329415244e-01
-1.000000000000000000e+00
1.000000000000000000e+00
-1.000000000000000000e+00
-1.000000000000000000e+00
1.000000000000000000e+00
-2.850156085723498101e-01
-1.000000000000000000e+00
-8.718848161705062827e-01
2.901566553092329581e-01
-1.000000000000000000e+00
-9.112569003528558920e-01
7.374508257562502056e-01
1.000000000000000000e+00
6.438175415377140887e-01
1.000000000000000000e+00
-1.000000000000000000e+00
-6.956374694949701842e-02
7.754879757998242029e-01
1.158734339522472512e-01
-9.539368234440965821e-01
1.000000000000000000e+00
2.777113618302395892e-02
9.529361655745418602e-01
-1.573047966017299681e-01
-1.000000000000000000e+00
-9.684872302006606315e-01
2.624752270001562415e-01
8.946613364110416189e-01
6.748672934370751608e-02
3.887251630834143157e-02
-5.327038292054935287e-01
-3.667336937736904723e-01
-1.624122543181844291e-01
-1.000000000000000000e+00
8.790725949178217480e-01
1.458666454220138853e-01
-1.000000000000000000e+00
-1.000000000000000000e+00
1.000000000000000000e+00
8.866673207762687525e-01
-3.456536744333438271e-02
-1.000000000000000000e+00
1.000000000000000000e+00
1.928095756055429044e-01
1.000000000000000000e+00
-8.128992479290704232e-01
-7.101138644687321477e-01
-1.649258694189017216e-01
-1.215936017504741784e-01
4.362305903839716059e-01
-1.000000000000000000e+00
1.000000000000000000e+00
-1.000000000000000000e+00
7.918797509181836336e-01
-2.769897463658202996e-01
1.000000000000000000e+00
1.803113083405762929e-01
1.000000000000000000e+00
2.572159024984890241e-01
-1.724636588606030252e-01
1.000000000000000000e+00
1.000000000000000000e+00
-1.155659278202747497e-01
1.000000000000000000e+00
-1.000000000000000000e+00
2.725856482407579828e-01
1.000000000000000000e+00
1.453828875217309524e-01
-1.000000000000000000e+00
6.235214993948636764e-01
1.000000000000000000e+00
1.000000000000000000e+00
1.000000000000000000e+00
2.584856131125959355e-01
9.434664006131950054e-02
-9.617053266768899045e-02
-5.422631095982322069e-02
8.334636130981289970e-01
-1.000000000000000000e+00
-1.000000000000000000e+00
-2.462259174939361306e-01
3.009108359312689940e-01
-1.000000000000000000e+00
-1.000000000000000000e+00
8.425759757772920411e-01
9.284787594182046799e-01
-1.000000000000000000e+00
1.000000000000000000e+00
7.650421472155088942e-02
2.513052593717754468e-01
3.367903772369212345e-01
-9.344806914592371783e-01
-1.357539845236126475e-01
-1.000000000000000000e+00
9.797161729490516668e-02
-3.067613992472154050e-01
2.797023623119807567e-01
-4.014493351867592374e-01
1.000000000000000000e+00
6.896030645178846674e-01
-1.000000000000000000e+00
5.623544208811736000e-01
4.900037120776785660e-01
3.443836118046236794e-02
-3.352153495945276451e-01
-9.864970619206820945e-01
2.237177014743251813e-01
1.000000000000000000e+00
-1.000000000000000000e+00
-8.626840319787432154e-02
6.413638705488322600e-01
-1.000000000000000000e+00
-5.321908086349399492e-01
-3.016264402626144259e-01
1.000000000000000000e+00
7.479990146573077814e-01
8.187424374922056547e-01
-1.000000000000000000e+00
-1.000000000000000000e+00
9.512903297276180670e-01
-1.123458076230976488e-02
-8.668379856662917771e-01
3.736784648013730670e-01
-6.939841746181119042e-03
-1.000000000000000000e+00
9.817494008393730098e-01
-4.971817807565062086e-01
1.000000000000000000e+00
-9.814655161462036981e-01
1.206274761282326580e-01
-4.784586526641118054e-01
1.000000000000000000e+00
3.365397552284983551e-02
4.562515292728000493e-01
-6.257497658583444089e-01
-7.332343484692073199e-01
1.971066204852446879e-01
1.000000000000000000e+00
2.078718084686277112e-01
2.865733774501610376e-01
1.000000000000000000e+00
9.498302140453440678e-01
-1.000000000000000000e+00
-5.312253549255090412e-01
-6.309936965541715903e-01
8.435828281204109658e-01
1.000000000000000000e+00
-1.000000000000000000e+00
-1.000000000000000000e+00
6.379869575735130915e-01
2.702677563302036123e-02
-6.274872356394904926e-01
4.390317608253695436e-01
-2.536285663816366664e-01
-5.203157304424377294e-01
-2.567845179023187652e-01
1.000000000000000000e+00
-5.203361013107765665e-01
-4.212381675189903474e-01
-1.000000000000000000e+00
6.150434605886943018e-01
-2.448910476570170802e-02
-4.170280075210532345e-01
7.180345940242578440e-01
9.997135363100095873e-04
-4.469680441639448110e-02
1.000000000000000000e+00
3.559094411111041190e-01
1.320996007179173759e-01
-1.000000000000000000e+00
-8.533078054346359131e-01
1.689665021367001696e-01
1.000000000000000000e+00
-5.596247921602919284e-01
-1.000000000000000000e+00
2.101954433573391956e-01
-4.113444208456701334e-01
2.417830289488294704e-01
1.000000000000000000e+00
-4.789109222361885854e-01
1.000000000000000000e+00
1.000000000000000000e+00
-4.151218442065912617e-01
-2.181308586898837998e-01
4.184154667507417047e-01
1.000000000000000000e+00
-1.000000000000000000e+00
-1.000000000000000000e+00
1.000000000000000000e+00
1.000000000000000000e+00
-2.668017464584645504e-01
1.000000000000000000e+00
1.000000000000000000e+00
-1.218060711677723118e-01
1.000000000000000000e+00
1.000000000000000000e+00
-1.635224239723404582e-01
-1.000000000000000000e+00
8.426201628909161245e-01
1.000000000000000000e+00
1.000000000000000000e+00
1.000000000000000000e+00
7.124652526218214765e-01
-1.000000000000000000e+00
-7.673880633952764319e-01
-2.024169961910420312e-01
-1.225559294458834630e-01
-3.756706468047835701e-01
-3.368002242705264160e-01
-1.000000000000000000e+00
9.536384256134451398e-01
-1.000000000000000000e+00
1.000000000000000000e+00
1.000000000000000000e+00
9.087225166800991794e-01
-4.706767300118653852e-01
1.000000000000000000e+00
7.529023495682086731e-01
1.000000000000000000e+00
-1.000000000000000000e+00
1.000000000000000000e+00
2.639130569436880513e-01
-2.876554892072951120e-01
1.000000000000000000e+00
1.000000000000000000e+00
1.000000000000000000e+00
-1.000000000000000000e+00
-8.391070402603504341e-01
-1.000000000000000000e+00
9.715347190519247889e-01
4.281522438888877846e-01
-1.000000000000000000e+00
-5.442400750295710576e-01
8.529977355652311743e-01
-1.000000000000000000e+00
1.581947588744968616e-02
9.389249494364695359e-01
8.226458337615797367e-01
7.251609728512665720e-01
-8.101990314504807777e-01
1.000000000000000000e+00
4.939570013590538489e-01
-8.884497160146982431e-01
2.728300683726126996e-01
1.000000000000000000e+00
1.000000000000000000e+00
7.876761408654542329e-01
-6.526055634351242141e-01
9.066353637760558026e-01
-1.000000000000000000e+00
-1.252990865555811406e-01
1.170679103205933824e-01
5.511054110924038518e-01
1.000000000000000000e+00
-1.000000000000000000e+00
1.000000000000000000e+00
-1.000000000000000000e+00
4.143273735853798823e-02
-7.472115254126465711e-01
1.000000000000000000e+00
-4.211911823822389600e-02
2.326547163473091651e-01
-3.252676758540351543e-03
-1.498993157277304644e-01
1.000000000000000000e+00
4.610336385790395064e-01
-3.979275386033159778e-01
1.000000000000000000e+00
5.084799797450259007e-01
-8.851696838285780800e-01
-1.000000000000000000e+00
5.466171575387244186e-01
6.781796206116188497e-01
-7.199776686050883834e-01
-3.756136606030119340e-02
1.000000000000000000e+00
-1.000000000000000000e+00
5.999734645013261591e-01
5.674167619242682647e-01
-9.823857015715802277e-01
1.000000000000000000e+00
-1.000000000000000000e+00
-1.000000000000000000e+00
2.823173158047681541e-01
-6.001371490007889609e-01
-9.344137958065723559e-01
3.329107648717247736e-01
3.815965355671763204e-01
8.719858689354003101e-01
-1.000000000000000000e+00
1.000000000000000000e+00
1.000000000000000000e+00
-1.000000000000000000e+00
-1.000000000000000000e+00
-6.329496951428952300e-01
1.000000000000000000e+00
5.463078011241911947e-02
-1.000000000000000000e+00
-1.000000000000000000e+00
-1.000000000000000000e+00
9.420603503783543387e-01
1.474754542409932867e-01
5.878717850841097547e-03
-1.000000000000000000e+00
1.000000000000000000e+00
-1.126735238779540405e-01
1.000000000000000000e+00
-3.411220906517100637e-01
1.000000000000000000e+00
-3.367791558187993584e-02
1.000000000000000000e+00
-1.000000000000000000e+00
1.000000000000000000e+00
1.000000000000000000e+00
1.000000000000000000e+00
1.000000000000000000e+00
-1.000000000000000000e+00
-1.000000000000000000e+00
-1.000000000000000000e+00
-6.099278007413277969e-01
-1.000000000000000000e+00
-1.000000000000000000e+00
1.000000000000000000e+00
-5.611417447745901121e-01
7.879456966492548453e-01
-1.000000000000000000e+00
1.000000000000000000e+00
-7.072343281194921616e-01
1.000000000000000000e+00
2.356196724799186626e-01
-8.993801113307029471e-01
1.000000000000000000e+00
4.947121812555984599e-01
1.000000000000000000e+00
7.375256069997623287e-01
1.870186141384437839e-01
-1.000000000000000000e+00
-6.898433613616985483e-01
8.061671644357200073e-01
1.000000000000000000e+00
7.596617882227102436e-02
-1.000000000000000000e+00
-1.000000000000000000e+00
-1.000000000000000000e+00
-4.070459232114185255e-01
-1.000000000000000000e+00
-5.056224651368443901e-01
2.126436052384816922e-02
-1.000000000000000000e+00
-1.000000000000000000e+00
1.000000000000000000e+00
1.000000000000000000e+00
4.628181338409896317e-01
7.614477779001764812e-01
-4.210805628761046249e-01
3.356785501528653515e-01
1.473047883806991587e-01
1.000000000000000000e+00
-5.858381468659139557e-01
-1.000000000000000000e+00
1.000000000000000000e+00
-2.403168487227425043e-01
8.106175599639409146e-01
-8.733475897613862671e-01
-5.388394762052766129e-01
1.000000000000000000e+00
-9.062316889132089326e-01
-1.000000000000000000e+00
-8.176999665595888755e-01
-1.000000000000000000e+00
-5.486274708572488334e-01
4.735860519262477530e-01
1.000000000000000000e+00
-2.595060156120486683e-01
-5.158264777927962230e-02
-8.854553349053893019e-01
-1.000000000000000000e+00
-1.000000000000000000e+00
7.865672870406348327e-02
-8.353444647690591029e-01
2.314824055427711913e-01
1.000000000000000000e+00
1.000000000000000000e+00
1.000000000000000000e+00
1.000000000000000000e+00
-7.742862337952061136e-02
-9.916037375557951172e-01
-1.000000000000000000e+00
-7.216805075830659000e-01
2.909461847207427398e-01
-9.822970678875165840e-01
4.717311367539043787e-01
-7.110351991182587428e-01
-6.007355739779343118e-01
-3.217913159753538199e-01
-8.627717109353522096e-01
1.000000000000000000e+00
9.301813540338582653e-01
6.005929323761187710e-01
1.000000000000000000e+00
-1.000000000000000000e+00
-9.000031777461868776e-01
6.353483946432524343e-01
1.000000000000000000e+00
-1.599146557298326554e-01
1.000000000000000000e+00
7.625449429610209329e-01
7.260398541995104482e-01
-1.000000000000000000e+00
-1.000000000000000000e+00
-8.039668842575753427e-02
-1.000000000000000000e+00
-1.000000000000000000e+00
3.900422459506482920e-01
9.132809146999398831e-01
-5.791927194839501247e-01
1.000000000000000000e+00
6.118506398997303197e-02
-1.000000000000000000e+00
-2.129321713852965203e-01
-1.000000000000000000e+00
-1.000000000000000000e+00
2.568246743412596622e-01
4.673968016059619757e-01
1.019159608093269526e-01
5.727483150203527273e-02
6.408292607954803044e-01
5.990626492182880014e-01
-6.066168287245032875e-02
1.000000000000000000e+00
-3.499679550158573127e-01
6.011952918725527173e-01
-1.000000000000000000e+00
1.000000000000000000e+00
-4.774858256008942536e-01
-1.000000000000000000e+00
-1.000000000000000000e+00
6.018904498405388548e-01
4.213062581648879812e-01
-7.653888131157799979e-01
6.522775183329099224e-02
1.000000000000000000e+00
1.000000000000000000e+00
-4.520875814927673986e-01
6.165693344353413430e-01
7.671958663794893329e-01
-1.000000000000000000e+00
8.981651001415562607e-01
-1.000000000000000000e+00
-1.000000000000000000e+00
1.000000000000000000e+00
7.722102758772465547e-01
3.331647450459568338e-01
1.000000000000000000e+00
-2.450540717765159471e-02
-1.000000000000000000e+00
1.000000000000000000e+00
-9.588127624375180069e-01
2.766425385743138676e-01
8.400105832678155249e-01
1.000000000000000000e+00
1.000000000000000000e+00
-1.000000000000000000e+00
1.000000000000000000e+00
1.949676071199897276e-01
-1.000000000000000000e+00
3.454540750859784459e-02
2.926696023224008014e-01
-2.129169362003956456e-01
2.208378456940166545e-01
1.000000000000000000e+00
-1.000000000000000000e+00
-5.018647578666279863e-02
1.000000000000000000e+00
4.819402940821988501e-01
-2.571219248807535829e-01
-8.684880839286912568e-01
-1.000000000000000000e+00
1.000000000000000000e+00
1.000000000000000000e+00
3.999340822906251036e-01
9.076908229118880733e-01
-7.870823274248385237e-01
1.000000000000000000e+00
-4.064702944279794394e-01
-1.106520500330054890e-01
-8.254813746608448133e-01
-6.870073919308314903e-01
1.000000000000000000e+00
-1.000000000000000000e+00
4.309986622346612672e-01
-1.000000000000000000e+00
1.000000000000000000e+00
-5.049041293092619842e-01
-8.818512438907866180e-01
-1.000000000000000000e+00
2.152350659299214208e-01
-1.000000000000000000e+00
5.401686606191224982e-04
-5.205549776471098955e-01
-4.247901416008711961e-01
-1.000000000000000000e+00
-4.300428370229750774e-01
-2.801632865521956894e-01
-1.000000000000000000e+00
-8.562821826817677007e-01
4.300476959177650382e-01
3.448096960631341634e-02
1.000000000000000000e+00
1.000000000000000000e+00
-1.000000000000000000e+00
-8.987334906216546404e-01
-7.360553954261694898e-01
1.438442709879199644e-01
1.000000000000000000e+00
-2.751057063289495952e-01
-1.355582127284968852e-01
-7.454918017328329150e-01
-1.000000000000000000e+00
-6.384652905722082439e-01
-4.120824439698407282e-01
-1.000000000000000000e+00
7.238356567060330038e-01
-8.214018811254630847e-01
1.081214867004129943e-01
3.646094854462282875e-01
2.528173835128866287e-02
-1.582272652983008898e-01
1.403628702829561870e-01
1.268837090281250690e-01
1.000000000000000000e+00
-7.369913432305981171e-01
-7.033748680912145224e-01
5.474942916047779162e-01
-3.337635933822912238e-01
1.000000000000000000e+00
8.635969727222122527e-01
6.740857885702854491e-01
-1.000000000000000000e+00
1.000000000000000000e+00
-1.000000000000000000e+00
-1.000000000000000000e+00
1.000000000000000000e+00
1.000000000000000000e+00
1.000000000000000000e+00
1.000000000000000000e+00
6.424117418595143292e-01
-8.374667081066589081e-02
-1.000000000000000000e+00
1.000000000000000000e+00
-5.690869003027108075e-01
2.139725759803257077e-04
7.282071634583573427e-01
2.334596352525552532e-01
-7.236163678608136252e-01
2.491924131515638186e-02
-1.012606398434792165e-01
-9.627393521276994548e-01
9.326419838360054948e-01
5.785013623228550950e-01
-1.000000000000000000e+00
-1.000000000000000000e+00
-1.000000000000000000e+00
1.000000000000000000e+00
1.000000000000000000e+00
1.000000000000000000e+00
-1.000000000000000000e+00
-1.000000000000000000e+00
-6.680890412283055912e-01
8.771970309003740418e-01
-9.725349741376994039e-01
-5.808629889172697291e-01
-1.000000000000000000e+00
1.000000000000000000e+00
1.000000000000000000e+00
-7.213848290339122116e-01
-5.962251477485960294e-01
1.000000000000000000e+00
1.129747604720952592e-01
5.782662507291913556e-01
-1.945681574681842330e-01
1.995482295905901537e-01
-1.000000000000000000e+00
1.000000000000000000e+00
1.000000000000000000e+00
-1.000000000000000000e+00
5.682110555675567998e-01
2.493391793098108655e-01
1.000000000000000000e+00
1.000000000000000000e+00
-1.000000000000000000e+00
1.000000000000000000e+00
-1.000000000000000000e+00
2.904433885509336566e-01
3.929037445655876315e-01
1.000000000000000000e+00
1.000000000000000000e+00
6.405513167634101501e-01
1.000000000000000000e+00
-1.000000000000000000e+00
8.427879153568911264e-01
-8.539367573426978053e-01
9.191565902917466779e-01
-4.410709139073917262e-01
-1.000000000000000000e+00
-1.493795194325044928e-01
-1.000000000000000000e+00
1.000000000000000000e+00
6.961070656887466956e-01
-1.649969519112737260e-01
2.041661473011844308e-01
2.605431855053846890e-01
-1.000000000000000000e+00
-6.003162462784880082e-01
8.883062717359641036e-02
9.118382434323288876e-01
-5.811921814277102305e-01
1.412787822739337562e-01
-7.015903047629968858e-01
1.000000000000000000e+00
4.402802149237255436e-01
1.000000000000000000e+00
-9.727696222345351140e-01
-4.677955170272675156e-01
-6.413627489022736272e-01
1.000000000000000000e+00
1.478383951727761936e-01
-5.248948751358926135e-01
1.000000000000000000e+00
-5.807276139583897878e-01
-1.000000000000000000e+00
8.765707751638920353e-01
6.675197317622333371e-02
-6.918470841615406153e-01
1.000000000000000000e+00
7.087054544300244174e-01
1.000000000000000000e+00
1.863154420819690404e-01
4.480999852222322666e-02
9.684244604206848628e-02
1.000000000000000000e+00
-5.488070109993035128e-01
1.912357662617568677e-01
1.000000000000000000e+00
-1.000000000000000000e+00
8.474567798138176178e-01
-1.000000000000000000e+00
4.667174200245597926e-01
5.601236648621652492e-01
7.664358364007048952e-01
-1.000000000000000000e+00
-1.000000000000000000e+00
-5.514166953425587714e-01
3.050047212470147207e-01
-1.052297113805901185e-01
-3.217047251346677461e-01
1.000000000000000000e+00
-1.000000000000000000e+00
9.297726631234052297e-01
-1.000000000000000000e+00
1.000000000000000000e+00
5.394062190152282277e-01
1.000000000000000000e+00
1.000000000000000000e+00
-1.000000000000000000e+00
-1.000000000000000000e+00
1.539644732921673920e-01
2.620185131234492037e-01
8.256720569053535019e-01
1.000000000000000000e+00
-9.507138021113780146e-01
1.000000000000000000e+00
1.000000000000000000e+00
-2.505661921045079232e-01
1.000000000000000000e+00
-1.000000000000000000e+00
1.000000000000000000e+00
5.295057791765107602e-01
2.997653845798353700e-02
-1.000000000000000000e+00
4.261900431037252135e-02
-1.000000000000000000e+00
-3.273592424638441800e-01
-1.000000000000000000e+00
2.970759416895663030e-02
-1.000000000000000000e+00
1.000000000000000000e+00
1.500802286476161096e-01
3.731917017653887947e-01
1.000000000000000000e+00
-1.000000000000000000e+00
1.000000000000000000e+00
-1.000000000000000000e+00
1.000000000000000000e+00
6.882649404869460863e-01
-1.000000000000000000e+00
2.126849829030564298e-01
1.000000000000000000e+00
-8.364577151445272696e-01
9.100105743308839479e-01
-4.203427968294130568e-01
1.000000000000000000e+00
-8.343747219830599526e-01
-6.814139263556697745e-01
4.492190302700867222e-02
6.008752351874457887e-01
-7.027938857836063535e-01
-1.000000000000000000e+00
-8.605078234662800751e-01
4.997440738951786088e-01
3.901314512614284524e-02
-3.276223958033309680e-01
-1.000000000000000000e+00
1.000000000000000000e+00
6.754510758039908858e-01
5.939557804965589494e-01
1.000000000000000000e+00
-9.493884035525937959e-01
-1.429743432324405150e-01
-7.546801496520467722e-01
-1.000000000000000000e+00
-1.000000000000000000e+00
-8.234322936006902571e-01
-5.719070455881037907e-01
7.728743263063784230e-01
2.934417637750565966e-01
-1.000000000000000000e+00
-3.163035530863852474e-01
1.000000000000000000e+00
-7.558960573424766682e-01
-2.661161118058660291e-01
-1.000000000000000000e+00
-1.000000000000000000e+00
6.344988707387453353e-01
1.000000000000000000e+00
-1.000000000000000000e+00
8.644223100509027535e-01
-1.000000000000000000e+00
-2.637645530186998877e-01
-4.974501476007912038e-01
-1.000000000000000000e+00
1.000000000000000000e+00
1.000000000000000000e+00
-5.440045045925887557e-01
1.000000000000000000e+00
8.052619221652321801e-01
9.725807824053966932e-02
-4.984819280346086678e-01
-9.203966910901559828e-01
5.873343631861381864e-01
-1.000000000000000000e+00
-1.559966853857052693e-01
1.000000000000000000e+00
1.000000000000000000e+00
1.000000000000000000e+00
1.000000000000000000e+00
-1.000000000000000000e+00
-3.524648638083638374e-01
-2.877885240070795492e-01
1.000000000000000000e+00
-1.000000000000000000e+00
1.000000000000000000e+00
2.910141768063212453e-02
3.671760821075933379e-01
8.174597326122395868e-01
-1.000000000000000000e+00
1.000000000000000000e+00
-1.000000000000000000e+00
6.749864666982929862e-02
-7.640031008610596031e-01
-1.000000000000000000e+00
-9.227860296140696361e-01
1.000000000000000000e+00
-1.000000000000000000e+00
-2.488257184036205549e-01
3.186912949475287915e-01
8.941092557344987313e-02
-2.093783980559210667e-02
3.812640914209600718e-01
-1.821675108160019096e-01
-1.000000000000000000e+00
6.615638663657994467e-01
-1.259324454608016230e-01
1.908438595698503659e-01
-1.000000000000000000e+00
-6.021885870180225808e-01
-1.871657050119543142e-01
-1.000000000000000000e+00
1.000000000000000000e+00
1.000000000000000000e+00
-1.894140208620588295e-01
3.268027353072361363e-01
-1.000000000000000000e+00
-9.636429710897413958e-01
8.531942748331297066e-01
9.791210821866890290e-01
1.000000000000000000e+00
-1.000000000000000000e+00
4.037399126275420524e-02
6.102890902851587640e-01
-7.247508695707431947e-01
-7.224707567437127498e-02
-1.000000000000000000e+00
-7.055895650766186300e-01
-8.321393308263170807e-01
-1.000000000000000000e+00
-3.626912601263039271e-01
1.000000000000000000e+00
1.000000000000000000e+00
-3.812919465744757375e-02
5.697837869360298235e-01
-2.346820264952518276e-01
2.581564051740060650e-01
-6.888257108690387653e-01
-9.293726580432266626e-01
1.000000000000000000e+00
-6.686230762425681151e-01
1.349706843733022854e-01
-1.568989726422382325e-01
-1.612814849105566606e-01
2.054574717414555662e-01
-6.826039823196070611e-01
1.439440300275697249e-01
1.000000000000000000e+00
-1.000000000000000000e+00
1.000000000000000000e+00
-1.000000000000000000e+00
-7.064379299286265290e-01
-3.110778833486925743e-01
1.000000000000000000e+00
4.603467857835454868e-01
4.444371246284781751e-01
-1.000000000000000000e+00
-1.000000000000000000e+00
1.000000000000000000e+00
-3.061407249903269623e-01
1.000000000000000000e+00
-1.000000000000000000e+00
-5.507926444671975563e-01
2.231390555245862106e-01
7.156306934218950033e-01
-6.171118482764543778e-01
-3.995290244441508376e-01
-8.685386093051006284e-01
1.000000000000000000e+00
1.000000000000000000e+00
-1.000000000000000000e+00
1.000000000000000000e+00
-6.293930960466294078e-01
1.000000000000000000e+00
1.000000000000000000e+00
-1.000000000000000000e+00
-1.000000000000000000e+00
4.567131203420481400e-01
-1.000000000000000000e+00
7.342805028734091799e-01
-1.707590618829776807e-01
3.961641296450164607e-01
-1.000000000000000000e+00
-1.000000000000000000e+00
7.488827487710714159e-01
5.090488963313146709e-01
1.000000000000000000e+00
1.000000000000000000e+00
-8.385428623472928056e-01
4.402957466072504600e-01
1.000000000000000000e+00
-1.000000000000000000e+00
-5.349588758183585480e-01
-2.330973282797030866e-01
5.137287320351673348e-01
4.555248605981824239e-01
-1.000000000000000000e+00
-1.000000000000000000e+00
5.051996475691697963e-01
7.342113350936430027e-01
-6.371838269669527488e-01
-1.000000000000000000e+00
1.000000000000000000e+00
1.000000000000000000e+00
1.000000000000000000e+00
-1.000000000000000000e+00
-1.000000000000000000e+00
3.108851786589855726e-01
1.000000000000000000e+00
-1.000000000000000000e+00
-3.839128960227176091e-01
-7.848288392463581564e-01
-8.765548471590219881e-01
1.093967058030695938e-01
-1.000000000000000000e+00
1.000000000000000000e+00
-1.057498849860469270e-01
1.000000000000000000e+00
5.487678519544266775e-01
-1.000000000000000000e+00
-1.000000000000000000e+00
4.689597717104254659e-01
-6.762154801278784655e-01
8.847589816866563428e-01
4.955247735561937317e-01
-7.583752613591236980e-01
-1.000000000000000000e+00
-7.575589921778647096e-02
6.063700274333910789e-01
-3.028886595393298631e-01
-2.859034666483600828e-01
1.000000000000000000e+00
1.000000000000000000e+00
1.000000000000000000e+00
-1.467817870652000645e-01
8.627098501471489045e-02
1.000000000000000000e+00
7.942098302381810360e-01
1.000000000000000000e+00
4.671011541089054031e-02
1.408070307956962308e-01
-1.958967034873507762e-01
4.842992977152057454e-01
-7.714543390300254710e-02
-1.000000000000000000e+00
-1.824592398571445173e-01
-1.000000000000000000e+00
-1.000000000000000000e+00
-2.056706306067424550e-01
6.257231080230972742e-01
1.760050568131425741e-01
1.220383960828277520e-01
7.296545536866980708e-01
-6.065567465463610475e-01
-4.554053320377673408e-01
-1.000000000000000000e+00
-2.866406913654073740e-02
-2.641673371564485784e-01
-1.209919544770323707e-01
6.075595243811197227e-02
-1.000000000000000000e+00
-7.057409206456941586e-01
-5.083908086213428934e-01
-4.791923196672592256e-01
-7.402996704538530315e-01
1.000000000000000000e+00
-1.000000000000000000e+00
-1.000000000000000000e+00
-5.005088922172176158e-01
-1.841691419457208712e-01
-1.000000000000000000e+00
1.000000000000000000e+00
1.000000000000000000e+00
5.810117334480784379e-01
4.324381724724603027e-01
1.000000000000000000e+00
-3.819385315434069561e-01
-1.000000000000000000e+00
2.139363226526161954e-01
-1.346045821212177307e-01
1.000000000000000000e+00
-1.000000000000000000e+00
7.262746933732048271e-01
-1.000000000000000000e+00
1.270339647464033828e-01
-1.000000000000000000e+00
-1.000000000000000000e+00
3.069751821134202308e-01
1.000000000000000000e+00
1.000000000000000000e+00
1.000000000000000000e+00
1.451148065301558765e-01
1.083433738241890154e-01
-1.000000000000000000e+00
9.618450142928758329e-02
5.961128737122438626e-01
1.214379615426249837e-01
5.747168067362873334e-01
-1.000000000000000000e+00
-1.000000000000000000e+00
1.000000000000000000e+00
1.823906371971341089e-01
-8.482894774295439699e-01
2.996378705002206155e-01
-1.000000000000000000e+00
7.063719601640165990e-01
-1.487127024637806549e-01
-1.000000000000000000e+00
2.731930152427264336e-01
1.000000000000000000e+00
8.473456695071162059e-01
-5.475557092180338703e-02
1.000000000000000000e+00
-1.675964522163619908e-02
1.000000000000000000e+00
1.000000000000000000e+00
-1.000000000000000000e+00
7.909286088611103827e-01
1.000000000000000000e+00
-1.000000000000000000e+00
2.411816206744348268e-01
1.000000000000000000e+00
1.193225252351182153e-02
-8.960538752935957030e-01
-5.763482900486449623e-03
4.790436558820597712e-01
-1.000000000000000000e+00
1.043193524480416912e-01
5.819705239960305532e-01
-1.000000000000000000e+00
1.000000000000000000e+00
-7.473135693033589044e-01
6.817708787167355844e-01
-9.972754581638486604e-01
9.892316051279141931e-01
1.000000000000000000e+00
-1.000000000000000000e+00
-1.000000000000000000e+00
5.951889189951606873e-01
3.716688720206866581e-01
-1.000000000000000000e+00
5.193355547533073935e-01
4.150139365177809569e-01
-1.000000000000000000e+00
1.000000000000000000e+00
-1.000000000000000000e+00
-1.000000000000000000e+00
-9.545916065501480752e-01
1.783501711242843624e-01
1.000000000000000000e+00
2.613746151178503174e-01
-2.881274226917047709e-01
1.000000000000000000e+00
1.163783871664975100e-01
-1.000000000000000000e+00
1.000000000000000000e+00
-8.544689288338296329e-01
1.000000000000000000e+00
8.047383107922112533e-01
1.661991938661214752e-01
4.028381396310342089e-01
1.000000000000000000e+00
7.181320707981739826e-01
-5.416865181493595305e-01
1.000000000000000000e+00
7.952262833535392872e-01
-1.000000000000000000e+00
-8.283007825428494453e-01
9.899967218091597632e-01
-9.037626058777276095e-01
1.000000000000000000e+00
-1.000000000000000000e+00
-1.150900613887862051e-01
-1.000000000000000000e+00
-5.874992335009381339e-01
3.633470382726758374e-01
-1.000000000000000000e+00
-5.081142921584697048e-01
6.271085286453099705e-01
-5.058280263442797020e-01
1.000000000000000000e+00
-5.833836072177851495e-01
1.000000000000000000e+00
-8.695878516053133778e-01
1.138812037842145131e-01
-1.000000000000000000e+00
-1.000000000000000000e+00
-7.956238885433817298e-01
-4.646970607731112368e-01
-1.000000000000000000e+00
6.020584309831794600e-01
4.271803380429783914e-02
1.000000000000000000e+00
-3.539706401630593469e-02
-6.534870810475984504e-01
-4.247126539719479066e-01
9.257965993630545842e-01
1.970372191186184896e-01
-1.000000000000000000e+00
1.000000000000000000e+00
-1.000000000000000000e+00
1.000000000000000000e+00
1.000000000000000000e+00
3.705800799872384088e-01
1.000000000000000000e+00
4.470812908151551857e-01
-1.000000000000000000e+00
1.000000000000000000e+00
1.000000000000000000e+00
1.000000000000000000e+00
-8.967733838785424405e-01
2.111758347341246012e-01
7.691647875571218096e-01
-1.000000000000000000e+00
1.000000000000000000e+00
-8.900712057690911561e-01
1.000000000000000000e+00
-5.757572599702225347e-01
-4.622217555453969617e-01
-4.209309490067717485e-01
9.844675104714784020e-01
-3.067706926298370274e-01
-1.973794501083393771e-01
-2.812814841750944650e-01
-3.927254087318537423e-01
1.000000000000000000e+00
-6.313853837479683762e-01
1.000000000000000000e+00
1.000000000000000000e+00
1.000000000000000000e+00
-3.280064496420381781e-01
-2.387124576327515069e-02
6.637789440983516975e-01
-9.246023940775958128e-01
-1.163542072020026519e-01
-7.826894343336698867e-01
-1.000000000000000000e+00
-1.000000000000000000e+00
-3.927898262755717407e-01
-4.558702717752041167e-01
2.560079864558014173e-01
5.112292992000000424e-01
1.000000000000000000e+00
1.000000000000000000e+00
5.712471579941974520e-01
1.000000000000000000e+00
-1.000000000000000000e+00
1.000000000000000000e+00
-1.936728528033548891e-02
-6.242964780503407196e-02
1.000000000000000000e+00
1.000000000000000000e+00
-1.000000000000000000e+00
1.000000000000000000e+00
1.000000000000000000e+00
-1.000000000000000000e+00
6.432960826989458925e-01
-5.300020749001098652e-01
1.000000000000000000e+00
-1.000000000000000000e+00
6.202731169453270521e-01
-8.915788067177284892e-01
-5.032993091197422997e-01
-1.000000000000000000e+00
9.966546176331032569e-01
-1.000000000000000000e+00
1.000000000000000000e+00
-1.483556663791696373e-01
-6.693409221351684923e-01
-5.112875132318319693e-01
-1.000000000000000000e+00
6.670056801083668052e-02
-3.208110357129967394e-01
1.000000000000000000e+00
-3.929435486030415925e-01
3.158001840742631350e-01
-2.321078849395767640e-01
-9.447722483476647115e-01
1.000000000000000000e+00
-1.000000000000000000e+00
-1.000000000000000000e+00
1.739301056085376662e-01
-1.000000000000000000e+00
1.000000000000000000e+00
5.364348752653207431e-01
-1.000000000000000000e+00
1.517625931780882675e-01
-3.113250842243195926e-01
-5.292830499582472648e-01
9.326511854101875443e-01
-1.000000000000000000e+00
-5.516132298994752547e-01
-1.000000000000000000e+00
-9.431098367707518859e-01
1.000000000000000000e+00
9.551824188921178571e-01
-4.621715928454628308e-01
1.000000000000000000e+00
4.730641451622350502e-01
-1.000000000000000000e+00
-1.000000000000000000e+00
-1.000000000000000000e+00
5.012131185816898205e-01
1.000000000000000000e+00
5.085287251549162058e-01
3.587572047466823788e-01
-1.000000000000000000e+00
-9.890289344307199304e-01
-1.000000000000000000e+00
1.000000000000000000e+00
-1.000000000000000000e+00
-3.802635579855122572e-01
4.303906007657202215e-01
1.000000000000000000e+00
-1.000000000000000000e+00
1.000000000000000000e+00
1.021895692072117834e-01
3.204579607599250535e-01
4.526749447347783173e-01
-1.000000000000000000e+00
1.000000000000000000e+00
-1.412757137380212802e-01
1.000000000000000000e+00
-1.000000000000000000e+00
1.000000000000000000e+00
1.000000000000000000e+00
-9.771531146056207096e-01
1.000000000000000000e+00
8.592713925656827456e-01
-1.000000000000000000e+00
1.000000000000000000e+00
1.000000000000000000e+00
3.065160485738770424e-01
-7.400529005409445249e-01
-3.034736341248376323e-01
-5.016466412250428775e-01
8.263275225038998473e-01
-4.138633513086253934e-02
-4.215941176352969166e-01
-1.000000000000000000e+00
-1.622408051688317698e-02
1.000000000000000000e+00
-6.292273255822298239e-01
-1.000000000000000000e+00
-8.018881903632156805e-01
1.000000000000000000e+00
-1.000000000000000000e+00
-1.000000000000000000e+00
-5.658122211584193373e-01
-1.620706660636417329e-01
-5.631551827048668635e-01
1.226257659233497277e-01
-5.356880294010601951e-01
1.037598355961590335e-01
7.931335041131846175e-01
1.000000000000000000e+00
-1.000000000000000000e+00
-3.359511875313352380e-01
-1.000000000000000000e+00
1.978917503455923654e-01
-1.000000000000000000e+00
-5.681013471799336578e-01
-1.000000000000000000e+00
1.318687341949874581e-01
3.395727620397658297e-01
-1.000000000000000000e+00
1.040361026089275942e-01
-3.298779324995110840e-01
-1.000000000000000000e+00
-6.184668681592135897e-01
6.765885964919799989e-01
-1.000000000000000000e+00
-1.000000000000000000e+00
-2.314107705706068829e-01
1.000000000000000000e+00
-6.150966197546929859e-01
-1.604025967687681131e-01
1.000000000000000000e+00
-1.000000000000000000e+00
2.991596217071830210e-01
-1.000000000000000000e+00
-4.435786495137727936e-02
1.000000000000000000e+00
-1.000000000000000000e+00
-2.439658977390427586e-01
3.431300755490707122e-01
4.023208975128422793e-02
1.000000000000000000e+00
1.000000000000000000e+00
-2.813568892017203060e-01
-1.000000000000000000e+00
1.000000000000000000e+00
1.000000000000000000e+00
1.000000000000000000e+00
-1.000000000000000000e+00
1.000000000000000000e+00
-9.373044019357725798e-01
7.205722991299989832e-01
2.264680829920302507e-01
7.099467157228781522e-01
1.000000000000000000e+00
1.000000000000000000e+00
2.628618352188755170e-01
3.867107329193748555e-01
-1.000000000000000000e+00
1.000000000000000000e+00
1.000000000000000000e+00
-4.520368330544330959e-01
-1.000000000000000000e+00
-1.000000000000000000e+00
-1.000000000000000000e+00
5.142779999112356837e-01
-1.000000000000000000e+00
9.272104972617444263e-01
-9.893860060062755757e-01
-5.356943816536045011e-01
6.109708949309977655e-02
1.000000000000000000e+00
1.000000000000000000e+00
-4.099821338860660247e-01
1.000000000000000000e+00
-6.243790115856029388e-02
-1.791238016445888537e-01
-1.000000000000000000e+00
-4.615203247075375104e-01
1.000000000000000000e+00
4.462150948149828933e-01
5.928935704948260499e-01
4.145213797079319584e-01
-3.445604125698460418e-01
2.326297831382334591e-01
1.000000000000000000e+00
8.770396544440828279e-01
-8.971789454144056819e-01
-1.000000000000000000e+00
1.000000000000000000e+00
-2.919048161656034868e-01
-1.000000000000000000e+00
3.750053465404732389e-01
3.125694182523860443e-01
6.499540014311694369e-01
-9.979890075766434387e-01
7.167598597660933546e-01
-3.784385473483352635e-01
6.496978459195756894e-02
-1.603195629800466815e-01
5.587778655519428650e-01
1.000000000000000000e+00
-1.215118518658030444e-01
1.000000000000000000e+00
8.729352840058896001e-02
-2.772298515202488156e-01
2.706085589278369730e-01
5.923658779161169452e-01
-1.350801255777607235e-01
1.000000000000000000e+00
-1.000000000000000000e+00
4.563878164675072568e-02
5.436658687108254506e-01
6.221435287046654938e-01
1.000000000000000000e+00
-1.000000000000000000e+00
-1.000000000000000000e+00
7.157877452870564650e-02
7.174885224109749382e-01
8.552791083587403254e-01
1.000000000000000000e+00
-9.924732182689121052e-01
4.021717653273645388e-01
4.005827059303331272e-01
8.102443123227530686e-01
5.563597339477552861e-01
-1.000000000000000000e+00
1.000000000000000000e+00
-6.171802205939010966e-01
1.278848522679258970e-01
8.194924271170294094e-01
-5.903359514444216360e-01
2.271871766323876329e-01
4.188591577138170985e-01
1.005584341408105598e-02
6.107910765836233047e-02
-1.236850607916150091e-01
-1.000000000000000000e+00
1.000000000000000000e+00
-4.972865784081283158e-02
1.000000000000000000e+00
6.228925684998144474e-01
-2.984551211298410722e-01
-3.855792752188946793e-01
-1.000000000000000000e+00
-8.858721186508020651e-01
-1.507482903634533855e-01
-1.000000000000000000e+00
-3.286015732655790389e-01
1.000000000000000000e+00
-9.500220454368795142e-01
1.000000000000000000e+00
-1.000000000000000000e+00
-1.000000000000000000e+00
-1.000000000000000000e+00
1.000000000000000000e+00
-9.592704975687081914e-01
-1.000000000000000000e+00
-5.979531905719589480e-01
-1.562021709339549425e-01
-7.382131073329274429e-01
-1.000000000000000000e+00
1.000000000000000000e+00
1.000000000000000000e+00
-9.928190799438968428e-01
-8.026248181378750624e-02
-9.499301523928771473e-01
1.000000000000000000e+00
1.000000000000000000e+00
6.307839005207775962e-01
-1.000000000000000000e+00
9.567545738660716559e-01
3.692540307951789336e-01
1.000000000000000000e+00
-4.704291743951958815e-01
-1.000000000000000000e+00
-8.679601701544299441e-01
-1.000000000000000000e+00
-1.000000000000000000e+00
-1.000000000000000000e+00
-3.991237497407575940e-01
-4.723174718221756496e-01
-1.000000000000000000e+00
-1.435533308373915240e-02
1.000000000000000000e+00
-7.971024802740467319e-01
-5.414884347475494852e-01
2.108362766139986189e-01
1.000000000000000000e+00
2.959383865248691459e-01
-1.000000000000000000e+00
1.000000000000000000e+00
7.185807491499974775e-01
1.000000000000000000e+00
-7.288288572646028918e-01
8.016362741327121011e-01
3.183625337293173319e-01
-1.000000000000000000e+00
-1.000000000000000000e+00
1.000000000000000000e+00
1.000000000000000000e+00
-5.016797652445762479e-01
-1.043661696591879906e-01
-7.400755821663466127e-01
-4.269309472848554776e-01
4.488425016005775370e-01
2.712061825860916375e-01
-1.000000000000000000e+00
-1.000000000000000000e+00
-1.000000000000000000e+00
-1.000000000000000000e+00
6.082209676742775795e-01
8.346677641614281828e-01
-2.795563623334901271e-01
-1.000000000000000000e+00
-1.000000000000000000e+00
-4.099546981215602681e-01
-1.000000000000000000e+00
6.939251393568635073e-01
7.867539282309365944e-01
-8.987399538056626280e-01
-1.246896302348836638e-01
1.000000000000000000e+00
4.392622173879019432e-01
1.000000000000000000e+00
1.000000000000000000e+00
1.000000000000000000e+00
1.000000000000000000e+00
-3.048557499502530521e-01
5.797971142743306716e-01
1.000000000000000000e+00
-1.000000000000000000e+00
1.000000000000000000e+00
5.233084536129446462e-01
8.826428741800901312e-01
-1.000000000000000000e+00
-1.000000000000000000e+00
1.660748048056515658e-01
-6.724991639759225759e-02
-2.743218772547508788e-01
-1.000000000000000000e+00
1.596940332917643479e-01
-1.000000000000000000e+00
1.000000000000000000e+00
-1.000000000000000000e+00
-1.890383551910739257e-01
-1.000000000000000000e+00
1.000000000000000000e+00
9.120547924166553244e-01
7.012265142273073071e-01
1.000000000000000000e+00
-2.050205890073912851e-01
-3.802311911954943668e-01
5.206818844906702104e-03
8.708145462358054534e-01
1.000000000000000000e+00
1.000000000000000000e+00
1.000000000000000000e+00
1.000000000000000000e+00
-1.000000000000000000e+00
-8.428611910207841618e-01
1.000000000000000000e+00
1.000000000000000000e+00
-4.316199731753840307e-01
2.596308805984048895e-03
-2.952485981312178431e-01
-1.000000000000000000e+00
2.117877524445370696e-01
5.087781272136251420e-01
-5.111056967117516558e-01
1.000000000000000000e+00
2.319396692631953416e-01
1.754813941583784342e-01
-1.000000000000000000e+00
-1.000000000000000000e+00
-8.022084968924280135e-01
1.000000000000000000e+00
1.000000000000000000e+00
1.000000000000000000e+00
-1.000000000000000000e+00
-2.732285805468719353e-01
1.000000000000000000e+00
5.261215707061741576e-01
-1.000000000000000000e+00
1.244086128833593041e-01
-4.252835362533974317e-02
2.200315654834017476e-01
-4.050049561585555846e-01
-1.000000000000000000e+00
-8.884962802005492710e-01
3.990850621513161167e-01
-6.176568498100609705e-01
6.467497496410636870e-01
1.000000000000000000e+00
-1.000000000000000000e+00
1.000000000000000000e+00
-3.197197558072747414e-01
7.252655840072390614e-01
-5.535767396446213962e-01
1.000000000000000000e+00
3.950016293839200276e-01
-4.552954363104122493e-01
8.852419773891193611e-01
-1.000000000000000000e+00
8.271319400118131160e-01
-1.000000000000000000e+00
1.669188942628088146e-01
-1.000000000000000000e+00
1.000000000000000000e+00
-1.000000000000000000e+00
1.000000000000000000e+00
-7.549447296130595841e-01
-2.180964597051460174e-02
1.000000000000000000e+00
1.000000000000000000e+00
-1.000000000000000000e+00
-7.369377163127410757e-03
-6.459012237101123821e-01
-1.000000000000000000e+00
1.000000000000000000e+00
4.926686211455822417e-01
6.887996621194724112e-01
-1.792310101251712862e-01
-1.000000000000000000e+00
-8.203542477978050806e-01
-1.000000000000000000e+00
-1.000000000000000000e+00
-1.281852479255062294e-01
-1.000000000000000000e+00
-4.348369897435875875e-01
1.000000000000000000e+00
4.951703271648583149e-01
-1.000000000000000000e+00
8.003970511370027685e-01
-1.000000000000000000e+00
-1.000000000000000000e+00
-1.000000000000000000e+00
7.503210961590671690e-01
1.984867669209472996e-01
-5.555892006274300021e-01
5.231923097294524094e-01
-1.000000000000000000e+00
-1.000000000000000000e+00
8.221120742125054282e-01
-3.731121876705132401e-01
-1.000000000000000000e+00
-5.854528910852431212e-01
1.000000000000000000e+00
1.000000000000000000e+00
-9.194673951551344260e-01
1.000000000000000000e+00
-5.525462389409701025e-01
4.664858443788537645e-01
1.000000000000000000e+00
1.000000000000000000e+00
1.000000000000000000e+00
9.802585952921473167e-01
-1.829093504996998076e-01
3.630515380960663840e-01
6.930658982847246463e-01
1.000000000000000000e+00
-2.538640035220085522e-02
-4.179789284208004219e-01
1.000000000000000000e+00
1.000000000000000000e+00
-1.000000000000000000e+00
1.000000000000000000e+00
-3.019954874272934298e-01
-6.160687554896844276e-01
-8.960394005212367619e-01
1.000000000000000000e+00
1.000000000000000000e+00
-1.000000000000000000e+00
-1.000000000000000000e+00
3.774213658312483566e-01
-3.155325275908266169e-01
8.200338709998453712e-01
1.000000000000000000e+00
6.550800264641571946e-01
-4.961314240853775814e-01
-8.700208569647528423e-01
-1.000000000000000000e+00
1.000000000000000000e+00
-4.020513203852363882e-01
-9.837266968205575779e-01
-1.000000000000000000e+00
-1.604561818092412884e-01
-7.686528258076614772e-01
-5.245264363046397982e-02
3.917575155245855978e-01
-8.363459859962590892e-01
-1.000000000000000000e+00
-7.969952022536095360e-01
-8.999564362055703648e-02
-1.000000000000000000e+00
-1.000000000000000000e+00
-3.580959854370273643e-01
1.000000000000000000e+00
1.422754043399066526e-01
1.000000000000000000e+00
-6.309653145549706244e-01
-1.000000000000000000e+00
1.000000000000000000e+00
-1.000000000000000000e+00
-9.458987472103204119e-01
1.000000000000000000e+00
1.228251217572955828e-01
8.791603673112433626e-01
-1.396206978567490209e-01
-1.000000000000000000e+00
-3.238243503321874828e-02
1.553602998041753169e-01
6.205094381955973404e-01
-2.264810745305685935e-01
-1.702016819136660253e-01
1.000000000000000000e+00
-4.009511639278874884e-01
-8.472903953154284906e-01
8.926427506260660172e-01
4.818381889807672458e-01
-1.000000000000000000e+00
1.000000000000000000e+00
8.946522812892787613e-02
-1.049148059006951295e-01
-1.000000000000000000e+00
-7.382504173738810849e-01
-2.910799061471068816e-01
-3.853867968420342516e-01
7.730283422992525466e-01
-3.928018652247805553e-01
-3.517310828447224313e-01
-4.108360318763757402e-01
-1.000000000000000000e+00
6.165893362370120645e-01
-1.827734086607551989e-01
7.601162519609200308e-01
-3.748718943263920078e-01
1.000000000000000000e+00
1.000000000000000000e+00
1.144234502888212823e-01
-1.000000000000000000e+00
6.930602001425898440e-01
1.000000000000000000e+00
-1.000000000000000000e+00
-1.000000000000000000e+00
3.980585019243126910e-01
-1.000000000000000000e+00
2.080203528872956453e-01
1.000000000000000000e+00
1.000000000000000000e+00
1.000000000000000000e+00
7.925185839980609659e-01
-1.000000000000000000e+00
-1.000000000000000000e+00
-1.000000000000000000e+00
-3.909915504302647893e-01
8.202834148689264193e-01
-1.000000000000000000e+00
-8.676907745634863112e-01
-3.383677292618864629e-01
7.828516414602920692e-02
-1.000000000000000000e+00
3.751540900092018571e-01
-6.739092824514310021e-01
8.803900094861452086e-01
1.000000000000000000e+00
-1.000000000000000000e+00
-5.010274384910013978e-01
4.174437652527527298e-01
1.000000000000000000e+00
1.000000000000000000e+00
-1.000000000000000000e+00
5.264359664461780719e-01
-1.000000000000000000e+00
1.000000000000000000e+00
-1.401596702008300888e-01
-6.270237276491741341e-01
-1.892205136850502178e-01
-6.324023428759771859e-01
-3.815005307140063029e-01
1.000000000000000000e+00
-1.000000000000000000e+00
-1.000000000000000000e+00
1.000000000000000000e+00
-3.927708541675208331e-01
1.779811593080133925e-01
-6.438685439068896343e-01
-1.000000000000000000e+00
1.000000000000000000e+00
-1.000000000000000000e+00
1.000000000000000000e+00
1.000000000000000000e+00
-9.168761368905637976e-01
1.000000000000000000e+00
-2.290095513778163672e-01
3.630165178070465792e-01
4.177234566264427240e-01
-1.000000000000000000e+00
-3.214061361979497766e-01
-1.000000000000000000e+00
-1.000000000000000000e+00
1.000000000000000000e+00
-1.000000000000000000e+00
-3.485592494137824682e-01
-1.546906164933980476e-01
-1.000000000000000000e+00
8.170659016339384406e-01
-1.000000000000000000e+00
-1.000000000000000000e+00
-5.772596085652874631e-01
3.425430354488607221e-01
8.374091036685840095e-01
9.069587474392157289e-02
1.000000000000000000e+00
-1.000000000000000000e+00
-2.443867488966319224e-01
-1.923476934346726175e-01
1.000000000000000000e+00
-5.137011772813456778e-01
-1.000000000000000000e+00
1.000000000000000000e+00
-1.000000000000000000e+00
-9.871627790596690932e-01
-1.000000000000000000e+00
-1.000000000000000000e+00
-5.640667893016049206e-02
-7.903792839105898693e-01
-2.265226412615383156e-01
-1.000000000000000000e+00
-8.627181704582960187e-01
3.017066765350019386e-01
1.444801976161963486e-01
-4.771246412569573048e-01
1.000000000000000000e+00
-6.326622471904521650e-01
-1.000000000000000000e+00
1.000000000000000000e+00
-6.669607403191044614e-01
1.000000000000000000e+00
8.264154168946755141e-03
-4.438831552278200698e-01
-1.000000000000000000e+00
-2.874352628220309125e-01
-6.459142435168512275e-01
-1.574083633397569681e-01
-1.000000000000000000e+00
6.174806874912353027e-01
-9.813777385021225097e-01
1.000000000000000000e+00
1.000000000000000000e+00
6.814087944380307071e-01
-5.203790081297963166e-01
1.000000000000000000e+00
-1.000000000000000000e+00
-4.161530484395015161e-01
-1.000000000000000000e+00
-5.434297348308192444e-01
6.323764103855338270e-01
2.690343237991832948e-01
1.932728287589253746e-01
5.510200715900995805e-01
-9.999170759361242222e-02
9.724673857532142307e-01
-1.393397697365868215e-01
6.880858432169406624e-01
-1.240396276247940355e-02
-1.000000000000000000e+00
4.501391900318313932e-01
4.866946504264926254e-01
-4.354490144052157174e-01
4.512447903751659606e-01
6.292593021976323753e-01
4.396273950842440881e-01
1.000000000000000000e+00
1.000000000000000000e+00
-9.784909650945861070e-02
-8.735597437445913327e-01
-2.657774424867171970e-01
-1.000000000000000000e+00
-1.000000000000000000e+00
4.574965410854423542e-01
2.025123620763724652e-01
-1.000000000000000000e+00
1.000000000000000000e+00
1.000000000000000000e+00
8.410625553352422124e-01
-2.058767762255442335e-03
5.903020595943306859e-01
-7.207687436324152763e-01
1.000000000000000000e+00
4.906016544517942668e-01
-2.327939725796949189e-01
6.230692525186876107e-01
1.226378659316883502e-01
-3.522647925041760275e-01
3.769434428951633498e-01
-9.820872606383777015e-01
6.655615738988607255e-02
-1.000000000000000000e+00
6.236344733293580633e-01
-7.766945909859279684e-01
-3.034259060641115724e-01
-8.976862146717630164e-01
-1.767054064540452551e-01
-1.000000000000000000e+00
-8.978449257762280977e-01
-9.325177581198740295e-01
-4.554822816989743672e-01
-4.944867123473686288e-01
1.000000000000000000e+00
-1.000000000000000000e+00
7.905473976036531125e-01
7.980011800755600904e-01
-1.000000000000000000e+00
1.000000000000000000e+00
3.207998453118792725e-01
3.805791356632086675e-01
1.000000000000000000e+00
5.212914598585105530e-02
7.177085372326094115e-01
1.000000000000000000e+00
-1.000000000000000000e+00
-1.000000000000000000e+00
-1.000000000000000000e+00
-8.275966719319811649e-01
4.167997384915622661e-01
1.000000000000000000e+00
1.000000000000000000e+00
6.350538075825087336e-01
3.934752302357386045e-01
3.073580139381944520e-01
-4.057897252263400478e-01
4.446504009498062349e-01
-2.764210000238187526e-01
1.000000000000000000e+00
-1.000000000000000000e+00
8.321650203632501297e-01
-4.536672044797219749e-01
-3.494001212214351559e-01
5.025187995298618926e-01
1.000000000000000000e+00
2.185457261811659668e-01
-1.000000000000000000e+00
-6.289232145427681164e-02
1.000000000000000000e+00
-4.486281210770806660e-01
1.000000000000000000e+00
1.000000000000000000e+00
-4.621334031985590562e-01
5.008824941479450565e-02
5.325382580518119857e-01
1.000000000000000000e+00
1.000000000000000000e+00
4.066540891634051746e-05
7.265246585214579778e-01
-1.000000000000000000e+00
-1.000000000000000000e+00
4.165772470524506943e-01
5.551254144325308282e-01
1.000000000000000000e+00
6.142564424910923471e-01
-1.000000000000000000e+00
1.000000000000000000e+00
3.614920611264800243e-01
-1.000000000000000000e+00
7.609551820818979406e-01
1.000000000000000000e+00
1.000000000000000000e+00
1.272884875752395284e-01
1.000000000000000000e+00
-1.000000000000000000e+00
1.000000000000000000e+00
-7.637266313005415252e-01
2.859703976518522262e-01
1.000000000000000000e+00
1.000000000000000000e+00
-4.570243148688806212e-01
-8.274459871184978166e-01
-4.444305176058667151e-01
-5.877599490571396856e-01
4.561525584851644499e-01
-1.000000000000000000e+00
-1.000000000000000000e+00
-5.519141741934228129e-01
1.000000000000000000e+00
-4.893554760455814945e-01
-5.551647645731535574e-01
-3.619811709707583258e-01
1.000000000000000000e+00
1.000000000000000000e+00
2.213374279156112845e-01
2.624876612293610689e-01
-4.632391979080539013e-01
-4.881056843386304411e-01
-1.000000000000000000e+00
-4.463360701044321033e-01
1.000000000000000000e+00
-1.000000000000000000e+00
-1.610786330110394737e-01
7.382572148255546196e-01
-1.000000000000000000e+00
-1.000000000000000000e+00
-1.000000000000000000e+00
9.723914884652544721e-01
-1.000000000000000000e+00
-5.480925741086009051e-01
1.484278334634633323e-01
4.873811656973847661e-02
1.000000000000000000e+00
7.865399468395443128e-01
-1.000000000000000000e+00
1.000000000000000000e+00
1.000000000000000000e+00
-1.000000000000000000e+00
5.047136183435692036e-01
1.000000000000000000e+00
-3.622175521746090476e-01
-1.000000000000000000e+00
9.693636862496090023e-01
-5.726882826732457854e-01
1.000000000000000000e+00
-7.907444747642078386e-01
1.000000000000000000e+00
1.000000000000000000e+00
2.885775132547203636e-01
-1.000000000000000000e+00
-1.000000000000000000e+00
4.810325373077038447e-01
-1.000000000000000000e+00
-2.152682370627180264e-01
1.000000000000000000e+00
-9.404912729815233519e-01
6.998264939080642844e-01
-1.000000000000000000e+00
1.000000000000000000e+00
-5.015129221542660165e-01
-3.981006420950530811e-01
-1.000000000000000000e+00
-1.000000000000000000e+00
-1.000000000000000000e+00
-1.356738226688195548e-01
4.605781163193878314e-02
1.000000000000000000e+00
1.000000000000000000e+00
1.000000000000000000e+00
1.000000000000000000e+00
-1.648487471215207556e-01
-9.903868146070748946e-01
-1.000000000000000000e+00
-8.367964236168606851e-01
2.503478889772252081e-01
-1.000000000000000000e+00
-9.247800697895039446e-02
-1.678124107149000510e-01
-5.157427932993030595e-02
1.000000000000000000e+00
1.000000000000000000e+00
3.123128879946810987e-01
1.680711743626223109e-01
-1.000000000000000000e+00
-1.000000000000000000e+00
1.000000000000000000e+00
-8.864668802853463703e-01
7.064005550228572572e-01
7.081538600275860684e-01
1.000000000000000000e+00
-1.000000000000000000e+00
1.769077308083915057e-01
-1.000000000000000000e+00
-4.940493345258378799e-02
-1.921149064896894298e-01
8.910247501338227627e-01
1.000000000000000000e+00
1.000000000000000000e+00
4.493384892085331983e-01
-4.653465924733153347e-01
-7.608343033460482907e-01
7.899112803298231622e-01
-1.000000000000000000e+00
-2.958004593724414821e-01
1.000000000000000000e+00
6.445319958364761348e-01
7.568520744067861461e-01
1.000000000000000000e+00
1.000000000000000000e+00
5.664286122948729574e-01
1.159330805060784231e-01
-1.000000000000000000e+00
-5.466523415263104813e-01
-2.078568606622253068e-01
-1.000000000000000000e+00
2.940251441566720803e-01
2.504743737158898753e-02
-1.000000000000000000e+00
-1.000000000000000000e+00
2.739140783006269730e-01
-2.144246010682298587e-01
1.000000000000000000e+00
8.776162203861368472e-01
-8.961225032688695524e-01
-1.000000000000000000e+00
-1.000000000000000000e+00
-1.538786831958405266e-02
-2.009871831337587400e-01
8.815439789532020232e-01
-1.000000000000000000e+00
6.560530534725293739e-02
-3.380309119105802118e-01
-8.042639202201218307e-03
-1.000000000000000000e+00
1.000000000000000000e+00
-2.503349084728063167e-01
7.184854567321919960e-01
3.642116346452952125e-01
-6.620131734527463507e-01
5.490155667475610235e-01
-1.000000000000000000e+00
1.000000000000000000e+00
7.243115179204613341e-01
6.847067644567355060e-01
-2.380629776716063351e-01
-2.230049342820634162e-01
-1.000000000000000000e+00
2.481743232624426532e-01
7.228248475668485051e-01
-1.000000000000000000e+00
1.000000000000000000e+00
-3.824282276975331518e-01
-7.604673475772361080e-01
1.000000000000000000e+00
-7.022486814992157100e-02
6.502292798007009988e-01
1.656763715834477235e-01
-9.249335436931105381e-01
1.000000000000000000e+00
-2.999728946890755088e-01
-1.000000000000000000e+00
4.309331325419475389e-01
1.000000000000000000e+00
